Source001	Source002	Source003	Source004	Source005	Sink
V1	231	332	407	280	214	252
V2	40	35	2	10	139	82
V3	104	639	440	64	132	303
V4	324	175	154	50	74	222
V5	67	169	313	164	91	121
V6	28	1555	226	231	16	693
V7	479	287	57	166	28	380
V8	57	0	570	324	281	60
V9	598	343	74	12	9	449
V10	140	4	2	89	99	99
V11	5	62	58	86	103	72
V12	289	122	315	279	140	213
V13	29	27	114	429	140	35
V14	6	364	366	165	73	172
V15	280	9	415	3	414	146
V16	124	87	136	71	12	128
V17	112	331	407	489	116	254
V18	295	421	125	34	614	322
V19	396	10	15	183	149	245
V20	41	143	143	15	783	101
V21	317	121	493	496	209	248
V22	387	110	171	587	23	268
V23	805	86	245	184	634	497
V24	18	137	57	107	648	88
V25	129	46	103	56	576	104
V26	369	219	111	546	504	268
V27	55	38	21	2	3	56
V28	234	214	39	353	166	212
V29	38	53	29	110	32	44
V30	50	228	78	376	36	143
V31	233	312	609	103	192	273
V32	93	241	226	55	6	142
V33	14	17	112	217	190	11
V34	123	1	303	124	180	68
V35	517	74	141	157	36	334
V36	144	20	129	91	165	75
V37	56	469	267	97	412	244
V38	416	171	125	299	250	267
V39	412	160	156	2	186	302
V40	29	796	34	165	524	377
V41	15	87	233	39	194	62
V42	10	272	129	211	414	144
V43	616	86	63	260	138	376
V44	229	85	440	43	70	160
V45	104	61	144	63	174	108
V46	24	349	276	206	133	228
V47	42	250	17	10	39	117
V48	324	216	233	128	554	292
V49	21	28	105	113	508	28
V50	50	95	27	54	136	88
V51	124	263	29	151	361	168
V52	22	201	41	534	139	100
V53	58	410	222	376	375	234
V54	190	355	22	433	301	257
V55	181	38	251	539	515	112
V56	36	67	66	185	7	74
V57	39	4	30	140	109	40
V58	620	903	61	12	167	724
V59	248	215	220	87	41	235
V60	184	7	449	57	98	136
V61	19	709	410	27	75	284
V62	30	57	42	67	94	76
V63	9	429	217	15	531	219
V64	295	126	76	22	70	235
V65	84	778	400	318	33	368
V66	191	259	36	54	726	205
V67	187	13	240	40	50	100
V68	195	44	375	95	342	142
V69	24	4	65	36	241	37
V70	60	226	115	182	182	149
V71	160	83	357	177	1014	142
V72	180	532	279	188	751	318
V73	26	9	82	1	72	35
V74	46	31	183	198	215	71
V75	114	65	98	13	13	98
V76	406	310	232	30	603	347
V77	368	44	124	71	38	203
V78	137	112	17	131	180	117
V79	94	249	378	26	112	128
V80	50	515	146	92	56	264
V81	202	206	706	296	193	209
V82	107	233	97	171	305	167
V83	454	65	102	58	1034	301
V84	62	386	183	160	183	194
V85	214	11	100	175	2	115
V86	263	516	23	525	765	371
V87	151	628	60	238	88	336
V88	53	554	304	328	28	285
V89	185	102	145	24	198	139
V90	558	268	28	112	327	376
V91	8	598	524	218	180	264
V92	316	28	6	271	396	189
V93	44	37	49	78	3	84
V94	77	233	91	182	35	160
V95	126	262	52	406	21	205
V96	56	50	45	27	77	74
V97	386	35	326	84	448	222
V98	123	84	146	134	113	121
V99	95	84	63	241	15	88
V100	61	119	112	137	220	87
V101	395	89	166	55	254	206
V102	42	729	98	329	174	354
V103	398	59	323	201	15	225
V104	121	48	644	116	44	93
V105	132	51	102	16	7	109
V106	157	302	159	23	400	187
V107	78	2	200	344	273	82
V108	236	257	18	133	92	233
V109	35	23	81	67	34	71
V110	248	1114	201	375	263	586
V111	246	128	424	220	2	176
V112	30	170	393	14	70	77
V113	1	214	183	415	62	179
V114	912	118	111	125	128	504
V115	79	259	220	794	73	193
V116	365	96	178	48	95	245
V117	189	343	154	7	25	224
V118	26	3	110	15	96	24
V119	65	29	17	195	176	66
V120	27	114	164	91	38	98
V121	226	41	197	505	39	134
V122	304	347	221	126	229	282
V123	1	76	72	433	490	55
V124	516	56	405	35	166	317
V125	841	2	23	8	115	442
V126	176	405	388	83	95	246
V127	58	41	109	977	76	56
V128	220	40	136	488	29	138
V129	240	865	163	32	509	474
V130	133	754	151	618	226	423
V131	35	23	332	24	55	24
V132	50	53	7	18	917	109
V133	283	210	9	135	301	251
V134	238	151	237	681	37	187
V135	269	158	324	2	246	213
V136	145	27	95	634	100	100
V137	40	580	422	190	275	313
V138	62	366	302	66	1123	222
V139	184	459	457	217	27	282
V140	23	14	101	533	256	57
V141	1	95	1	11	51	85
V142	124	687	493	26	210	389
V143	224	30	247	386	90	141
V144	113	86	723	19	26	100
V145	231	395	128	226	33	295
V146	173	355	60	233	116	277
V147	169	240	813	253	61	235
V148	70	172	4	119	73	161
V149	112	13	16	9	26	59
V150	603	13	234	221	161	303
V151	331	91	69	911	19	211
V152	47	372	565	407	507	207
V153	95	221	105	3	77	164
V154	117	190	73	35	28	175
V155	93	228	383	75	39	204
V156	150	845	3	497	240	504
V157	112	58	1247	83	18	85
V158	202	7	52	888	246	108
V159	260	1276	207	181	126	691
V160	91	27	72	28	67	74
V161	470	64	214	220	29	236
V162	204	21	225	302	823	140
V163	38	17	58	127	25	33
V164	3	6	243	65	38	6
V165	97	276	184	31	669	188
V166	85	402	19	128	52	247
V167	269	409	128	30	14	341
V168	34	40	477	891	95	45
V169	439	103	49	172	157	271
V170	327	229	8	278	257	261
V171	300	15	48	248	86	161
V172	136	38	601	175	188	85
V173	49	161	119	330	549	127
V174	201	3	133	81	87	110
V175	71	116	214	121	121	102
V176	16	70	16	106	88	38
V177	2	57	181	889	49	47
V178	159	35	911	337	381	97
V179	377	36	4	91	73	231
V180	228	859	261	180	267	483
V181	161	42	184	240	50	88
V182	143	83	497	574	290	149
V183	796	74	17	783	39	442
V184	9	206	30	37	225	118
V185	127	108	105	62	989	102
V186	139	284	619	133	88	199
V187	954	161	213	215	91	526
V188	16	198	127	130	44	100
V189	56	71	58	13	129	187
V190	112	83	462	131	334	115
V191	38	256	200	760	100	181
V192	192	184	336	18	103	187
V193	183	511	43	563	41	294
V194	35	217	50	174	99	139
V195	252	80	302	18	150	159
V196	509	100	200	80	29	300
V197	828	263	176	193	50	499
V198	7	462	86	67	454	230
V199	18	239	839	108	718	135
V200	232	468	37	373	87	344
V201	60	611	70	30	189	300
V202	365	118	325	255	278	234
V203	228	313	283	422	70	257
V204	156	120	24	1	257	133
V205	663	221	433	143	143	456
V206	877	203	158	54	121	506
V207	209	141	347	313	7	174
V208	70	137	195	90	79	106
V209	8	233	322	116	55	102
V210	40	120	154	30	434	111
V211	76	57	309	273	280	77
V212	47	20	58	494	177	55
V213	379	36	35	106	65	218
V214	137	293	128	145	19	189
V215	389	505	320	73	50	455
V216	148	37	18	106	132	85
V217	386	108	89	216	538	240
V218	192	325	116	146	75	231
V219	277	224	718	59	122	231
V220	53	31	122	203	38	61
V221	1265	13	53	125	127	628
V222	323	316	168	267	261	288
V223	192	206	405	138	6	246
V224	270	195	216	241	278	265
V225	8	331	12	108	764	201
V226	97	89	133	168	33	159
V227	212	247	72	183	489	223
V228	837	58	329	149	264	483
V229	137	77	9	81	55	120
V230	383	376	462	112	65	402
V231	75	77	132	159	74	90
V232	200	216	167	199	84	216
V233	16	91	31	59	6	64
V234	109	70	80	738	86	78
V235	15	463	62	54	128	235
V236	243	34	16	220	437	154
V237	84	398	136	23	235	237
V238	19	48	184	460	300	41
V239	98	1	273	86	230	88
V240	232	181	417	20	582	234
V241	3	253	25	141	748	146
V242	256	59	224	269	140	165
V243	66	21	490	30	201	85
V244	103	30	202	39	88	76
V245	256	63	292	83	588	161
V246	112	164	25	100	1214	213
V247	800	66	366	211	584	449
V248	189	156	40	87	44	184
V249	111	71	0	29	4	126
V250	21	222	37	71	396	116
V251	35	70	111	133	117	61
V252	59	40	376	70	188	64
V253	266	92	48	202	33	165
V254	10	114	51	306	101	59
V255	26	88	79	73	94	84
V256	210	94	771	132	470	163
V257	225	16	470	407	235	111
V258	482	12	478	95	53	232
V259	856	1049	460	53	108	861
V260	12	181	371	79	214	95
V261	29	573	191	54	444	270
V262	109	218	140	5	24	146
V263	282	4	396	34	196	177
V264	35	59	81	45	326	61
V265	136	55	432	188	112	99
V266	79	134	181	226	80	133
V267	265	175	400	133	46	207
V268	138	104	5	14	44	136
V269	216	360	161	296	48	268
V270	11	39	192	145	101	33
V271	9	217	73	215	297	103
V272	26	493	267	296	161	233
V273	398	174	208	1021	34	311
V274	221	47	93	115	344	122
V275	25	11	2	142	84	57
V276	358	354	24	257	4	340
V277	12	78	15	31	29	50
V278	145	667	785	288	101	363
V279	34	233	297	240	220	145
V280	16	18	400	149	285	81
V281	115	95	124	367	282	134
V282	297	239	136	131	35	271
V283	27	161	53	117	206	82
V284	49	4	215	561	48	65
V285	69	1	94	149	219	42
V286	12	124	305	257	415	73
V287	353	12	84	231	72	182
V288	28	346	66	361	44	170
V289	111	291	106	119	20	197
V290	100	88	7	0	36	103
V291	48	44	20	503	19	54
V292	104	155	25	95	301	137
V293	102	157	226	11	60	134
V294	373	60	64	190	158	275
V295	128	364	152	41	159	197
V296	149	66	375	291	112	96
V297	260	10	330	55	69	120
V298	60	377	110	2	193	176
V299	34	409	164	37	39	178
V300	223	216	22	83	16	223
V301	344	55	247	134	66	209
V302	39	141	28	217	26	95
V303	389	136	358	112	105	264
V304	98	17	378	84	239	89
V305	318	43	0	232	402	171
V306	174	85	326	507	115	162
V307	76	480	365	92	119	252
V308	171	54	67	35	233	102
V309	419	332	182	294	82	355
V310	794	94	191	11	177	447
V311	114	42	173	45	238	87
V312	262	96	30	28	256	215
V313	867	409	553	140	556	669
V314	117	316	28	133	268	250
V315	202	77	379	65	31	115
V316	12	85	1	10	237	72
V317	140	542	739	2	482	313
V318	382	299	58	105	108	309
V319	79	46	71	84	298	78
V320	19	229	44	457	8	112
V321	26	210	0	4	51	150
V322	95	64	250	221	315	95
V323	92	130	121	51	249	118
V324	367	398	25	213	117	365
V325	233	142	452	552	183	173
V326	212	7	102	444	4	126
V327	52	13	33	221	894	49
V328	175	57	138	254	46	113
V329	529	775	609	539	270	599
V330	203	20	69	280	330	123
V331	58	96	309	74	63	84
V332	46	135	135	45	1	92
V333	115	15	776	195	256	75
V334	170	87	452	463	107	145
V335	262	338	7	312	89	252
V336	65	359	511	187	10	200
V337	244	973	16	375	126	519
V338	567	45	96	62	111	301
V339	127	128	180	181	274	113
V340	402	82	184	920	46	263
V341	29	138	125	103	34	118
V342	19	32	444	312	181	33
V343	303	37	35	485	204	144
V344	92	44	251	24	83	115
V345	70	236	15	47	249	158
V346	115	540	125	166	49	279
V347	8	76	94	190	128	81
V348	51	883	128	499	314	423
V349	205	183	43	52	260	188
V350	637	74	261	145	304	393
V351	66	158	6	246	199	136
V352	118	40	67	399	672	97
V353	247	485	150	256	41	329
V354	10	226	77	15	201	137
V355	171	87	138	192	233	155
V356	138	107	892	275	548	129
V357	177	143	79	74	124	169
V358	283	220	49	58	99	224
V359	132	61	29	212	49	136
V360	100	193	222	39	221	146
V361	2	215	365	47	253	102
V362	168	21	194	196	265	119
V363	1050	128	4	273	381	595
V364	255	466	82	86	52	309
V365	275	326	182	2302	377	317
V366	109	40	243	92	82	72
V367	120	153	121	271	435	158
V368	2	499	24	831	116	266
V369	57	43	418	424	162	56
V370	591	24	532	16	115	317
V371	81	4	451	237	808	67
V372	344	240	40	140	49	273
V373	225	434	189	64	104	306
V374	34	93	64	104	15	64
V375	75	95	5	257	33	72
V376	504	39	85	43	17	283
V377	315	150	322	296	225	239
V378	156	312	251	336	20	248
V379	110	20	296	166	355	91
V380	153	221	437	43	149	173
V381	554	63	154	201	12	307
V382	587	5	242	1501	11	281
V383	43	428	771	176	184	208
V384	35	548	301	158	50	249
V385	128	142	49	142	507	146
V386	58	668	244	26	53	312
V387	26	48	459	39	90	41
V388	441	576	197	768	389	503
V389	88	201	5	299	86	160
V390	20	350	108	27	403	219
V391	248	571	49	504	199	350
V392	19	227	434	298	272	134
V393	368	353	191	75	229	313
V394	265	13	316	40	85	151
V395	86	52	275	2	33	118
V396	81	225	26	65	147	157
V397	186	121	70	405	100	173
V398	428	116	299	699	208	260
V399	89	490	125	15	19	234
V400	869	359	258	8	391	565
V401	219	2	59	7	581	130
V402	410	44	4	167	166	248
V403	198	749	62	73	167	440
V404	57	65	476	109	265	82
V405	104	190	27	53	487	160
V406	528	327	18	350	401	439
V407	61	267	779	94	963	157
V408	208	154	997	146	299	169
V409	2	449	322	57	233	191
V410	51	95	134	107	90	92
V411	285	196	531	79	177	235
V412	176	61	176	220	28	164
V413	365	289	374	76	348	283
V414	553	185	364	91	61	325
V415	278	41	244	279	575	159
V416	68	397	144	382	79	215
V417	81	429	259	343	293	281
V418	5	50	129	142	1	29
V419	108	367	3	39	27	245
V420	73	396	365	555	140	202
V421	23	186	71	179	2	89
V422	42	414	17	144	163	218
V423	213	303	572	202	170	251
V424	227	28	149	45	133	133
V425	17	265	241	299	231	141
V426	2	52	148	32	106	28
V427	549	42	63	4	63	273
V428	141	19	473	220	416	141
V429	170	169	513	43	368	204
V430	19	63	150	89	15	39
V431	255	113	398	505	221	208
V432	26	81	29	259	688	80
V433	183	40	239	282	86	118
V434	447	215	198	134	138	346
V435	461	65	201	18	0	232
V436	646	87	66	114	45	319
V437	252	108	247	470	112	235
V438	197	139	164	348	177	167
V439	139	223	66	65	42	149
V440	175	22	33	104	266	105
V441	65	248	28	59	9	179
V442	21	125	605	604	175	67
V443	126	600	233	203	23	322
V444	201	69	39	266	255	131
V445	910	286	45	151	20	574
V446	101	249	12	71	1	167
V447	349	338	5	95	114	329
V448	447	659	208	116	491	511
V449	1217	115	8	63	30	660
V450	470	41	26	313	129	261
V451	449	284	301	155	432	373
V452	184	165	71	138	202	167
V453	39	60	572	23	3	76
V454	76	72	85	97	38	79
V455	8	233	41	794	128	93
V456	144	16	183	575	356	93
V457	23	8	19	24	447	22
V458	197	323	519	233	237	236
V459	10	485	128	28	117	232
V460	51	166	59	107	321	121
V461	570	74	123	199	112	295
V462	420	159	110	381	646	341
V463	20	99	41	275	43	48
V464	326	68	134	34	267	198
V465	144	79	231	265	162	121
V466	305	522	44	341	259	397
V467	286	183	12	154	7	238
V468	77	140	281	124	26	119
V469	115	44	314	98	19	80
V470	33	164	17	1040	223	98
V471	234	79	187	16	370	153
V472	373	100	82	238	378	231
V473	85	275	128	0	60	148
V474	72	228	41	106	34	157
V475	76	255	132	1844	251	167
V476	36	116	214	252	21	72
V477	690	0	160	57	682	359
V478	195	197	168	72	415	190
V479	86	2	114	179	288	54
V480	511	26	198	258	198	287
V481	64	16	47	131	102	54
V482	611	205	55	78	128	389
V483	47	115	10	60	43	96
V484	132	51	61	13	46	100
V485	440	177	184	102	97	292
V486	1	357	134	126	133	156
V487	769	2	232	7	409	377
V488	215	206	13	378	86	194
V489	176	58	332	81	273	126
V490	60	314	43	130	27	146
V491	130	770	228	24	526	411
V492	86	60	260	145	635	95
V493	293	102	26	153	48	200
V494	417	334	138	120	369	352
V495	7	301	84	11	129	156
V496	465	206	145	7	116	290
V497	319	53	574	51	417	207
V498	136	316	650	116	70	221
V499	507	207	574	120	176	367
V500	96	58	85	79	1	105
