Source001	Source002	Source003	Source004	Source005	Sink
V1	256	218	9	234	8	235
V2	20	51	62	581	1155	54
V3	382	6	281	12	447	247
V4	13	381	148	147	394	146
V5	305	428	375	27	193	331
V6	59	63	141	196	29	74
V7	291	81	241	83	64	217
V8	66	263	361	258	330	137
V9	95	197	76	287	38	136
V10	56	450	10	178	339	152
V11	118	89	61	19	418	112
V12	352	154	22	230	132	288
V13	374	137	198	88	601	288
V14	84	341	118	245	592	178
V15	98	179	85	284	138	131
V16	67	639	25	19	139	232
V17	5	127	107	433	73	55
V18	92	179	135	339	57	122
V19	210	144	7	172	67	173
V20	221	68	329	214	295	173
V21	153	437	189	36	127	213
V22	191	260	37	248	119	229
V23	57	134	98	198	770	97
V24	86	126	218	23	281	100
V25	147	113	32	76	107	151
V26	618	186	111	151	54	443
V27	284	44	59	97	50	188
V28	210	250	455	22	194	199
V29	256	425	145	29	49	307
V30	547	533	773	180	5	532
V31	99	18	0	111	43	84
V32	294	50	347	120	174	224
V33	350	124	110	257	24	262
V34	414	63	147	327	5	282
V35	317	282	55	96	34	304
V36	245	397	110	183	224	279
V37	53	173	93	259	113	93
V38	238	256	495	178	111	257
V39	100	212	172	384	58	163
V40	233	55	222	131	898	188
V41	180	37	3	3	228	145
V42	427	193	64	34	57	345
V43	26	9	227	123	64	40
V44	902	166	17	45	272	587
V45	472	7	197	453	154	335
V46	431	123	297	105	326	342
V47	456	82	142	119	258	334
V48	256	124	332	187	63	232
V49	295	13	146	128	199	199
V50	12	0	572	122	56	51
V51	37	94	143	200	100	70
V52	69	19	59	192	203	75
V53	97	649	367	396	84	263
V54	579	19	580	63	282	440
V55	250	32	107	233	476	193
V56	106	95	258	111	157	112
V57	245	585	13	240	35	318
V58	612	132	180	296	90	458
V59	167	38	188	3	197	119
V60	1	53	284	56	15	37
V61	3	20	58	104	118	14
V62	252	84	41	37	10	182
V63	200	888	480	440	252	407
V64	138	84	82	148	68	113
V65	138	256	122	157	412	165
V66	64	794	160	24	370	260
V67	965	136	458	239	84	665
V68	156	352	186	51	289	207
V69	374	51	538	11	239	286
V70	912	115	24	57	205	627
V71	54	50	137	204	27	75
V72	307	144	48	73	106	229
V73	39	126	303	168	40	94
V74	355	135	326	31	172	310
V75	269	256	338	225	106	271
V76	191	230	255	60	1	199
V77	80	154	5	374	202	142
V78	83	45	103	4	425	65
V79	29	110	214	315	309	68
V80	34	15	87	86	152	32
V81	21	20	121	78	269	28
V82	54	66	375	164	220	78
V83	64	344	605	65	244	171
V84	135	162	89	128	276	153
V85	169	345	168	657	127	232
V86	351	588	36	307	99	408
V87	358	65	97	69	228	249
V88	16	290	140	387	82	106
V89	258	72	368	123	268	210
V90	343	237	184	114	147	306
V91	92	803	78	42	8	296
V92	262	60	172	96	57	211
V93	70	60	58	579	212	90
V94	112	106	114	151	1072	112
V95	55	78	94	23	7	74
V96	37	242	360	90	98	117
V97	529	115	96	204	204	384
V98	79	495	101	361	195	216
V99	399	14	44	279	475	267
V100	41	358	264	259	486	162
V101	318	136	123	403	42	259
V102	119	291	109	126	157	172
V103	319	67	50	82	116	251
V104	28	303	68	70	422	103
V105	414	323	43	9	61	338
V106	70	114	117	252	488	93
V107	274	99	517	347	204	219
V108	57	22	384	162	211	65
V109	84	113	321	379	3	107
V110	38	447	501	116	74	178
V111	637	419	18	95	87	539
V112	159	172	247	189	932	163
V113	951	30	248	250	120	650
V114	487	213	68	895	265	366
V115	518	121	41	22	64	383
V116	247	57	421	537	324	227
V117	67	77	127	276	39	85
V118	124	688	421	64	4	277
V119	369	188	260	26	15	290
V120	180	140	310	373	60	174
V121	300	696	34	665	128	383
V122	234	30	376	351	152	188
V123	92	142	508	179	614	116
V124	224	254	8	159	76	192
V125	67	211	75	296	40	109
V126	194	43	19	344	13	145
V127	6	432	223	348	73	123
V128	55	7	40	72	119	66
V129	201	43	1	299	83	147
V130	114	144	271	16	230	130
V131	132	616	194	46	7	278
V132	8	498	87	189	212	147
V133	150	242	397	515	147	178
V134	118	431	169	98	299	202
V135	290	127	348	57	298	233
V136	6	12	166	1215	262	38
V137	265	37	45	414	227	180
V138	164	176	173	363	949	167
V139	524	585	148	318	143	498
V140	530	55	40	129	45	355
V141	478	96	36	100	322	310
V142	434	71	9	33	18	301
V143	6	76	494	65	422	49
V144	26	93	115	111	22	53
V145	101	211	78	153	239	138
V146	147	119	60	158	106	119
V147	8	359	247	967	116	146
V148	82	55	523	424	97	113
V149	169	115	94	301	14	144
V150	162	130	248	69	380	184
V151	203	307	157	129	31	239
V152	165	579	115	516	38	307
V153	197	99	80	330	77	162
V154	83	433	77	77	47	183
V155	156	314	11	254	63	214
V156	134	10	139	129	0	112
V157	23	36	378	321	217	38
V158	54	255	15	255	35	132
V159	114	199	129	387	171	155
V160	19	39	72	73	154	31
V161	96	132	410	330	79	123
V162	61	219	139	279	114	125
V163	47	651	50	6	29	216
V164	105	188	580	699	73	179
V165	45	98	259	306	274	100
V166	177	259	146	316	23	202
V167	145	120	183	39	231	139
V168	46	176	456	90	13	101
V169	654	174	441	80	251	480
V170	312	485	238	29	738	355
V171	57	215	73	139	406	103
V172	291	39	81	5	420	210
V173	21	296	60	680	327	118
V174	363	203	119	213	23	309
V175	132	18	26	44	94	94
V176	138	47	80	259	43	109
V177	42	281	235	201	374	141
V178	30	559	80	154	52	185
V179	329	233	29	379	369	266
V180	8	137	2	120	62	54
V181	49	197	169	124	331	98
V182	5	28	457	225	13	32
V183	173	82	145	954	91	184
V184	205	24	125	163	116	161
V185	112	315	235	34	7	174
V186	666	530	185	239	418	619
V187	84	532	96	275	212	178
V188	235	128	62	81	347	186
V189	50	275	411	77	840	127
V190	181	268	370	45	670	222
V191	15	19	122	230	35	24
V192	828	146	64	110	56	603
V193	181	173	197	195	125	184
V194	125	361	4	166	24	181
V195	485	68	384	45	150	338
V196	72	21	46	179	432	72
V197	58	8	19	65	242	47
V198	348	147	654	98	5	302
V199	209	41	516	58	498	170
V200	212	327	240	245	95	254
V201	242	60	24	126	641	198
V202	81	208	52	151	180	125
V203	310	21	137	160	482	211
V204	167	10	33	175	255	121
V205	281	18	91	122	9	187
V206	204	13	505	242	11	189
V207	500	146	335	98	359	396
V208	209	347	391	547	495	295
V209	209	44	270	351	285	183
V210	156	312	192	269	32	224
V211	331	193	122	20	653	308
V212	49	53	99	1	14	42
V213	78	144	113	242	830	123
V214	113	236	989	212	355	177
V215	192	673	134	171	208	309
V216	3	249	87	633	39	97
V217	26	163	20	144	11	58
V218	69	50	359	582	54	87
V219	124	316	143	13	110	181
V220	27	53	160	126	218	53
V221	39	693	592	311	399	233
V222	77	47	56	348	43	64
V223	27	579	164	84	231	160
V224	353	90	20	15	285	236
V225	113	99	25	764	9	117
V226	59	88	46	124	132	77
V227	48	114	69	424	173	91
V228	8	39	39	85	62	30
V229	93	3	47	79	54	71
V230	969	239	215	372	41	701
V231	421	251	222	166	61	307
V232	132	277	55	21	55	172
V233	54	51	125	88	266	55
V234	1027	424	984	7	129	823
V235	127	142	39	28	222	118
V236	371	230	229	249	35	332
V237	223	556	130	233	583	313
V238	215	50	59	67	147	163
V239	547	175	76	42	270	369
V240	108	334	118	68	7	165
V241	79	175	243	373	443	147
V242	55	107	130	6	80	78
V243	354	153	71	204	256	295
V244	265	284	185	103	200	262
V245	101	218	74	918	329	145
V246	110	595	715	350	298	268
V247	133	40	92	21	104	88
V248	290	141	30	5	195	232
V249	24	353	81	187	81	128
V250	46	480	55	42	70	154
V251	217	550	399	330	483	304
V252	155	179	432	165	55	173
V253	768	23	32	729	86	548
V254	344	92	107	514	274	283
V255	44	249	39	179	37	122
V256	48	32	25	20	76	51
V257	400	87	217	4	10	313
V258	57	94	465	165	75	100
V259	48	289	337	39	57	125
V260	83	301	83	230	122	136
V261	7	266	425	304	14	106
V262	635	319	864	232	730	540
V263	308	295	23	255	346	307
V264	43	114	225	123	186	77
V265	285	790	20	52	13	395
V266	18	82	146	33	88	60
V267	157	163	44	139	52	158
V268	504	423	122	155	3	468
V269	170	23	195	232	21	158
V270	102	163	342	261	205	143
V271	96	681	186	119	1099	257
V272	490	271	282	429	114	389
V273	278	52	8	125	497	207
V274	37	67	373	102	23	73
V275	437	50	166	642	105	300
V276	333	93	115	622	42	248
V277	12	887	144	31	405	268
V278	7	744	282	535	246	245
V279	153	103	128	289	97	129
V280	228	21	73	745	323	177
V281	50	143	339	224	81	96
V282	761	111	66	70	186	540
V283	507	196	82	217	175	380
V284	1	263	393	13	15	78
V285	270	145	478	128	172	235
V286	83	96	19	220	353	101
V287	164	24	132	86	157	128
V288	685	291	282	103	178	534
V289	370	112	421	74	515	303
V290	49	139	179	345	203	94
V291	26	202	372	214	484	98
V292	383	145	353	260	85	308
V293	119	129	404	93	130	134
V294	286	56	303	95	163	237
V295	29	469	1	200	262	154
V296	143	69	238	417	198	147
V297	18	269	416	175	20	101
V298	58	105	358	488	126	123
V299	85	398	452	96	8	187
V300	96	396	90	83	15	164
V301	530	308	760	24	188	464
V302	341	337	189	91	492	331
V303	121	140	52	376	162	118
V304	128	47	373	37	261	134
V305	328	387	84	235	21	294
V306	221	3	117	120	20	165
V307	178	123	278	82	145	144
V308	2	408	101	18	176	125
V309	109	78	122	109	648	135
V310	285	17	696	109	184	217
V311	742	129	79	55	389	549
V312	38	169	81	258	10	78
V313	428	702	100	141	39	483
V314	64	165	3	705	46	104
V315	28	651	56	198	73	198
V316	86	483	157	73	150	195
V317	32	114	12	204	326	80
V318	208	267	23	259	19	195
V319	808	1044	0	12	41	790
V320	205	19	269	68	158	155
V321	661	240	356	50	174	475
V322	97	263	1507	187	251	192
V323	179	60	526	22	132	174
V324	121	69	166	220	180	110
V325	241	317	144	373	65	265
V326	169	311	88	72	39	189
V327	141	99	57	55	27	127
V328	21	101	23	73	84	37
V329	498	7	221	74	75	317
V330	489	600	88	237	320	477
V331	61	92	35	46	318	64
V332	164	20	274	13	153	121
V333	227	226	335	24	34	258
V334	63	273	655	35	76	146
V335	688	275	40	559	44	527
V336	175	146	302	66	35	155
V337	77	130	407	357	220	114
V338	60	159	70	766	56	124
V339	355	116	93	80	26	264
V340	74	255	21	188	136	105
V341	118	253	261	31	506	148
V342	267	48	84	639	77	219
V343	0	319	298	454	440	124
V344	203	55	315	1092	40	178
V345	107	315	282	1103	172	222
V346	125	12	123	80	104	91
V347	114	78	741	92	187	137
V348	68	40	563	129	113	87
V349	498	87	234	35	54	354
V350	57	42	113	111	41	58
V351	8	143	473	46	21	62
V352	174	14	566	342	43	139
V353	26	61	277	25	1	47
V354	128	1	190	552	641	121
V355	221	107	28	275	17	182
V356	556	320	226	260	298	493
V357	182	52	85	225	283	164
V358	289	80	339	289	10	240
V359	3	15	16	56	55	18
V360	132	245	9	136	587	172
V361	105	290	110	90	208	137
V362	122	54	269	70	15	107
V363	135	395	129	49	56	196
V364	668	47	349	90	91	472
V365	220	499	16	58	375	290
V366	15	209	105	753	624	99
V367	372	142	81	426	24	329
V368	271	186	407	42	379	281
V369	53	189	45	180	142	92
V370	28	103	24	224	627	73
V371	29	37	173	437	78	71
V372	374	33	600	288	126	274
V373	286	156	501	268	32	251
V374	145	490	134	399	51	224
V375	239	182	10	554	29	233
V376	32	122	74	11	308	51
V377	372	163	265	67	148	275
V378	62	24	22	243	85	53
V379	610	2	68	17	207	421
V380	57	62	40	296	161	81
V381	390	82	77	377	561	278
V382	497	14	147	404	11	355
V383	63	362	74	98	290	134
V384	383	93	12	200	33	265
V385	42	541	486	90	69	184
V386	159	515	365	36	89	277
V387	89	211	597	36	51	155
V388	22	47	168	738	220	62
V389	95	93	180	107	226	113
V390	18	104	212	58	522	61
V391	1	224	149	173	37	81
V392	6	125	130	73	71	50
V393	307	96	362	60	2	246
V394	108	595	59	17	550	215
V395	227	71	10	326	516	184
V396	228	77	460	63	269	191
V397	88	70	446	7	31	102
V398	456	613	6	73	108	432
V399	545	1	102	200	186	330
V400	168	152	100	14	538	139
V401	22	37	387	77	24	49
V402	279	2	198	89	70	208
V403	247	133	512	94	859	196
V404	372	708	38	23	360	445
V405	36	240	154	487	240	124
V406	213	26	314	142	80	184
V407	425	14	222	99	245	293
V408	272	144	308	497	559	271
V409	42	195	373	123	77	99
V410	383	120	47	104	266	315
V411	3	108	481	29	82	66
V412	7	187	7	597	454	76
V413	20	57	692	60	185	53
V414	63	124	199	325	33	110
V415	121	570	240	66	135	231
V416	159	95	60	301	130	136
V417	129	186	84	148	94	149
V418	264	228	299	71	35	254
V419	278	343	129	21	48	276
V420	40	4	130	285	113	41
V421	127	291	377	355	40	167
V422	111	191	423	347	380	130
V423	418	63	101	109	741	321
V424	201	354	62	28	33	233
V425	56	58	210	116	191	64
V426	9	75	254	389	795	61
V427	25	303	70	63	85	99
V428	54	248	32	224	463	144
V429	52	10	230	60	200	51
V430	41	118	421	244	64	80
V431	76	149	36	345	67	112
V432	52	37	265	217	49	44
V433	226	199	592	53	237	231
V434	217	190	189	48	708	213
V435	238	60	44	494	63	172
V436	24	133	101	489	199	63
V437	51	533	324	302	29	178
V438	283	8	60	285	230	198
V439	235	242	137	172	262	211
V440	26	6	454	110	2	51
V441	94	220	44	23	284	109
V442	25	236	103	102	921	108
V443	582	222	5	233	139	424
V444	76	556	198	88	625	215
V445	111	565	141	42	176	203
V446	285	76	3	231	42	208
V447	513	286	256	37	21	419
V448	68	176	298	420	860	115
V449	241	35	48	65	362	183
V450	316	154	154	1138	183	279
V451	82	77	580	142	51	94
V452	14	210	289	6	81	66
V453	12	161	85	138	400	71
V454	47	327	42	22	192	126
V455	115	40	72	13	133	96
V456	396	182	558	25	251	321
V457	17	124	80	77	335	38
V458	283	333	254	223	55	306
V459	378	236	125	36	216	306
V460	124	97	294	97	265	132
V461	51	529	220	209	84	204
V462	520	261	245	223	2	386
V463	270	190	4	164	354	229
V464	47	31	151	56	290	55
V465	40	133	95	33	182	74
V466	323	13	57	30	135	198
V467	86	38	133	283	347	98
V468	304	956	58	1	326	459
V469	113	19	73	137	4	82
V470	175	160	135	2	193	144
V471	138	63	179	98	0	122
V472	41	433	108	217	231	162
V473	895	114	33	97	23	634
V474	953	121	83	181	10	625
V475	11	2	248	114	17	29
V476	274	149	21	10	325	230
V477	230	30	73	372	103	178
V478	133	222	541	32	214	153
V479	363	22	208	136	491	270
V480	144	33	196	34	172	106
V481	58	359	277	192	59	141
V482	172	22	63	50	20	144
V483	45	308	143	50	24	117
V484	123	255	67	36	85	175
V485	176	211	737	521	461	231
V486	22	39	142	179	64	31
V487	141	264	32	40	267	196
V488	29	23	26	20	715	38
V489	316	321	155	401	99	317
V490	130	309	58	368	136	174
V491	382	156	23	46	74	276
V492	675	682	172	136	55	636
V493	71	92	154	42	115	90
V494	23	83	170	40	6	44
V495	25	131	113	309	860	81
V496	1	480	501	51	35	162
V497	86	481	52	135	415	213
V498	8	129	327	410	39	60
V499	71	75	276	237	107	98
V500	61	28	507	62	655	84
