Source001	Source002	Source003	Source004	Source005	Sink
V1	339	4	68	328	269	182
V2	128	177	145	45	293	134
V3	88	241	468	158	13	178
V4	170	521	142	28	41	327
V5	39	204	177	488	388	127
V6	322	159	372	159	132	232
V7	78	899	107	4	48	413
V8	271	208	166	245	141	241
V9	224	12	331	298	358	127
V10	142	12	49	21	150	85
V11	285	153	573	291	160	243
V12	47	149	216	120	701	114
V13	3	114	47	255	19	72
V14	251	225	513	9	81	217
V15	294	144	325	449	34	240
V16	187	220	175	208	290	209
V17	154	22	753	0	266	125
V18	4	516	110	167	131	230
V19	0	343	225	491	121	163
V20	132	761	56	153	98	439
V21	4	97	232	85	368	56
V22	375	228	665	262	24	324
V23	189	74	48	496	27	118
V24	13	349	568	257	331	203
V25	74	176	244	57	354	126
V26	413	412	53	236	488	366
V27	154	211	130	216	21	173
V28	29	109	413	133	63	77
V29	6	150	611	348	116	91
V30	111	305	44	107	447	181
V31	65	112	25	43	118	92
V32	261	29	41	25	414	167
V33	81	277	88	860	83	185
V34	363	517	148	173	146	379
V35	947	113	205	212	12	490
V36	163	178	10	23	675	172
V37	97	16	483	149	51	95
V38	153	60	21	119	137	111
V39	21	326	377	91	13	179
V40	101	266	608	315	933	203
V41	123	110	103	46	718	145
V42	31	40	325	50	71	59
V43	696	219	428	250	48	453
V44	336	0	121	45	107	177
V45	159	151	100	421	263	168
V46	14	71	95	150	296	39
V47	116	77	424	70	509	123
V48	69	137	105	9	505	101
V49	237	105	9	29	65	172
V50	81	16	58	7	388	67
V51	141	94	17	176	441	120
V52	841	168	386	289	111	513
V53	2	56	215	71	381	51
V54	126	133	183	651	28	153
V55	97	151	10	90	236	127
V56	292	647	220	480	335	443
V57	61	384	126	134	348	223
V58	102	39	21	179	83	83
V59	186	29	347	61	37	111
V60	260	14	258	637	71	170
V61	198	18	162	173	380	129
V62	392	342	387	233	641	358
V63	31	177	319	245	87	131
V64	120	120	91	17	557	136
V65	371	225	173	48	217	311
V66	384	279	48	403	13	315
V67	68	86	491	91	22	114
V68	25	476	266	73	97	234
V69	17	243	38	299	74	120
V70	70	41	136	177	212	70
V71	101	491	18	54	325	256
V72	5	276	225	110	111	116
V73	103	85	119	421	65	93
V74	15	272	104	270	14	140
V75	90	77	11	52	576	107
V76	313	49	450	215	21	177
V77	225	41	84	63	132	138
V78	443	17	373	390	192	238
V79	227	4	2	138	62	103
V80	567	463	499	489	434	537
V81	455	160	50	193	260	302
V82	247	425	221	498	228	358
V83	8	164	74	57	182	68
V84	110	48	403	6	12	83
V85	22	465	2	298	197	222
V86	7	45	5	119	118	25
V87	299	45	152	79	6	178
V88	28	212	449	518	463	138
V89	251	168	60	31	139	213
V90	278	78	1661	597	88	289
V91	2	55	27	168	216	25
V92	814	201	71	70	231	476
V93	564	523	134	237	133	520
V94	59	250	104	207	246	147
V95	53	105	159	237	110	105
V96	425	2	232	30	296	233
V97	187	225	210	119	34	194
V98	646	139	369	338	7	396
V99	249	684	6	184	86	402
V100	116	204	291	248	252	166
V101	707	181	0	53	269	438
V102	253	127	52	95	238	199
V103	287	761	119	260	9	451
V104	432	119	46	213	228	281
V105	345	66	21	523	160	195
V106	125	391	24	69	26	222
V107	163	89	172	350	371	158
V108	68	154	371	201	229	131
V109	304	87	90	516	160	208
V110	124	156	177	182	332	144
V111	43	306	172	284	180	164
V112	992	4	38	10	128	494
V113	48	275	37	168	81	139
V114	776	43	588	220	492	465
V115	33	617	23	77	282	284
V116	9	462	0	49	180	206
V117	13	117	653	880	157	105
V118	155	155	268	133	138	153
V119	367	181	109	55	32	229
V120	128	253	338	44	141	207
V121	48	396	239	1	230	211
V122	357	8	455	6	51	187
V123	17	89	105	87	552	79
V124	63	14	47	376	681	79
V125	108	204	35	197	193	148
V126	28	8	585	119	409	53
V127	116	42	1	111	140	89
V128	248	21	8	105	29	110
V129	91	63	48	34	12	80
V130	597	35	84	101	45	308
V131	3	431	989	93	50	218
V132	403	421	18	542	20	391
V133	31	4	132	55	23	26
V134	317	52	345	91	86	193
V135	192	61	7	299	1127	150
V136	3	367	127	10	74	177
V137	206	29	762	50	416	166
V138	788	55	70	126	1	413
V139	22	134	205	24	189	84
V140	73	152	93	135	157	103
V141	68	106	538	47	55	103
V142	52	55	25	754	34	54
V143	257	34	354	262	121	143
V144	59	121	99	140	570	100
V145	58	316	177	180	104	200
V146	211	635	46	84	99	376
V147	100	349	246	112	146	219
V148	12	58	428	570	84	54
V149	184	14	126	89	23	112
V150	392	28	6	213	226	208
V151	456	72	342	61	219	269
V152	92	356	342	122	41	181
V153	600	132	468	194	125	347
V154	43	54	54	21	96	57
V155	12	20	3	141	18	20
V156	74	32	28	54	1790	92
V157	48	182	200	307	329	123
V158	90	155	59	50	38	104
V159	273	56	92	88	116	160
V160	55	43	140	1427	101	94
V161	39	67	62	2	837	71
V162	374	434	120	54	125	391
V163	770	386	105	83	248	560
V164	301	17	85	203	143	151
V165	21	191	132	126	291	113
V166	12	80	26	280	499	70
V167	198	29	248	12	106	118
V168	430	395	12	220	393	380
V169	30	714	68	383	705	359
V170	160	219	63	784	19	198
V171	112	757	15	200	48	413
V172	118	497	64	285	403	295
V173	130	234	474	77	107	175
V174	222	295	73	83	39	239
V175	109	316	12	0	127	192
V176	141	535	855	200	554	318
V177	84	62	627	147	9	90
V178	87	51	85	52	302	78
V179	271	420	201	515	125	352
V180	430	25	223	93	341	234
V181	376	1	115	44	157	169
V182	107	141	0	341	5	122
V183	62	164	525	145	317	131
V184	404	588	184	87	103	432
V185	53	28	189	724	354	56
V186	6	709	412	90	170	315
V187	778	86	40	219	224	443
V188	572	100	357	119	160	336
V189	584	298	598	68	149	432
V190	68	787	292	56	151	376
V191	17	7	61	113	23	19
V192	5	133	3	158	60	60
V193	4	25	66	120	350	28
V194	633	48	160	8	276	327
V195	503	46	26	229	41	307
V196	13	400	726	257	108	213
V197	456	301	20	50	139	383
V198	135	266	264	117	109	155
V199	16	268	210	174	341	148
V200	113	167	2	160	240	125
V201	567	190	199	85	167	358
V202	574	402	563	65	215	440
V203	25	422	79	61	45	212
V204	142	67	3	54	516	97
V205	310	274	240	18	39	260
V206	34	315	161	484	318	175
V207	41	171	175	267	19	118
V208	434	228	357	344	9	298
V209	1025	59	275	406	317	570
V210	256	221	51	200	252	241
V211	405	52	52	127	247	226
V212	138	82	93	91	335	119
V213	273	199	23	178	52	231
V214	60	138	341	432	83	103
V215	5	295	40	45	31	157
V216	35	266	113	549	124	156
V217	256	28	307	402	0	159
V218	46	193	208	58	163	122
V219	109	78	5	553	8	111
V220	290	68	49	333	3	186
V221	99	674	0	553	70	342
V222	59	76	746	187	145	96
V223	699	73	25	86	19	376
V224	454	4	70	65	136	258
V225	46	57	40	116	114	48
V226	152	36	96	447	277	98
V227	485	59	238	690	151	274
V228	41	27	105	209	45	30
V229	128	121	373	72	481	185
V230	231	136	97	123	694	191
V231	177	251	153	15	263	212
V232	59	166	12	111	100	105
V233	384	381	35	158	65	352
V234	309	387	917	38	272	357
V235	178	103	80	12	50	125
V236	122	185	452	8	186	156
V237	398	21	159	37	116	207
V238	155	201	567	141	8	196
V239	51	71	168	316	159	66
V240	119	169	83	589	575	165
V241	69	24	37	11	430	75
V242	29	500	138	108	20	252
V243	250	3	73	362	306	131
V244	410	30	286	187	77	216
V245	6	222	244	189	35	108
V246	14	27	211	433	151	62
V247	360	203	61	333	231	255
V248	162	364	121	49	389	258
V249	110	333	271	11	222	216
V250	85	96	489	35	139	129
V251	390	182	104	54	238	256
V252	64	268	105	29	54	177
V253	303	31	307	161	45	171
V254	220	515	21	119	52	341
V255	0	37	70	163	186	27
V256	354	244	344	151	462	306
V257	60	65	480	244	298	107
V258	633	265	320	861	34	484
V259	152	201	545	318	89	222
V260	382	618	1	84	746	493
V261	82	19	263	68	231	85
V262	58	145	27	37	307	109
V263	64	35	4	140	96	63
V264	38	140	35	22	618	111
V265	84	504	383	48	46	284
V266	198	126	84	180	49	137
V267	281	256	160	59	188	237
V268	48	47	416	3	220	58
V269	65	73	97	138	159	84
V270	28	14	182	264	140	37
V271	106	162	23	139	44	146
V272	993	68	122	172	32	485
V273	193	1691	112	153	475	802
V274	22	126	256	362	10	78
V275	514	2	14	118	125	260
V276	179	458	99	457	374	262
V277	354	20	8	56	5	190
V278	101	159	102	13	230	114
V279	117	407	46	45	19	228
V280	88	304	45	215	344	220
V281	724	89	290	357	47	413
V282	5	254	151	547	151	122
V283	14	531	0	421	165	251
V284	265	298	203	185	43	263
V285	89	346	217	797	104	217
V286	148	86	334	80	514	144
V287	131	269	24	143	132	190
V288	44	64	248	205	362	73
V289	450	70	269	66	218	262
V290	38	56	164	415	398	72
V291	672	173	55	4	235	413
V292	1	31	126	12	502	38
V293	43	35	522	534	405	74
V294	6	328	185	554	118	182
V295	75	588	14	112	529	288
V296	4	230	317	394	0	122
V297	79	598	65	169	300	285
V298	211	56	276	15	622	160
V299	164	74	476	456	135	149
V300	59	88	15	74	15	80
V301	253	418	139	11	104	322
V302	355	188	208	143	72	236
V303	230	23	274	216	43	154
V304	219	122	141	110	237	169
V305	134	61	128	506	119	113
V306	136	219	23	223	1	195
V307	371	290	42	171	124	315
V308	166	134	253	109	279	153
V309	2	32	75	69	575	28
V310	323	16	296	276	653	184
V311	31	26	63	174	281	31
V312	70	16	120	262	140	57
V313	119	61	170	156	187	106
V314	64	229	73	217	184	185
V315	27	1252	271	90	225	551
V316	39	214	4	288	14	122
V317	20	27	180	427	286	36
V318	500	513	167	636	141	500
V319	47	271	314	258	66	176
V320	306	103	251	86	12	199
V321	15	2	149	23	356	20
V322	59	176	29	138	182	124
V323	71	394	156	141	115	205
V324	61	130	337	178	115	88
V325	158	63	370	109	125	136
V326	251	174	26	803	137	218
V327	22	124	247	413	41	76
V328	27	44	218	257	107	50
V329	9	169	155	349	30	74
V330	70	298	284	3	576	174
V331	635	30	79	389	9	332
V332	542	319	95	3	337	396
V333	310	36	593	124	531	186
V334	209	161	15	177	45	194
V335	271	109	10	388	158	187
V336	188	92	418	95	11	159
V337	249	46	14	383	162	142
V338	449	172	82	84	385	298
V339	89	66	202	328	53	80
V340	90	442	367	506	765	254
V341	580	12	54	331	51	287
V342	118	863	798	117	398	473
V343	123	130	46	492	33	123
V344	529	127	345	58	77	309
V345	341	45	152	193	18	215
V346	1	71	172	277	384	44
V347	354	3	189	283	170	182
V348	120	181	420	331	284	168
V349	99	148	78	284	78	126
V350	374	199	238	37	314	300
V351	42	190	41	462	312	135
V352	148	149	132	21	211	139
V353	506	210	34	181	344	323
V354	211	418	28	77	317	291
V355	70	61	106	13	423	77
V356	269	152	213	55	185	217
V357	291	156	302	604	57	233
V358	22	14	222	107	49	34
V359	382	1020	498	86	73	593
V360	352	303	367	16	30	334
V361	509	76	431	201	233	291
V362	732	70	150	27	100	342
V363	345	83	194	323	1	243
V364	106	26	408	97	356	109
V365	608	14	237	761	31	312
V366	433	7	34	106	41	237
V367	97	65	12	408	96	70
V368	74	24	35	746	127	66
V369	192	239	61	227	73	235
V370	21	224	80	523	297	122
V371	102	334	820	43	62	243
V372	162	205	157	50	7	185
V373	1	55	48	96	30	37
V374	7	105	349	253	8	70
V375	51	247	164	261	63	140
V376	160	191	166	138	75	184
V377	377	220	496	267	25	301
V378	131	715	378	197	74	424
V379	344	5	420	230	141	187
V380	24	50	427	317	93	55
V381	38	105	124	854	398	93
V382	159	49	701	117	67	104
V383	50	324	141	139	485	196
V384	43	177	22	90	108	108
V385	144	124	22	730	624	168
V386	420	17	42	28	151	214
V387	386	48	85	490	67	228
V388	797	594	6	529	237	662
V389	60	54	106	214	106	58
V390	175	489	62	7	272	308
V391	63	252	370	39	41	161
V392	17	257	279	495	73	145
V393	114	291	152	131	148	205
V394	415	311	62	165	78	328
V395	251	394	42	22	153	301
V396	98	726	590	45	81	367
V397	247	330	663	51	48	307
V398	66	360	977	84	80	239
V399	71	336	740	106	22	219
V400	441	252	33	126	74	343
V401	249	34	603	0	181	198
V402	51	42	187	84	13	65
V403	183	583	588	149	2	380
V404	421	324	164	15	110	330
V405	44	156	107	11	438	108
V406	53	60	88	94	417	58
V407	606	185	60	337	580	394
V408	214	79	17	480	4	128
V409	167	93	36	123	233	121
V410	292	203	218	14	54	256
V411	14	13	74	131	190	29
V412	354	339	443	87	30	332
V413	123	24	57	284	41	83
V414	69	28	438	90	36	53
V415	5	269	68	59	46	140
V416	193	687	160	73	218	380
V417	198	45	5	86	169	143
V418	105	485	318	200	267	298
V419	59	215	23	156	146	134
V420	67	4	227	33	37	57
V421	385	90	154	100	43	250
V422	358	195	52	16	64	275
V423	123	132	78	22	314	137
V424	58	1	657	103	410	58
V425	692	317	309	29	81	536
V426	99	84	432	108	190	125
V427	126	98	152	348	392	138
V428	286	573	181	308	23	383
V429	24	168	251	71	129	96
V430	80	21	9	99	240	44
V431	666	385	7	7	457	504
V432	6	17	201	34	242	26
V433	438	145	151	192	28	271
V434	342	405	388	294	278	370
V435	52	110	28	93	18	88
V436	11	154	460	89	332	109
V437	187	411	55	43	138	301
V438	698	33	149	88	195	353
V439	77	57	84	40	747	85
V440	434	7	151	455	305	294
V441	81	110	8	16	121	97
V442	73	50	35	53	45	71
V443	0	112	30	132	72	66
V444	282	16	307	71	109	157
V445	119	90	700	128	66	133
V446	306	370	549	62	227	340
V447	257	17	624	317	352	181
V448	36	200	110	50	140	126
V449	160	149	30	456	213	167
V450	574	231	270	147	161	417
V451	11	518	305	1	81	246
V452	14	65	227	24	52	49
V453	126	11	67	265	94	78
V454	16	121	125	841	94	91
V455	67	500	270	98	91	260
V456	22	18	45	31	156	20
V457	125	30	11	168	301	76
V458	427	348	244	42	169	368
V459	35	326	74	138	198	177
V460	206	18	202	162	8	131
V461	34	514	205	35	165	266
V462	65	353	130	120	88	176
V463	84	346	78	206	112	201
V464	69	5	35	111	164	45
V465	6	35	18	48	54	15
V466	168	51	33	199	870	145
V467	99	39	11	367	456	77
V468	17	133	95	101	324	74
V469	252	65	20	140	59	142
V470	119	194	19	452	165	145
V471	175	756	117	384	69	404
V472	413	635	195	138	208	524
V473	100	84	59	38	382	115
V474	182	21	249	392	10	111
V475	123	20	99	403	317	88
V476	419	286	411	287	68	340
V477	141	148	45	460	97	117
V478	6	85	18	35	138	54
V479	206	473	205	157	123	314
V480	18	348	25	70	468	178
V481	110	547	89	140	497	271
V482	212	65	71	24	43	127
V483	165	167	713	230	33	163
V484	63	67	388	201	27	80
V485	668	21	327	114	624	342
V486	278	327	159	334	190	302
V487	76	207	5	146	35	113
V488	163	55	188	191	91	139
V489	313	88	179	71	488	194
V490	14	267	158	5	62	121
V491	39	457	14	75	230	210
V492	910	175	727	576	932	588
V493	149	94	2	192	507	115
V494	7	103	63	241	228	67
V495	0	95	310	488	148	75
V496	434	560	381	724	81	477
V497	274	228	171	90	24	257
V498	191	345	17	196	883	246
V499	23	94	2	77	2	55
V500	16	328	7	204	201	184
