Source001	Source002	Source003	Source004	Source005	Sink
V1	44	140	38	35	133	92
V2	1019	188	675	157	544	620
V3	116	397	375	142	131	284
V4	546	143	131	275	288	319
V5	118	43	137	121	0	77
V6	568	0	136	167	405	274
V7	61	57	44	43	353	58
V8	259	18	99	240	151	139
V9	622	64	154	294	142	328
V10	13	28	68	232	43	32
V11	592	177	105	158	38	337
V12	278	132	341	700	478	217
V13	41	1049	52	226	86	548
V14	53	192	309	32	221	125
V15	546	157	192	325	623	327
V16	5	97	232	464	48	79
V17	286	262	362	214	566	251
V18	32	150	231	1	87	110
V19	61	163	215	147	139	102
V20	263	121	264	278	174	220
V21	98	178	242	203	269	160
V22	58	110	230	114	63	94
V23	265	100	342	501	799	211
V24	161	59	9	589	227	133
V25	47	569	364	48	109	344
V26	23	205	53	446	74	140
V27	55	151	20	660	2	115
V28	125	754	91	47	216	397
V29	418	413	323	173	27	405
V30	113	40	251	288	120	91
V31	152	14	120	180	444	96
V32	78	55	11	36	452	62
V33	45	108	512	187	230	115
V34	349	225	163	33	32	278
V35	6	181	139	15	0	105
V36	339	202	239	154	41	247
V37	47	259	122	136	43	133
V38	54	56	219	205	139	70
V39	305	84	70	14	19	197
V40	28	186	25	250	74	108
V41	34	532	144	133	100	283
V42	116	120	44	18	28	91
V43	114	140	76	413	495	142
V44	322	108	211	1	18	218
V45	273	94	482	312	38	198
V46	79	327	100	17	120	189
V47	303	6	16	112	11	141
V48	195	329	155	29	0	241
V49	146	42	49	285	330	90
V50	244	261	263	60	386	232
V51	748	55	347	111	200	361
V52	147	76	132	50	308	127
V53	28	28	190	322	109	43
V54	57	103	234	17	155	86
V55	313	57	460	531	56	200
V56	266	41	197	41	65	138
V57	10	18	81	7	260	26
V58	276	178	356	120	7	215
V59	157	245	339	142	314	219
V60	2	513	233	129	71	274
V61	456	215	320	166	2	309
V62	248	476	10	413	86	360
V63	649	215	150	115	400	432
V64	714	60	214	318	298	350
V65	106	282	221	57	829	226
V66	54	94	308	114	197	101
V67	144	74	41	329	398	102
V68	10	194	2	800	73	130
V69	13	16	165	339	130	35
V70	199	79	329	247	473	156
V71	195	80	37	162	175	139
V72	96	329	68	193	140	194
V73	1675	23	237	383	54	809
V74	13	250	348	380	319	149
V75	40	110	1539	32	6	124
V76	39	61	317	159	74	87
V77	84	20	423	175	18	67
V78	137	129	254	46	430	143
V79	16	244	143	116	140	133
V80	71	31	92	95	164	72
V81	33	19	41	313	15	43
V82	56	111	137	153	11	80
V83	40	83	455	361	1	97
V84	65	47	506	268	381	94
V85	49	271	140	280	177	168
V86	80	43	538	856	704	105
V87	257	13	705	43	125	141
V88	631	866	275	255	124	778
V89	12	956	287	84	94	489
V90	16	73	152	208	318	66
V91	36	10	10	35	18	22
V92	97	118	85	371	1	120
V93	154	257	578	192	255	228
V94	171	126	297	322	576	161
V95	9	219	313	193	25	113
V96	21	84	202	1037	191	116
V97	511	452	166	741	293	482
V98	240	102	569	347	288	182
V99	145	82	183	160	254	135
V100	240	372	14	40	267	265
V101	208	357	73	673	286	282
V102	309	63	184	197	305	177
V103	563	55	292	93	175	306
V104	864	32	59	252	337	452
V105	23	729	10	207	16	372
V106	113	592	99	148	100	327
V107	116	132	409	0	130	142
V108	8	370	24	120	226	218
V109	107	146	278	68	79	153
V110	211	75	131	188	20	139
V111	294	231	168	114	163	235
V112	27	105	7	16	318	59
V113	19	0	140	318	117	25
V114	206	482	121	100	752	350
V115	1	495	145	508	322	269
V116	342	178	13	307	296	249
V117	135	70	248	94	33	95
V118	214	645	128	68	150	403
V119	342	91	248	257	242	218
V120	135	87	165	34	479	98
V121	152	154	32	147	362	153
V122	16	278	182	167	135	145
V123	5	203	252	17	69	113
V124	355	92	74	160	162	213
V125	140	878	136	463	24	450
V126	207	269	324	104	491	233
V127	26	66	301	334	21	78
V128	429	94	647	544	33	283
V129	5	40	134	241	239	36
V130	15	104	40	224	425	72
V131	43	40	92	136	153	42
V132	228	586	32	65	172	361
V133	257	32	86	3	568	128
V134	467	208	77	199	175	320
V135	32	264	30	75	186	136
V136	440	105	20	26	38	252
V137	65	89	9	31	283	70
V138	303	235	62	14	14	248
V139	30	199	936	277	217	162
V140	357	65	299	90	4	204
V141	182	84	218	307	329	159
V142	557	476	388	143	23	472
V143	73	330	182	98	7	176
V144	57	32	502	25	91	63
V145	35	538	14	59	113	267
V146	173	9	137	156	199	102
V147	466	310	88	90	641	330
V148	117	274	14	4	42	216
V149	407	150	331	260	284	295
V150	53	245	320	380	8	155
V151	219	243	76	184	347	232
V152	96	44	98	205	795	88
V153	277	204	377	302	87	249
V154	117	35	167	107	81	81
V155	459	9	345	68	20	224
V156	794	283	491	102	43	505
V157	121	101	66	254	14	95
V158	175	181	287	284	109	182
V159	56	13	94	146	454	43
V160	173	28	439	149	314	117
V161	152	90	251	40	5	93
V162	258	521	51	110	423	366
V163	948	50	362	40	209	437
V164	140	40	8	127	417	82
V165	23	273	90	237	225	149
V166	657	297	48	171	131	395
V167	67	444	333	23	22	233
V168	279	8	57	39	264	116
V169	35	78	688	80	59	77
V170	182	432	190	226	408	318
V171	73	84	332	76	85	83
V172	122	704	543	43	120	434
V173	311	23	281	99	350	129
V174	2	272	628	280	154	166
V175	61	333	284	93	24	177
V176	78	147	337	126	245	133
V177	444	206	233	115	136	303
V178	281	167	48	57	174	211
V179	165	67	525	87	341	153
V180	197	115	86	568	225	181
V181	438	863	16	26	63	606
V182	145	241	16	97	68	191
V183	122	78	74	131	607	112
V184	483	176	148	117	332	314
V185	14	142	229	98	188	99
V186	20	51	349	185	85	64
V187	523	31	215	690	171	285
V188	225	466	13	145	636	338
V189	344	140	51	16	15	218
V190	154	13	601	2	297	120
V191	179	212	68	8	411	172
V192	13	412	150	141	713	221
V193	564	189	191	170	88	359
V194	161	249	412	60	304	235
V195	234	394	163	906	176	341
V196	203	102	45	210	364	147
V197	103	533	267	991	28	361
V198	562	1	284	121	149	274
V199	146	482	352	126	327	332
V200	594	91	707	47	413	319
V201	499	80	743	110	110	270
V202	27	32	5	186	184	37
V203	388	83	65	516	233	220
V204	26	191	115	458	62	122
V205	130	10	154	689	151	85
V206	35	20	72	58	101	28
V207	271	100	37	1	77	156
V208	1133	326	548	96	1599	649
V209	29	260	382	2	69	159
V210	297	198	259	3	178	237
V211	193	63	279	67	284	132
V212	48	216	387	6	119	137
V213	50	55	173	32	424	55
V214	113	1	9	5	48	52
V215	805	4	113	148	403	363
V216	231	658	253	501	97	446
V217	11	364	120	215	141	184
V218	323	443	51	289	465	388
V219	293	377	368	118	385	337
V220	871	50	196	1172	153	425
V221	90	36	4	380	10	78
V222	517	31	149	57	37	260
V223	63	241	265	108	527	168
V224	21	6	176	90	6	27
V225	162	27	112	390	98	113
V226	99	181	46	54	292	113
V227	264	253	161	245	12	269
V228	603	229	9	164	124	355
V229	31	26	359	23	83	50
V230	83	421	275	72	50	236
V231	170	43	39	126	51	109
V232	252	456	773	3	16	349
V233	182	287	154	261	5	236
V234	873	19	70	334	22	401
V235	613	281	110	81	266	400
V236	0	43	82	92	108	30
V237	150	271	213	32	386	188
V238	20	43	111	152	293	37
V239	51	77	35	34	123	65
V240	54	36	16	99	275	55
V241	284	941	4	180	460	605
V242	53	359	95	84	487	192
V243	151	31	135	100	133	104
V244	112	37	17	422	278	77
V245	47	53	579	462	242	121
V246	241	10	28	182	385	115
V247	13	30	132	194	389	45
V248	163	89	72	271	464	127
V249	145	395	313	39	173	278
V250	143	329	59	14	39	209
V251	124	145	168	56	125	155
V252	7	290	379	5	54	175
V253	9	184	12	29	4	97
V254	25	294	375	461	684	181
V255	88	951	37	151	287	482
V256	487	205	302	465	156	356
V257	25	4	380	293	145	40
V258	511	68	565	11	30	284
V259	430	627	25	121	237	490
V260	54	107	174	61	229	94
V261	364	292	184	17	196	322
V262	393	577	357	109	323	456
V263	167	1	34	87	141	82
V264	63	170	390	2	29	116
V265	11	20	210	152	86	31
V266	100	996	89	264	8	523
V267	111	236	397	105	6	192
V268	106	99	125	87	213	115
V269	284	285	336	32	47	294
V270	132	380	510	222	60	284
V271	121	53	441	365	213	137
V272	132	337	90	131	363	221
V273	602	38	58	173	48	311
V274	152	290	329	323	63	230
V275	305	116	258	36	73	234
V276	516	57	172	257	373	272
V277	100	776	215	552	206	459
V278	61	322	213	308	35	169
V279	5	27	151	176	491	40
V280	353	105	87	23	478	183
V281	6	117	154	246	133	86
V282	57	234	217	109	96	167
V283	61	32	31	107	98	50
V284	310	87	151	226	655	187
V285	125	48	228	285	1359	110
V286	70	3	129	158	227	51
V287	41	218	311	390	112	129
V288	363	304	324	631	43	347
V289	50	333	122	365	41	193
V290	542	320	164	96	976	413
V291	116	50	841	607	262	133
V292	107	179	333	999	301	188
V293	38	17	519	98	138	59
V294	84	49	167	280	12	66
V295	16	120	105	65	104	78
V296	662	154	78	107	328	359
V297	2	83	157	226	325	69
V298	85	85	16	116	600	82
V299	97	511	133	154	34	277
V300	785	121	227	38	173	414
V301	180	36	153	42	12	114
V302	100	221	254	316	1203	182
V303	90	29	34	864	66	109
V304	189	97	9	242	190	146
V305	155	81	36	402	74	123
V306	138	196	114	8	221	151
V307	344	152	37	28	319	222
V308	157	94	40	498	110	158
V309	242	53	134	133	337	142
V310	26	16	123	169	256	38
V311	36	52	287	19	2	65
V312	97	80	260	99	223	116
V313	32	236	77	170	459	138
V314	210	0	356	33	18	100
V315	412	298	164	1	588	339
V316	22	294	16	90	129	142
V317	155	169	63	12	470	129
V318	145	392	56	1147	83	298
V319	23	382	37	6	326	182
V320	309	621	143	160	278	464
V321	114	552	231	388	95	323
V322	119	149	96	170	91	136
V323	28	116	709	222	285	118
V324	321	116	300	98	137	196
V325	47	299	80	163	100	189
V326	183	319	32	153	7	242
V327	938	52	112	639	29	497
V328	15	101	61	730	79	85
V329	56	95	306	241	254	92
V330	4	25	106	204	1	24
V331	140	402	149	86	42	264
V332	125	83	393	15	54	114
V333	98	189	0	109	17	145
V334	116	83	111	93	59	93
V335	53	549	221	136	205	283
V336	35	169	59	472	388	131
V337	222	40	1381	337	63	195
V338	9	26	70	643	145	59
V339	135	722	5	314	257	417
V340	196	510	222	248	204	327
V341	249	183	49	223	136	192
V342	71	104	15	4	97	80
V343	67	970	96	0	65	525
V344	146	45	20	171	339	93
V345	245	333	27	106	74	269
V346	155	371	158	131	508	246
V347	65	385	80	382	190	229
V348	24	283	724	146	44	194
V349	54	577	405	360	200	301
V350	31	458	684	928	116	323
V351	63	4	3	61	609	29
V352	8	128	36	184	20	75
V353	101	116	208	230	20	114
V354	254	244	112	251	559	266
V355	36	31	50	73	352	44
V356	220	164	184	16	20	178
V357	85	125	32	13	212	104
V358	250	176	262	305	212	212
V359	156	119	86	38	46	124
V360	809	289	74	777	334	493
V361	224	267	16	9	324	214
V362	201	164	101	207	146	143
V363	47	187	202	113	9	130
V364	12	22	172	271	109	30
V365	247	197	55	35	89	192
V366	37	395	226	339	80	226
V367	47	126	213	22	147	80
V368	565	14	547	123	199	269
V369	11	316	621	54	12	181
V370	83	227	89	4	107	132
V371	299	489	175	272	116	385
V372	42	100	73	690	154	115
V373	268	53	259	125	320	194
V374	108	193	1	252	120	116
V375	23	148	29	129	420	92
V376	47	376	87	294	18	236
V377	29	778	203	471	64	389
V378	94	53	101	241	299	87
V379	1	119	323	336	381	94
V380	225	183	2	11	11	153
V381	96	212	69	204	92	176
V382	325	316	403	323	28	309
V383	117	64	13	29	382	65
V384	18	62	47	223	4	47
V385	374	650	210	31	251	470
V386	25	165	39	28	226	86
V387	383	315	261	77	120	376
V388	334	30	96	235	439	171
V389	143	5	315	107	177	92
V390	9	217	507	36	13	137
V391	206	41	4	40	16	102
V392	1151	333	558	165	190	683
V393	71	110	14	346	11	94
V394	340	121	382	219	55	242
V395	403	291	61	75	233	316
V396	32	15	176	269	117	51
V397	63	120	64	101	17	88
V398	118	378	857	263	293	282
V399	76	47	563	72	294	88
V400	1038	240	59	246	204	587
V401	71	35	27	22	0	55
V402	6	736	391	531	29	383
V403	53	141	119	80	649	101
V404	24	84	22	132	247	51
V405	198	398	414	257	540	306
V406	424	76	107	231	227	272
V407	261	29	126	353	82	147
V408	57	15	343	73	46	63
V409	129	408	118	26	107	229
V410	144	69	707	73	177	158
V411	135	83	77	31	20	96
V412	380	197	72	184	330	265
V413	298	319	107	215	99	317
V414	435	224	147	531	38	318
V415	152	237	40	1	56	176
V416	415	36	217	424	85	261
V417	287	45	138	104	14	169
V418	67	1	69	1	159	40
V419	177	89	4	180	100	126
V420	245	277	234	110	94	265
V421	121	12	466	119	156	92
V422	425	672	63	16	83	514
V423	61	33	62	854	106	72
V424	181	53	674	4	94	148
V425	271	39	97	119	238	178
V426	437	96	116	88	5	238
V427	287	85	48	234	372	165
V428	713	219	78	132	145	405
V429	151	44	1	145	166	101
V430	197	298	72	337	11	244
V431	93	84	14	24	1	83
V432	38	210	379	196	73	143
V433	56	651	131	301	14	316
V434	1	264	230	159	479	135
V435	0	191	109	145	26	95
V436	191	352	54	120	63	281
V437	706	201	208	54	422	413
V438	36	373	97	19	12	211
V439	51	339	40	337	76	213
V440	535	258	446	113	70	395
V441	22	207	105	60	418	114
V442	26	84	223	108	430	74
V443	435	1	184	70	149	209
V444	312	321	19	144	143	313
V445	295	8	9	196	1029	153
V446	123	305	225	382	493	215
V447	34	241	121	285	249	123
V448	45	113	13	558	56	91
V449	109	51	142	113	181	70
V450	617	353	39	38	357	400
V451	287	104	3	337	164	190
V452	19	28	7	112	5	28
V453	44	283	149	42	194	160
V454	285	22	309	337	472	164
V455	203	343	40	42	251	251
V456	180	472	130	57	234	318
V457	104	157	262	30	410	133
V458	267	165	605	251	32	237
V459	199	18	14	222	396	87
V460	314	188	58	438	90	234
V461	441	229	12	117	5	322
V462	20	166	79	139	105	100
V463	58	128	25	107	89	90
V464	136	82	49	578	79	134
V465	7	109	120	322	66	81
V466	123	311	262	164	42	227
V467	135	165	114	47	252	148
V468	265	100	82	309	19	185
V469	78	18	117	43	131	53
V470	241	219	7	191	181	219
V471	88	117	84	499	147	104
V472	59	11	39	367	23	56
V473	88	49	466	117	264	89
V474	116	210	137	40	683	160
V475	58	118	169	43	83	91
V476	377	506	164	912	202	446
V477	101	323	186	53	334	190
V478	159	4	26	4	11	71
V479	353	29	121	52	17	196
V480	28	57	195	86	8	52
V481	101	201	8	356	139	165
V482	55	15	346	44	117	47
V483	46	50	582	88	88	73
V484	347	128	286	483	112	259
V485	861	22	316	325	13	423
V486	455	287	412	103	0	374
V487	47	24	71	36	51	34
V488	852	260	137	490	60	519
V489	72	114	50	167	856	99
V490	56	41	16	44	28	40
V491	113	217	349	94	2	125
V492	210	65	604	367	198	174
V493	187	162	357	224	65	185
V494	51	41	35	1	302	36
V495	298	387	211	177	303	320
V496	99	151	154	76	430	134
V497	6	141	515	211	71	99
V498	223	1838	558	330	206	937
V499	102	64	6	38	198	73
V500	237	56	83	237	66	170
