Source001	Source002	Source003	Source004	Source005	Sink
V1	218	166	10	135	238	199
V2	472	182	325	12	127	395
V3	86	683	84	495	141	203
V4	83	178	518	317	390	145
V5	626	91	81	21	35	467
V6	127	7	186	588	300	115
V7	669	215	76	669	450	547
V8	217	192	251	277	641	241
V9	252	6	99	41	203	209
V10	57	517	41	77	19	125
V11	394	181	139	8	108	349
V12	144	368	166	11	24	189
V13	78	41	143	385	128	87
V14	66	116	148	29	46	94
V15	592	391	110	103	20	541
V16	18	48	1133	307	719	93
V17	479	269	189	27	96	393
V18	964	46	52	37	927	752
V19	522	103	141	528	204	393
V20	424	436	208	48	331	388
V21	60	145	276	99	402	103
V22	350	51	517	96	99	294
V23	38	116	432	539	406	69
V24	9	184	41	88	205	55
V25	204	626	4	233	29	245
V26	186	27	4	158	524	180
V27	16	163	659	247	122	87
V28	25	98	875	9	369	120
V29	285	225	106	2	71	264
V30	142	23	90	169	15	111
V31	48	72	52	153	143	40
V32	28	381	54	518	194	114
V33	10	81	76	87	22	21
V34	203	10	307	203	150	162
V35	304	149	21	16	0	246
V36	479	64	13	30	20	355
V37	349	447	38	131	535	305
V38	101	14	159	768	6	98
V39	197	295	181	7	87	186
V40	67	281	2	94	9	116
V41	155	512	161	150	46	203
V42	44	0	17	3	160	57
V43	41	13	2	107	500	52
V44	66	489	12	22	45	144
V45	116	123	55	40	21	119
V46	199	422	331	517	4	219
V47	560	148	53	90	22	402
V48	64	536	228	66	890	196
V49	308	66	242	1934	1	260
V50	36	358	280	104	97	116
V51	99	736	185	367	211	212
V52	53	72	94	126	70	49
V53	131	10	200	215	166	138
V54	52	29	22	105	77	48
V55	225	92	44	185	11	191
V56	191	36	93	17	248	150
V57	652	147	107	105	744	569
V58	127	137	178	7	101	146
V59	193	100	98	25	3	163
V60	351	36	118	338	150	260
V61	49	46	33	98	187	65
V62	111	184	178	44	373	123
V63	383	12	57	29	255	340
V64	438	370	110	238	164	418
V65	314	63	519	262	186	252
V66	248	166	535	107	32	244
V67	24	149	87	58	274	53
V68	166	128	80	129	54	155
V69	154	281	2	39	164	167
V70	11	9	138	1	471	35
V71	363	116	40	638	130	290
V72	280	17	446	43	215	250
V73	20	69	327	396	377	58
V74	156	54	125	121	389	150
V75	172	101	13	107	26	161
V76	95	63	125	30	154	89
V77	270	127	66	563	67	240
V78	32	28	291	41	178	37
V79	144	99	353	358	124	146
V80	130	48	624	41	69	129
V81	239	82	337	0	125	225
V82	206	840	51	13	143	270
V83	505	137	23	218	270	376
V84	43	164	38	12	24	73
V85	868	458	764	1	27	795
V86	599	210	157	256	89	480
V87	17	320	402	2	184	108
V88	533	45	222	27	102	367
V89	488	45	202	176	142	387
V90	758	137	136	91	55	610
V91	281	274	448	86	741	308
V92	202	98	41	111	54	199
V93	124	44	81	176	108	139
V94	115	93	79	140	96	117
V95	404	351	22	240	31	373
V96	341	112	388	67	243	288
V97	89	257	242	137	281	104
V98	8	164	436	22	256	72
V99	293	110	36	870	202	268
V100	89	202	171	2	10	110
V101	213	997	162	124	317	364
V102	92	840	132	965	10	226
V103	836	28	314	22	9	656
V104	96	41	178	85	60	110
V105	192	58	116	9	842	180
V106	137	30	206	189	0	109
V107	145	271	699	341	148	195
V108	218	29	242	654	50	194
V109	174	15	137	127	239	147
V110	243	188	503	118	51	239
V111	676	576	360	91	107	610
V112	241	44	301	79	92	223
V113	254	81	134	265	270	235
V114	197	187	75	307	21	184
V115	185	331	356	125	207	235
V116	172	115	230	52	40	145
V117	476	28	24	318	66	364
V118	373	59	9	197	721	311
V119	12	30	23	154	77	26
V120	237	570	7	155	124	294
V121	161	69	434	113	270	151
V122	56	78	188	180	444	93
V123	251	252	156	127	10	222
V124	146	202	6	73	158	159
V125	317	251	412	112	32	291
V126	99	84	62	127	11	100
V127	291	44	441	317	105	239
V128	538	141	79	13	386	446
V129	217	297	244	201	386	266
V130	195	1089	469	126	117	368
V131	98	317	14	181	159	131
V132	140	264	82	44	574	173
V133	887	136	127	99	28	704
V134	7	96	458	66	87	48
V135	528	184	34	74	295	433
V136	104	414	107	473	408	186
V137	117	57	316	230	184	132
V138	75	70	144	287	209	80
V139	134	243	95	168	131	170
V140	110	162	406	11	97	118
V141	580	74	567	325	3	481
V142	89	86	86	697	263	112
V143	276	4	259	698	254	217
V144	51	92	167	265	394	74
V145	147	101	452	29	347	190
V146	14	113	21	246	58	32
V147	8	91	88	458	38	19
V148	188	100	110	79	16	168
V149	198	159	11	47	249	177
V150	142	78	431	199	464	185
V151	30	126	20	88	268	59
V152	217	125	6	172	302	184
V153	12	104	58	16	170	47
V154	422	78	206	539	64	375
V155	307	194	177	152	249	273
V156	376	181	96	447	4	321
V157	78	67	343	107	459	105
V158	44	192	173	140	286	74
V159	116	348	157	103	71	147
V160	206	679	333	561	146	282
V161	15	153	442	40	63	63
V162	3	563	73	148	263	90
V163	816	56	227	343	126	633
V164	316	181	432	32	35	284
V165	24	56	37	261	279	43
V166	58	154	58	618	73	85
V167	455	81	95	688	241	359
V168	364	418	59	9	46	328
V169	20	98	337	108	13	59
V170	189	541	97	24	33	213
V171	102	300	1	29	254	120
V172	161	168	256	16	252	172
V173	121	332	23	186	192	167
V174	399	161	153	13	45	349
V175	171	892	24	7	310	311
V176	165	127	66	101	262	166
V177	128	166	12	501	71	143
V178	80	84	60	213	201	95
V179	223	17	491	225	567	225
V180	71	21	4	11	141	64
V181	856	556	640	78	138	748
V182	5	45	431	56	20	27
V183	238	76	165	355	72	210
V184	214	460	33	174	427	260
V185	182	60	354	118	192	170
V186	75	96	143	247	183	88
V187	83	1013	30	171	366	233
V188	73	74	72	31	209	84
V189	16	146	110	518	205	36
V190	329	147	16	180	27	256
V191	5	31	257	479	88	18
V192	135	65	185	211	247	114
V193	33	5	182	377	2	38
V194	105	391	15	7	298	147
V195	253	166	491	9	185	224
V196	254	130	58	154	80	190
V197	368	109	77	184	384	315
V198	71	74	44	99	605	96
V199	21	156	247	30	461	91
V200	89	447	106	92	53	168
V201	131	79	47	68	120	118
V202	70	31	182	169	87	79
V203	76	55	141	28	70	86
V204	4	70	234	253	35	21
V205	397	185	173	167	296	346
V206	531	398	210	511	62	468
V207	96	409	37	58	475	164
V208	36	214	54	938	47	69
V209	270	177	183	196	11	245
V210	18	803	144	214	49	157
V211	240	165	53	252	50	206
V212	63	215	154	21	35	82
V213	726	4	180	209	150	515
V214	49	70	2	26	53	54
V215	136	147	172	79	218	141
V216	405	719	134	29	47	415
V217	24	328	316	672	32	91
V218	160	80	233	292	10	142
V219	230	26	67	416	127	173
V220	253	80	276	116	162	222
V221	169	55	157	320	585	153
V222	17	66	122	130	30	34
V223	140	620	583	51	464	237
V224	376	54	580	78	252	369
V225	71	51	379	59	966	134
V226	152	15	412	171	61	118
V227	56	270	238	363	524	108
V228	282	178	5	9	343	223
V229	782	68	242	41	1072	643
V230	266	124	208	407	31	239
V231	4	184	307	221	136	58
V232	134	59	26	28	32	129
V233	2	71	899	155	183	62
V234	816	34	825	380	392	658
V235	141	135	26	100	0	136
V236	15	904	317	22	108	164
V237	57	202	104	728	248	99
V238	49	1151	50	333	14	224
V239	393	21	89	201	213	333
V240	100	320	244	11	189	165
V241	186	197	144	33	16	145
V242	21	126	45	643	200	55
V243	92	459	90	26	191	161
V244	143	174	933	13	178	184
V245	633	373	78	86	216	550
V246	64	104	562	666	66	89
V247	244	256	799	58	58	261
V248	844	66	42	187	15	609
V249	6	333	82	350	594	84
V250	312	298	305	171	353	316
V251	246	8	155	251	63	208
V252	218	157	374	35	734	253
V253	565	314	25	31	46	469
V254	18	21	17	18	240	27
V255	3	19	123	18	516	30
V256	61	143	354	36	1103	129
V257	229	344	4	309	94	240
V258	129	14	110	50	145	110
V259	88	189	5	433	68	102
V260	221	409	356	566	69	259
V261	197	449	108	83	151	219
V262	140	26	171	133	41	122
V263	574	334	482	49	399	471
V264	22	62	265	104	167	50
V265	479	302	22	170	207	449
V266	211	115	333	238	20	204
V267	287	136	14	271	167	255
V268	252	144	249	163	417	232
V269	242	13	13	35	173	166
V270	431	359	389	411	94	394
V271	216	27	173	89	339	204
V272	232	10	208	43	6	198
V273	54	108	170	63	99	69
V274	121	285	86	103	559	173
V275	12	192	188	171	460	72
V276	276	120	618	32	54	283
V277	336	48	17	5	206	237
V278	89	46	123	436	241	81
V279	8	3	2	136	270	20
V280	226	241	116	130	108	213
V281	62	82	74	135	141	88
V282	424	129	1088	59	124	402
V283	4	417	13	305	590	87
V284	472	72	178	106	272	376
V285	530	177	8	485	46	439
V286	86	572	35	477	100	155
V287	20	46	324	34	95	48
V288	26	121	282	356	31	53
V289	90	157	91	201	96	95
V290	699	110	126	137	353	588
V291	194	591	74	17	59	245
V292	111	708	297	686	544	245
V293	636	287	191	82	152	515
V294	84	808	74	140	102	183
V295	502	34	32	22	314	395
V296	306	38	339	132	19	253
V297	102	265	58	70	766	156
V298	21	65	95	561	37	23
V299	501	154	129	183	419	435
V300	153	487	54	463	31	196
V301	290	863	85	65	17	331
V302	3	424	134	4	178	98
V303	312	72	646	1067	399	307
V304	271	233	102	452	87	250
V305	112	314	5	45	5	123
V306	13	134	160	206	59	45
V307	33	127	114	73	89	54
V308	151	225	170	46	83	185
V309	49	105	23	18	122	73
V310	293	567	49	90	377	309
V311	432	1130	1157	39	69	556
V312	564	25	225	72	629	475
V313	21	40	406	14	150	45
V314	121	489	295	171	14	199
V315	89	443	466	101	578	203
V316	39	22	116	454	91	40
V317	178	264	374	146	683	237
V318	104	280	314	240	9	154
V319	217	176	171	30	643	206
V320	131	143	215	176	136	140
V321	63	101	55	65	8	71
V322	71	468	220	43	159	151
V323	126	66	113	1240	30	99
V324	340	114	55	123	89	260
V325	2	393	346	88	39	85
V326	29	172	145	68	52	66
V327	9	33	19	330	179	30
V328	66	40	25	146	12	55
V329	216	277	17	209	461	240
V330	86	239	110	72	179	112
V331	57	378	118	69	114	101
V332	74	103	409	329	196	82
V333	153	602	539	82	198	261
V334	193	214	361	135	218	211
V335	80	37	395	39	89	110
V336	140	241	159	150	289	161
V337	8	225	10	92	179	51
V338	125	517	162	125	8	216
V339	18	42	150	241	124	33
V340	417	20	35	366	453	357
V341	46	190	180	185	229	100
V342	30	15	466	60	216	68
V343	279	195	92	241	13	254
V344	45	73	86	327	183	49
V345	164	6	80	151	94	141
V346	469	3	40	125	237	372
V347	281	40	508	142	468	248
V348	200	33	98	329	17	177
V349	114	556	267	364	74	199
V350	67	285	87	185	306	104
V351	79	344	457	171	444	151
V352	33	525	31	30	72	120
V353	110	1	492	189	190	101
V354	38	181	504	220	87	104
V355	394	24	443	35	270	328
V356	332	181	299	327	408	291
V357	30	129	109	35	63	52
V358	83	225	376	98	40	121
V359	43	209	192	619	114	87
V360	173	6	158	201	168	141
V361	6	184	107	67	41	49
V362	127	234	120	409	120	116
V363	387	30	36	283	124	305
V364	10	611	46	322	411	122
V365	106	62	172	146	156	107
V366	24	136	80	214	267	58
V367	250	227	435	14	183	241
V368	27	235	65	30	419	90
V369	4	18	332	76	467	44
V370	133	324	124	334	27	166
V371	6	10	169	45	74	29
V372	31	129	14	743	237	64
V373	155	368	471	212	805	243
V374	175	311	40	114	386	182
V375	13	271	152	187	55	81
V376	246	7	257	38	60	234
V377	299	78	238	711	703	273
V378	24	111	86	3	84	52
V379	145	51	88	83	716	168
V380	89	1	6	226	21	74
V381	44	3	129	144	51	36
V382	377	243	285	609	8	331
V383	61	720	68	154	255	182
V384	419	232	473	169	270	346
V385	547	71	20	314	18	426
V386	37	370	433	2	158	106
V387	13	372	5	224	15	78
V388	205	61	331	203	294	188
V389	28	123	156	7	81	46
V390	184	320	354	586	512	240
V391	127	25	585	43	53	135
V392	79	81	332	16	219	85
V393	10	402	357	241	3	80
V394	266	61	282	270	141	190
V395	3	1221	353	313	392	230
V396	83	630	119	22	505	198
V397	60	15	348	137	224	66
V398	127	235	74	127	91	132
V399	329	83	3	285	152	267
V400	212	12	2	417	731	207
V401	320	201	395	640	311	308
V402	363	39	491	506	98	304
V403	57	64	247	230	396	75
V404	101	220	253	8	55	133
V405	183	166	102	109	16	156
V406	99	198	75	123	614	122
V407	92	27	118	442	82	78
V408	1558	88	41	216	117	1226
V409	79	103	7	81	275	95
V410	20	205	88	8	43	56
V411	19	36	146	93	236	35
V412	31	469	120	181	235	115
V413	114	138	227	7	16	116
V414	31	629	219	205	329	146
V415	284	493	76	280	198	317
V416	13	144	390	284	39	51
V417	120	570	166	270	171	210
V418	417	146	14	35	2	308
V419	164	169	42	127	30	131
V420	55	238	209	109	174	96
V421	142	104	286	116	152	147
V422	210	18	278	504	68	172
V423	361	69	60	43	728	312
V424	207	181	343	77	201	188
V425	176	31	43	366	329	182
V426	562	284	35	411	143	512
V427	307	314	19	298	313	277
V428	222	74	98	0	143	198
V429	23	77	180	128	193	48
V430	282	13	281	13	415	242
V431	23	180	35	10	113	56
V432	276	79	152	120	204	226
V433	55	211	300	225	163	107
V434	25	243	472	16	336	109
V435	311	80	105	13	124	278
V436	139	17	213	151	238	132
V437	114	331	118	227	199	147
V438	9	75	211	151	212	34
V439	365	17	160	495	62	269
V440	27	48	118	391	44	44
V441	148	20	105	186	514	163
V442	166	154	27	115	606	176
V443	15	40	123	71	132	33
V444	454	917	198	107	84	514
V445	183	11	192	612	46	154
V446	47	22	255	80	56	60
V447	267	76	36	124	344	207
V448	50	103	218	123	292	73
V449	31	25	39	294	131	33
V450	54	64	70	105	108	55
V451	1158	97	504	101	71	912
V452	9	71	33	24	96	23
V453	147	764	55	382	31	225
V454	420	1	65	13	108	298
V455	41	23	38	262	209	44
V456	66	150	88	51	376	91
V457	195	19	177	621	430	185
V458	138	196	93	536	83	137
V459	44	6	207	16	142	60
V460	12	383	265	42	177	91
V461	763	149	625	273	96	613
V462	321	268	97	12	592	292
V463	31	1	105	66	92	39
V464	303	250	80	53	19	260
V465	284	697	253	110	17	361
V466	25	113	876	399	14	74
V467	93	374	36	93	178	164
V468	197	24	49	292	33	152
V469	666	125	336	34	71	564
V470	395	218	138	3	499	348
V471	587	80	481	19	247	434
V472	332	37	202	679	13	284
V473	183	647	203	928	87	258
V474	209	21	171	201	345	169
V475	85	176	179	4	563	155
V476	50	77	19	145	94	45
V477	45	34	417	13	637	76
V478	61	507	107	604	88	144
V479	224	128	625	7	128	231
V480	110	246	84	110	99	121
V481	335	525	684	125	232	378
V482	302	336	316	43	17	277
V483	350	427	221	199	320	361
V484	171	129	220	191	310	169
V485	136	58	37	44	15	102
V486	45	33	54	545	424	61
V487	104	61	132	747	54	81
V488	384	195	142	370	261	336
V489	35	27	461	394	52	45
V490	7	69	367	90	292	50
V491	169	44	5	139	27	158
V492	234	457	49	47	19	252
V493	260	17	16	345	68	196
V494	872	40	149	173	143	661
V495	29	365	496	53	65	114
V496	204	44	160	181	123	177
V497	25	25	1348	221	125	79
V498	76	310	52	577	222	126
V499	50	203	71	1115	115	81
V500	88	44	74	231	438	91
