Source001	Source002	Source003	Source004	Source005	Sink
V1	238	261	217	432	286	262
V2	164	149	113	11	110	171
V3	390	92	32	252	571	256
V4	322	12	404	189	129	209
V5	27	37	193	100	178	54
V6	201	33	11	8	27	152
V7	81	108	47	284	73	96
V8	261	1156	193	49	18	551
V9	5	43	240	79	87	26
V10	204	69	242	278	215	175
V11	516	1479	448	15	267	829
V12	145	202	115	393	173	166
V13	12	615	72	407	40	258
V14	304	86	129	262	168	206
V15	233	531	7	405	607	353
V16	73	166	118	467	115	130
V17	419	694	266	34	437	496
V18	362	267	82	18	267	303
V19	153	54	56	246	75	123
V20	19	15	582	4	154	39
V21	109	19	301	283	35	87
V22	29	15	96	179	35	34
V23	486	475	172	247	180	457
V24	289	246	312	558	46	281
V25	291	210	322	48	568	268
V26	15	103	309	32	124	61
V27	386	263	4	90	9	308
V28	249	58	164	59	253	188
V29	230	124	2	79	76	177
V30	11	174	84	173	73	96
V31	7	193	4	465	583	88
V32	1	37	92	29	131	24
V33	169	87	283	1046	49	152
V34	282	143	35	144	137	219
V35	68	636	415	160	799	293
V36	37	480	130	198	91	196
V37	50	704	139	279	61	312
V38	5	509	69	190	34	226
V39	315	49	58	106	165	204
V40	96	205	53	188	664	148
V41	316	3	276	224	489	191
V42	84	181	16	94	50	122
V43	89	24	362	559	135	78
V44	66	34	94	863	0	94
V45	604	57	146	151	291	324
V46	84	429	445	110	112	234
V47	6	215	358	496	65	114
V48	166	240	196	338	368	206
V49	100	77	31	174	15	81
V50	102	69	551	273	300	107
V51	29	206	59	301	351	106
V52	48	25	42	71	186	52
V53	37	518	94	361	38	194
V54	417	16	934	52	182	259
V55	201	363	12	529	176	234
V56	152	62	78	327	103	147
V57	49	306	288	128	212	169
V58	339	111	537	105	599	234
V59	74	12	371	930	23	79
V60	179	186	102	86	132	165
V61	111	106	158	431	376	135
V62	26	104	52	792	536	88
V63	134	437	101	348	86	251
V64	16	526	179	96	143	185
V65	2	56	23	71	177	36
V66	8	210	24	148	116	85
V67	59	211	32	131	117	108
V68	64	27	239	96	34	73
V69	8	343	132	11	99	141
V70	453	16	11	100	282	265
V71	59	36	323	150	267	59
V72	1059	640	189	5	350	823
V73	116	158	60	434	15	130
V74	174	1003	40	300	672	446
V75	234	3	323	499	177	152
V76	64	64	70	198	66	49
V77	139	236	161	268	171	185
V78	139	286	95	201	29	205
V79	18	585	24	469	44	239
V80	6	34	360	258	106	29
V81	32	109	763	86	23	81
V82	235	93	346	47	193	171
V83	45	228	401	213	346	130
V84	34	999	250	62	195	381
V85	113	319	104	92	174	188
V86	526	99	132	194	50	348
V87	310	74	396	44	4	234
V88	381	63	139	207	3	192
V89	60	38	310	97	0	65
V90	101	65	291	31	40	120
V91	187	68	774	12	330	159
V92	77	208	778	199	247	151
V93	34	58	28	6	366	45
V94	98	53	129	245	25	84
V95	39	126	316	223	114	84
V96	183	68	978	48	108	152
V97	11	325	64	167	141	122
V98	17	244	316	750	668	143
V99	288	13	232	138	177	188
V100	38	311	488	51	22	153
V101	121	58	168	39	104	85
V102	57	231	376	176	242	135
V103	29	130	5	23	177	81
V104	36	39	100	497	434	49
V105	53	87	349	0	3	62
V106	335	7	281	158	14	192
V107	118	94	0	37	224	120
V108	157	229	33	721	80	178
V109	13	209	26	68	86	97
V110	66	392	197	383	311	185
V111	69	258	67	138	599	151
V112	114	97	90	79	183	112
V113	26	5	50	64	328	23
V114	162	159	155	730	115	195
V115	175	369	21	419	515	222
V116	149	35	220	21	58	125
V117	461	80	338	23	93	302
V118	163	200	171	103	86	171
V119	352	75	132	294	110	268
V120	261	230	264	117	126	252
V121	118	64	25	1073	436	119
V122	71	45	54	94	38	52
V123	359	148	159	154	166	300
V124	5	145	198	0	148	76
V125	111	25	27	5	572	62
V126	176	218	24	164	4	167
V127	249	88	88	135	4	188
V128	62	76	370	274	95	75
V129	379	407	35	314	170	389
V130	6	277	222	90	91	125
V131	52	217	349	147	122	129
V132	87	320	184	187	12	162
V133	293	367	196	75	203	305
V134	542	112	152	118	142	362
V135	63	104	8	551	106	99
V136	163	100	106	8	384	135
V137	551	85	240	313	44	350
V138	310	61	277	128	576	247
V139	90	266	9	105	162	144
V140	109	38	497	228	28	97
V141	66	148	67	342	25	90
V142	93	533	72	351	83	281
V143	18	348	352	275	115	188
V144	53	15	93	168	128	57
V145	806	29	203	207	15	463
V146	23	632	39	252	415	275
V147	166	133	96	183	182	129
V148	75	4	29	234	48	41
V149	99	169	359	270	355	132
V150	175	203	449	214	73	201
V151	206	9	120	170	469	144
V152	164	466	154	21	6	266
V153	121	1337	77	0	112	552
V154	143	142	309	743	578	167
V155	252	3	111	50	80	152
V156	25	197	473	189	6	100
V157	316	33	157	275	536	197
V158	128	164	441	672	112	167
V159	53	128	109	810	15	115
V160	64	265	123	49	125	144
V161	418	224	316	59	2	332
V162	141	38	57	66	48	93
V163	183	17	29	87	368	117
V164	14	0	29	749	44	36
V165	395	282	359	497	130	350
V166	54	37	316	5	545	65
V167	463	498	119	442	90	453
V168	113	71	45	135	203	100
V169	49	51	29	72	442	46
V170	134	80	277	426	0	126
V171	27	7	231	30	166	41
V172	175	236	76	91	240	212
V173	153	62	53	62	203	143
V174	640	135	81	50	46	395
V175	194	15	313	54	13	130
V176	395	291	85	211	594	357
V177	875	141	217	147	161	572
V178	36	52	351	219	64	48
V179	122	268	186	42	109	204
V180	6	638	1	84	165	235
V181	330	326	15	32	131	329
V182	47	520	58	31	393	228
V183	215	24	543	113	89	154
V184	213	165	106	25	37	200
V185	465	318	222	129	144	391
V186	3	268	629	227	42	168
V187	72	112	176	141	199	86
V188	776	109	108	74	98	458
V189	90	354	80	523	95	198
V190	181	262	270	65	461	229
V191	48	373	153	79	191	195
V192	390	29	41	38	412	228
V193	32	101	132	22	122	67
V194	111	65	177	134	356	87
V195	178	39	104	25	99	128
V196	453	373	222	40	563	370
V197	312	129	37	518	209	233
V198	302	34	6	110	113	184
V199	85	29	171	329	315	76
V200	249	435	144	42	688	339
V201	9	114	4	156	150	87
V202	222	271	83	199	316	217
V203	170	214	146	387	51	188
V204	348	1	104	120	311	203
V205	410	446	124	354	217	390
V206	113	153	307	242	480	148
V207	3	30	16	190	327	41
V208	163	136	167	171	201	164
V209	82	96	225	18	22	83
V210	482	286	477	271	459	436
V211	47	50	910	5	433	69
V212	201	93	196	32	355	152
V213	178	370	171	321	116	252
V214	624	240	493	63	306	450
V215	163	188	93	90	273	174
V216	55	298	77	51	882	184
V217	446	236	50	39	44	317
V218	167	75	590	185	28	151
V219	443	111	134	723	107	316
V220	37	56	107	82	21	66
V221	286	1	118	301	548	189
V222	454	24	106	40	1019	282
V223	209	4	197	8	352	124
V224	20	158	28	435	305	77
V225	48	145	59	27	193	98
V226	47	151	39	311	125	98
V227	169	12	31	0	125	101
V228	30	354	180	70	70	168
V229	250	125	87	8	253	225
V230	97	315	368	102	438	213
V231	681	611	9	199	254	594
V232	4	410	284	426	22	194
V233	173	116	24	35	137	145
V234	56	1	264	287	34	42
V235	304	174	46	108	395	235
V236	53	63	222	418	135	74
V237	571	137	236	105	60	399
V238	22	63	110	3	208	44
V239	70	29	87	122	70	69
V240	21	303	219	21	696	158
V241	13	266	28	2	96	93
V242	351	269	352	336	168	284
V243	37	53	30	39	537	48
V244	329	71	247	259	376	217
V245	248	314	59	160	68	256
V246	216	259	23	330	142	214
V247	130	158	391	72	25	154
V248	630	15	41	45	49	339
V249	91	14	277	37	13	68
V250	65	265	325	241	420	152
V251	269	201	109	41	176	241
V252	0	126	169	396	319	59
V253	116	94	199	154	159	103
V254	211	327	133	10	58	269
V255	326	85	503	548	44	231
V256	36	32	1	73	15	27
V257	421	592	349	32	7	469
V258	511	123	164	0	38	335
V259	368	191	186	106	222	270
V260	663	93	351	101	151	396
V261	783	305	201	30	41	554
V262	86	386	262	89	599	217
V263	207	355	256	88	836	267
V264	102	202	181	50	296	162
V265	259	48	39	65	278	180
V266	166	22	178	486	294	113
V267	707	57	107	105	0	451
V268	66	479	8	178	117	229
V269	282	160	77	135	190	223
V270	57	239	33	81	189	116
V271	21	10	201	318	160	30
V272	406	374	73	134	57	346
V273	162	6	35	38	996	123
V274	42	583	1018	586	52	285
V275	81	57	114	846	230	101
V276	3	27	81	128	188	20
V277	31	155	91	16	142	91
V278	326	40	20	83	112	195
V279	148	23	255	277	153	92
V280	166	151	263	55	170	153
V281	254	118	75	5	214	210
V282	762	124	11	356	83	489
V283	138	179	36	64	34	173
V284	68	30	556	102	89	75
V285	79	88	168	323	109	99
V286	215	46	14	442	640	158
V287	192	267	230	83	558	224
V288	346	100	222	88	5	264
V289	47	289	94	16	131	175
V290	45	66	32	287	340	68
V291	108	205	98	490	362	144
V292	137	253	98	94	57	189
V293	178	103	174	0	178	122
V294	165	169	186	721	153	176
V295	60	242	96	47	562	139
V296	54	67	533	170	23	95
V297	368	47	10	243	195	271
V298	143	84	153	420	211	124
V299	220	31	3	0	292	137
V300	26	25	140	172	36	54
V301	385	218	395	102	74	306
V302	404	594	279	25	316	441
V303	168	288	67	439	30	217
V304	387	367	948	29	209	405
V305	141	73	95	1006	15	136
V306	355	92	120	99	177	243
V307	24	251	178	249	385	108
V308	94	112	193	21	696	128
V309	484	264	84	155	41	360
V310	91	48	53	254	159	78
V311	218	148	44	379	88	177
V312	240	416	218	240	41	253
V313	37	126	42	94	175	76
V314	191	582	161	129	242	339
V315	519	44	524	52	248	356
V316	212	0	366	367	160	140
V317	49	369	562	1	68	193
V318	141	91	37	11	20	118
V319	181	147	68	49	132	178
V320	64	122	725	195	134	98
V321	565	65	87	242	479	363
V322	44	76	332	146	239	89
V323	214	19	11	12	273	131
V324	112	270	20	293	112	185
V325	165	80	825	14	637	171
V326	164	123	424	103	2	153
V327	260	128	278	79	286	198
V328	284	47	6	21	186	177
V329	42	126	114	180	122	79
V330	15	77	114	431	177	42
V331	26	0	13	20	263	24
V332	179	165	41	333	55	183
V333	310	56	211	131	202	208
V334	193	534	16	33	58	318
V335	100	96	489	48	97	113
V336	8	25	298	127	427	42
V337	71	219	33	60	278	153
V338	33	81	303	140	98	72
V339	175	68	32	39	268	144
V340	7	152	284	192	633	73
V341	110	180	36	263	148	156
V342	75	4	398	97	24	57
V343	75	80	46	152	168	108
V344	568	281	11	15	276	418
V345	175	89	688	84	49	131
V346	183	79	484	40	265	183
V347	24	341	188	22	262	167
V348	540	44	136	45	305	336
V349	193	202	27	280	13	187
V350	281	86	341	128	221	195
V351	173	315	181	171	395	238
V352	376	782	99	458	114	485
V353	255	0	640	4	263	191
V354	14	21	133	161	313	25
V355	10	208	184	385	705	77
V356	43	356	145	526	113	183
V357	47	18	22	195	181	41
V358	80	7	253	110	475	61
V359	26	350	16	259	6	137
V360	206	212	688	149	233	223
V361	102	592	881	391	97	317
V362	165	478	387	327	15	267
V363	29	180	322	479	155	106
V364	775	96	72	19	98	452
V365	277	2	364	318	162	174
V366	8	308	17	74	0	110
V367	29	116	123	82	117	70
V368	45	60	33	172	47	57
V369	116	170	95	165	71	130
V370	27	246	223	664	207	116
V371	257	94	121	160	52	182
V372	313	354	273	42	143	299
V373	58	43	599	81	122	73
V374	43	25	28	49	48	37
V375	112	92	337	13	259	111
V376	183	543	20	42	337	319
V377	728	188	2	63	102	477
V378	409	32	151	56	107	254
V379	34	340	136	403	15	183
V380	113	185	22	63	180	176
V381	229	105	304	142	5	172
V382	950	160	128	140	79	578
V383	179	130	31	181	33	129
V384	386	579	64	398	160	429
V385	434	972	62	333	99	652
V386	96	136	85	451	28	125
V387	138	47	90	176	290	104
V388	95	240	48	147	9	149
V389	85	32	92	50	148	77
V390	226	261	256	259	28	245
V391	34	244	617	1558	608	168
V392	529	66	309	634	333	349
V393	286	541	178	365	47	396
V394	105	636	39	405	269	292
V395	338	73	203	1	153	226
V396	711	220	202	461	60	475
V397	23	88	185	702	267	68
V398	455	153	360	131	458	304
V399	19	51	217	318	131	57
V400	297	347	169	80	379	298
V401	19	136	15	77	173	54
V402	76	259	374	131	68	169
V403	57	231	24	127	177	108
V404	20	160	91	16	161	85
V405	25	427	470	17	126	187
V406	334	283	44	225	272	328
V407	2	484	330	231	96	212
V408	3	91	16	75	266	48
V409	44	297	489	418	28	185
V410	546	146	146	64	161	361
V411	225	195	199	53	181	213
V412	114	361	130	394	208	213
V413	92	37	702	35	72	99
V414	101	21	152	183	192	93
V415	1335	367	368	6	95	847
V416	479	41	235	189	32	271
V417	667	79	310	58	371	374
V418	98	374	528	600	292	232
V419	22	192	17	202	231	95
V420	505	466	545	258	112	457
V421	237	347	91	53	30	248
V422	467	666	101	47	39	533
V423	400	572	165	24	61	425
V424	210	24	84	519	112	147
V425	78	300	194	350	210	161
V426	114	746	212	64	46	353
V427	956	925	15	61	7	851
V428	468	100	530	196	7	339
V429	631	136	79	190	163	373
V430	424	137	123	196	54	279
V431	20	54	196	193	74	49
V432	64	63	333	23	81	74
V433	124	0	99	289	103	86
V434	106	35	166	45	119	70
V435	263	37	189	89	0	172
V436	95	565	333	142	101	292
V437	240	46	372	109	129	167
V438	126	958	190	151	150	441
V439	129	351	46	13	77	190
V440	176	145	323	128	462	179
V441	205	99	1034	193	24	179
V442	384	61	103	502	217	249
V443	220	39	233	188	388	152
V444	181	55	196	86	980	148
V445	378	39	311	447	230	226
V446	87	55	133	95	109	59
V447	4	157	200	333	148	82
V448	2	17	225	112	5	20
V449	9	31	838	23	161	52
V450	95	504	257	242	306	230
V451	13	841	537	62	349	330
V452	472	432	52	195	290	413
V453	80	31	403	33	166	80
V454	149	44	513	340	20	134
V455	175	93	57	10	174	129
V456	129	47	169	123	644	101
V457	1030	243	69	208	10	667
V458	2	8	560	232	134	30
V459	148	50	307	264	310	139
V460	706	497	123	237	434	583
V461	109	186	234	76	86	133
V462	169	827	154	210	272	408
V463	284	910	353	14	40	473
V464	20	158	11	277	131	76
V465	351	244	31	48	151	333
V466	217	142	99	42	498	199
V467	90	242	31	289	99	172
V468	162	231	238	159	49	183
V469	197	219	151	254	587	190
V470	571	202	29	158	59	395
V471	142	32	601	23	163	128
V472	485	99	75	24	257	324
V473	317	134	31	46	56	231
V474	400	212	111	169	51	333
V475	352	596	131	168	346	441
V476	3	124	33	591	123	57
V477	374	168	10	443	110	312
V478	2	317	223	192	524	157
V479	350	2	260	94	85	203
V480	100	90	169	548	65	133
V481	468	45	132	105	778	303
V482	392	166	459	238	95	309
V483	30	213	112	234	288	113
V484	134	85	107	85	419	116
V485	227	18	235	8	54	138
V486	48	59	196	7	212	65
V487	157	233	26	227	98	156
V488	241	11	34	377	759	184
V489	33	13	28	153	702	38
V490	5	561	214	171	445	218
V491	212	362	232	74	45	277
V492	79	110	169	289	34	125
V493	363	208	390	688	264	299
V494	104	39	297	69	602	100
V495	98	13	564	41	83	80
V496	114	1	55	609	203	78
V497	176	642	306	1078	93	371
V498	519	314	104	87	298	448
V499	122	59	285	205	19	99
V500	1072	319	179	178	43	702
