Source001	Source002	Source003	Source004	Source005	Sink
V1	16	382	451	147	179	225
V2	79	100	424	164	97	117
V3	404	71	364	11	73	197
V4	43	448	47	419	207	288
V5	202	19	113	8	53	99
V6	56	319	490	200	207	267
V7	282	14	83	25	67	122
V8	347	311	52	159	470	360
V9	92	396	42	557	198	266
V10	58	3	233	214	126	24
V11	45	160	119	162	102	96
V12	313	732	53	38	7	553
V13	14	227	320	408	227	140
V14	494	175	448	464	133	328
V15	1	364	143	88	174	211
V16	224	111	138	182	77	158
V17	254	435	369	121	110	353
V18	188	121	260	315	365	151
V19	244	4	21	375	19	112
V20	121	92	21	30	49	115
V21	577	151	69	7	29	299
V22	380	701	12	424	127	518
V23	51	55	12	647	104	64
V24	185	98	121	187	126	145
V25	140	95	403	135	408	150
V26	220	127	596	126	542	223
V27	286	864	533	178	373	628
V28	9	325	148	71	38	180
V29	163	124	222	64	74	136
V30	85	178	29	247	582	137
V31	320	57	181	7	107	200
V32	277	90	559	13	419	197
V33	243	52	13	44	190	134
V34	428	1294	112	556	59	840
V35	114	217	335	65	906	185
V36	81	354	80	66	101	221
V37	14	78	66	125	28	54
V38	884	325	199	56	79	551
V39	43	74	106	279	745	107
V40	74	419	343	241	291	260
V41	21	210	4	63	184	132
V42	47	237	120	354	411	182
V43	325	33	406	464	606	180
V44	307	192	47	52	351	274
V45	149	550	112	75	326	367
V46	37	464	39	91	197	300
V47	794	208	169	106	260	406
V48	265	126	28	413	30	179
V49	956	61	104	147	49	389
V50	151	108	317	371	296	146
V51	671	143	41	281	154	313
V52	95	138	145	160	15	113
V53	234	356	199	5	365	305
V54	80	58	59	242	33	60
V55	20	5	436	22	26	19
V56	142	31	101	252	206	97
V57	366	439	26	86	112	372
V58	126	432	266	103	213	310
V59	530	188	172	241	25	294
V60	14	236	102	193	91	165
V61	64	89	250	194	13	74
V62	1031	92	163	91	18	416
V63	308	396	163	318	263	348
V64	0	23	109	89	70	23
V65	92	11	258	213	210	66
V66	162	497	430	513	182	355
V67	274	148	78	51	264	179
V68	103	36	538	88	253	89
V69	64	337	255	705	350	241
V70	584	155	7	640	242	308
V71	168	432	328	138	151	314
V72	166	122	18	63	469	131
V73	16	536	219	575	112	309
V74	478	110	357	116	182	264
V75	85	233	44	82	115	183
V76	269	203	87	522	40	223
V77	315	92	14	247	225	182
V78	236	12	36	377	11	116
V79	98	244	220	134	367	182
V80	185	83	152	375	20	123
V81	26	207	511	13	4	129
V82	37	304	297	526	176	195
V83	463	21	69	5	323	181
V84	211	174	765	2	32	179
V85	211	437	66	200	163	325
V86	37	8	935	241	75	41
V87	104	42	212	364	35	68
V88	30	206	135	142	41	122
V89	250	1	414	568	716	156
V90	67	312	36	155	1	192
V91	104	12	215	124	130	58
V92	70	41	1	17	31	55
V93	1193	376	431	17	159	679
V94	167	17	33	445	53	96
V95	164	306	53	131	135	218
V96	343	157	152	102	26	212
V97	40	312	350	190	84	194
V98	106	370	66	7	3	252
V99	33	106	77	314	237	86
V100	245	25	58	440	259	122
V101	773	123	227	409	168	360
V102	47	8	18	300	395	41
V103	207	181	4	264	21	196
V104	649	24	173	11	196	264
V105	13	88	332	9	946	103
V106	160	221	16	82	194	201
V107	22	344	96	670	12	218
V108	20	26	296	171	35	24
V109	26	43	430	134	1	46
V110	56	85	58	45	103	69
V111	153	238	115	31	550	193
V112	58	9	183	210	96	40
V113	258	899	4	550	238	584
V114	18	55	58	22	93	56
V115	7	109	274	95	144	83
V116	308	81	368	18	364	192
V117	232	39	165	49	360	110
V118	21	130	315	536	743	127
V119	2	295	160	314	69	157
V120	36	310	102	55	260	203
V121	121	347	15	336	74	234
V122	190	316	162	139	601	300
V123	83	282	9	324	29	201
V124	157	148	185	106	113	137
V125	383	167	127	77	274	245
V126	962	46	285	29	70	363
V127	335	101	14	116	260	215
V128	94	184	292	99	86	149
V129	66	141	227	4	139	104
V130	67	35	217	294	126	66
V131	66	159	179	177	79	130
V132	3	2	58	345	473	26
V133	158	383	264	53	613	293
V134	34	6	194	157	50	32
V135	660	7	207	403	241	274
V136	22	168	46	21	146	125
V137	24	94	313	56	11	62
V138	106	142	218	558	222	135
V139	60	399	414	109	70	264
V140	195	59	46	6	223	122
V141	323	608	327	107	213	443
V142	131	113	305	84	129	114
V143	364	380	364	334	326	372
V144	72	33	36	401	116	61
V145	319	92	35	85	202	161
V146	972	226	782	149	71	514
V147	227	16	249	286	4	106
V148	59	122	226	103	51	85
V149	110	304	647	18	233	228
V150	58	9	74	77	120	25
V151	847	189	70	39	650	441
V152	354	130	128	39	124	237
V153	8	484	139	97	311	282
V154	227	13	77	60	137	88
V155	427	57	254	220	46	183
V156	189	117	204	391	191	155
V157	10	273	277	40	680	192
V158	416	60	456	142	3	198
V159	195	37	36	56	168	121
V160	184	339	41	487	1	288
V161	18	158	99	188	80	100
V162	128	366	170	69	298	269
V163	326	157	196	44	63	199
V164	78	181	131	24	165	133
V165	196	176	155	98	36	186
V166	267	389	13	3	45	307
V167	96	210	89	35	770	195
V168	123	60	163	63	94	80
V169	344	120	106	28	610	266
V170	127	458	490	36	975	325
V171	109	389	4	289	314	262
V172	69	227	32	409	199	168
V173	68	147	6	42	243	113
V174	342	101	309	512	79	217
V175	443	2	329	228	19	193
V176	293	513	72	138	216	397
V177	52	767	102	15	108	450
V178	22	80	945	534	74	98
V179	276	242	7	80	171	264
V180	155	30	23	89	326	83
V181	40	119	292	491	333	129
V182	43	25	87	259	119	53
V183	170	210	23	95	325	202
V184	517	65	364	675	796	245
V185	174	8	96	66	9	80
V186	89	475	2	14	132	324
V187	176	41	493	381	25	116
V188	176	588	92	51	78	369
V189	15	9	266	56	1	31
V190	699	183	300	166	243	383
V191	210	96	47	120	13	156
V192	35	128	16	129	3	75
V193	547	51	255	16	644	277
V194	257	103	105	5	286	158
V195	48	3	129	179	73	34
V196	185	285	145	40	84	204
V197	44	395	19	86	125	259
V198	273	365	121	170	867	309
V199	94	78	59	288	200	97
V200	113	129	13	187	1085	182
V201	121	149	41	37	114	138
V202	180	795	58	1	117	470
V203	133	507	209	655	134	340
V204	256	92	407	207	314	193
V205	28	77	58	54	158	75
V206	312	117	78	188	506	200
V207	201	1017	342	647	169	669
V208	635	173	290	85	66	338
V209	622	3	126	67	37	255
V210	30	724	341	141	165	380
V211	26	115	129	444	701	92
V212	89	339	281	44	475	234
V213	59	56	429	570	281	82
V214	130	207	331	147	63	185
V215	84	39	71	74	84	60
V216	21	183	286	75	182	107
V217	34	307	131	334	196	177
V218	130	19	3	513	75	56
V219	222	340	157	102	309	316
V220	325	159	130	333	564	258
V221	87	47	10	203	88	62
V222	163	143	31	77	38	148
V223	19	15	408	242	60	36
V224	312	166	117	390	67	205
V225	188	273	211	214	332	226
V226	73	170	471	153	251	133
V227	23	40	27	352	460	53
V228	83	124	516	46	281	122
V229	138	367	19	51	136	251
V230	583	27	62	434	639	255
V231	446	145	46	815	165	263
V232	46	149	178	363	5	134
V233	9	40	155	53	241	46
V234	368	305	47	140	167	327
V235	341	97	89	227	319	199
V236	49	38	0	112	375	50
V237	261	25	240	106	62	131
V238	141	36	120	300	75	71
V239	76	426	195	68	28	215
V240	106	93	42	254	212	114
V241	240	214	85	22	126	206
V242	71	375	22	119	449	247
V243	335	136	369	96	13	217
V244	313	89	51	39	348	186
V245	230	192	155	237	305	205
V246	228	91	146	281	340	170
V247	416	87	55	345	64	203
V248	35	126	185	155	36	72
V249	92	53	120	497	391	106
V250	237	882	200	822	323	600
V251	58	45	118	245	203	74
V252	281	48	55	82	240	148
V253	65	154	135	27	461	122
V254	83	493	24	215	203	318
V255	224	93	690	140	289	174
V256	14	48	65	111	16	44
V257	633	147	533	23	143	335
V258	35	370	36	205	502	243
V259	18	370	39	171	294	249
V260	80	171	25	445	122	140
V261	58	233	90	734	129	187
V262	65	72	32	246	56	71
V263	213	63	382	157	71	138
V264	234	1356	63	273	118	829
V265	231	232	201	61	323	198
V266	739	425	166	95	227	512
V267	4	64	621	61	238	64
V268	318	41	190	275	14	146
V269	95	249	77	445	521	167
V270	3	559	309	356	665	330
V271	43	47	80	310	61	39
V272	23	128	531	23	80	84
V273	226	18	51	15	26	112
V274	27	39	531	636	563	90
V275	381	293	5	427	191	309
V276	70	231	669	192	56	155
V277	8	100	86	291	40	62
V278	150	192	41	179	244	168
V279	141	19	125	389	188	77
V280	227	3	46	52	4	88
V281	168	59	100	312	15	125
V282	504	632	79	151	144	538
V283	518	236	66	95	176	361
V284	125	276	277	352	65	233
V285	25	23	83	27	287	29
V286	421	57	109	500	168	198
V287	658	143	98	257	53	332
V288	40	193	327	20	9	143
V289	10	254	25	13	69	145
V290	118	225	41	40	64	158
V291	19	54	82	248	623	87
V292	99	389	359	83	555	307
V293	376	18	282	15	1	158
V294	42	132	24	548	304	111
V295	75	88	190	199	40	85
V296	281	383	218	13	129	304
V297	214	53	86	93	93	122
V298	59	149	96	369	34	100
V299	203	31	108	7	106	97
V300	308	198	51	2	25	213
V301	8	75	10	164	347	73
V302	7	364	269	15	95	187
V303	180	2	264	5	82	86
V304	121	75	496	85	19	99
V305	737	262	334	6	327	423
V306	277	81	44	38	151	185
V307	430	49	53	712	3	191
V308	118	410	618	102	16	287
V309	69	3	116	346	67	44
V310	217	114	565	105	201	169
V311	103	195	95	49	42	170
V312	636	346	124	66	766	463
V313	100	612	86	57	116	415
V314	193	94	958	28	176	153
V315	36	267	15	99	132	153
V316	72	47	107	117	188	68
V317	226	208	460	466	30	237
V318	35	241	5	213	29	128
V319	27	20	245	141	376	36
V320	49	81	117	39	561	91
V321	74	118	59	183	207	106
V322	67	1016	27	139	138	553
V323	6	102	13	191	315	84
V324	14	84	420	21	696	84
V325	173	123	4	78	105	134
V326	15	102	86	124	121	92
V327	473	154	64	592	262	244
V328	53	304	86	2	57	204
V329	0	27	188	23	360	55
V330	113	84	24	2	77	96
V331	703	85	68	490	14	350
V332	904	413	152	322	55	582
V333	215	599	264	750	270	455
V334	192	51	467	220	345	109
V335	96	115	305	194	482	137
V336	457	110	195	477	333	249
V337	212	270	414	190	375	261
V338	106	176	93	68	383	163
V339	285	105	551	53	420	187
V340	46	1	252	347	177	32
V341	157	437	139	36	411	305
V342	91	722	246	335	224	439
V343	353	419	35	116	43	344
V344	40	177	132	75	180	120
V345	47	467	238	79	416	256
V346	119	247	109	329	453	208
V347	277	45	43	588	239	150
V348	361	122	479	113	116	244
V349	81	77	266	173	631	110
V350	161	1053	273	35	393	634
V351	456	404	134	120	220	403
V352	97	88	212	81	306	108
V353	212	215	548	759	13	242
V354	535	23	268	254	69	206
V355	278	45	342	284	239	122
V356	0	15	123	477	126	29
V357	255	51	39	176	15	117
V358	10	0	769	79	123	34
V359	104	776	241	227	228	461
V360	410	28	259	374	16	217
V361	136	102	53	293	114	134
V362	351	79	232	757	806	224
V363	87	251	731	79	258	200
V364	117	35	409	47	13	75
V365	233	321	6	38	251	279
V366	309	262	197	39	223	285
V367	61	193	294	135	195	128
V368	41	15	291	200	11	38
V369	83	204	43	224	28	140
V370	155	442	161	273	184	321
V371	80	215	993	494	93	195
V372	471	58	66	164	1	218
V373	81	645	143	295	830	385
V374	39	24	676	38	86	54
V375	132	60	631	15	111	97
V376	523	35	66	217	14	224
V377	31	38	67	4	213	44
V378	137	300	538	63	56	241
V379	111	74	132	514	670	105
V380	191	200	321	145	154	188
V381	431	340	136	79	44	358
V382	39	92	137	49	100	90
V383	234	2	304	217	30	97
V384	36	145	472	75	67	92
V385	153	107	43	191	165	141
V386	107	51	380	469	292	95
V387	102	193	366	308	119	139
V388	252	190	578	751	18	225
V389	7	349	217	274	2	186
V390	35	206	314	0	144	145
V391	380	584	63	250	5	457
V392	13	87	31	22	116	70
V393	5	142	193	395	259	111
V394	193	76	22	439	8	122
V395	126	306	68	117	31	224
V396	106	27	309	10	97	74
V397	627	15	13	46	44	236
V398	2	173	270	136	344	115
V399	35	16	412	10	189	34
V400	346	183	87	110	102	244
V401	272	289	849	17	104	286
V402	57	207	143	159	236	163
V403	258	167	49	465	122	209
V404	90	26	21	41	15	56
V405	256	178	105	24	181	200
V406	310	182	62	341	2	239
V407	367	1046	89	41	313	679
V408	50	50	30	78	54	61
V409	207	105	125	679	435	171
V410	611	142	28	117	179	320
V411	553	102	568	271	86	273
V412	431	18	147	5	595	172
V413	144	140	65	183	59	151
V414	151	146	883	119	19	171
V415	60	280	20	24	1	212
V416	223	53	239	3	220	132
V417	53	92	461	187	85	106
V418	503	69	33	312	237	245
V419	114	170	177	187	89	165
V420	803	959	7	56	138	810
V421	93	97	54	312	9	98
V422	63	65	13	118	112	80
V423	5	110	382	453	43	72
V424	28	468	71	185	103	252
V425	852	74	169	41	546	420
V426	125	399	279	238	190	251
V427	296	51	573	17	14	147
V428	100	88	139	108	252	105
V429	481	228	104	128	115	298
V430	820	111	3	230	306	378
V431	219	161	116	27	232	173
V432	860	631	84	79	254	685
V433	316	121	307	77	77	209
V434	71	253	271	149	663	222
V435	454	257	58	204	42	339
V436	7	55	271	370	100	64
V437	66	34	117	331	106	63
V438	173	71	172	1107	341	169
V439	133	107	158	3	86	141
V440	126	32	14	165	60	71
V441	173	6	49	242	877	132
V442	428	3	237	229	175	179
V443	69	260	406	4	82	178
V444	181	72	333	142	115	118
V445	67	36	70	259	52	59
V446	71	12	54	176	117	38
V447	479	147	146	183	302	278
V448	69	39	18	0	316	70
V449	24	225	581	400	246	150
V450	86	47	24	214	54	63
V451	42	140	63	21	136	90
V452	283	50	66	34	101	170
V453	259	47	508	93	161	154
V454	174	17	50	550	104	77
V455	530	130	329	164	92	288
V456	396	108	170	262	96	243
V457	99	218	170	53	297	169
V458	190	49	229	91	35	107
V459	193	122	62	64	438	155
V460	109	66	506	445	630	132
V461	372	85	874	87	331	209
V462	150	181	26	14	44	148
V463	45	318	547	57	282	235
V464	276	661	24	272	73	470
V465	92	176	404	177	101	170
V466	48	42	72	356	283	52
V467	59	264	214	297	453	202
V468	9	427	214	54	50	263
V469	118	61	97	180	124	123
V470	179	37	290	298	430	112
V471	139	275	381	69	42	219
V472	187	500	744	87	512	365
V473	26	225	15	630	136	155
V474	93	343	16	217	147	258
V475	21	257	90	214	88	167
V476	317	212	53	60	341	249
V477	253	62	356	86	72	128
V478	49	416	110	22	5	253
V479	248	525	682	247	71	402
V480	23	6	491	389	52	52
V481	374	623	37	264	181	508
V482	25	71	126	56	305	77
V483	244	17	371	66	113	125
V484	1	519	241	647	38	314
V485	72	510	189	38	125	284
V486	226	220	266	724	218	248
V487	754	222	10	193	100	376
V488	8	304	36	5	66	137
V489	51	708	163	92	186	411
V490	701	20	81	43	291	273
V491	101	538	31	39	33	296
V492	165	405	11	369	47	282
V493	63	235	280	63	496	161
V494	281	129	295	404	11	177
V495	181	263	131	29	133	218
V496	1	17	331	728	163	38
V497	17	141	110	32	412	105
V498	101	90	315	74	123	96
V499	237	1	338	641	66	118
V500	107	13	314	112	96	79
