Source001	Source002	Source003	Source004	Source005	Sink
V1	23	256	121	34	349	88
V2	254	62	301	24	564	210
V3	101	328	21	54	357	152
V4	280	1224	47	327	39	508
V5	55	182	160	130	8	100
V6	400	61	417	181	478	285
V7	213	258	343	104	337	256
V8	5	324	93	205	131	97
V9	123	186	54	133	113	136
V10	432	541	49	8	270	457
V11	72	99	97	35	140	80
V12	325	309	25	152	240	295
V13	286	418	31	198	55	318
V14	335	24	35	494	18	237
V15	103	236	445	133	365	159
V16	56	47	103	398	46	66
V17	4	119	13	38	253	35
V18	69	247	23	8	7	104
V19	371	92	277	31	413	285
V20	163	75	37	249	209	129
V21	935	31	203	16	119	642
V22	299	437	4	133	25	292
V23	103	31	612	211	16	114
V24	147	59	222	836	132	155
V25	93	293	130	33	302	158
V26	541	414	33	208	54	492
V27	196	79	866	121	173	198
V28	202	160	200	236	332	190
V29	565	20	444	43	14	443
V30	221	230	241	29	306	216
V31	188	91	208	188	341	163
V32	705	75	14	283	376	511
V33	55	575	186	283	406	220
V34	398	159	433	634	145	345
V35	10	7	172	74	398	22
V36	63	123	201	109	418	98
V37	18	54	61	127	40	34
V38	264	128	90	689	592	227
V39	271	219	824	138	157	269
V40	111	115	104	34	123	130
V41	94	0	104	150	115	86
V42	284	73	73	136	71	214
V43	128	330	59	36	22	188
V44	48	174	66	60	464	74
V45	129	47	46	195	295	123
V46	195	170	452	114	103	193
V47	450	427	202	6	126	420
V48	30	71	112	274	469	69
V49	149	131	188	332	186	138
V50	21	860	481	84	68	258
V51	148	139	486	189	149	166
V52	124	43	164	283	304	124
V53	62	128	16	182	113	83
V54	73	287	0	54	790	118
V55	572	87	73	3	516	388
V56	251	264	29	34	587	244
V57	169	268	385	63	215	178
V58	431	320	16	235	89	405
V59	31	71	10	291	56	45
V60	777	37	134	46	442	525
V61	69	16	67	114	64	65
V62	28	417	100	383	11	115
V63	215	77	202	280	110	187
V64	215	107	113	58	3	179
V65	16	4	101	434	177	30
V66	86	17	389	45	29	92
V67	508	173	90	10	88	370
V68	45	105	34	171	75	60
V69	335	58	379	22	232	247
V70	132	38	405	514	216	139
V71	45	39	74	406	502	66
V72	39	211	141	507	144	103
V73	67	336	85	70	212	118
V74	165	119	355	74	215	166
V75	657	7	683	259	130	534
V76	531	428	118	71	393	468
V77	138	226	390	131	66	200
V78	406	163	364	290	427	349
V79	63	266	185	385	61	153
V80	450	67	174	640	5	346
V81	96	53	98	12	116	80
V82	613	49	53	192	51	419
V83	175	59	299	99	20	145
V84	84	253	202	0	212	135
V85	14	171	320	56	645	80
V86	132	97	420	31	107	128
V87	59	143	447	77	149	101
V88	6	272	82	299	370	93
V89	435	67	83	283	6	317
V90	140	414	32	119	136	197
V91	552	602	202	85	37	484
V92	66	590	70	61	167	194
V93	12	0	136	605	78	32
V94	345	348	400	136	297	320
V95	168	69	79	63	23	139
V96	180	429	49	408	345	240
V97	128	395	192	195	454	198
V98	154	129	60	679	581	164
V99	5	651	38	41	109	182
V100	12	921	1	43	58	250
V101	490	179	9	150	54	366
V102	291	61	12	129	101	228
V103	133	215	98	25	99	158
V104	593	48	100	156	418	433
V105	109	290	78	46	28	148
V106	265	323	390	87	81	267
V107	279	80	412	358	772	233
V108	140	253	67	83	64	145
V109	103	32	185	73	17	101
V110	199	1	199	81	454	113
V111	44	140	120	43	570	80
V112	193	115	345	245	223	193
V113	73	58	122	728	71	87
V114	143	178	96	363	120	186
V115	369	181	11	96	11	277
V116	22	27	8	3	338	37
V117	145	32	87	54	263	104
V118	278	64	160	18	1110	225
V119	247	59	66	450	65	211
V120	343	219	458	26	17	298
V121	56	68	294	1	47	64
V122	274	183	90	189	16	226
V123	145	55	243	90	8	142
V124	40	257	225	19	347	108
V125	37	105	528	100	137	85
V126	148	393	423	120	281	211
V127	150	76	136	195	12	139
V128	23	200	75	66	46	93
V129	409	218	33	56	254	324
V130	1	698	6	143	194	146
V131	157	46	47	244	8	139
V132	143	14	344	76	172	132
V133	31	51	68	141	371	43
V134	194	49	76	78	249	170
V135	145	276	14	2	193	178
V136	11	163	169	104	82	64
V137	83	388	1109	407	115	224
V138	272	227	169	536	23	263
V139	146	378	581	15	13	232
V140	245	98	132	25	296	210
V141	174	25	50	101	97	119
V142	25	11	122	37	56	26
V143	21	336	554	186	48	124
V144	213	535	84	58	256	263
V145	55	593	416	193	486	229
V146	14	40	372	42	68	46
V147	28	355	8	421	178	114
V148	144	403	298	449	65	231
V149	154	153	102	151	8	122
V150	304	58	166	62	184	236
V151	187	158	70	107	30	171
V152	190	167	247	392	8	155
V153	97	297	128	799	22	162
V154	17	145	222	21	107	57
V155	995	125	250	156	76	748
V156	210	480	17	6	169	279
V157	86	92	260	470	118	106
V158	1711	124	186	313	38	1115
V159	97	162	72	503	7	109
V160	392	66	251	281	105	288
V161	53	466	148	20	172	147
V162	84	44	83	46	85	80
V163	108	552	96	162	140	238
V164	640	9	74	10	60	411
V165	82	56	129	45	116	72
V166	388	6	106	230	7	293
V167	41	100	170	316	194	64
V168	212	115	186	127	83	188
V169	120	34	148	158	154	82
V170	1115	147	203	14	80	744
V171	52	56	198	43	52	47
V172	43	38	31	164	115	46
V173	103	310	47	22	101	138
V174	150	112	12	247	141	134
V175	36	699	681	105	232	217
V176	61	1	29	158	159	48
V177	848	211	18	321	605	670
V178	265	27	47	42	123	173
V179	10	480	278	108	291	149
V180	659	169	82	386	312	517
V181	182	81	468	92	467	173
V182	99	106	323	385	51	145
V183	91	327	150	26	205	137
V184	312	2	673	35	365	269
V185	28	180	42	322	268	82
V186	49	108	515	66	377	92
V187	21	341	90	142	77	100
V188	43	161	158	457	95	104
V189	204	9	276	81	330	147
V190	269	315	135	106	397	226
V191	35	171	86	136	15	79
V192	82	237	179	211	534	122
V193	47	14	367	84	22	60
V194	287	184	78	547	60	263
V195	431	80	43	212	1	277
V196	37	20	156	53	4	39
V197	119	15	3	238	259	104
V198	26	33	508	12	41	53
V199	985	336	45	248	428	769
V200	49	79	24	137	18	46
V201	99	111	100	13	188	108
V202	2	311	33	750	124	93
V203	25	297	413	3	98	132
V204	144	96	45	118	52	129
V205	190	51	522	125	52	172
V206	8	550	480	653	209	172
V207	41	50	268	23	51	57
V208	10	110	71	225	260	50
V209	192	330	156	193	67	209
V210	413	103	29	138	63	309
V211	267	198	189	2	146	205
V212	111	257	13	252	546	158
V213	145	351	44	88	24	188
V214	435	296	753	46	12	368
V215	291	399	95	195	13	284
V216	120	39	828	15	310	135
V217	866	4	18	550	60	604
V218	371	144	800	338	169	318
V219	32	528	132	227	91	169
V220	8	50	466	113	50	47
V221	272	229	65	414	11	270
V222	50	70	11	625	106	83
V223	58	251	74	101	34	106
V224	61	500	594	14	381	201
V225	406	202	542	223	446	351
V226	40	9	134	119	359	48
V227	29	201	149	211	48	82
V228	151	378	33	168	20	216
V229	117	5	269	222	116	110
V230	576	411	124	31	94	467
V231	150	256	170	8	108	181
V232	268	477	96	34	481	291
V233	144	248	256	1	1	186
V234	73	248	407	1047	119	163
V235	748	148	159	224	322	535
V236	143	90	26	182	67	134
V237	69	338	11	238	111	142
V238	10	22	41	153	66	21
V239	29	0	61	9	520	40
V240	190	44	111	55	95	138
V241	1083	64	334	203	219	785
V242	179	186	209	206	104	192
V243	236	35	42	38	114	158
V244	184	177	56	5	121	161
V245	24	126	846	78	10	97
V246	33	428	81	666	554	137
V247	116	191	46	388	158	138
V248	46	60	13	127	193	63
V249	323	108	77	180	221	241
V250	45	307	3	44	698	125
V251	171	185	539	224	637	205
V252	262	49	15	136	657	171
V253	165	171	124	27	76	151
V254	460	148	237	461	327	366
V255	230	15	210	72	173	188
V256	221	414	162	68	34	248
V257	94	15	429	49	26	88
V258	194	427	61	143	237	228
V259	160	142	37	24	366	157
V260	28	63	115	146	160	51
V261	7	32	210	147	11	34
V262	253	78	11	5	106	171
V263	191	82	328	8	19	146
V264	190	23	254	293	141	158
V265	329	16	61	508	365	251
V266	172	362	284	275	88	255
V267	52	2	471	418	257	80
V268	179	481	1574	120	279	343
V269	403	226	60	148	195	351
V270	204	140	53	214	222	172
V271	27	86	55	94	39	49
V272	227	228	216	68	158	236
V273	57	153	40	250	139	97
V274	42	348	213	76	112	155
V275	433	376	115	172	89	371
V276	331	38	210	467	93	265
V277	17	127	120	30	233	61
V278	193	185	450	176	95	200
V279	88	63	9	679	19	91
V280	423	108	34	1033	35	339
V281	47	872	301	109	172	268
V282	111	199	55	21	160	127
V283	1	534	155	433	126	149
V284	91	144	342	96	51	128
V285	259	121	770	37	37	250
V286	56	159	75	130	111	80
V287	82	345	674	150	478	181
V288	132	154	248	79	136	158
V289	68	49	87	196	438	84
V290	46	208	196	120	271	106
V291	215	213	261	287	86	218
V292	329	226	341	84	102	312
V293	97	257	77	42	25	139
V294	214	9	135	126	107	166
V295	4	55	8	84	395	26
V296	234	10	347	76	47	162
V297	154	396	53	128	309	193
V298	321	97	49	238	59	244
V299	521	18	240	471	175	358
V300	31	587	174	25	53	156
V301	309	195	0	374	83	269
V302	45	115	4	175	68	61
V303	60	165	93	644	72	107
V304	56	439	86	179	2	156
V305	179	52	286	461	747	165
V306	58	194	21	367	548	117
V307	58	808	200	262	245	246
V308	253	20	194	281	19	172
V309	313	136	134	257	117	262
V310	81	20	109	128	191	61
V311	647	160	232	85	191	494
V312	39	249	213	989	91	121
V313	93	242	523	49	119	168
V314	18	431	337	171	326	150
V315	95	229	25	1126	108	152
V316	996	401	506	112	280	793
V317	2	1	206	44	296	16
V318	78	356	530	157	786	178
V319	384	239	55	145	28	345
V320	323	116	59	215	91	238
V321	332	794	117	58	285	453
V322	6	13	97	362	240	27
V323	18	250	83	12	157	83
V324	385	112	211	461	174	306
V325	129	231	139	39	82	144
V326	175	155	164	311	113	181
V327	256	98	123	91	176	198
V328	316	39	448	50	204	240
V329	211	16	3	146	41	151
V330	34	114	81	132	63	59
V331	136	200	316	531	31	166
V332	426	41	31	109	313	304
V333	103	164	65	27	172	111
V334	327	210	33	8	205	272
V335	373	12	515	137	66	292
V336	664	10	651	34	412	509
V337	139	450	112	27	76	193
V338	82	85	432	1	40	107
V339	1	291	117	203	591	89
V340	28	324	542	100	375	136
V341	40	56	69	187	1339	58
V342	45	24	48	336	354	53
V343	204	173	125	871	239	197
V344	63	172	41	126	162	112
V345	209	854	609	176	185	425
V346	256	57	16	612	112	204
V347	55	159	44	32	95	95
V348	399	81	81	70	1	272
V349	798	233	178	111	84	610
V350	313	98	124	354	64	267
V351	1	52	384	11	91	30
V352	88	36	247	93	261	119
V353	192	202	103	91	145	170
V354	25	152	124	10	151	65
V355	131	177	282	751	626	160
V356	0	226	38	451	408	62
V357	27	794	31	23	340	228
V358	112	507	353	140	27	244
V359	323	397	20	328	106	302
V360	165	324	587	308	732	256
V361	139	171	397	201	583	174
V362	359	30	32	28	682	255
V363	17	197	58	6	116	73
V364	107	51	462	36	216	90
V365	663	174	248	42	56	504
V366	279	460	247	264	104	350
V367	1218	170	76	46	357	814
V368	28	118	1	252	165	59
V369	12	692	948	140	133	244
V370	48	428	428	472	39	150
V371	189	46	38	38	485	154
V372	456	391	68	148	16	429
V373	58	81	265	159	926	98
V374	212	109	1	144	321	163
V375	244	170	181	313	516	231
V376	645	358	446	294	764	545
V377	180	93	383	287	225	189
V378	13	29	3	569	43	33
V379	289	47	906	392	164	239
V380	254	366	402	34	293	286
V381	104	165	651	586	179	176
V382	171	108	259	12	77	134
V383	190	187	110	5	38	186
V384	20	254	297	324	438	105
V385	3	11	353	30	56	27
V386	205	71	169	657	404	176
V387	143	152	159	123	119	109
V388	185	42	309	11	182	160
V389	170	704	27	35	81	272
V390	311	44	47	176	83	199
V391	11	15	403	472	387	57
V392	29	181	219	31	136	80
V393	491	301	223	459	3	469
V394	21	71	31	122	234	41
V395	778	226	220	13	111	553
V396	48	97	89	264	35	65
V397	136	258	224	21	11	187
V398	243	28	159	237	182	182
V399	83	362	115	722	562	178
V400	226	358	44	56	125	222
V401	21	34	211	248	599	53
V402	35	94	628	311	226	91
V403	20	156	342	42	696	76
V404	547	60	457	410	77	413
V405	61	267	366	63	120	133
V406	303	36	2	436	30	210
V407	498	63	71	70	404	370
V408	4	13	313	257	907	51
V409	781	149	57	321	154	562
V410	432	46	147	248	3	300
V411	90	103	2	85	51	83
V412	121	123	70	505	158	127
V413	280	119	19	202	566	238
V414	188	116	300	48	216	184
V415	43	169	381	137	66	100
V416	128	51	97	82	101	103
V417	118	48	270	8	2	98
V418	186	28	7	34	111	107
V419	189	292	37	384	309	207
V420	46	177	477	96	3	111
V421	62	107	430	44	154	94
V422	357	592	113	318	167	395
V423	140	139	157	559	201	165
V424	125	274	133	136	285	156
V425	343	125	292	269	248	302
V426	282	334	649	0	95	298
V427	96	155	46	75	271	109
V428	16	17	14	43	55	21
V429	373	394	5	412	10	338
V430	31	111	28	302	106	75
V431	71	122	504	1047	264	136
V432	77	131	81	35	478	87
V433	386	473	121	55	191	357
V434	401	873	31	122	264	493
V435	272	274	105	75	595	262
V436	425	234	167	49	359	380
V437	102	1512	174	62	217	445
V438	115	132	50	63	243	135
V439	150	585	42	279	478	242
V440	64	349	326	269	124	141
V441	71	142	27	386	65	100
V442	23	279	640	367	477	126
V443	172	55	468	97	104	160
V444	15	326	299	22	125	103
V445	59	26	401	95	118	75
V446	307	864	49	97	255	419
V447	898	296	268	419	41	649
V448	99	268	602	126	259	178
V449	201	50	159	384	323	155
V450	43	775	105	126	268	236
V451	112	189	123	72	97	135
V452	287	23	21	82	468	199
V453	71	700	35	578	230	278
V454	145	454	361	26	617	250
V455	189	244	85	120	90	185
V456	180	165	61	146	173	182
V457	451	13	54	102	10	330
V458	120	184	9	14	21	117
V459	595	65	45	31	211	416
V460	188	106	62	564	60	173
V461	99	6	114	314	312	87
V462	135	216	75	1010	22	149
V463	515	0	47	368	138	381
V464	4	752	174	448	376	244
V465	63	53	556	486	57	96
V466	52	742	0	185	68	222
V467	421	5	276	365	6	335
V468	162	234	121	1173	346	218
V469	71	173	463	87	606	135
V470	5	176	226	460	86	74
V471	130	6	992	64	194	148
V472	263	282	224	152	167	256
V473	105	62	350	19	329	112
V474	83	103	286	242	91	114
V475	233	61	100	11	20	157
V476	276	155	251	183	280	214
V477	58	225	316	18	189	108
V478	106	86	239	156	146	99
V479	34	22	21	70	184	59
V480	193	281	83	512	64	220
V481	375	306	59	99	263	301
V482	121	340	4	358	136	173
V483	60	32	170	40	100	66
V484	661	128	166	32	1	484
V485	153	331	18	338	554	201
V486	115	91	107	89	112	112
V487	66	106	159	5	22	77
V488	202	115	40	178	450	153
V489	407	419	30	1041	613	421
V490	271	353	8	119	119	259
V491	235	94	346	0	83	181
V492	37	114	239	72	95	58
V493	193	39	82	260	87	157
V494	440	96	456	47	80	340
V495	36	155	58	27	219	80
V496	240	94	159	133	80	198
V497	38	36	162	27	83	47
V498	38	201	131	832	166	86
V499	138	91	168	209	116	146
V500	67	219	112	207	204	119
