Source001	Source002	Source003	Source004	Source005	Sink
V1	236	59	4	44	603	169
V2	242	131	6	504	57	182
V3	95	309	92	21	272	243
V4	32	142	730	103	768	171
V5	144	50	13	419	68	86
V6	278	129	43	17	495	197
V7	239	66	316	226	115	107
V8	196	31	110	59	282	106
V9	98	26	279	514	175	67
V10	422	355	12	136	139	367
V11	228	106	611	89	14	140
V12	25	16	35	42	16	20
V13	386	154	390	171	370	268
V14	172	555	35	949	73	426
V15	28	116	395	354	490	123
V16	22	34	118	36	616	71
V17	101	606	60	303	211	437
V18	314	275	24	92	62	252
V19	38	40	694	71	353	68
V20	359	193	44	130	176	234
V21	268	148	162	29	11	168
V22	114	131	85	75	208	137
V23	52	40	190	381	294	69
V24	134	22	124	50	182	64
V25	266	44	395	144	217	136
V26	210	55	404	61	66	102
V27	126	27	15	0	240	81
V28	145	458	26	90	235	301
V29	137	116	295	36	26	123
V30	1	53	239	256	529	78
V31	19	105	28	592	58	92
V32	13	120	325	87	59	78
V33	55	188	33	0	545	162
V34	0	159	467	315	64	114
V35	289	134	222	177	102	204
V36	281	57	317	85	50	129
V37	347	122	263	31	3	188
V38	49	263	555	407	139	205
V39	265	284	48	96	337	254
V40	16	195	181	364	158	134
V41	379	399	19	146	106	366
V42	273	22	153	60	52	97
V43	263	320	72	892	6	289
V44	103	74	606	422	80	97
V45	532	69	214	88	42	223
V46	39	156	309	375	103	117
V47	304	387	63	778	5	354
V48	79	156	22	9	239	120
V49	220	251	231	172	125	226
V50	233	21	41	82	90	86
V51	107	113	51	173	137	112
V52	122	75	204	336	44	101
V53	176	507	250	43	87	380
V54	327	560	380	22	95	415
V55	190	67	281	253	78	110
V56	187	515	73	184	203	404
V57	730	360	61	294	288	438
V58	55	88	147	394	65	102
V59	5	95	289	32	4	82
V60	17	173	155	52	114	125
V61	594	116	230	66	27	270
V62	93	94	285	181	150	121
V63	787	114	48	226	265	298
V64	142	249	70	25	362	216
V65	370	467	1278	152	45	415
V66	335	49	273	176	80	165
V67	94	407	144	536	27	283
V68	113	19	51	171	10	56
V69	248	83	303	165	190	141
V70	88	53	109	602	87	71
V71	156	162	83	119	961	211
V72	321	105	71	290	19	173
V73	90	262	18	52	550	215
V74	65	5	179	295	73	31
V75	2	60	169	83	490	78
V76	137	108	5	157	37	106
V77	22	375	145	2	144	238
V78	34	68	55	76	47	60
V79	132	64	108	327	135	79
V80	10	260	21	35	194	137
V81	156	266	176	61	418	234
V82	518	253	400	81	262	347
V83	5	257	123	314	18	174
V84	212	222	17	62	79	193
V85	94	0	525	219	184	79
V86	154	305	156	170	128	244
V87	53	165	72	647	491	153
V88	156	1279	21	149	132	828
V89	92	119	508	368	88	109
V90	667	161	5	21	41	311
V91	21	95	134	46	76	82
V92	180	609	575	3	15	471
V93	294	469	124	260	355	398
V94	55	264	183	536	53	198
V95	197	194	53	22	74	172
V96	11	68	340	117	139	57
V97	316	144	198	403	12	182
V98	209	157	314	106	219	206
V99	116	124	106	49	20	96
V100	272	9	617	215	30	132
V101	29	236	175	135	69	174
V102	158	268	15	147	50	216
V103	477	584	198	278	29	516
V104	363	914	391	495	542	717
V105	138	56	93	43	325	95
V106	423	216	450	53	488	302
V107	146	90	138	239	26	107
V108	198	41	533	5	449	120
V109	146	132	58	530	9	137
V110	44	202	176	46	125	154
V111	139	275	56	331	32	203
V112	110	170	171	60	472	167
V113	136	297	870	52	37	224
V114	154	4	687	10	316	83
V115	208	9	215	531	191	99
V116	16	1128	122	536	39	665
V117	351	246	175	58	204	250
V118	430	58	135	102	53	173
V119	9	440	308	247	408	299
V120	143	20	399	120	84	68
V121	67	713	240	441	249	481
V122	84	17	72	165	155	47
V123	259	71	583	7	118	138
V124	102	18	35	23	65	43
V125	215	19	56	37	72	74
V126	25	77	217	78	131	50
V127	1	44	159	219	297	49
V128	71	121	101	179	52	110
V129	238	206	232	57	67	203
V130	112	309	151	23	0	210
V131	233	3	109	150	141	71
V132	131	205	54	129	557	193
V133	87	323	36	71	684	267
V134	251	23	203	55	140	101
V135	13	148	21	30	139	102
V136	275	119	58	370	17	158
V137	107	337	52	76	30	249
V138	214	41	32	3	149	115
V139	119	132	17	32	69	133
V140	271	146	19	218	66	185
V141	152	149	405	66	68	139
V142	43	97	147	75	449	94
V143	229	52	669	294	90	119
V144	127	84	32	343	257	105
V145	240	380	77	50	205	303
V146	330	90	171	222	710	188
V147	185	160	282	51	638	181
V148	396	28	93	719	40	177
V149	197	1089	502	266	98	749
V150	309	543	453	196	410	458
V151	82	2	38	1	171	39
V152	27	24	212	84	81	36
V153	365	633	41	66	227	528
V154	306	88	4	12	37	152
V155	34	52	609	1378	55	68
V156	75	45	144	835	470	83
V157	0	109	278	357	512	100
V158	55	72	8	25	62	50
V159	11	95	46	97	68	57
V160	301	23	33	45	121	114
V161	90	544	112	63	142	377
V162	310	287	668	15	246	276
V163	386	53	114	45	135	169
V164	78	402	411	436	35	268
V165	191	324	521	39	240	298
V166	179	6	1269	347	579	116
V167	36	894	188	125	190	545
V168	980	147	0	109	249	388
V169	346	436	538	34	129	396
V170	175	68	202	192	147	117
V171	87	299	180	230	9	226
V172	98	305	78	1122	3	222
V173	394	31	17	57	134	153
V174	18	130	31	79	131	89
V175	1	2	111	126	410	35
V176	41	483	1043	177	324	338
V177	220	357	53	136	69	287
V178	35	31	38	62	55	26
V179	32	539	116	117	231	376
V180	161	227	58	9	34	183
V181	37	37	277	170	455	87
V182	260	153	142	212	71	180
V183	79	255	469	783	16	202
V184	621	395	109	77	312	393
V185	731	24	492	10	155	278
V186	156	322	352	67	40	264
V187	166	142	205	79	337	158
V188	253	13	244	24	704	135
V189	54	281	329	95	12	190
V190	62	155	447	34	378	157
V191	93	101	55	388	163	120
V192	111	152	24	147	503	161
V193	50	31	157	456	39	49
V194	456	521	201	67	815	502
V195	81	69	126	76	72	72
V196	333	175	478	44	620	243
V197	249	75	217	53	35	122
V198	374	187	280	296	106	251
V199	194	148	97	31	19	134
V200	91	120	17	31	40	108
V201	207	739	365	54	37	526
V202	245	1	1	51	501	100
V203	100	198	70	118	138	149
V204	5	174	22	91	37	104
V205	296	128	261	423	75	189
V206	178	37	30	9	1166	143
V207	223	91	6	209	21	131
V208	227	94	136	16	240	143
V209	423	137	213	25	224	223
V210	249	54	203	70	54	107
V211	15	81	41	279	366	101
V212	608	113	168	89	122	279
V213	1	43	156	210	59	37
V214	76	328	47	68	167	237
V215	2	197	284	2	123	123
V216	64	7	421	179	44	34
V217	340	72	2	151	143	172
V218	29	420	54	30	124	248
V219	416	54	110	218	26	158
V220	699	64	49	48	329	291
V221	724	249	35	352	159	401
V222	397	109	111	292	707	224
V223	118	432	1	83	338	309
V224	192	431	53	122	312	340
V225	582	101	208	193	303	249
V226	29	333	32	377	78	220
V227	102	674	127	35	58	435
V228	193	4	89	259	102	69
V229	751	160	855	57	135	347
V230	156	451	316	51	66	324
V231	125	148	242	208	41	148
V232	28	282	35	126	426	215
V233	129	16	145	473	806	113
V234	2	8	166	266	106	21
V235	497	64	226	6	150	241
V236	51	211	45	97	252	156
V237	312	251	242	283	117	253
V238	84	123	230	714	293	131
V239	111	224	225	593	466	220
V240	129	6	187	107	86	57
V241	51	32	330	352	41	48
V242	7	129	219	140	13	95
V243	36	181	10	29	453	162
V244	355	45	203	621	103	143
V245	80	265	105	81	746	212
V246	311	144	164	178	203	204
V247	124	222	29	251	435	210
V248	24	193	27	289	359	156
V249	462	214	39	819	284	322
V250	91	48	499	504	105	86
V251	114	217	136	930	53	190
V252	152	355	57	777	5	261
V253	12	333	520	93	229	238
V254	361	35	91	13	131	160
V255	268	380	36	54	59	326
V256	136	68	23	162	294	91
V257	42	123	323	48	266	116
V258	30	297	581	133	352	249
V259	266	109	415	334	5	161
V260	176	130	4	215	136	135
V261	244	14	235	253	132	118
V262	363	0	10	459	262	149
V263	32	288	409	116	267	211
V264	17	602	131	155	215	390
V265	526	208	88	112	60	258
V266	447	323	5	4	28	309
V267	32	35	449	275	115	56
V268	109	459	128	70	96	314
V269	31	31	161	296	506	65
V270	128	616	247	0	123	391
V271	153	52	84	49	68	81
V272	293	184	89	268	77	229
V273	192	418	49	27	71	291
V274	80	66	712	26	89	68
V275	15	244	45	12	359	178
V276	11	291	111	324	10	197
V277	18	46	279	51	175	47
V278	581	72	521	239	51	245
V279	1534	215	27	475	97	615
V280	53	22	2	222	30	47
V281	144	233	207	68	404	215
V282	643	206	445	236	13	352
V283	410	229	122	55	256	276
V284	209	97	257	136	202	140
V285	181	117	86	31	4	132
V286	114	28	228	24	61	50
V287	82	381	209	12	225	260
V288	134	456	15	237	125	350
V289	72	31	346	26	121	59
V290	35	88	89	346	312	99
V291	22	95	108	29	309	82
V292	112	29	437	780	125	76
V293	129	132	161	76	107	122
V294	157	1174	140	196	62	768
V295	34	91	507	661	70	94
V296	311	132	97	264	16	173
V297	9	11	120	47	80	24
V298	48	9	56	128	496	57
V299	160	206	72	93	333	206
V300	95	287	66	442	249	239
V301	9	184	313	47	147	141
V302	388	80	11	1069	197	176
V303	562	26	22	78	435	198
V304	196	55	66	189	128	121
V305	195	11	87	122	6	61
V306	91	36	452	153	20	63
V307	501	10	82	58	109	168
V308	18	6	329	240	189	26
V309	272	73	351	34	27	116
V310	91	90	66	138	507	94
V311	227	178	133	132	463	197
V312	675	299	80	117	24	386
V313	134	338	450	93	166	259
V314	153	164	902	444	32	155
V315	49	66	166	303	1	65
V316	51	123	44	54	39	94
V317	91	459	9	474	158	313
V318	82	61	149	374	122	71
V319	71	117	164	101	499	135
V320	248	453	3	24	211	334
V321	268	159	52	4	129	189
V322	473	17	61	118	218	157
V323	13	531	567	3	232	359
V324	15	322	340	221	381	219
V325	216	257	276	210	15	255
V326	125	306	118	230	163	246
V327	334	139	167	92	136	207
V328	88	0	256	591	5	38
V329	0	149	199	29	287	117
V330	81	133	157	121	235	114
V331	399	425	93	67	201	394
V332	52	451	25	13	43	239
V333	155	7	68	282	659	112
V334	351	177	364	94	5	206
V335	86	11	141	472	86	55
V336	77	91	1	173	90	84
V337	44	631	282	90	382	420
V338	185	448	129	333	4	367
V339	219	17	216	133	179	85
V340	53	17	54	239	69	43
V341	19	241	106	214	180	188
V342	130	349	79	30	53	270
V343	639	121	561	66	498	320
V344	89	110	258	17	77	104
V345	391	84	240	31	604	246
V346	4	0	269	362	301	35
V347	1	64	163	384	21	42
V348	93	169	185	123	264	154
V349	283	347	394	93	345	319
V350	48	166	198	641	55	140
V351	102	10	156	79	352	61
V352	447	136	76	279	11	212
V353	200	7	19	16	326	83
V354	63	102	89	110	320	100
V355	147	19	62	42	429	93
V356	244	148	302	554	97	192
V357	112	182	244	0	307	162
V358	3	280	20	182	178	187
V359	57	152	20	294	32	105
V360	45	205	60	182	430	164
V361	65	598	83	148	13	367
V362	213	8	45	11	631	104
V363	294	417	466	385	799	418
V364	238	118	103	95	383	176
V365	376	902	35	53	330	677
V366	149	127	355	109	112	145
V367	11	253	76	777	327	193
V368	480	48	174	28	266	192
V369	134	196	398	300	105	180
V370	86	450	147	54	163	313
V371	410	33	309	234	164	170
V372	73	64	448	11	258	80
V373	121	59	433	432	31	78
V374	305	359	227	314	32	306
V375	384	480	72	179	45	419
V376	370	21	124	350	406	178
V377	107	175	532	228	275	157
V378	75	1	23	116	127	33
V379	370	299	490	256	112	285
V380	142	272	6	191	488	236
V381	60	64	89	78	699	95
V382	200	416	127	550	76	316
V383	278	101	148	184	42	144
V384	403	52	42	110	216	169
V385	306	98	568	177	151	168
V386	99	204	20	186	25	166
V387	683	27	101	160	37	251
V388	76	132	156	27	57	120
V389	567	118	7	504	95	284
V390	4	204	14	105	40	142
V391	33	2	173	88	7	19
V392	434	116	91	1176	9	228
V393	546	335	347	26	14	383
V394	735	77	124	33	194	276
V395	83	60	135	10	129	87
V396	3	60	413	54	371	75
V397	100	410	182	132	9	279
V398	133	87	194	131	70	104
V399	138	815	196	29	10	526
V400	95	123	343	74	299	107
V401	778	453	257	425	84	507
V402	236	65	108	441	280	145
V403	95	225	229	70	322	189
V404	16	85	76	101	39	49
V405	219	724	3	127	101	561
V406	56	223	254	109	679	195
V407	542	114	20	494	26	244
V408	65	368	255	3	290	260
V409	328	117	98	6	237	194
V410	74	7	12	25	127	33
V411	304	316	314	1008	557	325
V412	12	175	30	63	318	127
V413	345	14	380	44	134	133
V414	146	86	82	766	408	137
V415	97	5	53	79	346	63
V416	72	2	100	5	472	58
V417	72	4	29	48	527	59
V418	334	31	40	389	92	132
V419	702	56	273	249	486	280
V420	181	119	9	354	404	141
V421	1	635	72	212	615	399
V422	145	98	164	64	93	110
V423	390	297	85	124	986	356
V424	130	266	56	35	62	199
V425	162	84	334	386	167	122
V426	9	6	22	452	910	71
V427	1163	402	175	416	238	603
V428	239	120	56	53	99	180
V429	114	51	791	88	146	92
V430	154	225	150	69	141	172
V431	542	23	32	57	38	185
V432	304	122	171	154	374	205
V433	524	88	375	24	200	216
V434	151	142	71	157	192	138
V435	174	320	269	908	624	305
V436	114	82	290	766	62	111
V437	146	207	28	321	175	168
V438	395	25	212	346	0	149
V439	98	22	438	1118	232	91
V440	54	56	78	241	190	70
V441	182	90	168	394	86	147
V442	915	366	114	43	105	499
V443	200	412	571	331	6	333
V444	11	103	148	78	85	81
V445	404	6	58	145	6	119
V446	125	494	99	251	452	358
V447	169	166	83	16	8	131
V448	170	729	32	809	156	577
V449	11	506	66	11	125	351
V450	48	23	70	164	167	35
V451	6	235	476	36	65	141
V452	175	263	90	277	129	218
V453	218	1009	69	74	434	719
V454	169	351	99	305	12	286
V455	399	224	265	43	252	289
V456	167	85	33	10	39	108
V457	167	27	372	19	376	101
V458	111	780	137	139	412	560
V459	28	950	123	161	159	598
V460	173	170	318	195	78	166
V461	119	130	55	197	536	161
V462	28	79	327	232	23	56
V463	1077	55	386	1	439	395
V464	191	132	254	529	67	146
V465	114	251	337	151	27	181
V466	367	408	313	75	61	358
V467	175	1743	114	246	256	1116
V468	60	62	206	166	149	79
V469	29	269	262	69	917	253
V470	15	10	220	378	7	23
V471	294	226	100	514	320	261
V472	485	834	36	116	98	671
V473	331	448	242	0	403	448
V474	246	23	545	112	94	91
V475	64	52	140	143	632	96
V476	250	90	281	198	232	151
V477	575	296	7	90	51	373
V478	42	66	569	148	190	68
V479	105	104	965	151	34	132
V480	14	384	130	81	47	223
V481	51	120	157	47	386	112
V482	160	68	78	108	295	97
V483	84	167	612	7	289	148
V484	347	261	285	132	195	286
V485	83	193	85	426	39	125
V486	488	4	120	99	86	152
V487	424	638	6	270	472	501
V488	1122	107	258	44	201	419
V489	38	65	114	509	464	82
V490	40	0	194	8	137	36
V491	233	13	393	514	441	121
V492	134	5	628	466	86	61
V493	297	232	134	150	131	266
V494	306	345	88	122	27	313
V495	92	2	56	87	15	23
V496	345	67	173	319	118	161
V497	131	313	810	84	19	247
V498	100	170	270	82	83	143
V499	259	226	549	105	2	215
V500	26	205	21	164	23	145
