Source001	Source002	Source003	Source004	Source005	Sink
V1	57	460	184	111	749	474
V2	34	617	0	25	304	522
V3	278	153	260	109	104	155
V4	161	376	151	48	88	331
V5	2	116	23	175	117	100
V6	236	313	68	109	77	282
V7	406	247	143	610	518	320
V8	151	385	106	87	37	312
V9	304	55	218	720	127	106
V10	374	183	143	97	91	189
V11	122	126	54	249	63	143
V12	33	199	375	234	285	191
V13	652	47	138	153	11	113
V14	85	56	336	666	98	62
V15	50	127	10	88	586	158
V16	167	151	85	116	230	153
V17	244	101	488	131	418	157
V18	377	187	21	14	135	189
V19	142	97	69	516	465	131
V20	19	73	6	192	27	74
V21	176	159	179	447	240	179
V22	293	8	55	120	352	56
V23	257	362	214	31	171	332
V24	76	519	242	60	93	458
V25	40	80	191	586	88	82
V26	159	444	14	219	302	395
V27	37	131	782	34	170	122
V28	22	117	54	62	339	123
V29	19	122	53	219	113	125
V30	25	33	2	51	47	39
V31	86	7	123	430	12	19
V32	98	138	202	18	63	141
V33	59	224	324	16	217	198
V34	374	127	165	167	341	183
V35	147	23	15	148	115	47
V36	760	103	426	741	667	195
V37	6	59	62	382	179	58
V38	42	5	1449	230	114	28
V39	126	126	21	135	188	135
V40	7	38	27	18	758	97
V41	79	4	61	149	232	34
V42	66	389	70	308	123	328
V43	165	2	476	178	95	41
V44	125	68	12	319	7	70
V45	342	8	565	836	47	63
V46	106	67	102	136	241	106
V47	61	154	59	12	185	151
V48	140	452	114	118	106	403
V49	5	72	328	35	14	48
V50	198	361	104	231	218	347
V51	50	94	405	43	137	76
V52	99	14	36	353	40	35
V53	397	95	33	289	328	134
V54	187	473	332	18	112	443
V55	443	95	72	83	528	206
V56	80	101	31	143	206	104
V57	17	69	141	314	135	82
V58	345	820	425	670	72	728
V59	227	389	481	476	212	373
V60	224	974	212	86	119	792
V61	140	88	611	110	119	99
V62	20	14	7	431	133	31
V63	75	279	318	303	40	228
V64	38	604	204	17	129	475
V65	30	31	688	10	192	57
V66	62	15	264	15	322	52
V67	201	383	207	156	103	326
V68	630	294	238	0	690	359
V69	130	463	282	326	144	399
V70	41	38	23	33	279	61
V71	88	94	146	425	196	116
V72	121	73	893	110	76	95
V73	332	296	274	56	42	303
V74	69	158	9	64	14	142
V75	256	329	178	81	30	319
V76	465	430	302	75	41	404
V77	262	138	388	15	44	153
V78	73	31	60	260	43	33
V79	17	395	300	24	66	323
V80	316	387	129	120	250	373
V81	130	27	78	253	138	51
V82	84	279	131	245	216	259
V83	183	23	22	228	448	67
V84	57	29	247	831	89	46
V85	108	496	23	55	297	440
V86	63	137	283	89	95	129
V87	53	407	93	137	117	333
V88	195	326	29	259	51	271
V89	88	242	9	87	218	240
V90	26	147	326	0	143	125
V91	196	44	35	98	224	72
V92	22	39	148	257	178	38
V93	84	49	353	0	290	86
V94	626	104	32	81	18	156
V95	142	269	461	47	352	248
V96	25	1	286	114	103	20
V97	412	124	619	50	388	186
V98	17	244	21	385	614	264
V99	8	440	4	37	386	409
V100	126	111	20	719	309	125
V101	29	381	20	49	239	310
V102	286	54	252	80	70	90
V103	77	788	289	495	136	653
V104	130	314	701	137	296	277
V105	35	73	18	4	493	106
V106	732	130	105	157	87	173
V107	638	146	3	142	251	216
V108	27	98	487	39	146	112
V109	39	236	152	303	259	231
V110	135	364	179	80	4	325
V111	132	319	386	52	191	278
V112	687	42	9	196	294	134
V113	194	343	33	166	206	288
V114	125	168	217	46	175	144
V115	192	233	43	166	160	232
V116	163	15	2	20	46	39
V117	633	706	107	288	117	669
V118	43	845	270	181	214	714
V119	268	4	104	34	55	37
V120	64	138	47	118	602	174
V121	88	267	126	161	188	240
V122	291	87	330	169	225	108
V123	84	19	264	21	1010	109
V124	141	356	95	45	384	328
V125	142	2	51	312	342	45
V126	390	304	73	508	308	310
V127	278	777	68	136	132	641
V128	71	158	75	116	161	138
V129	46	83	116	66	37	68
V130	229	261	15	31	119	241
V131	197	278	36	109	28	252
V132	58	234	53	144	56	169
V133	69	291	17	59	269	250
V134	202	115	327	41	274	120
V135	201	336	93	9	342	284
V136	81	432	995	82	76	392
V137	174	166	49	445	330	160
V138	231	139	80	0	226	149
V139	155	110	106	97	125	115
V140	144	983	132	294	176	822
V141	4	118	64	61	991	175
V142	295	265	406	389	172	264
V143	602	62	213	819	93	133
V144	30	984	134	927	147	775
V145	108	26	55	508	319	64
V146	137	478	76	116	88	411
V147	184	1	165	105	43	27
V148	21	262	22	23	172	213
V149	533	233	141	264	77	272
V150	211	267	118	427	517	269
V151	57	106	169	62	137	101
V152	177	69	151	144	441	100
V153	87	132	189	109	67	125
V154	274	143	37	47	37	140
V155	0	157	95	160	102	125
V156	232	22	112	448	245	69
V157	286	224	106	345	69	221
V158	17	37	205	252	2	46
V159	7	376	533	162	248	313
V160	77	463	170	55	213	422
V161	137	194	20	769	241	187
V162	215	1	551	198	350	63
V163	990	667	24	93	22	657
V164	22	17	45	175	14	28
V165	349	68	140	288	5	102
V166	163	210	70	23	31	198
V167	224	109	65	671	59	124
V168	183	502	9	216	449	452
V169	663	98	117	125	137	170
V170	463	28	501	499	153	88
V171	186	12	84	186	239	48
V172	138	323	48	322	4	278
V173	120	132	986	47	27	126
V174	61	226	48	128	322	219
V175	137	122	521	8	104	124
V176	624	182	170	52	251	237
V177	364	108	99	188	67	131
V178	10	216	177	381	595	223
V179	263	482	113	441	43	396
V180	142	642	243	154	12	519
V181	0	61	242	163	199	75
V182	93	29	98	67	136	50
V183	15	346	48	262	370	307
V184	10	335	51	45	329	291
V185	287	40	574	264	1	70
V186	150	296	1	486	341	313
V187	259	176	131	404	220	221
V188	175	262	603	229	290	268
V189	53	120	182	338	255	131
V190	318	321	50	23	38	300
V191	14	325	187	96	139	258
V192	76	343	151	11	268	282
V193	145	473	106	68	223	419
V194	49	175	676	320	11	152
V195	323	601	55	26	311	539
V196	154	713	101	111	40	559
V197	59	247	44	118	35	207
V198	67	340	526	4	622	322
V199	193	14	497	175	193	60
V200	874	0	402	74	103	118
V201	170	33	92	91	483	83
V202	18	153	194	205	125	133
V203	66	44	372	31	152	54
V204	223	11	140	482	762	117
V205	209	27	250	13	17	45
V206	207	323	229	507	106	315
V207	47	17	95	377	653	57
V208	13	496	49	104	162	389
V209	247	38	74	190	75	79
V210	273	57	42	256	347	111
V211	300	348	131	446	51	314
V212	323	68	206	1022	92	107
V213	8	41	686	800	161	50
V214	385	86	99	4	151	142
V215	79	47	40	1856	5	46
V216	520	118	61	77	585	195
V217	397	32	88	268	9	90
V218	6	87	147	41	368	112
V219	20	17	10	418	341	48
V220	105	86	213	110	114	110
V221	53	417	147	12	382	397
V222	36	202	21	74	209	198
V223	65	43	387	21	35	52
V224	181	77	299	257	119	83
V225	313	312	133	122	107	300
V226	217	498	328	25	14	417
V227	40	74	47	50	203	84
V228	154	214	120	30	40	215
V229	236	4	113	308	124	46
V230	23	315	120	105	492	280
V231	21	399	166	102	83	304
V232	443	57	253	168	77	103
V233	133	82	84	295	191	97
V234	232	150	44	528	149	164
V235	132	142	838	542	228	165
V236	406	381	406	194	81	339
V237	365	37	631	436	194	107
V238	175	107	35	35	606	151
V239	52	218	49	495	242	171
V240	207	143	49	188	211	150
V241	21	310	50	268	265	251
V242	214	307	138	188	600	307
V243	616	214	73	668	119	221
V244	372	204	60	71	345	222
V245	205	142	486	700	169	159
V246	15	369	82	155	96	309
V247	311	308	156	178	106	257
V248	74	94	175	192	44	114
V249	224	237	318	438	597	264
V250	246	2	827	9	77	36
V251	58	101	11	159	198	102
V252	15	68	225	64	153	65
V253	151	142	184	92	92	146
V254	21	20	239	214	75	25
V255	193	81	237	139	5	100
V256	70	12	250	138	224	39
V257	692	491	537	33	92	450
V258	295	89	16	244	399	139
V259	72	255	58	93	346	210
V260	376	80	106	48	707	149
V261	232	402	268	100	87	363
V262	184	105	137	201	431	131
V263	171	33	310	21	138	57
V264	237	16	13	130	246	68
V265	161	24	823	14	412	82
V266	144	55	52	57	132	61
V267	5	0	331	87	6	3
V268	110	50	45	567	109	68
V269	144	144	288	16	34	137
V270	78	158	131	255	178	146
V271	35	423	159	191	207	370
V272	2	12	241	130	81	25
V273	157	273	72	23	4	226
V274	560	159	252	9	537	229
V275	97	134	3	53	41	140
V276	96	236	178	18	179	222
V277	246	360	486	106	692	368
V278	76	16	209	13	264	54
V279	282	57	164	4	125	92
V280	60	205	184	52	235	215
V281	26	49	565	316	267	82
V282	332	6	7	330	30	54
V283	129	5	34	496	37	24
V284	931	21	307	124	82	128
V285	141	128	55	119	545	169
V286	100	36	295	1111	49	49
V287	63	9	93	199	26	20
V288	97	10	223	78	161	38
V289	84	50	446	50	140	62
V290	3	19	35	115	70	28
V291	290	162	7	122	71	181
V292	141	156	37	170	30	162
V293	120	260	79	528	238	246
V294	270	66	6	56	113	93
V295	106	230	98	215	304	214
V296	381	107	26	29	366	155
V297	97	634	305	75	208	576
V298	351	98	117	27	118	125
V299	11	1	6	119	7	8
V300	219	99	36	243	422	142
V301	34	206	4	97	103	187
V302	167	191	683	104	522	253
V303	350	25	105	157	218	75
V304	5	303	641	14	204	251
V305	79	117	172	170	136	122
V306	135	508	208	411	47	420
V307	480	200	84	63	13	214
V308	56	325	150	116	112	261
V309	38	30	167	636	156	42
V310	125	241	55	401	61	237
V311	175	308	1124	174	96	248
V312	388	367	65	133	38	361
V313	513	8	511	23	618	133
V314	5	220	376	384	373	198
V315	19	79	8	138	306	72
V316	262	2751	153	34	133	2141
V317	247	406	322	52	11	382
V318	165	36	227	400	142	62
V319	152	573	98	67	44	490
V320	219	241	21	30	115	235
V321	250	138	90	5	404	193
V322	260	21	98	626	380	75
V323	402	31	367	144	3	93
V324	88	108	52	538	618	139
V325	158	113	26	111	476	158
V326	254	158	225	218	25	173
V327	21	95	148	246	74	89
V328	694	116	252	185	29	175
V329	185	2	45	60	104	25
V330	171	211	354	109	90	189
V331	266	514	27	1034	431	478
V332	2	236	27	43	731	245
V333	142	44	934	13	523	108
V334	275	108	13	67	554	158
V335	113	127	61	92	293	127
V336	223	172	415	983	569	225
V337	2280	102	276	82	334	385
V338	192	142	186	146	307	166
V339	374	368	632	159	107	320
V340	194	223	812	223	8	202
V341	256	49	18	17	32	67
V342	103	80	79	137	371	97
V343	114	527	21	39	153	426
V344	651	46	545	12	372	146
V345	120	191	104	183	148	159
V346	47	627	342	12	159	516
V347	135	250	305	17	104	213
V348	33	124	125	732	13	101
V349	43	3	261	34	85	11
V350	206	27	129	268	22	41
V351	43	107	183	125	156	97
V352	410	144	264	67	284	199
V353	50	16	231	150	451	62
V354	101	2	102	374	129	38
V355	52	215	151	343	33	169
V356	239	60	351	609	86	81
V357	21	40	304	197	19	39
V358	36	133	11	485	647	161
V359	203	172	932	70	509	201
V360	164	176	947	3	33	168
V361	113	182	248	353	13	165
V362	549	367	238	239	11	354
V363	258	51	187	92	522	117
V364	230	86	68	535	91	116
V365	170	304	97	254	143	266
V366	122	206	12	168	87	189
V367	391	413	259	329	278	375
V368	196	294	40	79	28	264
V369	86	162	141	445	68	164
V370	343	25	105	73	11	57
V371	96	8	103	475	283	48
V372	69	69	504	95	495	101
V373	108	125	366	98	73	126
V374	934	418	168	55	51	410
V375	488	14	415	228	69	77
V376	180	9	319	381	194	51
V377	41	371	43	25	144	317
V378	641	101	81	19	50	161
V379	2	172	101	15	13	129
V380	353	239	16	56	145	243
V381	302	428	128	85	66	340
V382	439	71	64	50	216	117
V383	129	135	13	456	243	146
V384	422	121	209	190	168	181
V385	214	144	341	242	390	190
V386	114	83	15	403	281	111
V387	92	97	864	24	372	115
V388	51	329	26	575	25	280
V389	167	476	429	76	25	422
V390	24	203	170	194	279	203
V391	49	65	409	175	183	70
V392	393	181	248	12	12	199
V393	43	13	275	5	720	65
V394	6	56	160	305	544	95
V395	186	78	309	29	181	110
V396	195	928	88	45	220	772
V397	551	1	116	311	5	72
V398	456	172	74	103	24	187
V399	138	49	8	49	261	88
V400	9	25	43	24	429	46
V401	741	360	16	71	149	387
V402	79	455	240	96	23	423
V403	216	101	8	79	30	121
V404	207	244	296	79	4	202
V405	341	93	304	60	117	117
V406	300	340	93	193	91	322
V407	551	316	187	287	156	351
V408	346	199	539	257	209	221
V409	571	630	462	134	109	558
V410	5	64	408	73	282	61
V411	84	96	142	169	113	92
V412	239	42	84	660	69	68
V413	24	127	152	143	212	119
V414	56	212	80	137	201	186
V415	15	269	113	129	200	189
V416	331	104	167	248	29	140
V417	497	155	66	399	155	186
V418	49	608	14	712	27	517
V419	11	100	173	86	230	108
V420	422	97	87	293	220	154
V421	53	69	90	66	463	86
V422	182	4	7	70	210	31
V423	128	607	39	31	109	495
V424	112	15	16	20	137	32
V425	98	11	159	149	368	60
V426	487	325	27	144	324	317
V427	368	12	202	470	158	77
V428	92	170	276	72	64	130
V429	18	31	179	207	392	68
V430	79	161	239	242	570	188
V431	53	53	50	417	211	74
V432	464	476	157	122	153	444
V433	780	235	134	102	41	280
V434	499	118	205	45	81	172
V435	390	109	367	186	381	164
V436	104	39	1439	40	127	65
V437	36	309	159	127	63	253
V438	25	244	290	257	224	197
V439	122	318	159	157	254	285
V440	70	502	233	246	241	426
V441	145	160	37	251	30	145
V442	155	361	55	149	212	337
V443	167	110	61	371	90	120
V444	641	53	114	14	34	110
V445	652	17	329	242	302	133
V446	111	41	573	23	190	67
V447	195	271	231	53	49	235
V448	20	26	48	193	155	42
V449	202	320	222	55	87	292
V450	235	544	24	146	331	457
V451	162	218	464	84	527	271
V452	188	123	839	184	2	122
V453	67	87	50	124	132	93
V454	146	474	60	419	99	409
V455	292	77	96	129	31	105
V456	528	500	156	22	319	482
V457	92	13	26	349	231	35
V458	570	278	316	377	161	299
V459	448	347	53	38	103	321
V460	89	94	145	64	34	81
V461	87	69	286	120	89	76
V462	491	55	150	114	54	105
V463	194	7	575	268	39	42
V464	1131	285	101	642	193	350
V465	6	13	14	142	260	32
V466	18	120	257	326	100	110
V467	149	38	95	506	17	71
V468	102	67	58	144	301	103
V469	190	124	65	4	97	122
V470	297	143	211	229	82	146
V471	390	731	94	335	410	647
V472	79	48	11	79	539	88
V473	299	328	213	225	184	334
V474	18	64	224	133	32	67
V475	11	168	9	242	31	129
V476	658	654	138	51	1176	675
V477	257	288	183	61	341	298
V478	202	40	107	54	99	67
V479	213	545	126	465	554	482
V480	107	71	111	171	354	117
V481	196	76	66	75	79	77
V482	56	989	91	230	72	793
V483	186	219	20	161	14	199
V484	422	160	440	310	255	203
V485	51	4	174	114	35	19
V486	140	191	58	10	22	180
V487	135	197	143	275	47	167
V488	134	21	310	208	246	62
V489	40	195	801	144	135	169
V490	355	310	508	67	33	292
V491	154	78	169	32	42	83
V492	190	97	217	108	199	104
V493	135	50	162	17	116	52
V494	100	257	38	244	657	270
V495	156	150	137	392	85	164
V496	461	253	380	234	416	287
V497	204	118	114	29	140	127
V498	125	310	74	831	22	289
V499	344	214	15	4	230	204
V500	4	66	177	72	76	69
