Source001	Source002	Source003	Source004	Source005	Sink
V1	1	78	496	2	114	40
V2	35	45	304	13	23	42
V3	61	53	100	135	19	55
V4	136	139	296	18	77	150
V5	1264	87	52	278	231	898
V6	369	165	115	41	166	292
V7	88	22	234	116	98	86
V8	214	887	65	153	334	379
V9	14	42	415	898	259	61
V10	155	62	29	102	319	145
V11	510	47	299	568	226	370
V12	128	170	317	126	160	172
V13	405	161	286	189	325	348
V14	395	4	16	28	396	292
V15	134	214	276	3	38	154
V16	659	5	147	2	153	428
V17	120	122	99	734	816	157
V18	82	51	23	138	68	66
V19	236	66	211	273	53	213
V20	60	164	239	128	334	116
V21	655	22	372	124	88	441
V22	126	110	159	102	547	141
V23	40	412	517	127	187	139
V24	97	64	170	36	4	87
V25	255	299	198	407	29	248
V26	76	200	173	389	32	106
V27	216	258	148	56	182	229
V28	63	433	101	252	4	168
V29	86	75	652	48	20	81
V30	153	942	169	249	784	361
V31	440	182	54	508	121	332
V32	162	32	104	186	648	138
V33	90	104	158	185	557	109
V34	228	277	268	133	196	244
V35	233	18	36	154	217	164
V36	182	98	818	407	365	180
V37	47	243	813	491	315	140
V38	190	140	264	195	12	178
V39	187	119	1061	88	417	177
V40	11	422	592	208	224	132
V41	24	36	388	484	403	58
V42	485	50	330	66	249	353
V43	57	144	114	215	108	100
V44	694	448	72	302	346	551
V45	75	812	127	304	211	271
V46	45	102	31	88	0	55
V47	98	139	60	411	118	111
V48	57	178	124	194	232	91
V49	148	17	88	682	475	114
V50	96	117	175	6	289	109
V51	297	125	210	708	342	270
V52	163	252	170	240	9	196
V53	156	80	233	149	117	149
V54	275	206	162	1075	535	258
V55	209	292	25	306	353	212
V56	43	101	293	249	411	71
V57	654	33	1	48	86	447
V58	5	49	211	148	50	47
V59	162	299	93	117	260	206
V60	522	605	218	8	208	490
V61	181	229	24	131	33	171
V62	357	37	20	297	246	277
V63	97	247	189	33	192	135
V64	54	484	48	98	550	194
V65	154	284	98	62	568	207
V66	68	226	132	107	20	118
V67	48	137	124	179	20	83
V68	59	175	341	32	707	144
V69	8	7	77	56	71	22
V70	1057	170	152	9	421	760
V71	19	80	245	107	209	55
V72	352	649	555	378	212	433
V73	24	140	222	10	69	65
V74	120	50	186	19	63	115
V75	2	294	16	5	68	76
V76	103	592	201	45	137	238
V77	182	161	569	486	285	198
V78	189	77	318	90	9	156
V79	52	17	249	186	166	55
V80	20	2	95	97	32	21
V81	251	79	114	460	14	209
V82	236	218	348	96	13	240
V83	7	194	302	7	187	81
V84	108	89	13	199	191	93
V85	43	524	227	245	67	176
V86	74	16	44	320	478	78
V87	312	73	144	60	118	260
V88	80	81	722	56	57	96
V89	6	6	35	215	80	23
V90	306	154	206	128	502	269
V91	103	129	99	108	133	102
V92	88	240	222	140	38	135
V93	88	458	250	158	14	189
V94	162	29	96	193	231	137
V95	105	511	22	470	439	201
V96	1	172	217	461	81	68
V97	649	63	2	143	74	438
V98	78	283	317	59	198	136
V99	332	28	204	45	192	285
V100	173	502	199	78	139	233
V101	89	218	48	19	309	146
V102	18	29	780	105	121	45
V103	272	23	232	280	2	206
V104	103	7	11	148	124	63
V105	184	395	495	374	228	266
V106	218	31	649	75	92	185
V107	349	302	48	133	37	305
V108	231	46	16	108	473	182
V109	148	42	192	394	272	148
V110	709	79	585	119	262	471
V111	239	43	154	63	418	191
V112	45	383	51	85	188	141
V113	114	208	27	476	194	171
V114	47	225	838	151	6	104
V115	156	420	525	41	150	213
V116	61	31	10	265	142	63
V117	168	617	18	368	225	300
V118	547	255	233	79	18	433
V119	265	430	8	431	483	318
V120	203	171	129	160	128	186
V121	286	58	152	44	180	220
V122	773	60	40	220	965	580
V123	720	270	117	680	27	519
V124	228	65	303	93	8	175
V125	384	73	67	93	3	282
V126	149	462	24	9	166	254
V127	55	27	34	931	573	116
V128	232	171	198	40	30	237
V129	333	142	111	683	446	281
V130	304	2	100	509	153	239
V131	288	93	88	513	123	234
V132	354	420	122	2	240	384
V133	32	399	17	441	125	140
V134	124	63	135	593	207	99
V135	22	320	91	192	182	115
V136	56	4	633	76	184	48
V137	107	594	213	143	36	233
V138	1	270	43	393	100	80
V139	98	531	98	323	42	205
V140	44	350	379	280	254	143
V141	600	301	453	140	14	459
V142	44	47	360	86	344	69
V143	609	77	50	85	455	432
V144	125	140	373	185	298	152
V145	70	1072	377	416	159	333
V146	89	6	75	302	349	86
V147	143	501	502	114	156	228
V148	66	192	316	81	72	101
V149	120	252	93	9	76	153
V150	96	23	138	17	240	66
V151	112	73	117	120	13	88
V152	410	108	132	45	122	293
V153	1017	40	348	21	198	699
V154	56	443	3	1	567	151
V155	747	37	250	124	244	556
V156	420	552	33	248	94	411
V157	52	448	89	105	126	151
V158	13	36	260	92	32	28
V159	280	325	145	10	166	278
V160	225	74	49	52	238	188
V161	99	22	37	83	222	87
V162	7	468	161	24	422	142
V163	58	859	352	173	101	218
V164	151	23	245	499	0	127
V165	3	217	135	79	70	65
V166	48	158	173	34	10	83
V167	426	105	254	88	787	302
V168	89	54	196	76	8	70
V169	42	468	235	13	123	137
V170	549	970	109	361	355	635
V171	144	159	171	13	391	151
V172	47	591	217	134	85	182
V173	0	26	128	172	304	31
V174	157	39	94	181	167	129
V175	99	131	114	350	115	114
V176	258	273	80	234	165	260
V177	184	162	511	177	161	186
V178	514	558	131	0	286	495
V179	54	67	183	233	69	56
V180	113	52	90	1151	118	128
V181	11	103	72	134	92	38
V182	115	265	56	144	1224	185
V183	106	34	184	171	456	102
V184	395	200	10	270	366	356
V185	289	64	61	238	107	226
V186	327	12	84	219	205	252
V187	637	23	14	400	98	391
V188	427	140	314	357	83	358
V189	153	588	114	197	417	275
V190	27	160	82	33	502	64
V191	43	111	140	165	206	68
V192	13	2	6	154	279	27
V193	223	151	331	89	74	223
V194	189	43	200	171	52	145
V195	244	326	6	148	111	236
V196	52	88	526	244	148	73
V197	107	11	214	359	50	93
V198	119	131	70	135	5	139
V199	271	81	77	74	546	231
V200	960	269	174	178	1	718
V201	839	218	92	537	166	602
V202	36	302	55	124	69	113
V203	56	5	589	21	406	69
V204	277	173	657	318	56	225
V205	36	244	25	37	238	119
V206	154	155	274	115	146	154
V207	80	437	85	73	69	160
V208	91	316	373	24	277	161
V209	136	386	169	48	196	196
V210	55	281	101	209	298	137
V211	206	144	31	75	46	165
V212	75	642	285	41	69	225
V213	64	18	83	145	5	58
V214	21	109	332	31	149	73
V215	77	32	41	92	147	70
V216	27	88	110	213	134	59
V217	591	576	695	8	382	568
V218	394	609	66	9	28	430
V219	94	185	279	53	70	127
V220	53	79	18	125	146	64
V221	243	210	131	62	148	253
V222	284	12	140	156	186	203
V223	239	883	44	95	517	421
V224	54	205	130	132	334	118
V225	259	224	263	32	77	245
V226	900	26	88	244	45	622
V227	114	326	644	2	277	162
V228	89	24	54	81	104	91
V229	1	82	102	84	82	29
V230	96	43	10	528	30	99
V231	38	119	89	193	167	53
V232	363	2	126	200	258	266
V233	82	102	294	15	182	98
V234	281	408	426	60	172	324
V235	530	656	105	187	2	555
V236	481	72	9	111	43	341
V237	58	91	108	156	254	83
V238	130	177	6	4	302	158
V239	266	421	35	366	240	299
V240	67	153	65	59	246	123
V241	79	126	276	402	91	83
V242	688	14	35	411	16	464
V243	256	43	329	187	211	194
V244	7	143	32	34	81	47
V245	188	183	183	380	80	199
V246	114	301	17	156	289	183
V247	282	296	384	166	212	300
V248	66	126	140	336	414	101
V249	28	640	177	289	469	215
V250	173	437	298	189	89	203
V251	152	236	246	292	199	193
V252	245	347	171	303	174	279
V253	6	120	134	359	68	49
V254	167	155	143	18	66	130
V255	67	170	396	13	106	101
V256	113	30	102	755	265	107
V257	26	103	155	834	123	67
V258	9	322	205	164	524	121
V259	56	88	49	150	527	88
V260	84	96	252	89	65	91
V261	83	517	483	128	41	183
V262	160	581	45	170	40	252
V263	52	459	180	88	79	151
V264	510	63	513	469	9	383
V265	75	475	38	222	525	167
V266	127	32	303	393	525	133
V267	20	123	321	265	137	69
V268	109	553	436	141	129	222
V269	155	86	137	41	136	148
V270	288	28	134	90	2	198
V271	232	44	308	261	299	176
V272	120	142	25	73	170	136
V273	98	65	288	41	16	75
V274	154	138	167	250	144	152
V275	529	56	46	582	295	384
V276	99	65	5	276	207	92
V277	111	170	37	246	251	134
V278	18	8	198	100	54	19
V279	0	114	294	195	599	71
V280	14	124	126	104	125	34
V281	74	37	541	39	11	64
V282	510	468	20	644	155	447
V283	189	89	200	125	117	165
V284	249	123	163	335	417	221
V285	161	199	245	396	90	155
V286	702	24	297	39	448	461
V287	183	271	121	692	77	191
V288	195	335	116	5	82	226
V289	192	299	40	166	193	199
V290	28	108	15	50	245	57
V291	4	462	23	7	143	108
V292	90	96	130	90	186	103
V293	360	504	210	249	462	413
V294	2	157	152	248	96	41
V295	7	78	59	430	158	32
V296	247	88	144	190	151	207
V297	143	11	118	129	318	120
V298	10	345	1006	371	112	130
V299	234	129	159	394	133	207
V300	192	326	65	302	190	225
V301	486	21	27	488	105	345
V302	410	119	69	3	12	286
V303	112	63	63	71	40	102
V304	186	143	561	281	245	182
V305	55	166	46	8	10	92
V306	9	138	676	1008	31	76
V307	426	7	42	10	212	278
V308	101	115	263	228	60	132
V309	510	43	79	330	28	376
V310	356	123	23	124	35	294
V311	218	305	315	69	2	201
V312	201	453	70	12	355	254
V313	229	83	109	54	479	223
V314	152	10	19	384	224	125
V315	165	254	261	76	187	199
V316	164	71	439	1014	58	170
V317	55	390	82	170	124	146
V318	550	277	23	53	82	465
V319	1	517	322	9	317	138
V320	578	656	174	116	310	586
V321	2	9	3	168	122	24
V322	202	54	1057	21	56	183
V323	11	215	273	47	16	63
V324	21	418	162	92	454	132
V325	197	8	480	381	108	158
V326	237	247	188	0	482	254
V327	30	168	184	437	1180	133
V328	447	16	95	111	365	292
V329	66	102	149	34	502	89
V330	0	12	3	677	230	29
V331	28	50	324	267	121	53
V332	267	632	37	88	75	394
V333	66	36	231	23	81	65
V334	81	15	2	473	29	67
V335	108	104	466	644	162	119
V336	182	362	40	48	116	225
V337	172	374	439	122	41	243
V338	377	233	398	265	61	359
V339	560	116	52	137	47	440
V340	113	289	40	133	332	157
V341	40	57	58	35	12	48
V342	71	159	386	16	121	104
V343	179	99	11	223	16	172
V344	320	176	537	38	662	320
V345	90	111	132	122	269	109
V346	520	70	470	17	47	352
V347	26	83	197	466	53	43
V348	319	17	22	478	48	244
V349	57	114	525	305	224	94
V350	7	60	232	172	44	35
V351	334	22	274	193	15	263
V352	67	15	346	46	130	63
V353	44	186	47	321	70	71
V354	107	244	367	500	50	144
V355	54	274	311	47	423	128
V356	10	73	69	123	252	41
V357	308	179	493	296	85	265
V358	258	284	596	33	475	302
V359	454	6	35	235	7	306
V360	19	280	325	336	64	89
V361	38	502	124	641	45	164
V362	7	21	117	259	189	24
V363	150	107	551	148	141	160
V364	715	164	267	19	158	527
V365	70	14	496	563	698	94
V366	203	261	141	76	923	239
V367	195	186	189	358	72	181
V368	100	226	83	783	416	159
V369	140	24	16	95	511	160
V370	298	43	170	12	16	243
V371	442	136	106	42	158	340
V372	334	432	54	158	992	358
V373	66	509	144	134	64	172
V374	344	66	129	184	115	249
V375	82	23	329	63	244	65
V376	236	288	197	275	112	222
V377	197	232	112	13	58	195
V378	93	109	80	97	11	112
V379	275	17	105	76	19	195
V380	157	472	321	227	302	236
V381	250	375	16	5	93	266
V382	208	434	266	108	348	256
V383	121	660	15	29	85	225
V384	380	73	104	78	118	289
V385	363	332	113	245	280	323
V386	42	13	44	375	150	50
V387	20	5	261	69	590	34
V388	701	14	461	197	114	487
V389	98	138	194	499	210	105
V390	1	76	155	2	98	28
V391	469	169	219	279	400	381
V392	842	276	193	5	91	627
V393	149	35	75	125	1	123
V394	57	166	254	117	515	122
V395	127	157	55	312	11	121
V396	423	41	46	63	398	331
V397	723	1293	118	142	78	777
V398	47	13	527	286	77	53
V399	176	1	251	45	189	139
V400	582	17	227	265	540	418
V401	41	204	480	116	196	103
V402	133	77	0	315	77	128
V403	7	148	441	0	17	67
V404	94	100	858	199	0	116
V405	531	792	233	123	29	510
V406	245	12	124	39	165	151
V407	180	91	429	449	13	149
V408	1	132	0	91	171	36
V409	648	48	693	296	576	527
V410	6	831	94	85	128	232
V411	137	372	174	175	113	215
V412	47	204	429	629	322	112
V413	139	111	89	169	49	125
V414	297	116	138	133	16	210
V415	116	55	96	338	273	95
V416	360	1083	75	312	761	533
V417	315	43	26	174	321	234
V418	339	503	121	214	1018	402
V419	140	173	169	121	141	142
V420	103	153	52	209	57	118
V421	470	107	185	236	93	353
V422	122	470	135	272	116	198
V423	222	21	158	6	3	177
V424	13	125	353	436	37	54
V425	460	83	619	362	46	362
V426	222	142	26	69	53	196
V427	96	202	413	116	31	127
V428	570	45	80	257	207	440
V429	117	70	111	65	786	129
V430	155	129	86	251	7	145
V431	288	100	108	194	490	231
V432	14	560	332	26	66	153
V433	224	404	394	182	28	279
V434	42	104	176	31	460	64
V435	95	562	243	949	7	210
V436	256	104	219	243	166	222
V437	85	26	708	55	470	100
V438	11	694	76	16	361	174
V439	303	119	101	70	130	269
V440	236	172	309	372	127	238
V441	47	22	54	18	24	57
V442	377	392	7	330	132	338
V443	332	179	289	35	317	266
V444	15	87	113	85	263	58
V445	146	113	22	89	177	131
V446	79	100	213	143	97	93
V447	111	4	2	225	359	83
V448	140	400	542	44	72	187
V449	38	104	70	337	222	77
V450	642	111	201	133	39	489
V451	75	143	153	139	45	97
V452	186	99	112	199	262	145
V453	29	391	189	96	566	150
V454	359	57	144	94	26	234
V455	186	10	13	201	49	142
V456	66	81	37	64	133	74
V457	44	52	60	240	97	58
V458	852	89	271	9	53	646
V459	450	346	87	279	19	408
V460	31	168	3	29	205	80
V461	366	48	73	64	138	260
V462	195	135	71	3	185	179
V463	195	554	167	221	47	267
V464	212	72	28	147	470	198
V465	529	217	131	156	266	403
V466	146	158	44	107	12	132
V467	209	103	117	207	199	183
V468	328	115	33	29	298	302
V469	142	59	69	38	296	140
V470	171	42	103	21	296	127
V471	188	165	119	554	51	188
V472	296	203	504	88	43	268
V473	272	60	184	28	101	200
V474	0	49	83	246	38	22
V475	83	162	0	184	412	124
V476	423	335	334	147	188	424
V477	315	197	97	134	208	262
V478	81	397	425	117	28	171
V479	91	50	241	106	212	90
V480	519	117	21	30	34	379
V481	150	77	173	506	2	143
V482	136	283	72	419	615	208
V483	22	276	34	70	244	109
V484	42	43	27	3	325	57
V485	34	45	143	136	104	50
V486	342	180	170	240	561	314
V487	168	168	935	341	120	171
V488	87	377	146	178	27	175
V489	109	40	680	1450	263	127
V490	40	700	97	57	7	218
V491	400	562	40	751	519	445
V492	324	191	360	121	473	271
V493	86	63	668	234	286	115
V494	99	200	336	110	183	157
V495	106	468	79	144	63	194
V496	39	54	123	188	149	62
V497	15	171	92	110	50	40
V498	302	92	296	191	72	241
V499	230	337	148	97	72	243
V500	348	202	103	321	66	295
