Source001	Source002	Source003	Source004	Source005	Sink
V1	19	60	433	482	72	45
V2	231	93	12	81	75	146
V3	60	33	210	49	571	55
V4	176	137	51	1054	27	158
V5	328	107	220	537	141	143
V6	64	322	67	412	0	235
V7	65	192	187	16	67	163
V8	2	459	479	42	203	313
V9	64	57	15	135	80	65
V10	508	136	354	298	21	282
V11	1	17	28	310	8	46
V12	43	307	220	967	439	229
V13	113	318	164	385	328	266
V14	396	216	454	993	207	267
V15	143	266	166	61	327	246
V16	482	499	182	6	241	462
V17	180	43	924	7	66	100
V18	242	120	122	222	221	161
V19	144	413	23	383	350	301
V20	292	11	10	115	169	115
V21	235	89	173	126	0	122
V22	98	146	20	388	39	109
V23	650	132	568	233	100	299
V24	24	587	287	190	95	428
V25	32	366	5	58	734	282
V26	592	265	199	369	129	330
V27	19	19	280	40	637	54
V28	159	259	179	531	173	253
V29	187	24	122	38	269	98
V30	76	204	318	45	36	188
V31	299	43	430	193	182	150
V32	115	75	527	247	34	110
V33	700	47	79	406	143	200
V34	106	280	152	531	672	257
V35	77	388	75	35	195	276
V36	113	23	100	8	87	54
V37	242	63	0	238	306	123
V38	107	141	74	4	27	121
V39	414	348	394	66	160	347
V40	299	535	18	321	40	409
V41	150	137	26	19	134	137
V42	41	369	94	83	236	263
V43	6	351	149	668	312	251
V44	4	164	70	14	136	133
V45	110	129	234	450	105	139
V46	59	35	40	66	120	67
V47	208	384	330	420	256	319
V48	211	417	315	11	336	356
V49	24	37	91	295	229	58
V50	120	84	279	39	152	87
V51	15	338	461	105	280	243
V52	107	136	337	71	6	131
V53	8	89	4	439	424	90
V54	131	44	472	515	346	94
V55	707	229	90	40	52	330
V56	199	468	239	241	31	357
V57	84	298	145	252	244	223
V58	504	119	239	22	332	236
V59	64	184	197	118	353	154
V60	906	188	422	215	142	354
V61	173	52	15	80	143	95
V62	16	227	52	184	913	180
V63	594	36	251	184	94	167
V64	73	196	215	338	142	161
V65	432	16	199	331	14	151
V66	162	78	39	49	237	110
V67	281	452	207	26	137	362
V68	59	414	194	32	484	293
V69	114	213	305	102	31	173
V70	55	2	387	59	110	35
V71	279	161	31	15	209	174
V72	120	85	23	18	91	101
V73	38	6	223	58	158	34
V74	332	160	271	103	38	186
V75	16	195	5	303	135	170
V76	66	13	76	145	259	31
V77	195	213	251	23	33	208
V78	721	171	1070	258	15	328
V79	155	199	135	139	14	183
V80	25	290	116	37	242	210
V81	72	118	8	48	120	138
V82	115	190	337	474	10	191
V83	88	147	522	41	504	141
V84	39	109	65	81	892	119
V85	308	44	21	131	267	95
V86	107	599	156	191	183	440
V87	11	8	40	218	150	16
V88	193	573	400	140	22	418
V89	149	112	48	185	10	133
V90	37	424	10	68	73	311
V91	30	132	9	435	358	129
V92	27	101	12	10	19	141
V93	185	178	263	12	51	163
V94	173	101	49	74	88	144
V95	156	60	362	20	14	81
V96	50	226	428	146	95	162
V97	497	420	201	79	64	394
V98	9	141	138	41	361	116
V99	302	135	116	196	404	194
V100	514	246	74	294	130	293
V101	107	89	54	314	132	84
V102	181	205	485	541	39	233
V103	46	100	27	282	71	68
V104	34	970	112	148	52	667
V105	353	437	139	227	352	381
V106	88	28	150	272	228	77
V107	13	141	90	107	383	106
V108	357	38	218	157	516	148
V109	112	75	218	201	258	155
V110	376	33	35	421	15	133
V111	16	207	55	230	372	166
V112	90	265	104	108	18	192
V113	1009	74	185	367	130	293
V114	112	400	57	195	155	347
V115	56	99	127	130	9	79
V116	62	31	26	65	206	78
V117	6	75	150	61	43	60
V118	234	127	1203	137	140	132
V119	21	208	173	369	127	167
V120	124	97	796	37	61	109
V121	653	495	114	1	61	495
V122	579	69	495	71	189	202
V123	318	279	163	47	108	368
V124	175	119	32	433	605	168
V125	24	52	45	12	211	71
V126	370	105	447	51	109	205
V127	426	130	85	214	348	240
V128	389	210	572	13	90	299
V129	46	324	113	87	82	248
V130	538	83	255	74	43	210
V131	183	527	451	56	172	373
V132	219	61	240	221	218	140
V133	98	126	67	243	97	113
V134	369	112	309	77	58	159
V135	24	38	267	73	137	46
V136	35	20	10	77	429	42
V137	79	18	407	225	533	98
V138	118	698	685	53	145	520
V139	301	55	7	13	23	101
V140	124	169	420	93	1118	178
V141	80	136	284	17	145	96
V142	22	263	309	338	3	179
V143	164	61	556	100	88	81
V144	428	120	177	117	14	218
V145	473	90	43	96	356	185
V146	17	1	62	292	196	20
V147	156	255	126	217	306	215
V148	18	260	91	77	5	194
V149	19	320	127	28	34	219
V150	22	0	465	608	24	18
V151	254	75	324	387	13	114
V152	388	12	72	922	50	114
V153	246	368	20	182	300	359
V154	663	197	107	102	60	334
V155	147	82	667	69	34	97
V156	17	53	106	11	264	60
V157	1058	0	63	20	531	263
V158	51	316	36	37	126	245
V159	104	119	166	182	76	132
V160	69	455	124	48	370	362
V161	27	37	120	365	141	41
V162	248	352	258	144	76	332
V163	502	503	158	151	78	456
V164	26	32	311	167	210	36
V165	62	410	32	256	170	308
V166	187	222	51	154	83	239
V167	79	44	15	18	131	92
V168	175	753	255	251	134	600
V169	364	46	60	60	316	139
V170	680	43	39	35	350	219
V171	211	543	14	273	35	421
V172	148	42	209	14	15	106
V173	205	333	213	321	172	305
V174	557	331	175	62	17	367
V175	5	1	52	511	77	7
V176	536	93	534	112	131	205
V177	79	108	19	256	562	99
V178	3	168	82	447	109	133
V179	24	117	281	137	11	92
V180	41	14	98	178	37	29
V181	0	219	176	885	400	168
V182	53	133	159	335	38	111
V183	190	364	208	412	95	276
V184	0	34	273	237	71	31
V185	284	1263	187	91	34	923
V186	116	9	8	152	81	57
V187	197	24	25	41	35	67
V188	127	112	786	582	187	117
V189	34	89	169	136	487	100
V190	151	42	3	298	153	74
V191	223	610	53	305	66	464
V192	448	216	166	157	418	298
V193	514	20	125	103	74	152
V194	1018	225	116	80	752	386
V195	141	476	325	262	49	345
V196	73	190	250	22	6	149
V197	68	306	454	201	67	242
V198	369	230	258	40	59	240
V199	305	1	35	88	389	69
V200	116	872	544	57	83	651
V201	154	24	64	77	76	67
V202	328	88	254	393	44	143
V203	199	21	233	201	222	99
V204	624	7	344	3	132	140
V205	479	58	186	33	138	164
V206	240	0	284	135	128	80
V207	187	128	643	349	351	149
V208	48	93	191	53	776	127
V209	124	176	214	26	89	167
V210	204	81	29	602	357	104
V211	151	79	572	322	260	124
V212	175	221	116	98	182	203
V213	460	194	51	6	506	292
V214	101	63	174	50	397	84
V215	36	229	109	173	150	195
V216	6	29	7	99	124	27
V217	46	73	472	17	353	80
V218	576	47	268	392	360	201
V219	330	1	343	216	420	118
V220	340	246	220	360	359	249
V221	234	148	130	0	38	166
V222	46	12	0	351	16	29
V223	197	87	26	1342	317	114
V224	263	535	159	12	970	409
V225	341	60	204	121	557	133
V226	24	28	75	9	96	36
V227	11	358	8	98	465	275
V228	5	65	199	34	2	47
V229	173	102	168	40	212	130
V230	33	42	114	334	563	52
V231	160	79	13	7	115	73
V232	9	274	172	36	19	217
V233	35	243	25	90	36	154
V234	30	30	32	499	306	41
V235	86	194	385	14	143	177
V236	172	114	47	70	20	144
V237	461	103	321	161	161	201
V238	65	805	138	205	148	554
V239	27	133	152	355	93	102
V240	20	48	7	63	219	51
V241	153	179	306	118	11	140
V242	187	398	1054	281	85	300
V243	750	48	102	398	47	231
V244	452	252	400	30	247	312
V245	36	133	28	376	138	126
V246	340	43	14	146	32	124
V247	54	58	14	286	94	68
V248	47	251	87	324	81	196
V249	166	112	262	10	6	143
V250	324	232	130	42	0	235
V251	15	589	174	828	246	422
V252	136	82	230	302	13	108
V253	229	97	5	11	709	140
V254	128	16	215	84	383	62
V255	225	204	25	138	781	210
V256	185	484	350	48	7	382
V257	287	482	158	76	63	418
V258	85	699	118	219	358	476
V259	26	93	55	184	37	101
V260	101	159	122	161	73	186
V261	19	125	95	123	192	96
V262	379	399	55	363	305	368
V263	28	454	252	80	22	304
V264	400	2	103	48	48	108
V265	146	325	763	496	50	242
V266	24	109	82	364	17	104
V267	178	620	79	1023	36	447
V268	188	135	115	306	8	151
V269	102	326	202	287	35	276
V270	102	79	74	15	1038	106
V271	666	76	47	80	287	239
V272	545	32	65	200	266	171
V273	312	103	274	253	390	184
V274	125	37	129	16	50	65
V275	63	34	252	354	49	60
V276	135	38	49	51	315	90
V277	364	64	17	337	120	143
V278	54	178	282	165	526	150
V279	344	350	113	121	299	340
V280	60	212	77	72	515	167
V281	180	19	584	52	34	88
V282	83	79	447	1137	47	89
V283	410	185	20	34	185	243
V284	189	83	216	38	445	117
V285	24	103	177	410	29	94
V286	506	45	152	311	75	160
V287	24	179	12	96	51	137
V288	30	400	610	37	96	259
V289	446	123	133	207	250	215
V290	232	112	139	710	213	151
V291	615	44	101	248	298	195
V292	82	330	116	161	53	267
V293	130	167	95	52	1491	178
V294	322	47	117	18	354	123
V295	37	67	14	42	8	83
V296	31	88	462	105	323	120
V297	203	25	357	162	537	89
V298	78	290	171	274	4	221
V299	36	237	1028	53	229	226
V300	120	53	202	38	181	75
V301	10	70	212	264	72	43
V302	65	49	1309	523	488	97
V303	306	118	216	32	129	156
V304	478	397	270	130	199	413
V305	198	147	67	286	363	187
V306	379	122	6	314	95	211
V307	1204	76	217	75	155	337
V308	28	291	134	623	41	226
V309	40	433	124	581	21	297
V310	31	35	280	24	295	47
V311	67	39	389	7	5	48
V312	282	31	155	204	75	103
V313	365	269	96	70	630	314
V314	68	15	77	236	303	54
V315	463	32	173	34	144	130
V316	521	448	12	413	255	426
V317	396	234	167	6	5	292
V318	33	224	138	68	76	166
V319	26	5	64	453	125	42
V320	361	226	291	5	426	247
V321	430	426	479	186	32	435
V322	112	396	17	179	79	304
V323	40	764	13	29	241	576
V324	25	140	203	787	98	128
V325	652	4	200	32	125	193
V326	293	34	604	39	165	100
V327	159	63	680	113	1	79
V328	94	559	186	88	53	394
V329	129	382	23	101	647	305
V330	495	16	389	396	118	137
V331	26	72	129	193	360	80
V332	312	469	18	170	110	381
V333	35	915	140	305	46	635
V334	588	26	216	119	121	178
V335	49	364	514	262	257	315
V336	101	10	70	157	463	54
V337	60	118	260	219	42	87
V338	122	20	90	57	68	56
V339	183	312	92	222	38	259
V340	60	635	354	113	14	443
V341	181	99	276	42	183	182
V342	90	500	155	25	528	350
V343	32	297	654	84	271	238
V344	58	42	79	157	648	79
V345	15	462	9	22	38	313
V346	80	151	3	327	11	122
V347	235	335	299	6	17	304
V348	48	50	292	140	29	58
V349	745	328	46	359	32	376
V350	113	375	921	82	26	304
V351	323	294	74	154	179	286
V352	211	103	71	4	106	111
V353	834	70	400	113	202	251
V354	341	38	468	903	238	120
V355	17	162	41	17	310	124
V356	309	30	8	64	5	107
V357	276	138	33	359	100	152
V358	35	1031	514	218	167	686
V359	10	9	99	269	17	28
V360	86	61	56	35	94	80
V361	31	42	60	341	51	83
V362	16	201	152	282	167	143
V363	119	146	161	82	54	137
V364	124	387	7	28	243	313
V365	144	79	93	353	155	118
V366	161	94	94	321	1097	132
V367	55	282	179	88	93	209
V368	50	732	148	204	144	532
V369	146	335	456	190	264	327
V370	201	343	3	40	172	299
V371	699	353	109	43	167	385
V372	205	23	87	8	210	86
V373	776	137	385	96	28	278
V374	195	155	225	25	196	140
V375	48	45	24	243	184	39
V376	262	372	75	50	369	349
V377	264	34	111	355	148	91
V378	1	210	215	0	80	159
V379	24	86	49	4	77	71
V380	149	313	295	121	110	255
V381	161	555	36	17	133	440
V382	249	267	427	141	472	290
V383	134	121	200	679	19	123
V384	230	150	230	330	40	165
V385	85	182	41	235	104	139
V386	307	98	119	141	84	163
V387	12	1	198	98	274	20
V388	21	436	69	20	109	334
V389	295	134	39	596	93	160
V390	117	498	107	127	407	406
V391	528	4	304	0	32	154
V392	27	171	86	125	420	141
V393	46	130	46	760	0	126
V394	391	47	285	281	415	157
V395	1	166	321	182	35	155
V396	108	46	87	935	331	73
V397	85	39	23	465	97	69
V398	442	403	32	236	169	422
V399	117	222	166	54	190	181
V400	297	20	110	106	280	100
V401	0	32	189	351	76	35
V402	146	59	14	134	64	115
V403	321	186	442	53	787	211
V404	354	19	82	43	65	92
V405	253	394	220	60	456	331
V406	128	230	43	45	352	201
V407	76	77	447	265	85	93
V408	572	354	91	131	104	384
V409	125	329	144	27	145	254
V410	16	933	226	31	304	657
V411	961	49	124	30	106	290
V412	533	375	444	474	175	416
V413	9	36	6	117	9	40
V414	235	0	52	746	3	69
V415	52	104	37	35	362	92
V416	77	107	401	144	14	92
V417	390	70	137	193	24	200
V418	15	456	61	76	9	353
V419	79	142	31	90	301	128
V420	44	26	642	18	328	48
V421	645	13	147	248	12	213
V422	80	72	136	21	146	86
V423	10	283	840	66	33	225
V424	85	96	39	1082	177	131
V425	84	461	41	153	51	321
V426	9	84	34	52	443	84
V427	64	145	147	7	210	109
V428	344	292	17	0	31	285
V429	228	72	20	952	191	125
V430	74	95	368	169	133	82
V431	210	341	45	69	69	290
V432	136	186	214	106	601	202
V433	106	130	155	237	346	121
V434	658	105	217	140	731	284
V435	111	196	211	497	199	168
V436	27	811	144	213	480	589
V437	76	155	256	37	8	159
V438	135	32	578	123	442	122
V439	687	74	25	160	339	242
V440	658	245	143	54	903	341
V441	122	18	152	68	660	57
V442	598	33	11	424	245	171
V443	220	21	291	402	14	81
V444	41	30	27	47	86	30
V445	261	750	237	618	189	574
V446	58	411	29	91	155	296
V447	51	92	163	258	21	83
V448	228	76	249	11	451	138
V449	8	81	297	454	213	82
V450	404	256	66	372	693	289
V451	189	463	4	128	82	375
V452	22	157	74	451	33	124
V453	397	20	239	326	357	142
V454	13	109	64	340	100	80
V455	105	111	21	272	25	114
V456	24	268	146	655	159	188
V457	36	122	201	8	178	92
V458	98	150	470	9	70	167
V459	9	297	146	890	101	243
V460	526	270	283	156	386	347
V461	99	550	890	34	1	448
V462	48	378	386	33	123	324
V463	68	159	40	343	16	122
V464	30	92	198	229	125	70
V465	350	305	121	403	148	293
V466	329	113	164	167	372	177
V467	138	450	351	24	95	335
V468	156	101	132	12	343	163
V469	273	218	648	579	57	232
V470	233	24	64	425	48	73
V471	30	215	45	78	68	168
V472	445	224	343	320	154	257
V473	445	156	191	255	64	207
V474	635	123	219	23	436	251
V475	262	90	145	278	799	180
V476	545	76	785	3	93	240
V477	9	161	103	297	84	130
V478	96	196	235	188	154	162
V479	107	250	211	70	3	187
V480	39	21	123	23	297	64
V481	0	449	28	28	444	306
V482	721	1	336	61	285	193
V483	332	183	61	135	38	187
V484	45	259	314	80	408	203
V485	154	101	21	116	232	104
V486	264	218	179	31	54	256
V487	143	210	52	100	824	194
V488	85	11	137	39	287	51
V489	23	718	76	279	7	499
V490	59	384	223	569	48	307
V491	1	105	451	34	303	93
V492	384	663	222	161	212	553
V493	34	51	173	181	127	82
V494	53	231	510	251	416	173
V495	204	692	59	109	502	537
V496	248	474	97	36	268	366
V497	252	350	497	907	528	303
V498	49	18	584	122	149	47
V499	57	518	27	122	99	405
V500	127	1204	147	9	125	853
