Source001	Source002	Source003	Source004	Source005	Sink
V1	127	150	89	74	311	151
V2	13	73	166	366	167	41
V3	6	62	41	109	745	38
V4	164	202	93	144	58	181
V5	269	148	87	34	128	241
V6	203	234	1	68	189	190
V7	561	107	228	279	48	419
V8	114	153	108	304	196	119
V9	53	96	32	148	181	63
V10	117	319	165	437	90	182
V11	99	398	13	66	71	163
V12	123	224	48	15	197	153
V13	408	699	630	195	10	471
V14	390	216	148	319	358	308
V15	149	111	24	491	204	128
V16	85	566	117	33	18	208
V17	47	373	42	99	170	111
V18	248	442	6	93	110	259
V19	75	268	50	72	96	111
V20	40	227	158	79	52	83
V21	208	33	26	140	44	151
V22	88	125	62	315	17	98
V23	115	37	37	94	65	85
V24	363	159	20	179	90	277
V25	244	201	170	220	77	243
V26	197	29	13	83	118	166
V27	254	313	62	245	451	256
V28	193	627	576	5	278	298
V29	64	132	414	18	240	114
V30	621	63	109	39	41	428
V31	117	84	318	692	87	148
V32	36	379	471	26	630	157
V33	834	35	308	300	111	582
V34	18	239	260	4	43	74
V35	5	93	151	77	313	45
V36	691	162	302	180	14	544
V37	32	49	145	144	1	51
V38	67	36	239	7	70	60
V39	51	74	205	69	54	71
V40	81	178	411	147	119	126
V41	446	56	66	35	363	287
V42	93	831	723	81	67	285
V43	66	73	577	141	93	96
V44	75	733	111	573	136	245
V45	247	132	213	119	431	222
V46	266	328	228	391	13	289
V47	70	132	259	174	70	84
V48	72	113	347	123	6	86
V49	249	245	134	293	1268	272
V50	112	268	55	8	300	146
V51	257	29	524	116	56	221
V52	190	426	416	135	84	242
V53	51	356	129	186	133	122
V54	148	31	433	355	267	153
V55	407	125	52	697	74	298
V56	278	98	174	47	607	214
V57	296	362	18	46	1	317
V58	849	124	24	73	190	568
V59	44	118	70	350	96	93
V60	192	223	890	293	80	235
V61	143	17	235	267	186	120
V62	193	237	144	322	125	192
V63	28	370	262	101	80	125
V64	181	83	129	35	247	133
V65	134	44	43	522	275	103
V66	335	341	47	139	356	313
V67	282	394	409	98	101	310
V68	149	50	189	30	114	114
V69	55	120	40	142	304	87
V70	152	53	194	165	286	142
V71	94	273	29	71	479	155
V72	191	38	216	10	61	139
V73	131	272	222	179	295	174
V74	370	47	265	171	2	291
V75	5	64	219	288	263	48
V76	5	144	128	144	523	51
V77	222	100	184	249	33	208
V78	59	111	204	441	242	105
V79	77	19	203	276	71	74
V80	22	215	30	83	219	66
V81	136	42	69	193	53	100
V82	903	14	94	286	186	647
V83	294	40	804	334	188	282
V84	74	302	234	200	237	149
V85	239	318	442	69	445	253
V86	24	293	8	135	87	99
V87	44	37	230	478	486	70
V88	237	69	103	4	791	175
V89	55	253	696	171	145	145
V90	100	868	69	201	278	267
V91	150	122	12	10	90	151
V92	11	520	32	166	161	132
V93	168	43	126	60	260	151
V94	77	46	576	189	7	104
V95	145	573	93	46	371	247
V96	193	106	639	195	185	191
V97	20	7	116	2	211	25
V98	365	281	120	46	101	323
V99	15	252	204	160	117	102
V100	215	334	141	127	62	233
V101	39	112	109	81	85	63
V102	93	110	154	85	364	85
V103	175	182	90	68	51	171
V104	463	321	614	52	37	415
V105	263	21	52	140	337	185
V106	839	628	383	151	32	757
V107	140	213	130	728	129	183
V108	26	62	464	384	119	77
V109	310	284	149	181	332	269
V110	255	308	48	198	371	270
V111	45	100	651	74	522	117
V112	430	32	241	496	284	319
V113	192	352	73	22	342	235
V114	22	186	80	28	212	69
V115	116	278	242	403	647	168
V116	237	123	651	238	585	225
V117	31	104	277	675	815	90
V118	55	121	396	137	78	90
V119	104	42	70	55	57	78
V120	411	41	350	218	156	301
V121	464	41	422	47	183	360
V122	217	140	162	424	271	198
V123	6	48	122	89	69	25
V124	320	20	203	237	246	215
V125	230	132	1233	266	498	241
V126	240	102	19	331	160	206
V127	12	183	48	37	129	78
V128	165	414	437	213	463	275
V129	33	390	383	84	189	137
V130	65	54	30	181	7	69
V131	463	0	637	568	40	394
V132	333	44	125	9	42	236
V133	0	610	197	406	253	166
V134	186	253	20	45	22	211
V135	141	26	111	50	872	123
V136	371	525	167	271	263	385
V137	363	179	107	55	454	300
V138	258	41	105	51	70	180
V139	215	550	23	152	183	289
V140	54	256	503	262	433	135
V141	155	311	282	472	12	191
V142	196	79	256	19	425	163
V143	607	87	124	147	68	454
V144	329	4	537	63	122	284
V145	427	35	89	136	346	293
V146	6	277	4	167	494	80
V147	69	45	2	60	201	66
V148	231	169	206	34	217	213
V149	139	951	1	153	71	328
V150	280	247	172	504	305	300
V151	47	227	0	44	162	70
V152	341	545	29	128	126	368
V153	569	636	115	112	502	570
V154	134	56	942	204	75	175
V155	128	438	395	254	150	242
V156	28	447	189	71	6	143
V157	157	17	153	441	53	129
V158	134	33	157	209	168	139
V159	63	328	51	22	586	115
V160	24	21	32	4	131	18
V161	216	273	161	303	58	220
V162	607	182	231	203	290	432
V163	324	20	126	136	12	238
V164	26	133	598	59	133	91
V165	551	39	91	525	83	380
V166	166	204	208	171	69	188
V167	67	202	166	104	6	109
V168	203	99	654	82	457	204
V169	180	6	121	981	12	160
V170	378	34	227	220	224	257
V171	440	481	284	44	459	415
V172	107	90	141	500	485	131
V173	4	12	168	183	356	28
V174	62	3	88	119	192	64
V175	211	89	108	97	154	166
V176	139	369	27	403	302	185
V177	918	64	165	70	35	612
V178	70	116	61	236	422	89
V179	683	97	91	208	638	475
V180	67	412	731	32	210	205
V181	10	279	387	122	54	95
V182	160	590	89	67	766	246
V183	438	85	239	388	27	342
V184	30	765	170	639	48	238
V185	37	180	59	53	140	73
V186	140	402	1	315	10	185
V187	265	9	5	1	19	167
V188	177	145	98	77	65	165
V189	46	189	54	301	52	90
V190	204	75	279	128	592	179
V191	278	9	118	17	116	207
V192	74	249	44	336	157	133
V193	41	47	113	497	71	73
V194	165	379	76	26	11	194
V195	110	81	39	24	2	91
V196	93	23	211	221	152	82
V197	186	176	72	306	49	178
V198	44	320	124	99	34	121
V199	352	146	301	78	32	282
V200	52	325	138	340	480	118
V201	259	45	129	923	14	199
V202	559	181	239	704	4	450
V203	209	42	217	40	76	172
V204	115	178	492	846	445	168
V205	201	161	560	216	200	234
V206	42	946	164	233	220	258
V207	168	171	558	623	5	190
V208	613	359	7	11	20	481
V209	727	116	29	26	211	514
V210	213	65	38	479	49	166
V211	279	26	1637	75	167	304
V212	2	171	68	388	251	55
V213	574	425	364	122	193	497
V214	275	60	81	193	95	234
V215	2	91	453	46	74	56
V216	32	80	34	17	211	44
V217	619	164	218	146	30	493
V218	306	100	356	378	74	281
V219	86	169	72	188	127	99
V220	77	3	232	274	314	80
V221	209	140	162	209	20	175
V222	69	382	183	366	0	141
V223	44	32	233	123	462	64
V224	67	554	101	114	492	196
V225	218	242	396	518	85	236
V226	105	56	27	47	180	96
V227	681	447	242	183	156	583
V228	221	145	29	148	224	213
V229	41	264	9	40	170	93
V230	254	303	83	66	63	214
V231	258	354	174	262	43	258
V232	257	34	385	270	305	230
V233	121	812	202	741	491	291
V234	244	189	105	265	384	231
V235	38	118	219	93	103	80
V236	502	27	284	48	22	342
V237	129	583	109	265	182	215
V238	79	0	206	83	127	75
V239	20	13	57	786	528	45
V240	72	321	49	351	89	141
V241	633	240	42	122	186	489
V242	444	32	15	290	71	305
V243	98	238	236	12	122	133
V244	132	179	100	7	13	131
V245	70	160	259	128	147	109
V246	539	237	186	287	356	439
V247	184	106	250	29	336	189
V248	31	81	333	133	42	56
V249	321	327	1	65	128	295
V250	90	46	6	345	739	76
V251	60	5	24	347	205	48
V252	1422	352	45	374	780	1054
V253	313	426	30	8	223	322
V254	4	18	423	428	234	54
V255	350	540	243	41	336	386
V256	276	170	93	149	50	242
V257	530	439	361	30	181	493
V258	141	48	167	169	2	102
V259	198	213	197	204	164	182
V260	50	274	31	173	46	99
V261	165	76	412	820	116	184
V262	201	234	53	343	170	200
V263	99	304	201	527	83	153
V264	1015	473	102	270	159	796
V265	1	247	3	80	88	60
V266	501	73	259	106	85	371
V267	19	108	226	83	673	59
V268	618	222	78	17	421	454
V269	289	12	120	205	144	206
V270	0	47	269	231	164	31
V271	278	16	114	274	221	181
V272	785	88	356	10	235	607
V273	136	119	7	352	106	121
V274	313	16	235	132	371	229
V275	140	43	367	85	46	125
V276	52	247	224	322	209	130
V277	133	3	445	5	17	122
V278	158	39	48	91	99	87
V279	154	276	49	12	189	167
V280	290	257	62	140	71	275
V281	488	382	72	671	239	405
V282	77	170	273	687	37	116
V283	205	64	743	108	740	214
V284	317	102	33	69	31	242
V285	27	243	16	227	267	88
V286	41	371	22	338	4	120
V287	141	208	227	19	194	156
V288	652	36	387	590	376	503
V289	334	547	16	47	450	352
V290	132	181	48	851	36	148
V291	65	497	231	22	6	170
V292	654	271	60	565	409	529
V293	565	274	175	33	507	473
V294	75	169	6	131	172	102
V295	233	105	39	17	165	179
V296	229	81	261	137	53	179
V297	528	52	233	143	156	408
V298	45	7	12	118	488	31
V299	109	43	193	454	346	113
V300	404	73	29	77	493	293
V301	366	13	203	28	128	249
V302	86	154	629	107	183	127
V303	23	574	47	274	63	172
V304	35	47	308	106	50	60
V305	499	151	101	473	439	395
V306	18	51	8	205	101	42
V307	4	7	21	1	95	5
V308	8	218	62	168	468	64
V309	175	185	58	403	220	165
V310	93	598	48	297	224	220
V311	323	188	93	76	117	254
V312	197	365	418	132	348	244
V313	117	578	181	51	2	219
V314	119	168	85	166	59	116
V315	53	34	109	131	21	60
V316	423	142	124	67	47	352
V317	240	122	338	80	342	210
V318	16	70	14	388	181	44
V319	472	49	36	806	308	368
V320	622	15	222	25	170	432
V321	749	60	26	29	551	533
V322	176	305	9	30	4	188
V323	35	116	235	111	401	70
V324	278	164	39	68	374	222
V325	96	36	289	76	182	84
V326	127	103	89	16	24	102
V327	326	20	596	468	16	291
V328	119	496	1390	200	91	284
V329	70	309	354	140	151	141
V330	279	62	389	439	31	248
V331	85	367	12	160	22	150
V332	29	17	315	51	6	35
V333	84	379	2	544	1158	178
V334	326	76	25	47	198	249
V335	109	368	298	41	741	173
V336	1	144	75	8	114	42
V337	225	275	43	243	390	220
V338	215	74	196	126	395	171
V339	37	48	293	195	16	51
V340	441	200	195	150	195	370
V341	19	17	55	218	209	20
V342	272	70	160	161	49	213
V343	129	125	173	35	47	140
V344	52	449	678	24	176	194
V345	11	226	71	4	61	64
V346	176	571	103	80	581	241
V347	210	59	43	275	94	162
V348	70	184	532	34	75	176
V349	124	108	444	349	367	145
V350	13	425	617	28	468	154
V351	147	457	296	120	21	204
V352	137	1288	93	210	267	422
V353	184	40	481	99	114	155
V354	558	71	303	285	27	447
V355	98	26	142	152	1	85
V356	510	87	293	20	120	388
V357	261	9	137	21	78	163
V358	114	99	67	69	8	104
V359	15	431	144	213	138	131
V360	111	176	145	449	19	127
V361	44	155	186	736	330	104
V362	20	137	0	434	35	54
V363	132	143	23	14	309	126
V364	96	22	186	61	226	98
V365	173	835	9	13	89	327
V366	101	233	434	64	8	150
V367	836	78	19	260	103	586
V368	54	26	257	550	380	67
V369	294	65	134	47	102	243
V370	171	272	447	16	76	214
V371	65	105	46	18	68	80
V372	17	70	36	38	566	38
V373	123	512	191	535	47	229
V374	315	75	69	213	245	243
V375	216	82	132	85	126	162
V376	440	40	125	261	16	319
V377	360	172	326	614	116	343
V378	137	57	181	45	215	129
V379	130	2	56	216	39	87
V380	58	72	77	372	244	67
V381	92	74	364	135	209	117
V382	223	423	584	734	107	340
V383	501	710	277	301	48	552
V384	336	41	181	36	43	242
V385	231	33	224	52	89	191
V386	76	248	120	13	16	116
V387	5	120	67	53	177	42
V388	92	289	132	382	41	135
V389	18	78	47	79	62	38
V390	112	237	190	229	426	140
V391	40	318	28	19	12	99
V392	3	538	516	76	238	159
V393	7	120	117	114	417	46
V394	249	779	25	107	132	364
V395	437	117	61	200	116	334
V396	72	106	2	212	90	71
V397	360	93	270	477	87	296
V398	594	101	147	234	203	426
V399	198	33	388	119	40	185
V400	70	83	109	247	130	84
V401	294	125	106	341	546	239
V402	73	123	404	418	111	98
V403	2	182	69	288	4	59
V404	3	11	193	69	238	21
V405	99	102	297	23	4	106
V406	14	43	443	376	717	76
V407	32	327	118	35	38	118
V408	459	158	264	126	213	353
V409	183	119	111	94	341	171
V410	11	248	96	228	375	80
V411	457	282	166	525	56	398
V412	27	67	102	5	31	38
V413	149	231	109	129	343	185
V414	373	52	16	44	316	217
V415	65	155	180	206	361	99
V416	89	644	374	3	446	272
V417	71	293	87	242	106	130
V418	121	20	404	148	79	119
V419	2	76	117	121	257	37
V420	306	33	104	21	382	224
V421	174	235	85	378	28	178
V422	191	10	249	66	176	157
V423	96	45	305	44	46	91
V424	221	8	171	18	106	175
V425	240	457	236	60	14	285
V426	608	205	0	275	224	456
V427	157	150	131	133	402	168
V428	215	20	1	48	57	132
V429	52	158	89	173	28	73
V430	91	375	213	230	378	136
V431	104	169	101	358	31	109
V432	97	97	45	476	111	124
V433	100	43	267	110	301	104
V434	186	73	23	143	382	144
V435	40	99	82	362	120	66
V436	344	184	326	886	768	314
V437	405	8	63	38	99	286
V438	84	329	481	55	401	210
V439	33	521	6	259	251	167
V440	458	35	373	57	413	351
V441	784	95	109	35	21	566
V442	70	474	150	136	63	160
V443	529	30	20	118	47	349
V444	231	179	2	132	95	202
V445	177	680	212	478	462	306
V446	7	173	456	156	428	87
V447	14	213	141	76	192	68
V448	8	242	221	228	167	80
V449	97	13	119	532	81	93
V450	68	73	245	506	662	106
V451	138	12	205	181	8	110
V452	94	153	74	154	25	105
V453	110	921	97	93	343	282
V454	43	343	432	51	10	133
V455	159	264	103	98	185	180
V456	42	269	268	234	230	128
V457	186	280	123	263	8	201
V458	2	84	474	613	91	67
V459	332	1	9	94	77	244
V460	127	63	186	43	61	101
V461	67	162	63	16	45	78
V462	4	39	303	18	66	22
V463	52	110	132	533	330	90
V464	211	56	216	272	130	198
V465	244	108	43	275	150	217
V466	308	157	89	154	7	257
V467	1207	70	523	435	51	895
V468	144	306	5	222	136	204
V469	98	25	813	9	151	128
V470	64	155	310	12	25	106
V471	272	172	23	61	304	224
V472	57	107	236	307	81	90
V473	127	21	17	7	369	95
V474	39	458	495	214	45	194
V475	3	89	31	367	103	33
V476	170	141	252	46	55	159
V477	149	93	216	46	23	143
V478	107	310	94	401	144	166
V479	85	205	101	75	238	109
V480	6	237	21	153	248	70
V481	17	121	9	102	152	43
V482	156	460	755	648	1329	303
V483	304	185	473	56	273	273
V484	82	294	432	125	13	140
V485	249	52	446	93	20	223
V486	1	226	291	351	156	95
V487	41	503	255	482	65	197
V488	218	887	261	640	124	408
V489	328	725	277	169	77	439
V490	497	58	484	55	26	378
V491	175	24	228	575	315	163
V492	47	133	114	3	1271	67
V493	192	54	187	609	21	165
V494	244	304	219	196	313	268
V495	259	787	15	6	251	351
V496	55	281	88	120	15	135
V497	336	123	60	164	341	266
V498	10	92	50	60	143	35
V499	32	361	286	67	408	125
V500	164	150	213	142	98	155
