Source001	Source002	Source003	Source004	Source005	Sink
V1	65	286	151	113	342	170
V2	234	969	235	126	359	554
V3	93	53	190	115	472	106
V4	186	228	1028	26	470	242
V5	727	292	191	31	11	494
V6	6	384	576	476	216	195
V7	169	289	55	65	52	214
V8	256	124	19	14	48	192
V9	524	63	294	37	479	326
V10	193	31	386	166	106	110
V11	130	352	67	166	54	244
V12	75	97	135	95	48	83
V13	95	143	422	865	66	138
V14	207	25	200	14	33	149
V15	180	27	495	101	132	98
V16	115	237	138	128	165	152
V17	181	474	38	2	67	287
V18	128	25	620	135	92	77
V19	474	183	385	263	341	325
V20	3	66	318	194	113	32
V21	26	182	161	360	118	109
V22	232	317	117	74	426	307
V23	193	65	392	121	46	123
V24	291	114	189	87	67	195
V25	185	31	354	34	214	110
V26	71	324	147	272	419	197
V27	121	12	252	116	169	74
V28	5	61	111	292	115	46
V29	9	171	169	253	668	133
V30	86	285	102	52	263	180
V31	445	422	809	167	128	391
V32	102	144	142	349	39	132
V33	18	6	587	321	165	36
V34	501	284	28	163	806	398
V35	672	123	353	87	778	438
V36	500	2	231	192	32	240
V37	117	317	25	202	366	200
V38	49	144	119	32	34	98
V39	16	233	67	1	189	138
V40	17	45	294	81	91	42
V41	194	11	93	23	159	95
V42	219	55	873	231	3	143
V43	148	354	162	1	502	238
V44	386	289	80	456	619	353
V45	737	560	199	171	49	625
V46	344	147	75	173	42	232
V47	297	39	255	158	73	187
V48	130	90	365	368	825	148
V49	138	726	18	55	367	449
V50	9	127	436	419	60	55
V51	322	57	170	138	81	181
V52	467	122	100	109	299	285
V53	103	211	113	243	235	160
V54	217	229	203	84	259	218
V55	704	476	247	222	57	542
V56	472	12	12	388	219	228
V57	86	49	144	6	37	58
V58	69	381	487	254	9	232
V59	16	18	59	698	96	36
V60	2	50	9	645	210	56
V61	230	12	93	611	57	131
V62	7	152	298	40	22	96
V63	977	47	129	134	7	504
V64	322	402	191	118	32	320
V65	326	72	49	103	118	189
V66	215	182	184	83	376	197
V67	35	143	88	69	193	87
V68	158	182	671	191	118	168
V69	86	128	10	275	379	157
V70	28	144	520	252	851	143
V71	47	39	57	57	392	68
V72	512	185	130	428	1	316
V73	124	15	191	279	67	88
V74	275	71	33	327	198	196
V75	9	292	151	146	81	175
V76	565	566	134	342	82	565
V77	141	19	86	172	682	120
V78	321	80	301	140	7	209
V79	354	68	196	0	237	201
V80	44	12	75	253	65	47
V81	42	5	111	20	55	35
V82	76	248	128	218	177	160
V83	116	733	430	15	607	436
V84	8	83	85	60	58	40
V85	5	110	350	89	159	50
V86	6	490	194	286	409	217
V87	211	5	256	191	195	146
V88	51	846	67	0	70	373
V89	297	394	17	98	250	317
V90	220	76	202	127	351	166
V91	71	309	24	127	117	181
V92	427	190	94	2	259	302
V93	60	1069	107	364	14	490
V94	257	72	48	16	248	156
V95	138	252	478	740	45	165
V96	1018	416	225	815	243	679
V97	20	267	332	173	47	145
V98	37	295	34	89	165	158
V99	472	111	110	260	245	281
V100	7	391	344	13	131	175
V101	303	83	132	360	11	186
V102	213	180	48	172	210	203
V103	2	331	163	601	131	180
V104	206	52	322	96	189	127
V105	24	199	95	588	122	129
V106	2	113	514	62	69	66
V107	158	96	240	208	62	132
V108	421	8	140	114	107	196
V109	3	161	157	709	17	65
V110	223	259	436	7	26	217
V111	340	39	71	457	235	176
V112	271	67	388	20	82	169
V113	60	141	426	103	3	93
V114	153	212	90	75	84	185
V115	39	204	57	375	36	128
V116	9	210	118	148	644	115
V117	53	183	457	223	23	157
V118	139	4	117	5	293	100
V119	63	50	15	430	198	68
V120	222	286	9	535	268	272
V121	90	39	106	493	38	63
V122	201	541	19	151	208	336
V123	1	65	280	91	54	44
V124	459	133	17	91	81	269
V125	87	32	304	839	62	71
V126	324	280	107	123	76	263
V127	1	254	206	61	69	138
V128	114	628	121	99	35	295
V129	198	153	303	101	487	185
V130	257	123	92	70	101	177
V131	29	16	175	200	232	40
V132	251	52	12	256	80	160
V133	255	25	26	17	122	144
V134	532	73	28	120	113	310
V135	160	63	324	5	160	111
V136	564	66	30	30	550	334
V137	420	29	59	179	21	212
V138	11	94	108	221	647	84
V139	302	1235	26	71	682	727
V140	125	46	108	127	12	95
V141	164	342	213	340	707	307
V142	441	307	22	305	202	352
V143	1198	289	94	238	137	682
V144	189	411	83	150	208	306
V145	1096	5	368	12	21	519
V146	135	178	1032	73	112	144
V147	116	316	376	32	463	227
V148	310	148	14	96	64	218
V149	96	347	371	869	24	211
V150	358	12	103	13	79	182
V151	88	224	229	9	111	151
V152	67	109	323	130	13	81
V153	317	43	6	107	80	169
V154	33	367	42	100	99	181
V155	17	473	131	132	191	230
V156	269	52	626	67	273	162
V157	511	257	493	286	123	352
V158	43	205	55	26	341	132
V159	0	236	53	86	99	118
V160	525	365	113	351	522	419
V161	324	274	315	51	3	275
V162	180	336	69	197	446	248
V163	80	26	3	233	46	52
V164	325	346	79	342	64	337
V165	260	26	2	15	194	190
V166	82	77	258	201	23	69
V167	62	22	251	226	375	63
V168	158	136	69	161	137	162
V169	485	143	117	301	101	295
V170	104	532	64	906	64	293
V171	25	229	71	28	274	106
V172	68	109	144	66	74	101
V173	279	445	118	47	94	361
V174	418	70	161	266	554	247
V175	47	94	6	282	157	85
V176	41	5	490	314	98	32
V177	130	100	205	143	62	102
V178	342	72	13	182	190	203
V179	511	225	84	74	399	348
V180	475	481	247	98	106	451
V181	9	334	9	170	48	168
V182	125	220	122	136	194	188
V183	300	43	28	31	153	193
V184	574	44	318	22	136	306
V185	14	148	132	320	1	101
V186	121	290	196	270	180	209
V187	126	7	33	27	168	76
V188	70	246	165	465	385	164
V189	349	93	2	316	538	280
V190	34	265	96	510	787	185
V191	246	553	709	450	225	337
V192	198	125	63	89	1	175
V193	267	569	50	18	144	373
V194	79	247	225	52	191	172
V195	275	272	34	172	0	243
V196	27	545	32	256	8	242
V197	58	43	219	367	74	73
V198	328	236	140	86	80	282
V199	473	187	90	58	33	300
V200	44	4	38	267	8	35
V201	321	26	42	441	55	181
V202	440	5	244	386	359	240
V203	115	22	206	359	505	95
V204	25	102	200	5	39	75
V205	269	224	241	294	64	234
V206	47	13	427	38	26	38
V207	270	2	16	138	55	138
V208	104	22	49	470	574	89
V209	83	129	151	113	285	122
V210	33	262	219	259	815	170
V211	48	128	141	57	81	77
V212	25	253	106	37	43	122
V213	318	20	63	557	82	165
V214	544	248	562	69	147	364
V215	434	36	374	37	111	199
V216	517	242	14	188	154	341
V217	140	14	537	122	102	85
V218	183	35	367	402	13	110
V219	299	422	89	41	124	337
V220	28	769	318	35	640	375
V221	424	151	47	0	168	292
V222	87	658	38	350	47	362
V223	1003	222	22	134	135	563
V224	86	180	243	272	830	196
V225	151	528	154	84	200	286
V226	34	90	90	871	625	125
V227	610	2	739	28	128	299
V228	30	279	156	137	168	154
V229	346	571	955	10	7	469
V230	184	398	466	117	63	264
V231	204	1092	162	56	10	624
V232	189	114	26	107	264	153
V233	47	342	79	92	167	181
V234	390	338	51	50	122	312
V235	115	35	86	18	7	75
V236	270	79	185	311	120	177
V237	170	275	1175	238	335	238
V238	163	269	105	77	199	202
V239	20	193	200	59	31	103
V240	32	438	141	58	204	227
V241	648	37	27	232	128	335
V242	13	64	59	5	26	44
V243	121	45	50	10	232	94
V244	136	38	66	36	177	92
V245	468	86	19	371	322	285
V246	25	305	243	127	279	169
V247	4	452	96	165	10	216
V248	15	50	366	203	15	39
V249	31	218	304	5	196	137
V250	34	18	105	308	150	58
V251	414	135	718	46	18	267
V252	172	292	84	83	12	219
V253	257	283	516	759	179	273
V254	166	273	20	15	28	201
V255	115	44	165	338	49	88
V256	339	119	424	241	96	265
V257	62	300	90	51	332	165
V258	22	50	538	12	44	45
V259	20	482	75	108	111	237
V260	225	138	6	26	93	175
V261	151	270	144	16	305	212
V262	250	152	169	201	109	189
V263	252	177	47	261	43	199
V264	456	251	319	166	412	331
V265	291	131	106	160	295	206
V266	267	247	106	59	357	292
V267	149	111	277	366	106	143
V268	155	198	23	53	1099	270
V269	53	115	525	24	237	78
V270	162	135	99	218	524	184
V271	269	67	320	225	194	152
V272	124	244	80	176	45	173
V273	470	139	119	523	89	320
V274	164	353	164	194	217	248
V275	412	426	61	174	29	414
V276	130	40	74	195	154	88
V277	149	71	136	24	254	131
V278	258	22	32	387	69	153
V279	515	308	260	3	248	431
V280	40	7	37	135	275	45
V281	13	163	352	29	24	85
V282	14	20	55	495	10	23
V283	119	78	66	114	121	126
V284	371	560	25	11	40	414
V285	93	5	353	33	16	67
V286	64	771	482	342	91	386
V287	394	74	38	2	144	222
V288	149	206	292	287	11	178
V289	54	184	1391	66	53	132
V290	159	308	204	192	21	214
V291	70	193	145	4	60	118
V292	191	351	220	331	103	239
V293	416	101	37	487	277	270
V294	424	326	92	734	69	339
V295	118	116	69	47	661	167
V296	234	148	495	87	21	198
V297	7	60	91	194	75	30
V298	314	131	226	104	303	256
V299	88	109	129	119	196	110
V300	86	85	372	91	229	102
V301	268	89	116	446	136	194
V302	264	241	0	149	77	222
V303	259	50	487	624	212	173
V304	314	38	17	66	934	229
V305	68	232	383	138	408	154
V306	162	74	712	176	290	153
V307	221	33	180	289	29	113
V308	39	260	67	70	289	156
V309	1070	397	506	155	17	711
V310	125	4	78	43	607	80
V311	84	68	2	136	88	73
V312	89	91	137	283	53	83
V313	26	2	158	123	285	33
V314	3	144	39	586	452	113
V315	52	117	251	28	40	88
V316	201	132	55	26	10	174
V317	25	11	490	77	0	34
V318	125	42	48	231	1087	137
V319	49	266	50	522	230	164
V320	105	165	8	332	13	124
V321	273	146	323	493	333	236
V322	125	190	1	93	293	144
V323	101	93	185	176	105	121
V324	218	64	231	84	248	151
V325	45	36	5	13	81	39
V326	376	129	72	734	44	258
V327	304	514	151	110	115	410
V328	67	253	2	238	26	158
V329	13	146	57	80	8	91
V330	232	96	113	83	285	182
V331	96	35	311	119	301	96
V332	441	118	443	285	128	319
V333	54	290	259	75	305	185
V334	179	695	53	352	786	418
V335	87	182	248	70	242	139
V336	15	332	37	233	171	153
V337	8	66	28	187	14	54
V338	871	376	286	266	46	606
V339	340	125	326	80	284	242
V340	267	539	80	285	340	380
V341	102	216	663	22	0	155
V342	43	591	221	97	67	271
V343	313	190	10	11	117	233
V344	229	20	71	83	157	115
V345	8	22	117	14	260	23
V346	60	656	219	101	384	319
V347	242	110	12	504	21	181
V348	33	137	262	97	985	115
V349	256	743	351	50	139	469
V350	182	55	18	123	1	114
V351	15	63	76	297	414	58
V352	48	12	44	432	142	49
V353	34	46	460	11	126	45
V354	210	20	171	378	265	140
V355	139	100	173	410	41	101
V356	13	188	4	101	166	96
V357	89	284	52	52	48	162
V358	111	140	345	52	93	104
V359	71	133	71	170	347	139
V360	21	161	366	21	82	66
V361	119	327	20	100	266	211
V362	191	152	333	119	76	172
V363	1	376	28	297	159	186
V364	590	29	552	657	74	294
V365	96	554	403	512	229	324
V366	183	579	179	27	310	400
V367	205	364	51	107	192	254
V368	278	293	40	985	388	309
V369	0	946	73	38	70	412
V370	369	85	63	19	288	217
V371	161	78	134	976	117	125
V372	693	85	278	238	246	374
V373	4	1	58	101	361	27
V374	36	192	157	31	76	100
V375	46	163	58	405	91	109
V376	249	243	0	309	378	240
V377	120	138	130	10	18	129
V378	78	49	34	316	159	70
V379	228	146	783	222	358	215
V380	55	174	40	16	820	174
V381	472	59	45	7	59	294
V382	656	47	65	238	399	340
V383	88	448	585	289	49	258
V384	272	329	27	52	205	311
V385	184	8	58	189	1	86
V386	179	214	71	43	93	200
V387	1001	412	201	11	140	642
V388	109	182	5	52	592	155
V389	195	290	323	350	331	255
V390	10	59	528	9	104	43
V391	240	414	17	704	96	306
V392	0	115	377	194	266	68
V393	130	461	90	56	475	304
V394	97	122	149	303	229	110
V395	42	105	526	198	190	88
V396	75	187	48	64	109	116
V397	178	115	40	213	160	160
V398	143	135	71	29	27	141
V399	143	152	122	95	152	143
V400	506	232	317	344	61	349
V401	527	98	99	5	292	306
V402	280	170	361	58	87	243
V403	340	137	32	98	159	232
V404	38	866	58	105	365	423
V405	226	62	22	67	45	146
V406	65	199	377	86	50	126
V407	554	222	31	136	64	403
V408	212	335	0	239	145	272
V409	43	90	244	15	522	101
V410	78	194	52	66	172	108
V411	355	88	674	7	89	221
V412	355	2	112	53	84	175
V413	11	344	97	70	404	184
V414	4	56	138	465	283	65
V415	239	10	188	22	81	119
V416	33	9	67	515	25	36
V417	174	118	239	492	87	160
V418	67	56	31	358	260	92
V419	252	11	390	360	420	145
V420	332	19	275	49	25	161
V421	585	280	140	119	606	450
V422	122	21	187	415	288	92
V423	94	147	94	268	119	134
V424	59	84	150	149	492	111
V425	191	190	16	311	329	217
V426	62	443	333	122	131	195
V427	12	22	191	471	65	44
V428	2	96	45	110	350	69
V429	28	176	62	538	755	158
V430	440	11	321	57	434	274
V431	73	135	197	138	44	100
V432	39	295	64	286	11	152
V433	152	21	135	7	514	104
V434	483	92	281	161	10	302
V435	157	100	543	80	74	137
V436	28	651	33	187	117	296
V437	65	32	179	370	59	63
V438	235	8	413	53	155	121
V439	134	502	149	69	70	268
V440	141	35	323	202	435	118
V441	72	95	220	516	200	83
V442	714	259	250	399	294	489
V443	85	870	90	6	140	420
V444	238	28	242	151	109	150
V445	194	462	506	110	105	284
V446	56	0	42	84	21	37
V447	336	109	182	669	32	205
V448	28	283	235	1027	549	180
V449	734	1087	226	434	594	888
V450	36	189	65	314	71	114
V451	879	66	244	9	220	460
V452	466	242	207	89	65	339
V453	120	56	775	158	388	139
V454	32	61	361	56	965	99
V455	269	172	117	108	285	216
V456	4	604	105	97	11	261
V457	137	310	362	94	72	211
V458	282	78	17	242	804	216
V459	562	16	48	690	327	285
V460	6	69	180	142	112	28
V461	395	24	158	311	200	253
V462	227	185	223	72	111	230
V463	286	112	387	893	84	199
V464	126	274	229	796	90	195
V465	8	417	94	288	277	198
V466	43	82	18	178	146	73
V467	10	97	325	1	476	75
V468	101	97	79	260	331	113
V469	179	86	228	38	236	135
V470	61	20	903	474	136	58
V471	416	377	64	71	42	381
V472	61	219	58	912	11	145
V473	135	34	0	65	240	95
V474	300	81	180	13	291	208
V475	205	359	267	365	37	263
V476	106	79	189	417	663	113
V477	151	262	654	67	183	194
V478	144	11	153	54	86	85
V479	332	45	309	248	55	195
V480	545	271	986	235	124	366
V481	17	310	234	59	441	152
V482	194	60	65	147	101	139
V483	28	397	64	465	145	206
V484	28	251	440	614	360	159
V485	126	698	266	10	178	373
V486	108	505	206	377	13	260
V487	70	496	240	284	134	251
V488	33	181	36	18	321	96
V489	88	63	626	41	62	91
V490	64	337	148	213	143	191
V491	130	69	2	250	700	104
V492	36	59	206	78	164	55
V493	314	89	199	464	433	246
V494	48	190	28	43	106	129
V495	493	579	71	238	11	488
V496	87	94	823	312	48	94
V497	166	44	27	118	60	131
V498	95	93	94	70	68	119
V499	285	68	587	41	20	160
V500	45	88	31	61	339	69
