Source001	Source002	Source003	Source004	Source005	Sink
V1	298	404	151	295	406	306
V2	237	95	791	112	164	279
V3	58	92	16	168	147	62
V4	138	159	308	502	79	151
V5	642	171	169	34	132	584
V6	726	1419	14	123	13	778
V7	105	91	277	130	197	125
V8	53	205	251	96	32	78
V9	23	222	22	237	89	76
V10	264	67	72	30	102	219
V11	283	608	168	149	348	327
V12	308	216	117	180	227	326
V13	279	62	530	397	56	259
V14	95	93	203	264	380	121
V15	89	59	96	55	180	92
V16	1445	238	124	320	317	1103
V17	425	177	439	50	1	341
V18	26	230	19	92	121	78
V19	118	127	4	54	184	131
V20	373	182	174	0	218	308
V21	54	14	51	215	86	79
V22	100	348	365	290	506	144
V23	24	648	70	814	150	160
V24	52	77	131	28	42	83
V25	422	108	88	209	43	323
V26	17	118	218	83	96	73
V27	395	75	51	128	4	298
V28	232	546	245	9	225	305
V29	172	149	209	51	370	168
V30	123	21	239	318	179	123
V31	74	44	529	37	287	80
V32	193	92	13	420	366	186
V33	488	240	21	3	227	378
V34	37	90	79	36	140	62
V35	64	137	348	29	31	86
V36	37	171	193	431	212	72
V37	15	58	43	34	102	23
V38	37	303	228	240	163	91
V39	269	56	66	169	334	213
V40	288	676	330	82	39	322
V41	382	96	17	330	367	350
V42	174	4	22	75	168	150
V43	66	65	144	4	53	73
V44	372	139	108	7	752	356
V45	165	3	275	307	280	126
V46	1091	215	271	75	155	812
V47	379	22	15	276	89	288
V48	430	96	283	215	68	331
V49	59	98	96	159	93	67
V50	75	173	440	171	291	137
V51	333	61	208	279	118	292
V52	16	49	77	98	287	36
V53	201	395	351	198	53	194
V54	10	92	38	18	217	20
V55	372	123	11	65	18	297
V56	135	477	59	62	41	211
V57	187	238	150	161	562	195
V58	297	26	35	400	91	224
V59	193	159	1	206	520	190
V60	231	245	364	178	124	243
V61	24	28	38	45	108	42
V62	773	243	84	227	214	597
V63	253	385	13	297	752	258
V64	59	17	163	53	269	68
V65	39	84	350	94	2	65
V66	91	56	52	107	184	96
V67	573	144	10	621	911	420
V68	435	31	143	4	23	358
V69	263	330	76	304	36	251
V70	90	92	267	178	214	103
V71	362	233	305	191	504	315
V72	186	370	193	172	155	212
V73	195	163	19	53	29	153
V74	1	250	171	789	220	64
V75	107	50	57	298	15	98
V76	220	159	143	388	3	188
V77	19	164	229	212	82	34
V78	127	116	284	221	8	135
V79	251	56	143	188	177	204
V80	143	504	158	50	233	200
V81	17	393	163	65	147	127
V82	400	37	254	251	339	345
V83	34	493	401	29	33	143
V84	344	48	336	51	116	282
V85	710	41	13	807	124	538
V86	52	236	162	36	80	87
V87	684	170	4	385	32	570
V88	165	22	244	1119	78	166
V89	123	105	42	217	273	115
V90	77	88	354	182	7	110
V91	122	527	112	85	359	229
V92	7	71	356	356	313	57
V93	1167	85	147	62	56	832
V94	664	53	80	22	38	526
V95	309	59	10	24	8	232
V96	12	107	794	124	113	62
V97	11	48	107	416	129	38
V98	50	31	52	175	18	72
V99	33	97	40	28	223	44
V100	6	284	0	35	240	136
V101	190	134	84	290	156	175
V102	95	87	321	314	157	95
V103	219	621	262	132	33	304
V104	459	255	227	73	810	397
V105	64	145	318	48	250	86
V106	277	43	160	116	398	280
V107	14	8	412	113	51	69
V108	5	261	69	72	48	74
V109	144	25	147	50	356	104
V110	62	378	244	513	93	115
V111	45	231	306	730	46	125
V112	281	225	275	127	86	254
V113	138	113	1	236	214	130
V114	227	4	18	203	21	217
V115	227	535	209	113	120	324
V116	122	30	100	224	646	151
V117	380	562	35	192	213	417
V118	68	471	124	446	19	135
V119	252	82	736	39	252	253
V120	420	67	46	698	43	340
V121	193	63	2	425	41	184
V122	306	17	171	53	21	222
V123	0	41	86	15	67	50
V124	395	150	20	132	141	355
V125	54	24	173	158	96	43
V126	102	42	79	211	306	103
V127	6	0	60	243	88	15
V128	270	527	17	85	204	297
V129	152	4	61	244	88	124
V130	56	71	138	67	34	84
V131	83	0	221	335	61	74
V132	61	34	167	119	126	76
V133	29	843	202	142	1294	180
V134	96	456	464	9	71	166
V135	227	210	545	96	17	203
V136	138	314	191	241	47	186
V137	232	17	85	268	195	181
V138	686	163	90	82	21	537
V139	167	770	276	28	37	266
V140	174	326	48	123	141	216
V141	652	52	54	5	67	477
V142	51	8	377	44	78	47
V143	246	62	1328	133	255	220
V144	257	32	314	283	87	190
V145	70	121	13	161	265	59
V146	29	57	30	10	114	57
V147	257	37	26	772	119	202
V148	237	55	40	541	92	191
V149	342	13	1313	75	336	282
V150	7	187	446	180	97	49
V151	2	1541	81	13	124	269
V152	0	16	323	114	280	24
V153	74	54	438	146	123	96
V154	1098	96	11	123	84	824
V155	375	339	89	396	286	338
V156	184	16	14	202	84	131
V157	81	74	339	180	416	79
V158	138	64	212	417	273	127
V159	191	197	1018	329	52	213
V160	113	97	63	14	34	123
V161	54	145	96	147	586	95
V162	33	44	237	366	278	62
V163	51	66	95	3	2	65
V164	64	73	146	346	76	93
V165	94	755	124	468	40	223
V166	91	150	984	260	150	127
V167	132	330	86	260	16	158
V168	87	55	332	161	240	94
V169	681	721	109	165	134	621
V170	6	119	230	60	216	62
V171	48	10	22	24	12	37
V172	466	129	282	377	528	368
V173	47	32	52	82	7	37
V174	75	194	278	317	101	113
V175	134	395	161	25	40	165
V176	333	238	206	154	182	298
V177	43	125	229	207	11	76
V178	207	221	143	445	267	221
V179	357	61	201	86	113	294
V180	337	54	53	141	126	315
V181	67	242	192	10	14	114
V182	40	80	3	212	268	65
V183	552	455	130	107	84	540
V184	59	68	16	48	5	64
V185	310	209	188	56	301	278
V186	159	760	5	182	139	258
V187	130	308	43	104	249	171
V188	113	331	10	1	396	151
V189	20	131	119	6	312	62
V190	85	104	140	463	20	68
V191	170	108	70	401	278	151
V192	189	119	458	166	320	164
V193	207	1346	19	58	127	446
V194	71	424	238	346	37	140
V195	555	222	261	624	296	486
V196	285	139	44	29	131	239
V197	28	88	266	1	145	39
V198	157	269	55	465	221	221
V199	163	56	47	25	67	215
V200	179	134	10	99	201	157
V201	568	532	214	96	30	574
V202	171	38	121	159	182	168
V203	150	238	193	70	442	193
V204	149	154	26	78	211	149
V205	119	102	169	338	157	114
V206	209	7	219	516	505	154
V207	290	58	41	41	15	196
V208	145	131	100	34	6	143
V209	204	171	425	833	3	239
V210	134	13	153	632	442	160
V211	37	221	135	315	438	70
V212	77	15	184	81	497	89
V213	0	1121	203	77	453	219
V214	103	97	248	140	94	100
V215	23	188	581	142	214	61
V216	754	245	154	3	98	617
V217	406	181	34	37	314	358
V218	136	45	59	261	342	138
V219	314	196	254	114	418	267
V220	156	154	130	46	19	184
V221	22	5	593	240	222	28
V222	381	142	105	114	106	319
V223	183	7	800	137	452	193
V224	221	285	328	43	162	232
V225	333	13	250	220	214	263
V226	3	14	124	251	55	20
V227	811	273	176	574	217	617
V228	22	194	131	2	477	79
V229	276	273	198	153	921	257
V230	159	74	96	136	39	136
V231	584	357	487	227	19	512
V232	42	19	19	217	304	59
V233	240	90	635	209	37	205
V234	204	26	6	161	299	193
V235	75	412	311	10	65	148
V236	398	130	23	853	531	322
V237	293	67	259	91	16	230
V238	458	288	57	165	96	391
V239	114	408	149	23	571	175
V240	1035	297	87	222	493	796
V241	390	128	61	46	46	315
V242	15	472	124	8	28	87
V243	52	14	373	391	274	93
V244	113	158	247	6	655	133
V245	176	523	87	131	155	228
V246	3	39	151	52	418	28
V247	26	36	22	68	122	34
V248	562	198	537	587	350	461
V249	92	143	118	21	110	118
V250	15	80	381	39	197	64
V251	429	574	110	113	415	462
V252	0	152	346	19	20	28
V253	221	420	22	213	637	260
V254	70	496	90	40	80	169
V255	676	28	40	29	27	501
V256	110	409	37	182	12	179
V257	15	272	5	62	78	88
V258	181	73	593	501	28	157
V259	305	91	370	136	26	242
V260	187	346	603	30	5	248
V261	88	24	377	22	163	73
V262	68	1	119	308	129	81
V263	74	210	102	173	2	106
V264	48	208	13	224	44	99
V265	11	151	75	134	18	47
V266	35	2	211	17	196	40
V267	53	14	249	694	77	64
V268	106	189	24	22	551	119
V269	191	27	355	449	57	150
V270	227	256	160	113	306	246
V271	106	33	30	109	47	85
V272	1	396	638	680	432	119
V273	155	425	59	241	341	203
V274	116	102	432	63	160	122
V275	208	359	273	201	93	247
V276	22	104	393	931	556	75
V277	281	21	162	49	6	244
V278	282	399	197	767	10	268
V279	186	64	899	0	63	162
V280	27	65	368	72	22	58
V281	79	3	116	157	100	103
V282	65	108	18	36	129	57
V283	72	71	225	25	82	83
V284	248	593	8	333	195	298
V285	399	113	34	14	174	322
V286	466	208	295	662	73	342
V287	111	394	17	97	255	208
V288	10	239	365	0	510	60
V289	535	173	26	171	648	453
V290	202	334	384	11	295	188
V291	397	61	137	658	202	284
V292	295	300	134	6	1158	280
V293	134	267	583	459	244	177
V294	290	575	6	527	260	381
V295	200	260	38	159	220	228
V296	55	81	166	21	74	64
V297	96	220	394	454	215	123
V298	167	262	80	41	12	162
V299	269	14	36	839	111	205
V300	618	3	225	238	61	459
V301	72	53	83	161	66	118
V302	246	626	81	83	25	303
V303	121	59	99	365	688	118
V304	186	88	264	29	59	159
V305	113	118	555	30	201	98
V306	264	120	579	9	3	206
V307	539	444	176	179	97	488
V308	37	71	119	226	342	73
V309	210	13	61	431	604	180
V310	208	205	55	154	185	220
V311	19	61	339	17	159	43
V312	210	241	58	124	72	188
V313	22	2	475	644	406	55
V314	193	507	579	507	95	271
V315	24	166	467	55	69	62
V316	83	27	119	494	134	70
V317	559	140	132	286	59	436
V318	110	15	365	372	405	151
V319	223	127	33	121	152	185
V320	11	613	369	0	187	138
V321	225	150	318	224	177	213
V322	291	251	139	201	18	244
V323	87	145	143	103	155	98
V324	458	129	71	79	680	411
V325	204	198	130	207	387	204
V326	59	27	230	3	198	55
V327	438	479	40	144	397	405
V328	687	287	199	48	276	613
V329	32	40	1270	388	128	57
V330	42	197	75	41	202	71
V331	265	384	17	5	146	275
V332	11	143	310	133	46	63
V333	121	232	139	7	251	127
V334	53	383	440	675	628	150
V335	1282	1	14	239	127	979
V336	18	412	893	396	499	135
V337	76	162	10	454	121	98
V338	114	405	79	421	816	149
V339	331	206	133	182	627	281
V340	81	115	202	604	62	91
V341	460	43	55	402	246	351
V342	27	38	18	92	261	45
V343	37	10	111	12	706	69
V344	50	582	330	111	14	150
V345	180	180	101	202	32	173
V346	32	534	184	50	1	158
V347	328	549	307	131	175	349
V348	66	84	212	0	22	71
V349	49	290	143	235	304	107
V350	353	119	689	353	781	312
V351	382	259	94	229	61	299
V352	61	14	345	91	11	55
V353	299	38	807	158	148	240
V354	30	136	332	1	162	81
V355	191	857	36	46	361	298
V356	407	320	260	122	682	425
V357	274	330	35	326	151	283
V358	87	243	25	64	271	157
V359	12	56	9	415	75	34
V360	98	116	273	189	67	100
V361	160	19	14	144	21	165
V362	160	475	91	176	165	249
V363	277	644	234	136	635	355
V364	460	391	144	95	148	392
V365	92	190	76	117	316	105
V366	23	185	11	425	277	60
V367	56	59	148	139	214	74
V368	712	210	28	145	238	602
V369	0	27	565	72	38	24
V370	5	24	219	70	34	41
V371	191	13	293	58	204	162
V372	434	248	0	11	605	385
V373	215	137	410	159	92	211
V374	97	61	343	68	371	101
V375	173	107	216	14	22	138
V376	314	379	47	487	21	316
V377	264	508	859	188	212	296
V378	40	336	360	205	273	103
V379	15	43	166	105	56	42
V380	64	129	22	99	25	86
V381	11	97	50	116	664	39
V382	197	144	167	431	111	173
V383	7	22	107	112	85	17
V384	123	58	17	14	407	139
V385	122	131	444	327	178	136
V386	0	207	51	90	10	56
V387	79	79	3	256	51	90
V388	194	64	330	50	214	175
V389	508	204	423	41	2	380
V390	643	518	340	67	735	608
V391	183	155	508	94	62	167
V392	46	263	32	76	356	133
V393	52	57	392	189	354	71
V394	37	794	887	91	225	193
V395	48	99	133	56	259	71
V396	317	24	103	1	40	278
V397	81	188	22	380	113	125
V398	374	7	63	554	330	277
V399	22	313	150	36	412	88
V400	8	151	169	234	193	43
V401	10	220	141	419	388	53
V402	391	442	239	39	319	387
V403	48	98	327	121	101	55
V404	277	351	718	24	260	292
V405	24	206	75	175	163	58
V406	120	138	200	62	225	122
V407	61	398	37	326	294	121
V408	243	129	197	136	248	185
V409	286	114	257	509	388	263
V410	586	167	209	571	238	470
V411	119	87	136	276	141	112
V412	67	151	182	12	374	79
V413	586	203	120	183	120	520
V414	11	32	955	72	84	35
V415	239	309	108	848	261	235
V416	142	57	147	135	72	103
V417	786	29	1019	651	292	613
V418	217	209	64	37	181	213
V419	438	409	143	345	475	405
V420	21	62	360	48	128	34
V421	35	623	42	176	0	139
V422	22	24	135	208	352	24
V423	202	188	61	125	63	187
V424	753	40	339	452	300	579
V425	30	656	111	474	36	141
V426	207	112	218	208	378	224
V427	139	32	240	323	71	133
V428	21	292	47	226	387	94
V429	17	113	83	390	23	39
V430	191	107	4	102	44	164
V431	789	140	43	652	75	593
V432	65	109	35	200	211	78
V433	134	93	25	182	30	133
V434	24	89	185	60	147	46
V435	63	238	577	91	95	125
V436	411	20	8	264	332	287
V437	217	43	110	10	7	164
V438	24	146	2	230	119	62
V439	245	2	20	264	280	223
V440	39	307	369	101	12	96
V441	191	155	78	114	33	173
V442	44	54	229	134	511	47
V443	87	315	153	388	311	147
V444	95	44	12	108	16	86
V445	11	513	302	81	169	117
V446	65	79	109	136	759	117
V447	44	249	213	533	233	104
V448	938	280	247	175	75	766
V449	23	80	244	288	169	78
V450	77	1109	272	219	128	280
V451	380	85	229	83	612	328
V452	22	40	0	303	256	38
V453	4	149	262	411	219	60
V454	68	275	11	120	260	143
V455	26	597	392	1126	16	164
V456	263	357	282	153	11	288
V457	97	5	50	447	95	92
V458	38	461	266	65	285	122
V459	10	55	411	81	672	39
V460	86	16	41	165	100	74
V461	242	149	135	71	142	256
V462	7	668	115	436	16	145
V463	187	44	249	207	253	157
V464	589	27	72	92	593	439
V465	18	60	101	85	31	27
V466	36	375	58	228	16	121
V467	193	6	21	106	31	145
V468	75	888	71	40	330	224
V469	10	689	366	390	428	176
V470	61	210	230	222	180	115
V471	790	55	315	108	140	609
V472	45	154	148	259	7	88
V473	593	185	123	90	331	485
V474	581	299	352	103	22	458
V475	93	296	67	665	516	155
V476	75	121	391	193	75	105
V477	961	39	50	262	93	697
V478	112	48	115	52	81	78
V479	45	503	112	8	25	127
V480	47	58	91	0	26	60
V481	22	235	297	197	426	55
V482	104	104	15	224	174	98
V483	492	397	196	23	10	446
V484	3	20	48	34	300	31
V485	11	186	88	45	330	70
V486	40	290	165	246	63	90
V487	28	89	289	318	111	63
V488	89	16	9	518	6	69
V489	235	54	72	207	266	211
V490	355	28	315	68	29	296
V491	31	67	36	37	154	84
V492	218	217	104	388	142	234
V493	402	195	78	119	202	322
V494	32	42	191	296	15	39
V495	198	461	364	446	393	256
V496	272	185	268	40	117	237
V497	140	14	147	219	8	128
V498	100	130	265	7	80	129
V499	37	661	50	58	171	164
V500	279	411	313	79	69	275
