Source001	Source002	Source003	Source004	Source005	Sink
V1	92	28	168	29	71	42
V2	154	18	154	261	43	63
V3	388	316	178	25	27	325
V4	119	165	258	96	155	161
V5	52	101	356	241	222	118
V6	0	311	15	306	14	217
V7	539	116	150	104	55	251
V8	72	99	269	59	101	93
V9	67	219	41	150	322	203
V10	216	186	187	96	28	153
V11	800	273	92	178	685	387
V12	262	15	197	424	37	92
V13	44	194	239	249	224	168
V14	152	9	0	275	70	53
V15	210	98	139	541	74	136
V16	150	227	225	88	163	224
V17	217	11	268	393	501	84
V18	219	349	70	0	12	280
V19	118	195	297	89	171	190
V20	26	222	22	434	216	159
V21	254	328	412	25	188	268
V22	348	35	49	272	381	132
V23	291	851	77	103	35	617
V24	47	41	100	250	35	48
V25	47	33	420	74	87	56
V26	159	34	199	33	387	94
V27	103	51	58	34	8	66
V28	221	63	363	786	8	130
V29	390	187	243	37	65	236
V30	50	27	59	406	166	39
V31	206	782	129	95	188	574
V32	493	37	702	639	82	225
V33	114	478	160	234	27	361
V34	147	128	131	471	365	151
V35	225	219	63	369	136	188
V36	139	190	129	47	193	164
V37	87	1	6	79	91	26
V38	2	240	233	62	43	175
V39	356	463	92	79	208	400
V40	44	21	363	419	53	63
V41	321	39	176	5	775	172
V42	671	329	432	65	406	411
V43	68	238	584	767	501	234
V44	64	388	28	184	49	275
V45	52	175	12	64	532	146
V46	196	292	470	85	4	284
V47	342	297	353	160	90	299
V48	236	0	79	36	19	57
V49	61	498	255	202	164	367
V50	17	154	26	41	265	132
V51	220	196	1048	122	35	259
V52	83	458	145	107	167	362
V53	76	162	299	372	169	129
V54	321	380	413	320	152	346
V55	121	217	101	51	79	189
V56	18	137	94	64	386	111
V57	295	68	75	189	128	116
V58	20	10	94	361	177	33
V59	53	26	20	357	601	53
V60	336	257	239	258	496	289
V61	49	289	353	471	149	219
V62	172	32	441	850	79	99
V63	2	207	82	231	349	144
V64	502	164	149	234	16	239
V65	84	77	516	172	172	102
V66	281	190	63	143	32	197
V67	262	327	9	377	93	291
V68	18	320	103	194	145	220
V69	38	201	751	33	402	196
V70	7	38	38	270	158	33
V71	110	123	479	19	124	139
V72	60	73	1046	133	122	135
V73	14	169	60	324	340	124
V74	233	46	63	80	106	94
V75	23	443	103	15	29	338
V76	384	241	281	81	154	269
V77	524	207	30	107	19	268
V78	102	8	33	265	11	25
V79	460	38	91	80	130	159
V80	184	315	38	42	430	302
V81	102	189	219	18	83	162
V82	121	66	99	18	100	78
V83	89	30	7	855	157	52
V84	754	404	485	278	64	499
V85	26	166	83	89	106	135
V86	131	173	93	340	100	142
V87	578	133	284	64	146	241
V88	533	97	2	24	117	208
V89	109	36	134	25	88	72
V90	572	381	554	233	128	464
V91	22	55	224	76	297	70
V92	161	1	249	255	105	46
V93	256	14	3	199	125	84
V94	242	78	78	50	20	134
V95	31	42	347	59	367	72
V96	22	293	232	282	174	193
V97	134	60	53	89	183	72
V98	169	92	47	259	247	121
V99	212	384	155	80	129	298
V100	460	3	356	90	85	146
V101	183	416	102	37	126	312
V102	237	54	237	25	284	102
V103	145	30	84	103	332	69
V104	376	58	577	433	39	155
V105	102	20	117	209	8	45
V106	40	67	208	251	12	74
V107	222	181	133	128	114	177
V108	139	63	68	263	549	108
V109	19	273	99	419	75	201
V110	21	229	60	66	62	158
V111	220	5	137	474	14	65
V112	36	74	244	23	33	87
V113	25	35	314	246	242	53
V114	126	74	313	437	227	105
V115	42	105	62	65	282	79
V116	194	43	132	6	237	80
V117	104	232	88	93	6	169
V118	27	411	105	583	609	303
V119	30	0	157	110	260	30
V120	167	344	31	176	20	261
V121	49	467	17	321	42	333
V122	206	14	241	74	14	80
V123	2	230	598	259	18	194
V124	25	5	17	282	343	30
V125	20	27	123	247	109	33
V126	536	5	415	368	333	157
V127	621	11	517	60	53	203
V128	8	226	368	420	453	150
V129	73	673	350	184	455	489
V130	301	168	208	151	250	194
V131	592	300	150	27	364	349
V132	67	42	392	6	70	64
V133	15	42	442	373	200	74
V134	199	91	219	116	258	131
V135	48	29	107	12	60	43
V136	247	175	468	557	256	218
V137	26	55	479	59	83	82
V138	8	139	6	319	211	120
V139	375	252	174	386	52	283
V140	130	33	218	323	209	78
V141	530	253	356	212	408	345
V142	119	534	11	362	270	398
V143	20	305	101	69	629	249
V144	56	76	1	69	72	57
V145	82	201	143	1105	231	178
V146	28	38	174	76	2	44
V147	78	135	6	571	105	126
V148	21	49	200	172	282	61
V149	198	134	83	751	311	170
V150	670	58	211	6	28	211
V151	68	8	72	606	27	22
V152	21	344	20	120	26	242
V153	128	298	41	696	447	242
V154	262	327	0	17	209	279
V155	128	141	540	473	87	158
V156	381	22	242	70	45	119
V157	102	61	272	179	0	77
V158	95	346	181	838	140	277
V159	275	23	76	255	152	107
V160	164	93	63	149	103	143
V161	281	165	258	186	114	199
V162	330	17	711	69	122	142
V163	29	130	1	39	142	101
V164	454	50	50	16	218	161
V165	114	42	7	968	109	84
V166	37	44	253	82	21	52
V167	134	147	52	207	78	110
V168	233	368	211	615	264	338
V169	253	58	333	16	265	140
V170	169	152	308	62	83	150
V171	151	237	155	179	157	219
V172	96	314	26	46	302	253
V173	22	143	119	78	57	97
V174	169	9	226	59	102	69
V175	48	44	608	30	199	87
V176	237	0	287	45	111	74
V177	58	738	745	63	193	509
V178	125	217	61	31	101	164
V179	80	6	29	116	441	31
V180	178	213	529	233	354	226
V181	577	1013	26	95	513	814
V182	87	114	33	37	314	122
V183	2	583	131	530	68	392
V184	141	135	64	136	56	115
V185	0	251	52	28	221	187
V186	32	369	167	81	678	277
V187	24	35	2	214	536	43
V188	56	103	176	217	362	102
V189	243	320	1	512	485	270
V190	309	161	223	244	13	194
V191	161	263	184	222	29	233
V192	32	32	470	0	305	60
V193	93	10	89	207	149	41
V194	197	394	70	4	38	310
V195	5	703	229	403	208	477
V196	82	815	135	134	92	568
V197	96	599	216	351	531	431
V198	169	138	45	75	104	128
V199	153	165	62	48	156	148
V200	158	125	165	63	75	140
V201	0	24	217	140	415	45
V202	81	168	59	186	445	135
V203	169	213	192	163	475	206
V204	84	63	626	15	81	89
V205	134	572	210	150	1208	478
V206	356	193	3	44	404	202
V207	77	717	40	259	239	546
V208	25	3	37	16	415	19
V209	218	81	126	56	96	126
V210	146	82	127	27	23	104
V211	341	111	8	13	322	144
V212	47	185	13	2	242	167
V213	150	91	464	42	56	98
V214	84	72	131	553	46	79
V215	24	87	6	67	20	60
V216	287	5	1	130	344	73
V217	89	60	31	12	113	56
V218	104	336	653	79	101	301
V219	186	429	362	38	444	367
V220	209	164	163	60	4	174
V221	50	404	782	102	815	346
V222	10	231	0	7	68	168
V223	122	83	169	615	189	108
V224	1099	612	210	165	301	742
V225	479	64	157	159	133	186
V226	55	71	103	500	172	74
V227	255	166	402	437	83	208
V228	336	228	130	114	1039	269
V229	88	369	166	141	786	291
V230	11	22	55	112	26	20
V231	34	377	220	53	267	311
V232	702	106	218	25	65	264
V233	406	323	105	48	344	307
V234	76	222	266	245	389	191
V235	76	40	171	108	166	49
V236	135	261	4	394	136	228
V237	106	3	57	80	126	36
V238	200	407	295	331	267	372
V239	60	150	112	44	354	118
V240	262	58	203	33	23	119
V241	303	54	672	167	587	145
V242	161	73	24	11	55	81
V243	14	583	73	350	203	421
V244	382	62	154	163	280	152
V245	405	297	322	43	8	318
V246	157	61	566	125	37	93
V247	752	93	405	172	145	319
V248	187	78	98	13	66	97
V249	202	222	196	48	190	252
V250	289	109	548	184	31	163
V251	139	237	69	33	121	222
V252	40	444	162	109	93	306
V253	4	226	119	230	195	184
V254	7	93	40	303	238	87
V255	282	470	90	99	67	384
V256	52	208	11	242	229	153
V257	87	247	57	351	510	206
V258	81	372	225	8	158	258
V259	410	35	111	142	75	157
V260	92	292	220	26	147	219
V261	88	86	725	377	538	137
V262	213	74	153	631	187	130
V263	15	280	28	371	189	189
V264	376	53	192	441	148	149
V265	30	15	247	74	753	63
V266	31	290	1365	40	89	251
V267	82	320	321	180	1432	290
V268	37	131	59	147	10	107
V269	791	58	431	208	119	256
V270	155	656	573	366	51	519
V271	193	375	35	527	34	306
V272	375	102	454	35	281	189
V273	120	60	255	47	191	99
V274	160	19	126	103	62	62
V275	671	66	147	588	112	221
V276	173	29	29	193	142	67
V277	293	118	78	191	613	176
V278	238	515	111	523	76	399
V279	8	76	45	91	14	56
V280	9	27	210	563	202	46
V281	189	128	163	306	1102	176
V282	112	9	159	579	525	61
V283	242	617	743	243	804	472
V284	37	155	62	536	13	116
V285	635	54	319	48	433	250
V286	25	16	10	216	298	20
V287	82	840	97	116	25	627
V288	121	98	45	439	82	117
V289	380	41	48	86	221	152
V290	91	2	340	21	69	35
V291	426	576	262	197	7	506
V292	227	477	598	244	168	384
V293	230	369	92	230	215	321
V294	108	25	22	104	19	42
V295	715	16	273	309	268	217
V296	158	0	82	604	25	45
V297	18	175	203	1090	120	140
V298	92	335	159	739	42	285
V299	114	942	58	196	143	652
V300	5	170	578	3	191	126
V301	359	133	148	99	655	217
V302	348	513	43	341	108	468
V303	709	168	332	200	663	314
V304	905	777	67	37	18	741
V305	571	20	23	183	39	146
V306	214	210	83	345	135	194
V307	409	594	344	9	17	496
V308	284	88	113	26	551	159
V309	363	26	82	71	131	120
V310	16	20	16	438	488	45
V311	0	74	42	302	70	40
V312	357	89	180	44	110	180
V313	17	142	10	74	148	106
V314	495	46	735	24	157	214
V315	574	97	203	385	114	260
V316	28	112	847	22	64	148
V317	3	307	230	46	680	233
V318	26	176	9	686	226	121
V319	23	251	42	12	19	186
V320	204	56	219	112	150	105
V321	162	283	156	44	119	247
V322	168	18	368	453	80	92
V323	339	476	13	241	51	422
V324	88	70	190	134	1	97
V325	353	95	196	42	832	183
V326	573	1041	181	85	179	816
V327	212	133	125	3	249	154
V328	174	21	105	408	6	78
V329	202	238	207	12	620	236
V330	231	47	224	79	359	131
V331	470	585	87	81	161	494
V332	61	6	100	66	111	25
V333	72	284	52	1250	178	214
V334	33	61	52	80	197	66
V335	837	398	21	277	344	538
V336	160	3	374	207	0	62
V337	406	468	738	517	37	412
V338	53	233	132	151	114	164
V339	97	129	807	157	452	185
V340	214	475	221	47	48	364
V341	272	220	179	291	392	240
V342	126	34	541	123	436	99
V343	773	100	91	80	324	267
V344	239	69	34	127	122	116
V345	149	11	194	2	183	69
V346	98	244	181	203	22	201
V347	24	684	398	66	390	491
V348	14	37	118	40	249	47
V349	69	304	827	466	414	295
V350	97	190	132	72	592	172
V351	124	225	47	7	144	204
V352	290	455	76	313	32	382
V353	411	144	225	61	51	203
V354	9	159	57	171	65	100
V355	203	0	82	244	5	64
V356	9	218	402	92	542	202
V357	57	1186	355	181	553	816
V358	711	518	294	76	459	553
V359	12	523	228	352	45	370
V360	87	10	288	524	36	46
V361	34	445	88	40	50	264
V362	198	179	682	550	30	221
V363	15	125	101	3	541	94
V364	132	460	30	108	214	313
V365	192	240	384	182	227	229
V366	65	17	540	349	353	77
V367	65	219	165	442	12	156
V368	244	215	558	53	8	232
V369	1308	100	203	22	41	393
V370	378	103	124	132	157	199
V371	3	9	158	166	542	39
V372	276	9	173	124	410	119
V373	299	653	89	344	71	497
V374	247	103	124	150	151	138
V375	158	136	343	105	41	144
V376	708	43	127	575	505	229
V377	96	311	9	219	213	243
V378	121	451	279	133	179	368
V379	119	322	39	36	75	274
V380	970	65	165	72	262	322
V381	58	332	0	226	96	245
V382	71	154	162	306	78	148
V383	394	141	42	17	107	216
V384	685	196	251	69	18	321
V385	141	86	43	67	103	89
V386	657	276	27	38	73	354
V387	275	299	88	273	81	276
V388	162	36	22	120	495	82
V389	127	287	19	44	266	258
V390	90	41	197	73	441	78
V391	273	114	42	37	47	154
V392	65	362	1	14	173	254
V393	187	254	270	86	18	244
V394	209	65	64	55	17	91
V395	154	100	328	2	0	116
V396	249	395	159	241	200	346
V397	125	24	244	475	81	66
V398	195	139	166	284	495	180
V399	702	33	67	1	355	234
V400	407	28	253	13	64	133
V401	1	913	64	31	17	584
V402	126	627	20	484	407	448
V403	209	5	24	191	247	70
V404	290	242	103	114	223	265
V405	228	166	274	183	307	187
V406	270	398	125	260	945	355
V407	373	164	156	461	348	231
V408	56	53	98	153	95	60
V409	42	849	604	356	501	619
V410	123	467	22	3	128	346
V411	357	275	23	267	6	232
V412	434	93	265	183	100	182
V413	106	265	118	75	501	210
V414	157	588	285	131	32	437
V415	191	72	199	121	267	114
V416	712	174	1021	106	69	360
V417	600	339	60	77	185	386
V418	93	137	516	364	183	168
V419	43	120	697	96	6	133
V420	72	37	317	8	150	69
V421	393	76	317	82	216	162
V422	292	132	79	74	92	167
V423	213	42	19	56	99	90
V424	46	811	78	29	241	541
V425	78	23	64	116	4	43
V426	35	371	74	805	124	231
V427	389	107	6	363	109	163
V428	366	367	170	119	16	337
V429	14	211	437	286	160	180
V430	14	46	226	25	710	65
V431	73	197	334	318	97	194
V432	26	72	427	188	36	72
V433	419	151	367	129	122	252
V434	136	15	90	229	263	57
V435	317	17	290	16	221	113
V436	69	340	88	174	458	271
V437	98	279	306	9	0	253
V438	163	162	66	80	102	134
V439	29	246	40	400	15	173
V440	22	613	111	400	60	443
V441	281	29	472	61	398	120
V442	67	278	226	82	103	189
V443	30	46	56	243	94	40
V444	6	341	138	47	793	243
V445	274	107	274	747	8	145
V446	253	100	274	292	143	160
V447	28	203	193	211	11	151
V448	739	343	137	251	144	402
V449	85	126	110	111	11	108
V450	197	183	56	39	74	173
V451	119	54	37	56	98	83
V452	113	126	198	34	219	141
V453	35	0	66	24	32	12
V454	188	6	2	51	50	66
V455	502	268	34	102	101	289
V456	166	129	325	19	263	152
V457	786	755	333	49	119	700
V458	98	125	237	29	344	124
V459	33	33	1	209	167	44
V460	445	161	420	136	16	258
V461	142	260	49	122	203	220
V462	172	299	275	175	26	257
V463	379	12	256	805	245	128
V464	37	136	51	256	208	108
V465	118	76	74	257	157	77
V466	543	26	32	783	770	167
V467	100	123	18	285	309	117
V468	189	201	241	11	7	207
V469	382	366	215	61	239	331
V470	104	31	106	18	186	62
V471	103	152	89	279	272	143
V472	323	4	271	264	190	121
V473	969	16	44	27	43	265
V474	291	219	55	423	177	228
V475	333	48	110	281	197	131
V476	143	239	138	387	4	191
V477	131	189	43	275	91	167
V478	119	217	129	71	145	169
V479	1	388	60	207	98	257
V480	86	245	88	54	1	181
V481	318	313	331	47	268	333
V482	84	116	688	180	151	138
V483	45	42	15	141	123	57
V484	121	356	149	53	312	245
V485	57	300	78	38	24	195
V486	84	9	166	238	95	45
V487	51	328	84	289	81	240
V488	192	160	531	43	161	184
V489	27	37	180	266	56	46
V490	40	276	143	6	98	188
V491	85	253	93	963	6	197
V492	222	242	107	364	45	237
V493	627	38	141	15	79	183
V494	468	9	494	435	14	143
V495	168	250	80	417	385	232
V496	6	528	356	68	433	373
V497	27	0	217	14	148	22
V498	252	53	201	22	35	120
V499	6	395	196	357	180	295
V500	495	302	174	204	411	349
