Source001	Source002	Source003	Source004	Source005	Sink
V1	370	6	28	103	42	93
V2	197	734	181	181	285	584
V3	80	174	104	14	17	161
V4	192	245	80	17	33	213
V5	497	147	127	35	133	204
V6	620	50	463	69	294	160
V7	160	152	284	379	50	183
V8	26	94	477	48	261	86
V9	113	266	77	333	568	256
V10	85	292	63	202	300	238
V11	31	38	153	51	314	56
V12	3	143	297	123	9	120
V13	284	1094	168	16	3	881
V14	230	81	137	429	37	131
V15	98	48	112	238	239	50
V16	75	158	150	359	29	141
V17	143	104	567	9	36	110
V18	306	7	466	64	141	94
V19	17	74	13	262	86	75
V20	44	236	186	455	97	202
V21	132	117	235	194	79	123
V22	683	92	45	81	80	232
V23	7	96	72	376	124	90
V24	91	118	189	293	104	126
V25	86	303	27	127	408	274
V26	207	573	289	112	57	483
V27	67	644	267	163	283	455
V28	891	208	57	370	354	333
V29	143	24	228	230	455	75
V30	176	91	185	57	432	118
V31	343	330	83	109	165	339
V32	52	86	61	1	458	75
V33	87	517	227	112	602	374
V34	437	167	11	205	463	239
V35	66	43	109	537	28	71
V36	259	233	114	49	15	224
V37	61	73	205	92	14	80
V38	56	61	233	84	144	66
V39	407	238	71	133	177	299
V40	144	243	78	607	70	222
V41	200	54	387	168	223	107
V42	367	954	253	12	10	747
V43	242	245	85	401	103	242
V44	60	119	170	148	39	113
V45	63	12	118	446	125	40
V46	338	47	8	122	343	130
V47	475	59	97	26	430	155
V48	41	283	26	104	647	229
V49	63	21	504	313	118	52
V50	169	190	157	120	127	193
V51	159	300	1172	65	95	296
V52	818	104	148	737	345	300
V53	72	56	19	228	40	55
V54	30	260	156	329	155	225
V55	29	50	116	28	66	52
V56	309	28	172	308	819	142
V57	279	81	55	53	10	119
V58	199	129	120	200	72	159
V59	34	128	5	160	2	101
V60	14	50	30	601	70	77
V61	51	100	635	127	500	116
V62	441	62	287	227	40	138
V63	106	357	88	286	148	308
V64	77	548	14	10	229	451
V65	104	110	647	989	5	176
V66	22	64	578	251	176	85
V67	59	623	78	42	4	442
V68	469	22	239	3	533	145
V69	190	25	236	106	79	71
V70	102	228	56	346	160	229
V71	4	79	25	1339	694	130
V72	123	135	285	66	10	118
V73	240	13	110	389	28	80
V74	338	289	51	418	53	283
V75	644	254	534	138	242	376
V76	393	36	33	56	72	116
V77	105	1	308	99	20	32
V78	5	902	109	96	136	665
V79	245	31	31	67	13	77
V80	464	137	86	75	66	235
V81	110	74	97	643	214	108
V82	199	180	10	53	353	173
V83	47	303	224	75	215	209
V84	38	38	14	39	139	47
V85	348	247	1246	126	168	293
V86	149	374	81	456	366	335
V87	369	252	109	277	295	271
V88	250	40	17	127	26	78
V89	156	55	37	76	114	75
V90	151	59	32	30	119	74
V91	23	30	285	176	120	24
V92	251	225	32	122	274	215
V93	149	73	46	43	147	79
V94	131	259	20	157	101	213
V95	94	249	13	209	214	230
V96	134	10	286	195	346	53
V97	18	224	246	93	13	156
V98	222	383	14	78	182	326
V99	498	10	28	183	514	138
V100	31	342	99	267	331	294
V101	147	146	290	50	116	141
V102	410	61	30	782	99	160
V103	142	42	168	24	82	73
V104	569	162	41	412	4	256
V105	72	102	31	31	39	81
V106	174	428	88	251	171	346
V107	254	256	3	69	310	251
V108	134	99	60	256	33	113
V109	14	31	351	103	31	36
V110	4	25	316	57	31	28
V111	193	214	130	206	266	205
V112	152	340	52	21	37	263
V113	237	67	157	131	72	94
V114	130	465	326	490	14	378
V115	14	334	1	58	204	291
V116	1	96	230	660	43	106
V117	69	169	68	84	69	156
V118	324	638	304	6	378	508
V119	286	231	36	182	102	227
V120	971	417	516	657	0	554
V121	327	137	631	61	155	213
V122	119	47	77	114	135	52
V123	89	56	73	93	59	75
V124	52	192	371	316	119	181
V125	331	304	10	133	98	274
V126	264	22	223	19	52	73
V127	18	58	27	116	45	67
V128	519	433	227	309	621	420
V129	33	644	188	88	147	411
V130	123	50	319	100	136	70
V131	3	186	34	64	101	125
V132	291	56	552	61	208	112
V133	304	236	308	37	18	227
V134	94	77	418	412	544	94
V135	6	23	141	4	334	32
V136	214	200	466	4	13	195
V137	200	392	304	11	29	347
V138	144	73	21	255	985	109
V139	21	80	183	19	174	55
V140	402	153	213	291	203	223
V141	218	149	146	136	49	170
V142	55	2	66	129	40	28
V143	27	145	227	173	761	153
V144	327	23	351	173	134	104
V145	422	345	7	375	27	322
V146	33	902	50	258	858	620
V147	24	169	159	49	109	138
V148	14	105	4	216	188	94
V149	12	668	191	330	177	454
V150	126	375	176	227	87	293
V151	135	15	192	17	306	72
V152	188	170	62	43	68	164
V153	46	19	247	27	327	40
V154	54	137	104	144	30	129
V155	19	147	184	13	110	122
V156	272	421	361	6	134	372
V157	158	549	175	463	469	432
V158	371	70	123	98	12	100
V159	564	176	581	82	44	289
V160	40	173	20	46	84	153
V161	104	118	93	66	43	112
V162	16	16	92	94	1209	55
V163	31	184	76	46	52	151
V164	166	37	82	253	41	75
V165	105	381	119	11	538	307
V166	3	148	301	234	323	125
V167	201	133	48	449	112	168
V168	2	25	102	64	596	40
V169	647	116	391	189	341	227
V170	232	613	238	55	344	483
V171	287	123	91	89	151	165
V172	150	205	32	465	66	193
V173	639	76	155	25	539	196
V174	138	64	48	188	1	80
V175	340	96	47	70	601	154
V176	127	653	158	78	79	494
V177	454	355	557	59	291	333
V178	606	469	380	259	30	476
V179	426	21	100	27	311	116
V180	385	394	25	393	153	362
V181	4	180	101	410	206	157
V182	142	17	94	67	300	47
V183	656	145	61	240	41	233
V184	262	807	14	85	53	620
V185	59	9	164	533	85	53
V186	409	224	33	8	366	236
V187	502	10	10	812	779	199
V188	461	427	339	23	75	437
V189	363	405	63	36	34	389
V190	598	230	756	29	378	286
V191	42	1	9	93	107	16
V192	99	135	808	217	142	156
V193	222	70	43	119	639	117
V194	90	225	294	15	520	185
V195	450	37	226	9	182	138
V196	62	151	97	291	13	145
V197	502	374	51	151	17	342
V198	283	648	164	111	49	492
V199	350	336	137	23	54	315
V200	461	101	411	181	90	199
V201	71	291	299	148	864	241
V202	141	690	51	153	187	563
V203	816	921	269	238	242	847
V204	180	308	74	148	82	259
V205	227	393	437	46	37	352
V206	7	69	374	76	70	70
V207	232	231	367	417	152	251
V208	411	304	50	562	102	336
V209	246	42	158	247	95	95
V210	106	26	69	325	3	57
V211	8	75	62	97	406	64
V212	47	39	212	686	370	92
V213	261	149	53	446	118	195
V214	54	466	123	19	20	332
V215	75	161	886	227	59	169
V216	168	72	1328	31	40	126
V217	19	80	274	160	151	84
V218	548	202	86	83	352	266
V219	93	263	13	224	580	210
V220	179	70	367	45	338	105
V221	110	102	502	325	91	119
V222	16	189	86	1	87	113
V223	260	7	308	86	245	64
V224	72	28	616	84	62	53
V225	300	66	201	203	271	124
V226	132	13	49	182	227	54
V227	130	113	252	78	4	102
V228	108	366	275	213	20	309
V229	186	35	92	423	73	79
V230	145	775	298	50	14	543
V231	104	183	197	138	402	164
V232	134	298	105	334	110	263
V233	99	41	208	32	7	67
V234	780	584	31	103	90	573
V235	187	57	587	139	29	110
V236	363	376	42	54	147	354
V237	65	212	43	90	229	150
V238	28	289	26	15	109	212
V239	3	244	95	11	873	210
V240	61	19	302	174	249	43
V241	3	79	329	3	68	73
V242	55	97	127	54	262	81
V243	191	27	190	269	27	74
V244	114	503	570	407	824	416
V245	95	402	80	303	336	320
V246	6	26	348	90	51	32
V247	386	21	154	66	565	131
V248	113	360	259	149	10	285
V249	176	94	34	55	411	118
V250	29	582	300	679	137	464
V251	181	29	74	259	103	88
V252	206	512	316	173	343	440
V253	112	156	18	43	19	151
V254	143	143	751	661	283	181
V255	77	82	1173	7	12	84
V256	185	50	113	24	410	81
V257	212	43	207	473	103	120
V258	9	535	187	219	177	382
V259	156	148	221	182	49	148
V260	145	290	337	221	61	245
V261	263	439	21	218	372	411
V262	113	61	128	154	355	87
V263	179	198	6	26	263	176
V264	41	535	61	319	413	416
V265	14	69	140	1128	61	125
V266	272	1	67	91	358	80
V267	42	84	210	66	340	85
V268	452	263	197	46	54	304
V269	7	153	158	102	380	123
V270	609	156	200	6	127	234
V271	1115	242	21	93	108	406
V272	683	55	862	228	82	210
V273	163	228	357	372	20	216
V274	61	39	126	71	242	63
V275	29	112	741	137	259	102
V276	95	68	984	104	352	116
V277	164	114	65	93	314	119
V278	16	29	202	237	23	48
V279	122	323	44	267	82	246
V280	168	467	39	72	20	371
V281	148	131	493	618	74	164
V282	101	321	642	139	139	260
V283	16	666	29	9	79	501
V284	5	77	62	28	239	60
V285	104	555	134	23	474	433
V286	81	341	176	6	63	255
V287	456	10	116	338	1	110
V288	109	16	150	360	2	42
V289	241	38	89	1213	113	131
V290	132	49	18	93	77	73
V291	67	4	220	90	141	23
V292	46	39	127	635	108	71
V293	74	151	450	78	266	155
V294	71	309	365	119	300	249
V295	354	110	162	508	64	173
V296	2	20	55	258	643	54
V297	1	200	32	319	78	165
V298	15	586	35	14	256	424
V299	793	40	367	52	387	196
V300	32	275	200	84	450	189
V301	173	273	325	94	495	255
V302	180	338	121	507	47	289
V303	595	275	167	225	26	314
V304	114	30	411	28	194	59
V305	162	1	270	139	125	47
V306	33	286	53	160	597	235
V307	12	102	66	3	123	88
V308	566	80	159	38	78	170
V309	440	66	187	347	282	181
V310	14	27	111	35	27	23
V311	255	132	41	110	13	143
V312	181	880	238	154	50	631
V313	713	47	103	236	385	208
V314	1	117	59	255	219	116
V315	86	3	70	6	0	23
V316	192	29	59	276	34	72
V317	332	97	447	31	164	166
V318	90	32	363	41	131	72
V319	105	4	22	291	1316	55
V320	0	928	271	169	124	708
V321	287	5	327	188	480	96
V322	156	220	274	188	104	224
V323	128	426	120	385	13	339
V324	427	6	70	197	115	91
V325	117	600	370	429	328	501
V326	75	280	13	317	159	215
V327	58	2	78	17	182	15
V328	118	156	24	169	154	164
V329	292	12	17	217	97	78
V330	74	703	488	157	45	511
V331	759	147	65	294	52	287
V332	127	101	34	72	95	96
V333	154	53	69	366	104	75
V334	127	904	558	15	492	663
V335	139	121	57	293	86	122
V336	267	44	162	1	396	102
V337	11	245	206	306	189	217
V338	301	221	29	126	21	220
V339	64	45	3	95	354	82
V340	99	291	287	117	495	266
V341	23	33	182	377	408	69
V342	63	108	37	433	229	101
V343	213	10	275	49	81	71
V344	389	18	99	522	139	131
V345	413	134	225	262	319	194
V346	54	53	5	148	34	43
V347	16	350	116	180	3	246
V348	126	54	12	614	165	89
V349	245	368	184	474	54	346
V350	318	118	5	383	311	163
V351	52	108	26	179	66	86
V352	10	829	295	331	84	592
V353	120	166	187	183	850	190
V354	174	330	385	76	30	268
V355	143	56	324	6	210	88
V356	349	169	33	150	110	207
V357	669	35	219	48	55	159
V358	109	173	26	70	44	158
V359	8	213	416	44	149	183
V360	182	34	643	134	181	94
V361	97	62	141	20	372	92
V362	254	194	308	194	45	199
V363	385	152	165	286	267	183
V364	43	861	189	351	75	611
V365	40	14	306	438	266	57
V366	9	320	249	265	282	280
V367	4	70	57	163	158	67
V368	32	85	140	579	222	84
V369	196	201	195	104	221	197
V370	181	98	223	36	11	113
V371	48	404	349	57	533	311
V372	463	301	457	107	263	344
V373	535	229	71	155	60	262
V374	301	188	579	90	241	201
V375	30	37	688	591	695	82
V376	633	136	40	193	162	243
V377	437	351	34	263	81	329
V378	0	487	91	974	994	412
V379	346	4	565	299	234	113
V380	117	112	34	130	363	115
V381	248	48	252	112	49	96
V382	149	85	24	1027	203	147
V383	205	593	581	14	61	442
V384	513	112	323	435	144	205
V385	1	489	51	10	359	358
V386	614	37	194	14	304	159
V387	190	186	98	53	38	172
V388	179	18	455	126	422	77
V389	6	0	16	4	331	22
V390	144	613	115	285	546	487
V391	235	85	102	54	84	123
V392	141	195	64	25	327	152
V393	204	199	45	41	182	196
V394	139	328	9	265	368	275
V395	12	184	80	76	9	133
V396	317	69	33	314	26	133
V397	117	27	8	36	131	46
V398	90	69	169	30	332	97
V399	103	100	48	233	298	120
V400	194	304	269	208	373	280
V401	157	15	726	1569	35	136
V402	226	225	58	9	475	231
V403	345	86	164	209	514	155
V404	155	884	44	218	177	694
V405	112	87	246	24	292	95
V406	228	402	224	252	92	332
V407	176	304	222	701	1009	337
V408	548	15	130	151	42	130
V409	183	226	23	303	354	215
V410	160	118	123	443	39	136
V411	75	12	359	56	138	40
V412	97	395	389	103	251	337
V413	39	661	17	29	72	486
V414	142	384	134	5	211	300
V415	160	30	512	175	21	76
V416	337	567	1161	289	317	502
V417	74	240	75	328	12	195
V418	336	122	91	20	367	149
V419	119	34	110	271	104	64
V420	190	124	2	51	0	119
V421	465	565	76	126	26	509
V422	195	47	99	1	161	78
V423	430	21	227	191	252	123
V424	167	594	115	824	389	485
V425	38	46	26	126	157	50
V426	39	177	194	13	45	128
V427	461	73	215	125	301	166
V428	578	79	143	9	191	179
V429	219	95	38	223	58	119
V430	308	409	31	184	79	368
V431	150	103	15	356	172	128
V432	45	315	74	70	1435	245
V433	413	137	939	178	171	223
V434	141	4	263	495	220	63
V435	187	128	88	115	15	118
V436	55	110	167	86	27	96
V437	264	353	123	421	92	346
V438	13	201	253	45	125	166
V439	61	0	40	232	74	22
V440	707	0	212	129	530	163
V441	667	435	685	10	308	481
V442	102	23	188	298	56	58
V443	8	101	244	40	113	73
V444	382	128	266	74	159	166
V445	480	7	54	115	31	97
V446	371	223	302	186	335	263
V447	69	127	207	20	408	130
V448	102	439	64	237	9	344
V449	83	121	316	196	456	140
V450	41	384	57	214	54	278
V451	36	37	251	354	200	57
V452	345	165	222	24	230	195
V453	145	115	34	50	5	133
V454	479	34	226	55	431	137
V455	120	349	174	251	398	266
V456	1	42	37	295	80	41
V457	141	550	128	322	194	441
V458	383	324	273	26	43	301
V459	1015	94	22	48	66	293
V460	150	194	63	55	63	195
V461	78	768	118	81	127	535
V462	287	23	34	463	31	110
V463	25	7	62	1055	240	74
V464	18	126	339	86	346	110
V465	318	407	132	113	10	369
V466	494	154	143	166	290	240
V467	54	250	88	43	295	217
V468	815	0	327	205	54	186
V469	318	105	51	217	76	143
V470	105	160	67	392	236	177
V471	111	133	107	481	166	156
V472	461	378	8	17	6	366
V473	159	291	110	219	28	262
V474	152	715	400	52	189	571
V475	5	135	136	29	138	111
V476	119	141	9	82	24	111
V477	86	336	75	155	379	253
V478	300	203	264	827	20	248
V479	128	64	289	21	1007	87
V480	165	98	545	603	72	129
V481	41	67	16	369	168	73
V482	8	32	198	136	91	35
V483	225	55	855	164	154	99
V484	131	241	199	334	174	232
V485	82	133	136	17	28	125
V486	127	194	352	651	164	200
V487	69	3	359	55	190	39
V488	106	217	251	42	107	194
V489	188	138	488	41	42	160
V490	203	186	805	38	238	179
V491	104	40	54	419	19	62
V492	17	0	336	184	32	13
V493	29	18	51	384	5	44
V494	766	108	518	273	270	284
V495	209	128	541	298	11	154
V496	2	164	66	378	79	117
V497	2	106	20	16	95	77
V498	630	324	31	219	97	414
V499	131	214	120	305	116	192
V500	196	3	77	359	158	68
