Source001	Source002	Source003	Source004	Source005	Sink
V1	336	32	302	172	76	194
V2	165	345	123	24	331	217
V3	413	196	129	62	145	337
V4	55	162	298	165	37	104
V5	526	546	378	444	409	500
V6	527	125	244	44	244	383
V7	490	62	207	343	128	338
V8	81	306	140	1123	75	179
V9	164	203	65	100	252	168
V10	31	590	668	305	14	255
V11	123	175	273	167	495	157
V12	52	77	169	22	22	74
V13	270	216	0	277	53	242
V14	133	467	213	25	153	227
V15	67	491	212	329	56	226
V16	64	91	247	31	82	77
V17	224	17	40	1175	142	171
V18	42	14	128	204	92	30
V19	75	81	258	349	274	98
V20	213	198	37	180	165	187
V21	53	86	11	419	21	85
V22	63	72	348	2	968	107
V23	110	88	329	92	477	121
V24	257	64	29	194	616	194
V25	120	59	380	125	121	82
V26	133	439	131	91	359	240
V27	63	94	66	11	258	76
V28	36	130	36	37	119	94
V29	106	218	268	3	4	111
V30	410	1	25	85	46	239
V31	42	366	162	470	250	156
V32	135	14	121	171	34	86
V33	63	41	259	62	6	74
V34	832	48	103	99	13	524
V35	130	41	230	138	49	103
V36	419	2	245	71	87	289
V37	192	61	80	37	59	133
V38	179	211	17	36	189	176
V39	211	278	6	69	299	248
V40	34	276	471	324	181	146
V41	395	332	367	80	103	343
V42	232	46	630	52	679	196
V43	703	75	287	207	44	427
V44	32	31	153	173	82	51
V45	68	163	392	103	845	135
V46	210	477	71	483	39	282
V47	34	49	107	133	183	51
V48	74	137	24	194	69	124
V49	219	190	103	116	20	197
V50	996	103	253	234	483	607
V51	44	735	148	478	21	302
V52	9	63	15	108	107	35
V53	727	38	166	82	93	446
V54	193	25	273	3	135	106
V55	193	272	181	206	139	218
V56	46	282	20	14	104	137
V57	408	74	241	35	22	233
V58	66	354	51	346	172	169
V59	211	24	216	424	61	136
V60	219	182	131	80	10	192
V61	308	120	7	12	303	216
V62	164	21	55	85	301	117
V63	142	118	126	519	212	153
V64	25	99	207	5	56	64
V65	106	230	130	84	305	175
V66	400	0	184	82	225	253
V67	13	505	155	14	425	200
V68	149	323	34	249	12	190
V69	19	18	849	276	164	48
V70	402	236	458	258	79	340
V71	908	146	133	250	362	630
V72	251	75	2	70	254	187
V73	13	281	103	641	177	111
V74	100	30	68	232	29	76
V75	27	118	245	162	118	78
V76	113	66	188	605	398	128
V77	46	4	566	122	741	75
V78	206	47	36	187	194	152
V79	373	62	3	43	25	240
V80	109	288	218	26	166	177
V81	535	139	740	302	87	375
V82	567	204	510	182	63	414
V83	52	4	46	14	51	39
V84	146	80	145	56	90	103
V85	527	193	622	733	486	423
V86	25	21	131	656	3	47
V87	3	140	487	87	27	54
V88	43	20	39	430	171	41
V89	68	47	249	204	64	62
V90	115	53	266	16	543	108
V91	798	24	97	117	102	456
V92	170	339	371	268	220	240
V93	336	113	156	217	450	241
V94	327	151	69	226	313	306
V95	29	75	121	202	210	55
V96	139	39	192	51	6	96
V97	450	44	486	230	70	293
V98	400	17	925	217	61	223
V99	82	32	21	718	27	80
V100	337	372	71	71	499	356
V101	140	22	67	106	316	97
V102	304	445	161	99	102	340
V103	267	149	112	153	430	239
V104	324	229	52	284	5	258
V105	453	98	238	299	94	307
V106	19	97	109	450	36	63
V107	66	413	246	170	42	172
V108	409	0	16	1	276	245
V109	80	130	19	254	223	91
V110	19	64	372	31	54	39
V111	1101	16	9	84	249	656
V112	295	54	783	363	68	214
V113	86	137	71	381	133	112
V114	222	272	213	205	460	259
V115	19	432	20	83	190	182
V116	85	288	110	34	88	150
V117	247	104	357	164	158	170
V118	4	24	59	66	42	25
V119	337	287	0	543	219	314
V120	292	138	595	388	349	245
V121	178	209	23	826	33	212
V122	303	253	5	154	34	299
V123	291	311	10	157	204	306
V124	127	102	116	122	34	119
V125	8	311	56	610	219	144
V126	85	73	277	52	207	76
V127	812	28	27	5	25	478
V128	22	187	876	142	90	80
V129	444	0	140	788	338	305
V130	328	75	13	9	83	201
V131	10	215	290	0	321	89
V132	97	344	222	368	86	205
V133	258	34	31	436	31	170
V134	13	282	158	69	50	87
V135	64	36	81	226	293	75
V136	78	45	106	22	281	67
V137	88	239	16	2	12	145
V138	312	182	23	97	301	235
V139	167	23	19	227	163	118
V140	143	68	144	10	5	116
V141	184	376	341	81	462	262
V142	65	126	293	9	93	88
V143	330	80	76	7	18	220
V144	58	631	385	157	642	298
V145	431	78	198	9	511	320
V146	110	59	20	260	196	99
V147	250	69	202	468	257	185
V148	341	41	163	394	60	240
V149	19	94	59	338	164	52
V150	376	65	368	463	174	241
V151	143	379	5	150	103	215
V152	348	7	21	483	812	249
V153	148	20	0	782	22	115
V154	18	265	63	101	227	102
V155	105	153	699	362	189	142
V156	395	255	27	1	158	327
V157	161	65	14	18	90	120
V158	1	175	314	91	365	81
V159	167	42	56	83	65	114
V160	293	290	51	295	635	361
V161	101	1	58	286	107	60
V162	119	25	25	210	191	101
V163	443	142	4	30	88	308
V164	22	156	80	162	517	87
V165	102	550	253	190	243	266
V166	68	237	108	386	11	110
V167	137	523	62	40	77	292
V168	86	9	281	113	113	73
V169	69	74	50	44	271	87
V170	115	22	338	161	93	93
V171	40	1122	153	260	0	447
V172	203	397	11	175	333	307
V173	200	52	291	107	55	150
V174	75	360	29	115	151	171
V175	438	322	641	50	148	344
V176	178	337	59	61	471	232
V177	549	381	438	11	36	432
V178	66	32	647	9	312	61
V179	355	308	153	141	309	335
V180	142	512	33	126	27	273
V181	31	3	484	91	32	44
V182	80	135	115	37	335	96
V183	481	160	121	11	190	321
V184	407	326	1	66	118	384
V185	97	182	50	156	18	135
V186	248	63	240	5	122	156
V187	1	17	13	62	46	21
V188	204	303	105	79	296	218
V189	158	583	141	711	298	333
V190	156	155	17	221	65	122
V191	6	133	142	68	441	78
V192	178	70	116	311	994	159
V193	161	109	26	130	159	154
V194	272	178	153	175	291	255
V195	76	799	29	61	139	344
V196	85	62	464	356	48	82
V197	42	90	10	469	222	81
V198	12	383	18	5	504	172
V199	11	2	149	190	162	23
V200	65	216	18	239	226	149
V201	136	11	266	509	251	99
V202	58	300	109	228	198	157
V203	576	174	62	92	110	442
V204	30	258	664	121	377	138
V205	557	459	158	75	74	503
V206	41	424	151	124	393	195
V207	123	291	1126	245	45	179
V208	29	149	139	91	433	87
V209	6	407	153	213	232	164
V210	49	409	238	33	31	172
V211	204	53	8	9	5	134
V212	98	307	177	112	603	180
V213	223	27	28	134	3	156
V214	110	9	41	106	485	107
V215	295	282	247	4	518	268
V216	236	79	587	724	22	199
V217	434	33	261	249	281	282
V218	63	66	95	350	82	71
V219	95	342	162	167	12	173
V220	207	424	126	501	167	307
V221	187	22	118	447	232	132
V222	249	361	109	52	380	283
V223	30	4	46	47	361	40
V224	53	189	189	200	101	131
V225	92	343	56	300	613	225
V226	110	28	176	88	29	83
V227	104	194	250	107	251	144
V228	160	18	76	16	243	104
V229	315	660	465	151	161	403
V230	167	492	66	412	308	252
V231	329	428	169	33	8	319
V232	483	117	121	397	222	336
V233	316	10	46	38	38	189
V234	92	2	38	76	27	58
V235	81	174	419	38	5	99
V236	343	349	96	3	388	318
V237	127	64	118	106	211	129
V238	248	74	412	310	581	211
V239	278	76	180	312	89	185
V240	63	41	4	417	41	58
V241	22	412	341	34	105	176
V242	739	624	276	99	253	678
V243	248	269	30	239	41	256
V244	48	129	110	290	92	93
V245	188	2	114	212	30	139
V246	411	29	147	42	54	277
V247	165	188	769	74	38	185
V248	137	473	448	13	216	272
V249	348	17	64	49	47	207
V250	56	991	119	186	504	383
V251	170	133	544	76	0	168
V252	203	399	148	161	13	242
V253	0	281	335	375	82	134
V254	267	4	396	120	106	174
V255	168	395	282	236	106	240
V256	288	95	231	236	9	205
V257	67	333	39	129	866	189
V258	58	167	35	46	131	122
V259	5	124	191	83	853	82
V260	302	294	18	265	136	270
V261	160	286	13	153	195	191
V262	836	291	368	69	72	608
V263	180	139	416	183	130	187
V264	84	76	690	182	140	92
V265	53	674	363	382	403	277
V266	292	666	464	78	137	377
V267	58	60	487	162	1229	134
V268	575	72	247	189	70	352
V269	40	307	161	32	69	115
V270	436	121	154	63	410	290
V271	132	329	6	1	58	166
V272	123	78	83	15	36	108
V273	174	40	52	6	585	132
V274	42	270	305	0	375	133
V275	12	1	153	181	252	34
V276	18	64	21	167	20	38
V277	151	181	456	168	125	177
V278	257	20	634	329	49	176
V279	10	61	376	2	432	45
V280	572	33	71	25	15	333
V281	23	810	198	125	529	318
V282	374	262	363	110	361	324
V283	317	145	482	781	530	271
V284	46	46	4	258	197	74
V285	87	331	103	89	76	175
V286	183	78	226	847	395	174
V287	41	5	172	490	144	48
V288	255	170	355	289	1285	265
V289	211	424	400	104	50	270
V290	26	33	168	250	540	53
V291	204	161	845	259	223	189
V292	373	56	18	217	73	259
V293	253	204	337	100	298	269
V294	873	39	323	134	460	503
V295	36	9	55	185	8	46
V296	298	284	177	6	312	289
V297	40	90	187	122	23	60
V298	336	269	155	11	21	298
V299	21	28	12	940	15	41
V300	535	46	39	44	169	351
V301	162	60	236	44	157	131
V302	47	98	139	109	833	102
V303	5	129	4	56	545	82
V304	52	62	0	157	7	64
V305	14	19	51	156	244	33
V306	58	702	109	155	279	301
V307	191	11	10	612	271	143
V308	345	368	36	15	237	329
V309	61	91	611	136	26	79
V310	9	98	134	39	96	51
V311	447	293	3	316	3	366
V312	48	142	300	230	54	70
V313	98	861	61	312	73	347
V314	28	17	59	124	217	34
V315	302	193	54	14	67	246
V316	31	211	50	198	202	102
V317	80	28	31	480	388	80
V318	158	467	1	236	381	271
V319	236	143	1593	46	253	195
V320	335	251	118	49	507	322
V321	102	47	146	91	177	105
V322	35	148	306	620	25	71
V323	53	303	59	69	24	157
V324	323	123	91	483	77	237
V325	196	128	10	10	500	172
V326	337	107	173	14	419	275
V327	86	52	19	183	311	87
V328	139	200	129	331	33	154
V329	316	269	13	179	67	278
V330	245	119	498	64	102	160
V331	333	427	231	751	122	346
V332	538	96	199	45	720	385
V333	145	13	75	6	13	107
V334	155	146	105	947	121	173
V335	558	210	31	118	434	429
V336	378	27	78	11	241	224
V337	151	191	68	327	12	159
V338	821	158	196	197	64	522
V339	76	21	59	70	52	57
V340	9	59	120	430	83	40
V341	69	167	15	288	42	120
V342	125	520	567	81	852	308
V343	142	896	11	870	41	432
V344	89	283	257	170	46	153
V345	418	281	228	62	135	337
V346	96	337	202	64	180	185
V347	40	153	446	225	124	117
V348	242	299	1	43	224	228
V349	343	42	256	100	329	237
V350	49	79	111	236	160	83
V351	55	165	31	634	195	117
V352	0	14	497	44	227	39
V353	57	178	5	625	249	110
V354	88	29	78	188	7	70
V355	5	270	39	549	212	116
V356	66	40	121	166	14	70
V357	34	713	136	705	675	326
V358	37	330	139	98	21	149
V359	13	481	117	631	31	185
V360	105	387	31	168	326	197
V361	19	251	182	74	73	110
V362	19	25	629	7	239	39
V363	12	47	127	122	124	43
V364	11	0	242	571	13	26
V365	133	284	190	387	45	170
V366	230	393	141	119	24	276
V367	281	4	549	15	610	192
V368	548	133	443	153	51	436
V369	80	160	466	207	170	122
V370	207	46	110	80	522	166
V371	13	28	169	117	32	30
V372	5	105	84	13	707	62
V373	240	75	7	21	324	165
V374	28	53	20	54	73	41
V375	182	29	344	168	439	131
V376	49	162	48	263	410	124
V377	133	128	915	55	4	148
V378	50	616	51	40	344	239
V379	186	428	41	124	128	280
V380	561	310	232	176	465	444
V381	79	58	122	62	265	79
V382	38	31	106	66	252	52
V383	293	106	23	213	236	206
V384	102	376	761	140	112	203
V385	26	9	584	6	495	39
V386	20	75	174	89	307	51
V387	106	587	186	482	44	244
V388	152	84	281	107	0	112
V389	399	158	299	600	51	309
V390	14	68	36	16	137	46
V391	329	14	792	232	299	235
V392	31	373	168	27	584	168
V393	238	81	76	72	63	189
V394	128	438	164	122	267	243
V395	163	250	291	112	85	184
V396	784	208	95	152	7	553
V397	68	326	129	275	258	162
V398	226	258	304	59	91	247
V399	101	96	74	91	615	133
V400	150	242	24	267	221	209
V401	302	23	370	123	56	153
V402	417	119	97	97	175	304
V403	26	500	183	132	45	204
V404	344	354	18	92	62	335
V405	216	4	134	190	26	131
V406	39	275	747	278	216	126
V407	443	513	470	683	72	462
V408	3	329	130	901	62	141
V409	3	28	646	291	427	59
V410	148	364	148	14	112	227
V411	429	247	247	151	168	321
V412	45	42	37	55	71	44
V413	502	15	270	103	452	305
V414	275	9	104	23	392	177
V415	198	420	241	1	14	264
V416	35	36	201	91	5	54
V417	254	112	169	190	126	197
V418	94	37	22	292	32	88
V419	107	321	380	21	236	189
V420	129	21	280	49	20	120
V421	263	393	6	30	658	300
V422	41	288	139	20	5	138
V423	964	232	818	55	71	590
V424	403	156	177	103	441	303
V425	109	87	117	286	340	117
V426	33	137	86	109	74	66
V427	48	645	14	124	346	262
V428	285	154	9	390	40	245
V429	10	139	112	277	64	73
V430	8	345	368	181	229	151
V431	137	116	181	5	352	115
V432	5	116	532	142	212	65
V433	209	51	373	197	115	160
V434	113	817	402	72	2	327
V435	154	441	55	48	197	230
V436	286	440	179	121	322	331
V437	340	309	125	54	34	330
V438	228	208	394	561	26	228
V439	0	56	167	188	112	43
V440	22	155	71	211	115	79
V441	16	109	19	94	16	60
V442	567	338	784	128	517	470
V443	163	92	206	19	243	150
V444	116	130	52	205	48	118
V445	255	170	49	189	28	180
V446	280	117	384	109	217	200
V447	17	419	19	204	257	207
V448	107	871	170	71	73	375
V449	122	294	137	26	147	171
V450	109	192	959	618	38	171
V451	190	76	45	225	252	133
V452	505	568	812	120	25	529
V453	413	1	748	116	2	248
V454	714	485	67	233	89	551
V455	233	32	15	97	166	146
V456	532	126	239	6	33	328
V457	160	668	96	557	79	306
V458	403	592	63	416	395	459
V459	392	197	278	327	422	316
V460	515	46	113	23	49	311
V461	73	279	721	46	60	163
V462	751	47	21	69	106	453
V463	820	145	341	157	397	547
V464	205	140	33	124	93	160
V465	65	855	106	392	82	354
V466	66	505	73	272	1	236
V467	50	335	32	30	343	169
V468	131	15	34	779	8	108
V469	392	102	62	38	19	237
V470	320	7	15	654	347	249
V471	523	279	165	107	41	416
V472	787	1	851	2	26	449
V473	144	150	147	251	98	158
V474	215	115	23	261	701	192
V475	17	340	246	172	47	143
V476	240	625	10	151	777	373
V477	95	226	20	192	233	143
V478	0	30	206	97	57	31
V479	87	108	232	1041	78	124
V480	514	347	130	79	80	439
V481	156	455	40	767	158	247
V482	119	321	25	328	414	214
V483	14	286	465	32	187	141
V484	461	162	78	246	125	316
V485	9	992	274	25	134	406
V486	128	422	54	92	41	225
V487	325	31	14	212	263	193
V488	35	1	358	175	441	40
V489	122	159	57	801	384	163
V490	42	71	200	587	111	63
V491	389	31	100	66	0	240
V492	495	13	148	430	308	309
V493	110	191	235	839	33	150
V494	193	837	345	131	184	429
V495	145	310	251	81	53	199
V496	17	63	276	19	69	48
V497	294	15	16	107	130	193
V498	293	174	172	28	99	246
V499	626	462	198	39	12	494
V500	13	140	92	721	138	89
