Source001	Source002	Source003	Source004	Source005	Sink
V1	45	219	157	264	101	192
V2	199	328	182	401	606	309
V3	76	27	56	174	31	40
V4	38	158	734	93	103	154
V5	454	167	5	159	58	185
V6	524	120	286	47	140	191
V7	199	107	4	66	3	108
V8	278	74	245	103	598	112
V9	13	368	173	167	69	293
V10	221	98	6	92	0	87
V11	442	108	91	605	5	178
V12	150	576	872	369	137	547
V13	5	77	174	212	59	86
V14	54	235	6	178	27	195
V15	188	27	102	150	80	55
V16	1	12	209	190	204	24
V17	53	95	274	90	175	103
V18	194	69	104	88	31	89
V19	104	20	83	386	60	33
V20	68	201	614	384	163	200
V21	41	45	123	17	109	54
V22	57	72	23	16	333	69
V23	368	174	162	201	22	163
V24	587	72	739	50	139	157
V25	133	239	20	153	329	202
V26	596	241	180	17	358	281
V27	238	113	30	209	42	117
V28	68	112	26	109	40	92
V29	233	63	54	395	124	95
V30	71	399	732	57	71	383
V31	75	181	260	57	740	187
V32	141	401	184	118	580	392
V33	78	397	29	77	470	360
V34	257	137	149	483	95	141
V35	24	61	420	72	727	99
V36	237	329	562	9	331	305
V37	611	238	346	81	243	282
V38	51	108	109	6	149	123
V39	149	25	15	45	23	35
V40	10	29	779	524	333	88
V41	80	125	261	0	122	116
V42	70	274	104	463	60	210
V43	64	243	90	54	296	207
V44	123	485	333	93	177	463
V45	133	20	143	183	58	38
V46	93	65	310	331	6	90
V47	87	32	16	21	113	43
V48	50	833	94	97	63	668
V49	380	12	147	9	77	76
V50	25	177	156	173	70	168
V51	168	352	91	342	245	302
V52	923	219	49	76	194	290
V53	47	168	323	198	23	144
V54	136	224	504	231	42	219
V55	56	216	50	131	259	180
V56	281	22	406	765	126	91
V57	382	420	90	14	11	357
V58	33	582	281	1368	26	489
V59	55	45	146	4	405	53
V60	70	125	44	267	104	127
V61	369	142	386	213	285	191
V62	141	40	415	67	28	64
V63	385	11	216	274	378	74
V64	326	648	129	127	161	567
V65	226	293	113	142	161	273
V66	2	59	0	134	324	61
V67	546	40	58	97	217	106
V68	311	158	87	497	15	169
V69	183	80	1	170	229	112
V70	41	56	164	191	84	69
V71	115	158	588	8	854	187
V72	250	222	224	371	110	220
V73	516	263	110	34	60	263
V74	9	5	458	381	207	40
V75	14	290	20	529	141	222
V76	12	31	342	216	124	43
V77	55	250	101	10	260	192
V78	364	242	82	564	114	273
V79	269	157	122	227	101	156
V80	4	71	81	56	304	67
V81	28	90	93	364	369	80
V82	2	8	206	58	106	17
V83	569	349	32	209	821	381
V84	51	199	73	45	155	159
V85	99	450	316	403	1215	449
V86	408	59	23	40	454	100
V87	255	167	50	84	10	184
V88	210	157	442	122	93	181
V89	483	401	112	98	7	397
V90	97	40	57	313	15	50
V91	1305	51	1114	394	110	277
V92	151	131	571	0	42	163
V93	193	48	252	394	158	87
V94	322	72	27	221	258	90
V95	62	272	57	98	228	272
V96	136	713	400	73	31	573
V97	353	45	97	266	20	88
V98	71	178	59	76	119	156
V99	802	63	497	42	109	182
V100	191	33	264	157	27	82
V101	262	57	171	154	223	92
V102	885	504	252	253	11	551
V103	33	1169	1	590	273	961
V104	247	42	77	18	145	71
V105	32	324	14	265	940	296
V106	339	289	53	190	679	285
V107	173	161	64	5	3	169
V108	274	245	472	139	231	244
V109	476	57	36	543	60	134
V110	154	104	13	260	91	103
V111	79	15	70	109	112	27
V112	64	263	980	455	55	294
V113	180	39	187	288	14	48
V114	14	275	81	29	231	246
V115	113	127	208	408	545	146
V116	31	46	632	176	98	70
V117	103	181	239	152	225	178
V118	890	134	319	56	197	234
V119	186	47	266	81	321	76
V120	64	19	13	55	20	27
V121	468	78	531	200	121	149
V122	125	51	94	214	122	62
V123	152	288	91	99	95	257
V124	219	58	10	273	11	66
V125	57	84	174	161	21	74
V126	231	11	257	61	200	62
V127	522	63	412	95	322	129
V128	186	15	200	63	3	41
V129	542	4	235	349	586	89
V130	23	410	7	50	144	356
V131	26	140	212	647	58	148
V132	84	102	241	320	8	106
V133	73	29	143	4	241	39
V134	192	725	73	152	6	645
V135	59	22	198	54	986	63
V136	164	136	7	236	145	139
V137	268	175	78	145	342	188
V138	161	27	68	543	443	71
V139	153	66	169	673	71	80
V140	149	383	62	436	18	350
V141	311	57	155	174	54	71
V142	38	34	913	86	901	95
V143	480	111	318	135	25	152
V144	368	339	60	755	65	305
V145	505	36	97	72	263	82
V146	208	47	49	664	335	88
V147	127	169	52	165	87	150
V148	130	81	105	7	77	89
V149	45	512	290	35	433	395
V150	59	95	39	24	162	92
V151	333	171	346	646	36	181
V152	183	4	65	47	421	38
V153	24	3	373	479	177	45
V154	511	11	65	85	148	68
V155	62	101	24	25	315	108
V156	23	73	287	473	129	87
V157	29	116	261	28	278	118
V158	20	79	26	489	437	94
V159	64	31	226	289	358	66
V160	124	356	30	85	58	303
V161	117	460	361	16	21	391
V162	1095	74	112	126	646	189
V163	331	157	53	29	384	159
V164	55	67	227	16	283	90
V165	14	97	172	616	696	116
V166	99	291	68	237	54	265
V167	108	288	120	549	9	245
V168	707	1	63	518	70	74
V169	19	819	576	746	345	696
V170	145	253	474	1160	0	266
V171	102	24	436	316	733	80
V172	18	44	112	267	76	40
V173	44	423	69	49	34	320
V174	10	45	16	35	399	54
V175	243	211	116	557	284	202
V176	298	575	269	31	170	488
V177	351	205	185	39	542	222
V178	51	81	140	213	130	86
V179	33	386	1013	94	278	393
V180	11	166	38	554	44	133
V181	267	9	89	34	771	70
V182	62	308	2	339	221	246
V183	136	30	65	394	48	38
V184	415	39	148	222	47	80
V185	71	89	40	340	199	103
V186	118	71	119	70	96	88
V187	504	203	61	418	438	215
V188	149	189	89	159	2	189
V189	199	389	191	35	297	357
V190	16	30	102	14	89	34
V191	710	192	136	399	296	250
V192	103	177	90	338	888	171
V193	279	225	36	28	229	232
V194	165	16	601	8	108	69
V195	23	581	75	51	339	475
V196	387	519	76	237	356	453
V197	30	243	169	2	24	216
V198	121	369	182	586	16	328
V199	241	125	95	57	132	142
V200	1	241	34	350	27	181
V201	208	131	111	1	159	147
V202	8	117	35	749	123	113
V203	298	211	233	367	499	211
V204	72	19	166	48	10	34
V205	309	6	49	73	527	46
V206	162	560	129	194	15	510
V207	264	197	246	128	28	193
V208	165	1217	322	18	31	994
V209	343	673	162	427	220	631
V210	177	139	365	4	332	188
V211	41	506	921	452	78	458
V212	0	18	331	195	41	28
V213	257	60	172	277	113	89
V214	115	73	426	49	356	98
V215	16	61	404	32	547	87
V216	30	80	414	319	366	105
V217	253	192	371	582	147	213
V218	205	595	506	1009	77	551
V219	301	2	83	184	8	55
V220	199	110	98	320	60	116
V221	15	94	11	212	725	104
V222	426	113	68	59	408	153
V223	36	250	178	529	147	216
V224	257	115	164	140	46	152
V225	532	47	143	293	125	95
V226	122	185	111	28	8	173
V227	410	18	1097	700	979	171
V228	326	54	80	234	193	80
V229	41	310	114	98	263	264
V230	338	278	54	282	45	239
V231	54	210	159	309	810	211
V232	1284	206	37	34	221	310
V233	417	119	139	330	432	197
V234	255	139	200	97	325	153
V235	125	598	138	992	64	483
V236	570	57	145	76	137	128
V237	59	63	145	207	127	63
V238	2	230	443	159	206	212
V239	215	49	266	68	384	102
V240	16	69	505	485	496	114
V241	219	95	56	445	139	118
V242	430	331	112	186	2	293
V243	184	236	249	62	126	227
V244	577	268	256	88	647	291
V245	9	77	139	229	428	86
V246	450	283	62	148	7	282
V247	165	634	70	139	9	536
V248	424	225	397	185	2	275
V249	246	94	966	143	107	135
V250	95	1290	302	2	232	1030
V251	109	156	13	23	515	158
V252	805	252	150	79	408	297
V253	43	194	47	2	45	160
V254	108	378	182	208	29	339
V255	628	131	220	68	79	211
V256	551	6	559	27	129	90
V257	35	93	537	283	86	131
V258	197	149	71	103	174	148
V259	1	249	215	21	10	196
V260	129	39	58	32	16	51
V261	497	4	434	365	61	84
V262	47	301	56	447	94	240
V263	201	22	104	140	5	38
V264	237	192	156	148	157	212
V265	185	137	4	11	8	128
V266	82	227	409	100	153	199
V267	41	115	199	645	798	130
V268	7	548	74	0	962	489
V269	208	62	9	146	54	76
V270	498	92	42	209	90	157
V271	388	249	61	48	198	228
V272	136	136	123	300	340	148
V273	255	11	64	82	52	56
V274	35	76	341	147	292	104
V275	150	222	202	76	71	193
V276	40	152	65	278	108	139
V277	43	230	3	535	20	185
V278	29	77	232	193	24	96
V279	74	223	71	150	29	186
V280	114	543	136	271	81	444
V281	280	354	47	101	303	321
V282	26	70	167	1	40	78
V283	29	242	123	4	686	196
V284	134	155	15	205	68	165
V285	55	78	68	116	284	73
V286	222	194	264	635	124	227
V287	243	119	68	215	131	128
V288	153	95	345	435	29	115
V289	69	283	227	2	36	239
V290	3	108	717	181	22	141
V291	302	96	449	102	7	122
V292	296	35	272	46	124	72
V293	173	30	16	90	144	51
V294	79	117	576	425	248	134
V295	22	82	380	47	37	93
V296	182	15	94	464	883	81
V297	47	295	779	3	110	281
V298	484	106	45	24	89	125
V299	49	336	250	259	126	266
V300	53	192	105	72	211	196
V301	137	476	303	31	69	441
V302	416	413	451	371	21	381
V303	179	1247	83	64	321	987
V304	676	77	17	183	280	123
V305	122	158	302	223	152	168
V306	392	122	392	92	155	169
V307	352	589	96	420	11	514
V308	153	116	179	143	30	113
V309	203	383	121	189	0	333
V310	19	114	101	62	82	84
V311	104	41	165	85	21	55
V312	218	252	9	493	80	220
V313	273	405	256	17	24	389
V314	16	107	60	74	29	95
V315	21	50	63	219	259	64
V316	466	236	555	92	97	289
V317	45	526	33	34	197	449
V318	65	214	0	62	107	195
V319	5	982	57	254	353	757
V320	110	25	189	59	36	39
V321	410	135	106	93	174	160
V322	51	79	115	169	25	103
V323	787	690	56	75	1	674
V324	323	259	273	433	7	255
V325	215	331	120	71	117	296
V326	337	117	458	17	220	153
V327	181	135	154	186	335	157
V328	145	3	75	281	307	28
V329	27	37	391	163	22	56
V330	80	254	140	9	15	209
V331	65	68	36	187	233	79
V332	4	73	91	240	296	76
V333	57	144	7	191	85	132
V334	397	455	21	136	28	410
V335	240	125	159	16	202	146
V336	48	101	113	73	186	98
V337	58	397	72	17	322	335
V338	111	66	83	296	349	74
V339	33	69	458	489	403	99
V340	320	12	192	570	79	76
V341	203	238	106	104	102	252
V342	320	80	281	47	208	118
V343	43	415	245	272	671	396
V344	5	6	389	131	22	24
V345	325	421	228	194	184	418
V346	30	483	114	160	171	381
V347	100	304	26	159	478	281
V348	137	25	320	141	28	54
V349	599	528	121	140	135	496
V350	19	300	234	78	119	262
V351	1	485	63	0	6	352
V352	167	150	5	472	69	147
V353	559	602	354	77	73	566
V354	325	94	223	239	139	126
V355	303	821	54	20	88	727
V356	140	30	290	458	358	68
V357	283	17	209	19	65	56
V358	101	86	28	35	259	89
V359	27	185	321	250	298	175
V360	109	561	123	145	120	451
V361	12	131	777	94	76	157
V362	131	24	173	302	76	52
V363	54	100	54	478	9	97
V364	4	59	461	108	182	93
V365	269	540	539	154	118	497
V366	106	348	737	110	163	335
V367	84	341	13	155	466	284
V368	47	15	75	38	164	34
V369	159	10	1	144	5	39
V370	585	249	686	50	621	306
V371	257	86	287	127	75	117
V372	178	515	341	93	72	443
V373	406	36	219	129	19	100
V374	3	202	36	138	9	165
V375	142	472	159	107	265	431
V376	16	629	89	247	566	526
V377	133	57	326	310	233	87
V378	53	50	78	121	283	64
V379	192	546	242	124	733	508
V380	29	527	334	163	86	442
V381	56	301	16	155	172	264
V382	23	297	150	241	319	273
V383	11	244	75	175	38	209
V384	151	48	168	395	92	73
V385	251	127	10	137	14	123
V386	28	712	835	91	252	641
V387	877	7	112	298	59	93
V388	192	88	58	164	79	107
V389	170	64	12	86	64	86
V390	58	74	56	173	74	66
V391	183	246	18	61	14	230
V392	113	5	32	119	320	28
V393	337	394	206	47	87	316
V394	180	17	37	111	392	58
V395	13	309	125	113	31	253
V396	314	50	66	47	47	72
V397	242	105	218	320	172	120
V398	482	138	587	282	162	201
V399	234	380	85	16	10	349
V400	145	1	4	9	320	24
V401	24	45	108	117	53	49
V402	186	480	5	790	182	423
V403	320	206	373	364	4	210
V404	120	14	522	338	46	60
V405	17	68	189	23	178	67
V406	186	105	46	286	107	98
V407	1741	726	200	221	57	780
V408	258	371	548	450	122	382
V409	392	106	197	265	47	130
V410	1357	320	245	283	36	413
V411	344	27	9	134	1217	97
V412	389	359	608	53	69	382
V413	286	223	13	100	83	216
V414	199	183	146	88	310	173
V415	641	247	46	167	1038	311
V416	191	271	839	314	11	297
V417	55	76	47	232	50	72
V418	87	0	29	29	79	17
V419	11	42	98	107	95	31
V420	232	96	145	19	46	113
V421	290	34	303	20	38	79
V422	31	298	20	306	602	275
V423	71	211	122	4	43	162
V424	152	465	229	289	240	410
V425	72	96	796	135	118	149
V426	23	192	6	101	489	184
V427	139	110	292	116	57	118
V428	102	15	23	350	128	31
V429	82	533	138	21	127	458
V430	102	509	91	254	100	444
V431	81	243	35	224	3	199
V432	49	51	101	104	385	68
V433	333	247	48	40	620	246
V434	120	399	45	208	19	315
V435	114	3	194	65	285	36
V436	264	244	183	65	389	254
V437	17	240	28	284	468	219
V438	112	262	248	61	41	229
V439	159	171	73	297	289	187
V440	297	454	238	106	595	429
V441	167	375	116	264	548	362
V442	35	35	121	204	171	45
V443	747	220	136	476	221	257
V444	224	14	112	448	236	64
V445	442	549	880	103	397	559
V446	7	157	32	116	208	145
V447	635	434	537	73	564	448
V448	193	458	69	238	309	393
V449	23	21	74	0	100	25
V450	240	248	516	177	217	242
V451	295	24	60	50	255	59
V452	461	125	376	83	75	203
V453	218	92	129	148	206	100
V454	99	221	142	2	670	218
V455	80	145	206	139	77	145
V456	73	204	564	42	6	216
V457	160	364	7	288	180	310
V458	21	235	688	1	343	255
V459	35	28	144	94	82	44
V460	178	209	339	115	7	219
V461	218	242	82	82	159	227
V462	429	133	54	179	42	152
V463	95	92	192	261	131	111
V464	22	24	152	52	133	37
V465	5	95	176	45	218	94
V466	48	264	30	290	5	225
V467	212	41	8	332	355	84
V468	271	8	13	523	142	51
V469	103	43	403	309	364	94
V470	51	152	471	251	113	157
V471	139	372	84	100	109	300
V472	155	47	160	193	49	62
V473	107	39	46	21	126	42
V474	255	289	68	190	79	286
V475	5	191	21	191	63	164
V476	69	505	198	62	258	449
V477	144	34	199	541	19	61
V478	541	77	248	17	328	144
V479	8	735	44	106	264	599
V480	30	106	80	163	181	92
V481	73	11	329	39	1	33
V482	647	21	70	167	34	85
V483	24	180	179	257	102	164
V484	48	213	174	52	20	205
V485	47	67	114	390	151	76
V486	26	205	361	493	488	208
V487	85	158	40	265	21	148
V488	29	284	55	264	634	263
V489	89	97	331	769	526	135
V490	238	235	64	101	44	230
V491	617	201	123	315	73	236
V492	221	83	5	457	63	102
V493	55	4	326	134	237	41
V494	302	39	252	2	232	99
V495	198	42	71	239	0	57
V496	59	362	375	140	797	312
V497	136	186	386	130	26	165
V498	125	215	26	56	394	214
V499	309	17	274	299	135	66
V500	4	298	6	74	384	255
