Source001	Source002	Source003	Source004	Source005	Sink
V1	488	451	129	109	36	476
V2	183	388	132	15	146	325
V3	40	172	307	468	199	123
V4	42	57	420	153	292	57
V5	91	476	82	394	107	349
V6	192	152	444	70	47	172
V7	550	82	187	15	266	202
V8	15	212	46	104	24	184
V9	114	217	112	94	342	199
V10	139	57	246	90	139	83
V11	23	235	207	167	27	169
V12	231	283	664	26	103	304
V13	155	20	518	105	161	64
V14	29	338	520	335	62	254
V15	182	189	38	57	5	164
V16	117	92	180	171	556	110
V17	279	103	91	239	74	132
V18	316	260	115	134	446	242
V19	435	15	277	75	11	93
V20	55	184	194	132	72	132
V21	81	319	75	154	411	258
V22	39	203	73	108	1	175
V23	222	310	313	74	226	251
V24	71	83	16	162	488	81
V25	137	635	245	739	184	534
V26	5	102	100	371	23	77
V27	163	493	85	36	173	376
V28	72	11	131	282	97	42
V29	535	168	190	538	204	279
V30	432	10	325	133	364	172
V31	126	260	149	177	327	187
V32	2	21	104	602	96	34
V33	6	295	58	20	456	231
V34	390	422	353	282	79	429
V35	227	212	141	11	16	244
V36	290	103	11	204	133	157
V37	5	137	124	89	353	95
V38	110	102	96	370	243	120
V39	12	38	50	116	282	31
V40	204	71	185	34	54	131
V41	138	100	2	45	196	96
V42	73	27	239	145	36	55
V43	154	203	118	50	399	201
V44	283	45	557	288	91	106
V45	24	48	476	856	469	90
V46	96	374	162	33	259	261
V47	23	343	704	529	144	264
V48	209	191	175	19	192	187
V49	39	94	41	91	465	92
V50	12	298	182	120	143	221
V51	267	68	124	221	94	134
V52	142	7	30	74	309	68
V53	744	139	228	66	1654	286
V54	32	822	51	403	113	550
V55	176	209	18	138	25	182
V56	13	1440	102	164	1	974
V57	30	172	337	29	117	134
V58	716	159	1175	22	381	330
V59	116	310	14	180	10	273
V60	57	86	21	308	2	69
V61	23	88	317	232	253	84
V62	417	495	0	59	3	434
V63	110	6	272	27	575	43
V64	217	134	213	142	477	145
V65	37	10	245	139	194	37
V66	78	2	212	298	403	41
V67	241	152	188	122	68	160
V68	519	257	161	307	422	303
V69	683	297	117	82	11	361
V70	134	61	113	343	42	96
V71	51	31	10	204	32	48
V72	82	184	8	220	152	165
V73	599	113	131	7	8	239
V74	115	99	490	129	25	120
V75	89	499	118	4	39	370
V76	234	75	33	2385	223	199
V77	490	7	7	57	31	115
V78	207	223	222	182	95	211
V79	150	29	678	412	70	78
V80	5	84	135	64	153	65
V81	74	227	462	200	23	161
V82	31	76	34	8	428	61
V83	3	290	599	120	139	213
V84	80	24	173	56	137	36
V85	284	50	225	29	204	95
V86	277	311	86	170	76	312
V87	213	865	33	56	119	635
V88	926	181	399	51	144	361
V89	485	116	48	78	128	205
V90	242	180	110	891	180	208
V91	142	210	313	43	835	177
V92	292	67	205	257	18	117
V93	3	55	73	671	37	63
V94	74	414	379	13	216	278
V95	87	98	632	64	209	125
V96	220	748	183	17	43	547
V97	286	84	137	404	357	128
V98	275	796	284	376	794	670
V99	683	209	25	609	279	328
V100	55	97	148	545	46	104
V101	83	92	12	1157	15	134
V102	52	204	258	185	154	177
V103	366	528	3	61	321	477
V104	355	124	245	20	492	175
V105	58	281	167	78	119	209
V106	134	45	153	150	2	74
V107	133	21	981	328	11	86
V108	353	94	20	232	651	159
V109	195	407	483	596	372	321
V110	140	5	176	49	67	106
V111	9	7	105	187	806	54
V112	120	16	358	165	385	58
V113	585	614	63	120	110	572
V114	19	320	6	492	63	209
V115	233	45	524	770	372	130
V116	206	78	126	15	586	106
V117	264	149	85	1062	413	195
V118	15	108	203	486	139	94
V119	1541	353	33	154	241	602
V120	127	217	1192	175	130	219
V121	75	7	127	232	193	41
V122	1856	13	14	608	495	457
V123	46	67	157	11	113	56
V124	314	61	1039	333	85	141
V125	20	486	518	428	140	352
V126	24	148	248	61	4	113
V127	361	225	123	44	86	266
V128	294	581	122	84	51	476
V129	569	111	119	78	82	225
V130	5	525	145	602	43	391
V131	272	32	353	121	171	93
V132	43	474	200	109	211	320
V133	112	618	106	326	19	480
V134	178	25	30	147	446	75
V135	756	3	279	328	142	214
V136	159	54	62	309	250	99
V137	2	482	82	196	54	318
V138	71	267	44	174	8	219
V139	16	167	476	939	152	153
V140	5	126	4	114	93	91
V141	45	60	95	349	334	71
V142	4	138	15	193	219	95
V143	54	554	210	406	70	385
V144	157	16	36	15	403	66
V145	61	481	57	136	179	367
V146	16	719	89	75	238	495
V147	97	198	61	19	108	186
V148	312	75	69	515	165	153
V149	110	630	203	6	36	465
V150	97	214	14	552	87	190
V151	246	445	167	53	113	337
V152	48	99	801	151	91	101
V153	579	48	117	97	264	202
V154	61	349	114	316	33	273
V155	876	457	9	130	115	472
V156	574	277	52	146	302	349
V157	382	10	114	218	238	134
V158	42	318	246	35	137	272
V159	168	12	536	573	154	92
V160	277	35	421	545	209	159
V161	101	69	28	80	194	81
V162	13	159	134	5	68	160
V163	8	83	474	239	303	99
V164	442	114	9	107	96	194
V165	126	181	192	640	68	174
V166	317	220	13	241	31	225
V167	128	254	390	247	33	239
V168	181	26	4	9	76	54
V169	39	233	3	47	0	181
V170	120	416	57	360	329	337
V171	54	357	174	129	62	286
V172	355	14	351	353	182	101
V173	721	250	42	37	189	340
V174	9	88	943	67	199	88
V175	42	329	595	385	6	264
V176	25	19	920	93	272	48
V177	683	2	103	260	15	181
V178	21	364	254	54	154	236
V179	237	169	316	102	20	181
V180	42	319	170	165	138	248
V181	574	81	506	7	37	226
V182	185	13	120	12	80	56
V183	44	91	9	112	411	79
V184	63	406	280	66	17	275
V185	52	59	242	211	50	60
V186	581	73	111	47	1	203
V187	77	39	17	138	853	47
V188	48	338	24	166	360	243
V189	20	140	78	791	167	141
V190	85	26	2	39	85	39
V191	179	138	375	383	57	182
V192	42	184	104	136	333	158
V193	14	244	382	197	57	197
V194	195	704	137	45	353	524
V195	44	203	244	209	93	155
V196	89	168	72	193	209	160
V197	201	94	170	244	155	141
V198	155	138	121	263	135	200
V199	15	90	61	3	11	114
V200	58	21	245	119	59	31
V201	42	13	399	117	61	34
V202	0	11	146	105	27	17
V203	102	23	192	134	28	59
V204	32	98	42	108	85	73
V205	60	543	280	884	6	399
V206	345	42	67	75	177	146
V207	139	245	229	204	394	213
V208	126	34	72	472	8	107
V209	648	1568	53	61	204	1214
V210	77	293	245	5	204	218
V211	634	190	77	17	210	297
V212	39	184	4	266	513	136
V213	57	53	324	49	399	101
V214	515	19	111	120	40	137
V215	37	124	17	19	52	102
V216	223	50	143	322	325	114
V217	14	164	66	309	92	125
V218	48	481	630	124	127	323
V219	163	106	1	25	858	118
V220	677	79	182	283	148	227
V221	284	283	388	196	203	305
V222	72	257	315	1	20	220
V223	61	62	136	175	235	81
V224	199	229	267	26	217	214
V225	317	210	45	60	112	222
V226	121	346	215	128	36	337
V227	33	122	110	597	171	134
V228	158	494	362	391	13	369
V229	30	219	408	62	77	177
V230	150	529	323	72	225	397
V231	120	277	129	162	68	215
V232	188	177	116	618	414	182
V233	161	17	308	207	378	71
V234	745	367	133	209	9	480
V235	71	401	36	111	119	309
V236	773	32	22	358	85	214
V237	46	191	26	66	296	138
V238	170	149	75	324	39	152
V239	180	287	75	104	357	258
V240	153	216	233	34	105	187
V241	0	84	75	193	158	68
V242	70	79	513	60	38	93
V243	145	13	322	706	135	77
V244	508	48	311	580	700	185
V245	88	74	154	569	120	96
V246	238	101	53	273	725	151
V247	64	117	253	157	213	99
V248	329	277	288	2	197	259
V249	117	98	63	256	79	104
V250	54	34	214	637	680	72
V251	30	9	593	55	167	25
V252	165	102	259	78	225	102
V253	24	40	42	849	24	79
V254	134	3	148	38	789	53
V255	635	41	45	393	319	188
V256	51	46	172	178	482	65
V257	15	157	303	9	176	105
V258	93	23	584	426	102	81
V259	198	191	885	246	5	238
V260	261	1459	26	36	99	1005
V261	113	76	324	87	431	106
V262	219	262	0	181	23	236
V263	131	623	665	37	79	482
V264	124	12	1081	49	502	82
V265	112	502	145	120	111	380
V266	199	164	530	362	15	192
V267	283	140	52	26	1	172
V268	739	169	425	117	292	327
V269	108	428	69	60	124	332
V270	27	96	398	238	824	89
V271	299	291	147	39	113	292
V272	503	164	200	52	78	221
V273	17	173	314	319	397	145
V274	70	538	45	265	349	425
V275	42	224	212	230	705	166
V276	86	221	207	442	29	231
V277	184	37	332	108	68	93
V278	308	11	343	169	159	106
V279	55	11	210	163	35	41
V280	598	99	35	42	56	222
V281	62	61	265	14	38	72
V282	185	586	212	108	205	431
V283	0	132	80	179	461	95
V284	362	296	122	224	105	309
V285	190	48	130	53	148	94
V286	321	25	386	77	3	128
V287	42	181	60	46	3	157
V288	239	55	1	423	199	104
V289	71	653	361	979	356	436
V290	624	275	418	49	295	332
V291	63	36	59	200	53	67
V292	107	79	32	76	195	63
V293	606	176	225	356	533	295
V294	39	95	308	83	748	114
V295	318	128	19	294	4	191
V296	42	119	62	206	176	83
V297	166	80	521	1	70	111
V298	160	16	23	141	332	62
V299	38	210	38	46	42	133
V300	153	262	44	72	257	253
V301	5	129	43	41	165	82
V302	239	547	163	205	146	443
V303	37	273	130	63	24	209
V304	62	427	102	218	261	335
V305	330	81	104	208	171	150
V306	9	97	64	243	36	83
V307	363	119	499	1	76	165
V308	17	302	226	77	1032	230
V309	454	252	48	314	56	314
V310	270	2	489	77	2	84
V311	1	31	141	360	314	67
V312	1043	103	264	14	707	328
V313	160	275	404	82	53	295
V314	23	63	817	117	462	69
V315	180	33	229	158	329	82
V316	504	43	566	68	956	146
V317	16	287	80	140	262	183
V318	142	6	337	174	115	61
V319	8	674	15	358	8	479
V320	55	826	194	382	119	586
V321	87	13	271	51	122	45
V322	98	163	227	428	139	138
V323	231	129	82	585	48	191
V324	128	191	21	17	448	186
V325	6	1006	157	150	823	661
V326	624	418	29	370	103	474
V327	68	143	50	445	94	154
V328	238	226	230	226	19	234
V329	585	297	148	165	68	371
V330	77	1	269	308	113	48
V331	99	48	62	44	252	62
V332	115	126	20	3	541	131
V333	97	282	74	5	299	204
V334	1	50	4	11	42	29
V335	35	14	78	404	150	42
V336	141	67	70	75	70	97
V337	109	545	197	99	232	436
V338	49	57	38	8	313	45
V339	135	112	81	75	98	125
V340	384	27	262	119	270	132
V341	202	102	797	232	1	141
V342	197	11	359	257	65	82
V343	205	403	540	198	240	354
V344	65	752	2	43	59	552
V345	13	75	90	135	97	53
V346	657	141	258	233	420	283
V347	255	91	182	16	67	112
V348	609	9	27	201	13	157
V349	122	31	677	23	370	64
V350	722	108	250	105	152	225
V351	37	381	22	183	166	267
V352	370	39	104	311	174	141
V353	685	123	17	180	149	291
V354	120	178	82	168	73	164
V355	771	111	526	7	139	233
V356	280	241	11	389	345	252
V357	837	88	198	626	153	297
V358	266	45	379	131	651	108
V359	305	69	68	62	68	140
V360	30	51	313	95	32	52
V361	62	73	32	104	25	76
V362	125	278	117	105	220	245
V363	238	374	28	178	1237	305
V364	20	120	72	14	140	86
V365	517	24	41	291	572	130
V366	215	12	5	177	174	72
V367	348	193	95	39	86	214
V368	116	45	15	187	218	69
V369	2	572	47	292	256	384
V370	40	252	98	75	68	199
V371	79	203	368	541	43	175
V372	38	220	4	175	92	158
V373	169	6	189	46	27	55
V374	78	151	212	56	68	139
V375	209	456	141	2	275	342
V376	73	345	85	479	222	231
V377	276	161	27	14	77	152
V378	202	203	261	105	107	180
V379	202	164	330	241	224	240
V380	51	650	117	142	264	472
V381	198	46	93	129	180	89
V382	1	366	280	223	433	279
V383	135	10	376	158	51	59
V384	274	23	164	13	204	99
V385	90	106	59	133	399	98
V386	395	65	307	34	22	133
V387	6	75	901	897	50	103
V388	110	285	205	49	0	232
V389	264	251	195	190	80	234
V390	58	32	4	389	249	51
V391	29	474	137	106	74	362
V392	498	82	286	383	234	199
V393	121	24	24	47	140	57
V394	51	89	178	84	45	125
V395	3	187	47	294	401	141
V396	311	98	77	648	21	150
V397	366	87	583	44	184	174
V398	847	39	225	4	140	215
V399	10	76	167	45	8	108
V400	331	338	149	78	272	335
V401	39	277	466	202	295	212
V402	64	230	103	43	40	186
V403	39	336	81	149	1086	259
V404	126	73	179	383	6	131
V405	135	201	139	65	176	162
V406	15	97	140	32	52	81
V407	437	54	41	47	325	167
V408	32	52	107	66	54	51
V409	56	673	104	91	80	510
V410	154	105	162	250	266	130
V411	78	142	202	315	25	134
V412	23	18	323	27	94	27
V413	111	52	103	58	121	74
V414	983	350	73	124	61	534
V415	178	78	45	164	111	154
V416	131	14	98	6	28	53
V417	191	234	167	13	239	239
V418	51	118	133	50	162	148
V419	87	243	608	102	96	248
V420	132	90	446	106	61	89
V421	282	46	159	206	271	113
V422	218	1	141	54	306	77
V423	162	81	243	182	82	104
V424	152	287	114	134	224	240
V425	333	189	25	510	535	220
V426	148	20	118	192	253	54
V427	2	199	240	57	769	169
V428	132	12	27	145	515	47
V429	208	386	134	167	449	319
V430	702	290	262	534	6	395
V431	13	154	245	469	36	138
V432	46	58	34	98	122	60
V433	101	160	304	383	46	161
V434	7	197	92	351	28	170
V435	136	228	57	77	7	195
V436	71	85	107	57	1153	93
V437	115	82	168	178	174	89
V438	367	15	486	141	352	125
V439	84	244	147	222	459	190
V440	184	399	23	162	92	324
V441	123	433	58	257	156	335
V442	82	77	4	146	197	72
V443	93	273	86	192	90	187
V444	150	144	277	59	415	154
V445	113	48	49	289	308	78
V446	27	227	615	56	512	188
V447	30	8	649	277	19	74
V448	72	894	45	19	244	611
V449	79	146	374	278	103	172
V450	188	120	131	231	31	156
V451	328	463	76	301	160	400
V452	50	72	35	481	137	69
V453	42	74	67	28	199	83
V454	304	1126	100	40	407	874
V455	132	87	100	633	549	108
V456	603	135	43	74	9	246
V457	85	17	552	209	22	49
V458	141	346	69	12	96	259
V459	1	112	2	34	548	84
V460	537	263	108	204	42	312
V461	180	182	223	198	93	166
V462	451	128	34	22	104	213
V463	57	20	41	133	93	50
V464	51	175	1	69	101	139
V465	454	30	252	267	45	161
V466	383	69	151	52	183	157
V467	429	142	19	104	22	213
V468	150	1079	271	68	240	792
V469	75	54	87	51	91	47
V470	179	442	133	21	167	364
V471	796	57	99	287	562	285
V472	344	18	90	210	11	103
V473	106	47	12	83	256	79
V474	114	271	48	272	75	243
V475	110	61	107	323	16	87
V476	21	15	246	14	67	49
V477	1006	390	445	127	95	574
V478	195	10	262	215	243	76
V479	182	402	144	576	388	356
V480	307	23	21	85	119	93
V481	467	714	205	159	1	572
V482	16	4	434	30	249	18
V483	223	0	449	37	240	59
V484	14	379	14	203	237	264
V485	446	643	55	340	125	531
V486	235	321	327	163	199	291
V487	172	246	376	578	190	241
V488	1	137	181	202	42	110
V489	105	143	34	22	345	125
V490	12	132	107	276	19	106
V491	634	105	815	387	63	238
V492	203	16	39	188	86	67
V493	126	513	12	98	327	397
V494	141	223	34	35	273	161
V495	245	106	166	92	221	160
V496	175	9	10	629	220	88
V497	161	125	242	9	93	136
V498	101	271	202	42	1	181
V499	379	391	285	20	215	363
V500	113	19	403	302	542	96
