Source001	Source002	Source003	Source004	Source005	Sink
V1	67	337	198	266	84	165
V2	305	15	138	80	68	162
V3	56	273	357	110	12	128
V4	228	188	141	125	51	142
V5	254	597	142	139	294	247
V6	59	54	10	58	355	97
V7	97	112	33	96	279	120
V8	242	219	295	69	85	221
V9	0	6	68	437	243	131
V10	452	871	182	125	146	342
V11	21	170	241	137	44	109
V12	82	710	380	156	20	239
V13	90	241	21	97	56	134
V14	429	339	643	193	2	280
V15	362	171	243	213	490	321
V16	47	265	645	29	291	190
V17	184	158	40	216	1054	283
V18	336	165	174	153	306	198
V19	116	231	346	409	341	321
V20	141	17	14	1	116	88
V21	69	471	66	417	308	231
V22	116	98	300	85	30	111
V23	598	362	122	16	7	233
V24	78	60	58	49	37	71
V25	20	187	182	480	356	260
V26	86	204	160	406	13	161
V27	68	80	125	853	99	301
V28	4	63	129	147	93	77
V29	810	172	378	47	44	303
V30	167	134	170	241	118	145
V31	68	73	297	29	93	115
V32	634	43	367	302	2	290
V33	273	52	113	239	292	218
V34	34	345	146	36	321	114
V35	86	69	32	26	203	81
V36	72	101	565	119	112	176
V37	99	24	47	539	572	319
V38	226	431	20	809	208	368
V39	166	239	287	56	98	204
V40	69	137	101	43	415	197
V41	41	186	327	264	41	147
V42	370	82	152	263	315	248
V43	125	62	64	295	54	145
V44	50	359	352	223	453	261
V45	231	21	3	10	68	68
V46	91	63	277	451	430	238
V47	79	55	309	140	49	96
V48	20	197	60	315	61	112
V49	350	14	21	124	34	131
V50	336	35	51	89	204	152
V51	119	894	11	8	77	186
V52	143	77	114	347	35	174
V53	407	8	630	112	5	202
V54	95	117	247	5	127	102
V55	155	411	363	519	48	275
V56	18	471	581	91	169	198
V57	34	72	156	151	412	156
V58	418	16	165	321	22	214
V59	217	1163	325	122	131	314
V60	50	196	122	124	102	153
V61	306	198	190	52	294	195
V62	121	167	549	322	288	231
V63	188	329	453	345	53	320
V64	2	251	29	21	653	187
V65	282	24	14	33	420	191
V66	79	12	335	95	87	101
V67	126	126	14	6	53	70
V68	276	1535	390	264	182	408
V69	459	403	285	23	52	232
V70	203	133	128	17	396	154
V71	159	321	664	165	82	227
V72	222	287	14	10	521	169
V73	151	228	325	186	33	162
V74	33	303	82	30	267	112
V75	21	38	139	119	15	65
V76	87	14	178	211	301	166
V77	161	144	121	208	327	217
V78	92	219	89	271	105	172
V79	885	34	276	15	39	298
V80	87	571	148	166	21	213
V81	545	18	801	72	340	303
V82	178	471	112	115	838	306
V83	190	91	361	91	222	208
V84	221	64	50	66	146	129
V85	116	312	325	72	169	160
V86	26	19	23	150	77	71
V87	322	153	92	242	333	247
V88	185	149	36	327	32	158
V89	597	27	29	10	38	184
V90	85	39	216	101	592	169
V91	122	42	100	88	19	85
V92	196	165	129	40	25	102
V93	54	118	78	65	7	65
V94	10	90	111	45	16	51
V95	63	18	104	165	163	117
V96	381	35	33	6	112	118
V97	20	17	299	752	13	229
V98	12	12	398	68	240	116
V99	10	415	189	239	80	161
V100	308	79	52	384	84	216
V101	160	280	91	49	493	207
V102	616	165	57	29	166	231
V103	332	158	77	69	28	220
V104	191	185	93	100	700	249
V105	241	153	160	255	86	198
V106	58	271	214	197	466	222
V107	172	69	45	506	128	209
V108	180	234	334	58	43	175
V109	249	336	362	30	57	212
V110	323	117	225	230	42	283
V111	45	473	20	142	43	136
V112	193	261	27	293	105	163
V113	212	36	160	227	290	227
V114	217	211	110	105	38	128
V115	657	836	113	15	84	354
V116	306	126	509	47	155	220
V117	22	203	172	454	21	176
V118	139	36	62	291	21	115
V119	96	23	47	293	167	131
V120	49	10	49	143	44	56
V121	108	0	297	59	100	114
V122	299	447	207	31	40	169
V123	23	266	926	34	149	167
V124	142	53	466	168	96	149
V125	24	29	365	192	286	165
V126	189	91	93	50	162	143
V127	298	300	271	35	20	185
V128	112	9	374	184	143	152
V129	355	153	158	138	268	228
V130	46	141	247	45	145	149
V131	546	6	152	227	73	269
V132	13	58	1223	462	342	325
V133	234	34	7	75	426	182
V134	8	288	584	156	37	146
V135	308	60	158	174	287	192
V136	202	22	145	21	37	80
V137	51	284	177	32	196	164
V138	39	2	229	118	85	89
V139	119	134	30	205	1303	308
V140	275	292	241	8	105	176
V141	72	98	72	128	20	81
V142	96	409	189	571	36	290
V143	115	3	42	70	220	181
V144	76	203	643	419	94	231
V145	60	50	412	728	49	334
V146	55	681	13	361	160	245
V147	177	129	52	1	136	176
V148	24	320	20	152	23	149
V149	162	178	738	90	3	154
V150	209	1	73	675	22	225
V151	77	108	93	290	69	143
V152	104	90	463	411	88	268
V153	376	67	129	95	28	164
V154	29	17	65	56	30	89
V155	894	145	439	235	102	378
V156	16	213	367	567	42	231
V157	70	147	1249	29	357	282
V158	62	229	201	262	492	229
V159	129	118	348	19	72	147
V160	45	28	17	319	126	107
V161	22	64	4	248	9	119
V162	162	101	39	113	174	139
V163	255	250	178	19	63	183
V164	125	442	37	71	232	158
V165	374	113	138	480	2	261
V166	175	869	294	77	389	298
V167	8	433	18	595	251	281
V168	71	488	178	225	8	236
V169	44	373	761	536	630	395
V170	823	4	147	109	242	318
V171	80	166	125	98	129	115
V172	86	101	173	152	245	162
V173	49	39	246	42	186	106
V174	473	265	45	35	501	271
V175	78	109	69	187	892	299
V176	4	133	201	181	353	177
V177	299	131	242	235	461	292
V178	22	80	9	374	191	187
V179	35	442	47	215	161	162
V180	455	295	56	432	7	300
V181	55	252	99	148	133	166
V182	11	9	63	196	342	195
V183	408	77	282	228	101	279
V184	1146	327	32	42	1569	640
V185	192	150	4	161	204	143
V186	20	67	341	51	130	86
V187	39	115	84	7	474	113
V188	224	121	90	405	208	240
V189	74	184	77	1	11	116
V190	182	178	102	233	76	159
V191	247	741	157	198	2	245
V192	296	129	142	140	288	189
V193	23	229	456	452	133	214
V194	111	748	282	286	300	325
V195	319	127	72	18	104	161
V196	73	321	100	26	545	165
V197	739	257	514	253	40	391
V198	184	66	82	5	116	82
V199	183	729	158	87	68	233
V200	55	142	637	447	63	208
V201	405	401	72	34	230	267
V202	20	314	256	238	518	225
V203	1206	146	149	509	25	510
V204	252	309	0	79	302	190
V205	413	189	575	137	188	274
V206	16	60	88	236	61	108
V207	551	285	361	226	402	405
V208	42	508	247	403	77	261
V209	137	717	35	851	409	421
V210	93	19	166	14	230	88
V211	104	158	28	578	128	202
V212	170	839	8	117	27	262
V213	232	183	96	83	256	161
V214	420	173	255	280	399	304
V215	327	361	145	99	493	291
V216	133	110	26	25	64	81
V217	328	43	127	184	70	217
V218	372	164	332	10	155	205
V219	99	64	493	117	311	184
V220	201	95	120	105	54	166
V221	97	140	22	277	1	109
V222	263	175	216	160	154	191
V223	288	133	10	46	188	122
V224	77	153	71	186	340	154
V225	100	454	179	82	107	153
V226	185	165	185	353	405	226
V227	84	31	16	1	23	42
V228	3	357	108	13	11	75
V229	401	260	680	504	169	352
V230	189	836	374	6	106	218
V231	186	24	873	57	57	165
V232	102	333	1062	47	3	217
V233	38	294	215	35	73	108
V234	32	51	16	18	148	56
V235	300	10	192	227	2	157
V236	458	344	323	112	158	311
V237	315	317	382	49	171	232
V238	331	128	51	26	149	183
V239	1373	178	69	172	212	478
V240	2	291	112	98	79	165
V241	276	60	139	167	179	174
V242	227	687	42	91	874	336
V243	55	219	69	212	102	171
V244	103	157	227	17	309	186
V245	132	63	101	428	286	220
V246	229	57	9	9	40	101
V247	23	179	41	17	280	97
V248	425	2	29	775	588	390
V249	133	47	578	86	39	122
V250	43	160	12	184	132	113
V251	170	518	37	46	14	151
V252	202	259	220	117	73	174
V253	119	30	56	745	39	238
V254	264	175	81	162	48	146
V255	357	49	36	346	169	189
V256	79	46	71	85	21	65
V257	190	211	41	93	131	128
V258	236	415	259	610	242	312
V259	584	195	150	161	801	386
V260	227	261	201	337	199	207
V261	32	106	377	33	183	108
V262	244	261	282	319	116	251
V263	44	230	478	400	0	199
V264	117	474	451	366	12	311
V265	3	38	35	408	121	145
V266	110	2	835	346	60	226
V267	122	14	548	198	0	235
V268	77	39	167	292	413	195
V269	218	326	753	90	37	256
V270	296	85	73	110	99	144
V271	143	10	270	92	627	233
V272	76	77	245	242	221	143
V273	19	413	1	150	229	149
V274	305	271	682	620	83	352
V275	344	127	466	14	137	186
V276	27	14	20	582	58	147
V277	141	231	98	24	24	82
V278	37	205	242	214	210	139
V279	58	26	96	80	210	80
V280	314	116	3	193	180	194
V281	277	138	204	3	133	142
V282	50	47	169	118	101	129
V283	389	94	164	438	166	264
V284	174	122	194	241	7	130
V285	425	675	337	151	72	310
V286	454	157	312	110	187	252
V287	715	491	111	166	86	307
V288	158	26	31	50	273	135
V289	167	112	83	60	479	175
V290	100	12	200	6	782	212
V291	84	87	41	325	886	276
V292	615	171	228	145	129	275
V293	92	562	47	93	444	263
V294	32	7	84	642	187	215
V295	273	76	53	37	325	151
V296	393	114	155	31	2	133
V297	349	213	207	81	425	243
V298	830	90	254	159	250	378
V299	395	50	542	572	84	346
V300	55	352	66	201	54	180
V301	162	63	15	123	38	109
V302	71	129	208	115	153	112
V303	33	202	319	457	191	229
V304	339	202	81	142	19	177
V305	38	267	275	129	172	143
V306	738	242	37	22	485	352
V307	122	156	289	290	18	171
V308	77	56	116	142	330	104
V309	337	318	270	6	20	158
V310	53	194	401	334	22	156
V311	311	18	26	136	34	133
V312	442	17	110	34	730	310
V313	143	28	4	38	92	55
V314	140	31	371	131	446	189
V315	391	7	37	9	143	136
V316	41	145	171	325	226	257
V317	553	530	118	109	28	256
V318	745	238	335	287	301	394
V319	36	381	232	38	38	96
V320	62	3	189	19	29	55
V321	21	57	26	44	1	95
V322	14	24	292	150	46	106
V323	255	720	21	15	46	185
V324	4	306	13	140	40	97
V325	68	19	327	27	244	108
V326	101	238	263	0	24	125
V327	695	1199	11	129	114	452
V328	33	270	124	20	244	122
V329	543	172	74	103	233	257
V330	221	640	93	257	208	321
V331	103	14	533	203	248	193
V332	176	66	24	695	28	278
V333	629	36	68	0	133	212
V334	147	25	669	28	75	160
V335	514	157	128	279	509	319
V336	148	54	434	180	167	181
V337	334	66	111	594	577	361
V338	129	127	6	175	112	109
V339	182	298	58	521	174	253
V340	216	248	372	113	318	266
V341	230	41	210	587	338	274
V342	178	75	51	467	30	174
V343	68	251	189	111	791	277
V344	519	287	252	190	106	279
V345	19	344	334	153	38	150
V346	232	109	66	181	188	157
V347	17	15	112	249	176	131
V348	246	506	674	378	617	409
V349	842	121	22	61	978	407
V350	138	192	210	18	631	196
V351	378	552	140	42	30	217
V352	15	131	456	183	39	163
V353	20	128	267	257	9	137
V354	59	81	92	190	316	191
V355	258	20	217	253	182	181
V356	237	0	90	88	117	106
V357	470	499	10	135	947	395
V358	255	635	248	113	86	264
V359	320	116	76	117	294	220
V360	154	187	22	282	189	156
V361	703	819	554	91	74	438
V362	390	75	181	68	102	186
V363	246	42	176	412	149	222
V364	112	799	155	95	64	228
V365	333	144	17	16	494	195
V366	269	179	192	194	154	193
V367	24	276	9	66	254	149
V368	309	169	150	95	237	243
V369	233	110	101	127	13	158
V370	68	69	88	57	263	120
V371	86	75	2	31	80	68
V372	41	97	285	243	176	160
V373	7	49	236	12	137	68
V374	20	26	363	13	462	123
V375	224	203	83	755	244	349
V376	16	121	68	2	671	147
V377	386	349	566	636	186	411
V378	25	528	642	92	153	215
V379	37	61	179	41	471	150
V380	29	361	169	192	184	168
V381	14	219	0	40	150	69
V382	524	223	124	570	379	424
V383	76	110	215	46	98	89
V384	126	329	446	15	454	220
V385	76	507	330	135	49	194
V386	50	475	546	218	107	212
V387	113	306	0	4	43	101
V388	305	111	199	314	301	275
V389	192	93	457	379	22	232
V390	42	82	153	51	155	97
V391	469	89	240	563	23	318
V392	136	292	14	69	555	183
V393	115	96	149	112	438	164
V394	76	29	1	300	569	261
V395	43	191	206	65	96	103
V396	85	532	516	459	32	330
V397	329	838	38	356	50	313
V398	122	492	34	537	205	249
V399	92	61	77	342	365	207
V400	295	69	316	50	589	200
V401	178	619	51	448	84	324
V402	189	118	165	340	241	246
V403	190	150	151	28	236	133
V404	112	35	27	157	327	136
V405	95	17	88	101	272	119
V406	480	49	8	356	367	320
V407	300	2	3	624	81	256
V408	149	183	611	82	1500	388
V409	69	2	541	329	39	189
V410	357	110	8	72	307	172
V411	129	140	330	60	254	172
V412	179	114	145	165	180	164
V413	25	212	79	357	202	152
V414	390	441	50	292	274	297
V415	202	50	140	78	236	131
V416	211	193	14	170	115	193
V417	220	274	114	179	148	194
V418	168	100	234	368	400	226
V419	98	66	168	861	12	341
V420	88	59	485	245	0	153
V421	131	296	127	803	587	417
V422	56	25	549	428	11	185
V423	238	82	66	391	210	224
V424	212	47	175	251	2	143
V425	202	171	374	48	7	169
V426	153	204	125	22	24	106
V427	21	119	8	284	66	136
V428	564	168	83	79	155	234
V429	101	211	40	671	52	302
V430	229	29	60	560	375	319
V431	395	175	155	179	10	226
V432	383	80	198	44	410	230
V433	51	54	349	1	154	85
V434	448	122	100	278	53	258
V435	188	118	249	35	135	130
V436	17	95	101	393	477	200
V437	18	834	36	22	20	172
V438	111	212	177	177	88	154
V439	129	248	202	398	60	221
V440	87	488	22	89	4	109
V441	166	242	189	135	303	166
V442	272	190	269	225	1042	359
V443	28	231	299	199	34	159
V444	1	275	765	405	3	195
V445	178	121	150	349	132	168
V446	280	44	471	408	1	223
V447	24	398	99	284	232	220
V448	19	90	66	10	212	85
V449	16	39	93	158	1	60
V450	6	203	23	374	131	120
V451	183	137	48	218	86	150
V452	791	10	70	608	290	420
V453	124	62	57	795	185	244
V454	8	27	13	324	319	178
V455	45	42	146	218	396	219
V456	24	62	5	31	48	32
V457	21	131	257	573	51	183
V458	130	468	202	255	101	224
V459	182	349	87	208	164	165
V460	69	238	152	64	30	73
V461	110	156	179	511	61	190
V462	138	88	98	1048	265	379
V463	455	41	33	119	18	168
V464	126	79	429	32	11	129
V465	58	143	40	973	130	266
V466	151	309	701	76	950	339
V467	16	515	318	64	14	183
V468	366	185	92	114	222	215
V469	384	264	9	47	229	206
V470	47	168	275	6	56	83
V471	224	51	41	116	218	175
V472	385	221	14	331	297	259
V473	202	215	10	109	56	139
V474	348	117	94	174	166	205
V475	224	223	20	194	101	217
V476	411	365	666	18	7	267
V477	78	384	275	8	103	119
V478	93	92	76	149	264	118
V479	38	1	49	63	311	75
V480	68	90	54	161	93	116
V481	387	11	277	142	631	284
V482	77	36	124	171	199	122
V483	195	74	190	44	251	169
V484	107	110	359	81	153	143
V485	639	326	75	573	287	427
V486	152	83	113	207	329	161
V487	106	619	231	17	30	158
V488	35	51	18	456	298	223
V489	124	125	89	336	78	154
V490	364	35	389	68	574	270
V491	217	61	150	1	68	124
V492	363	18	377	136	317	223
V493	357	129	56	58	65	151
V494	305	26	519	146	17	169
V495	270	66	19	114	21	110
V496	40	62	131	2	349	108
V497	31	343	420	24	6	135
V498	32	293	207	196	84	183
V499	387	620	3	872	25	414
V500	315	64	503	219	434	287
