Source001	Source002	Source003	Source004	Source005	Sink
V1	441	724	64	172	68	229
V2	67	55	172	193	80	107
V3	364	12	116	102	42	139
V4	82	288	488	144	8	197
V5	117	158	278	120	504	261
V6	55	43	23	165	123	98
V7	5	44	173	222	247	202
V8	66	70	461	220	354	245
V9	215	113	10	222	259	185
V10	27	249	46	2	3	45
V11	84	211	102	1635	254	338
V12	60	25	39	79	65	75
V13	4	118	551	100	115	158
V14	184	54	178	138	220	180
V15	2	49	271	63	311	172
V16	216	98	88	974	135	235
V17	105	160	54	175	588	280
V18	104	59	209	129	172	148
V19	137	193	123	181	219	181
V20	238	20	416	25	944	423
V21	14	170	411	663	221	249
V22	178	53	166	193	237	181
V23	368	180	116	109	208	194
V24	38	989	187	240	426	317
V25	241	115	397	423	489	329
V26	51	24	546	226	102	217
V27	23	436	719	169	279	356
V28	142	196	184	20	399	195
V29	281	180	78	32	269	196
V30	49	155	13	265	88	96
V31	595	106	207	442	148	262
V32	223	135	24	413	313	202
V33	498	17	434	89	47	203
V34	469	333	445	36	615	389
V35	115	354	81	44	14	104
V36	54	602	699	384	269	357
V37	599	63	92	401	265	269
V38	39	267	232	10	731	358
V39	124	95	214	203	176	225
V40	4	3	992	186	235	333
V41	211	146	466	379	36	204
V42	129	83	23	45	68	57
V43	263	254	226	36	271	235
V44	38	130	361	63	156	144
V45	53	32	813	567	28	295
V46	6	20	196	0	229	100
V47	475	186	78	41	120	214
V48	332	48	161	212	33	111
V49	174	761	41	328	215	234
V50	210	36	68	268	486	259
V51	199	19	49	93	7	100
V52	84	570	164	11	10	152
V53	39	321	354	23	270	226
V54	154	52	28	5	18	67
V55	211	288	347	16	35	149
V56	244	76	13	148	130	123
V57	105	646	130	14	568	313
V58	132	119	441	134	155	197
V59	141	370	33	75	76	116
V60	179	72	37	74	88	91
V61	86	369	91	146	8	111
V62	52	151	3	254	146	136
V63	220	46	99	436	67	162
V64	295	460	618	245	371	374
V65	280	208	120	24	75	147
V66	151	21	52	136	7	67
V67	334	69	162	720	154	254
V68	219	23	45	4	619	221
V69	183	84	356	103	47	158
V70	179	1046	109	188	77	241
V71	891	548	173	115	263	370
V72	47	20	170	49	249	144
V73	145	156	27	277	76	180
V74	330	344	610	99	277	332
V75	22	162	131	91	125	119
V76	254	131	559	323	116	270
V77	137	149	35	231	7	106
V78	357	66	67	12	480	252
V79	26	122	335	371	58	154
V80	92	862	668	134	1	255
V81	124	33	580	267	8	181
V82	303	427	276	183	456	304
V83	49	14	262	66	169	119
V84	124	206	378	69	101	187
V85	104	62	19	105	530	198
V86	272	371	328	461	44	247
V87	87	64	306	417	91	145
V88	59	14	107	130	155	85
V89	409	142	594	13	168	260
V90	158	123	221	302	158	181
V91	120	318	26	337	140	183
V92	661	299	816	64	27	333
V93	83	35	169	59	421	215
V94	52	36	362	79	294	166
V95	141	189	67	129	641	267
V96	16	161	75	241	10	75
V97	355	33	307	113	216	240
V98	344	178	154	251	207	222
V99	127	20	65	562	2	108
V100	25	43	0	197	47	83
V101	247	9	361	6	115	223
V102	85	262	231	106	167	173
V103	70	127	97	538	178	170
V104	172	184	711	189	41	288
V105	176	39	34	175	356	238
V106	144	4	660	0	54	214
V107	28	29	133	220	83	98
V108	557	139	144	54	164	206
V109	20	45	231	21	85	84
V110	32	360	101	31	274	196
V111	154	319	164	168	230	219
V112	32	470	170	121	177	172
V113	15	125	139	72	138	111
V114	29	692	291	378	14	224
V115	958	356	92	550	232	436
V116	206	230	316	40	283	253
V117	116	182	378	77	300	227
V118	224	96	73	90	116	118
V119	40	35	396	50	322	187
V120	150	47	36	266	256	180
V121	111	329	602	455	48	234
V122	502	131	547	51	72	250
V123	876	303	94	224	110	339
V124	341	95	42	35	266	192
V125	244	324	57	132	258	191
V126	209	1511	312	136	194	395
V127	636	19	335	113	237	274
V128	94	104	29	129	3	61
V129	316	432	23	27	140	147
V130	134	263	44	55	112	117
V131	101	6	568	13	97	197
V132	826	58	8	152	337	259
V133	184	665	1176	182	23	381
V134	4	274	122	19	123	139
V135	134	136	414	91	4	143
V136	414	151	17	234	237	236
V137	90	469	15	384	127	165
V138	215	109	66	1	113	115
V139	595	101	517	198	438	410
V140	129	24	3	211	18	67
V141	129	248	243	159	20	205
V142	11	128	879	17	95	221
V143	50	93	286	305	168	221
V144	89	236	245	293	287	212
V145	149	80	144	408	136	163
V146	581	10	101	34	331	232
V147	350	43	142	238	22	144
V148	695	99	178	166	646	350
V149	312	78	230	460	153	181
V150	9	53	135	105	420	174
V151	15	127	330	147	105	145
V152	296	70	575	97	62	193
V153	139	35	93	6	376	178
V154	79	54	50	333	129	117
V155	80	199	325	16	15	151
V156	230	148	528	88	338	285
V157	221	22	63	177	27	98
V158	402	101	15	253	118	182
V159	422	88	425	550	0	245
V160	712	352	275	450	163	384
V161	50	190	287	552	22	230
V162	95	266	87	197	172	153
V163	134	256	253	578	420	326
V164	4	228	75	166	110	95
V165	628	800	19	122	226	305
V166	49	114	329	52	181	147
V167	330	171	11	19	576	247
V168	316	670	30	1151	454	446
V169	858	62	295	568	234	373
V170	104	60	53	398	142	105
V171	200	340	10	233	946	469
V172	352	730	160	146	63	242
V173	126	237	58	270	101	150
V174	148	51	92	74	438	200
V175	5	223	236	509	28	126
V176	60	417	156	164	194	199
V177	46	149	342	319	34	147
V178	225	619	180	32	492	293
V179	124	693	37	66	20	139
V180	251	25	271	733	770	459
V181	53	64	28	4	51	64
V182	603	420	690	229	107	343
V183	272	575	182	21	267	235
V184	79	54	41	47	17	64
V185	202	5	304	372	3	163
V186	231	215	406	51	68	215
V187	87	35	103	141	102	67
V188	636	180	8	6	111	194
V189	42	25	34	162	193	172
V190	88	247	663	59	340	324
V191	946	51	37	438	63	303
V192	20	13	735	37	0	146
V193	207	101	270	440	13	163
V194	427	14	144	279	163	176
V195	48	128	214	123	233	161
V196	89	46	108	385	69	165
V197	12	7	27	12	170	62
V198	473	354	17	49	403	301
V199	21	309	245	76	8	91
V200	185	200	570	228	7	197
V201	226	257	45	417	182	194
V202	41	396	154	228	329	211
V203	88	760	251	136	164	242
V204	150	57	4	869	432	279
V205	20	96	215	20	228	119
V206	114	292	199	17	693	312
V207	132	674	6	76	162	156
V208	19	582	170	71	102	157
V209	260	61	84	604	256	203
V210	183	11	182	288	177	158
V211	167	61	629	2	159	214
V212	331	91	2	260	102	159
V213	254	21	109	731	102	198
V214	49	20	53	172	251	184
V215	263	93	599	1	525	357
V216	283	199	520	91	122	280
V217	86	389	55	536	117	172
V218	733	447	47	95	353	358
V219	71	66	54	214	153	127
V220	220	209	100	96	182	161
V221	338	460	40	57	612	320
V222	75	143	590	64	380	265
V223	152	11	82	169	215	134
V224	133	203	118	31	256	151
V225	195	260	84	193	155	197
V226	3	77	694	216	188	225
V227	358	670	259	50	225	284
V228	277	47	85	253	51	126
V229	481	295	42	29	693	365
V230	405	3	200	440	64	183
V231	170	42	8	122	258	108
V232	91	43	336	723	219	231
V233	223	381	580	43	426	402
V234	331	85	8	18	183	160
V235	10	57	44	111	198	66
V236	51	504	36	118	37	101
V237	91	139	390	88	9	168
V238	50	205	9	108	7	59
V239	21	93	63	84	757	327
V240	29	288	356	338	192	198
V241	423	65	365	158	52	211
V242	338	266	6	207	318	188
V243	72	317	168	82	24	154
V244	93	226	185	87	188	158
V245	58	323	83	60	146	136
V246	209	785	327	67	706	441
V247	9	110	29	142	34	115
V248	174	44	97	154	1177	428
V249	316	265	55	197	365	229
V250	253	13	337	71	26	160
V251	10	109	194	329	18	139
V252	33	130	50	59	981	329
V253	64	74	67	147	187	172
V254	110	76	16	295	363	170
V255	429	184	13	37	92	180
V256	40	53	108	89	50	106
V257	161	198	856	181	40	347
V258	28	266	12	175	51	87
V259	279	36	188	692	236	254
V260	73	207	418	58	187	219
V261	587	83	47	18	130	251
V262	836	37	12	228	216	320
V263	88	97	359	31	96	147
V264	49	144	224	282	195	177
V265	26	224	511	65	165	202
V266	58	82	287	97	4	92
V267	251	151	162	116	59	130
V268	290	26	219	199	157	217
V269	863	177	762	634	135	494
V270	18	277	400	217	62	152
V271	118	642	45	11	686	271
V272	118	174	6	359	112	121
V273	269	204	94	67	51	133
V274	89	18	194	69	181	129
V275	453	70	26	32	117	153
V276	437	242	0	370	116	189
V277	81	201	269	606	15	147
V278	157	358	342	309	677	339
V279	214	57	200	147	299	202
V280	3	59	125	182	257	133
V281	85	501	75	104	57	128
V282	51	98	22	246	85	101
V283	28	131	505	255	1	150
V284	107	158	14	163	92	138
V285	673	124	199	7	280	273
V286	506	181	36	67	63	156
V287	156	229	119	62	164	143
V288	286	9	35	201	355	206
V289	270	190	194	13	72	143
V290	305	115	109	301	34	143
V291	321	255	571	146	590	413
V292	195	291	103	245	98	166
V293	292	395	397	84	208	259
V294	553	145	70	184	55	183
V295	120	78	223	540	19	179
V296	508	52	113	163	448	311
V297	157	112	631	63	640	352
V298	167	11	191	676	433	273
V299	318	587	499	112	207	348
V300	79	228	5	87	246	183
V301	27	38	105	56	153	80
V302	32	200	227	204	122	149
V303	17	190	156	402	121	128
V304	685	8	70	587	430	334
V305	92	47	327	397	340	254
V306	60	253	56	62	31	152
V307	26	549	22	359	2	148
V308	52	33	284	37	635	313
V309	416	679	60	496	88	261
V310	216	8	14	11	49	83
V311	32	380	466	100	42	173
V312	51	151	159	164	288	187
V313	50	27	4	378	67	78
V314	53	100	87	35	139	71
V315	113	98	184	16	29	103
V316	250	402	106	25	60	183
V317	143	323	22	75	32	101
V318	56	86	14	796	202	191
V319	36	16	136	346	23	126
V320	15	96	104	238	2	132
V321	49	30	93	36	144	88
V322	144	126	298	51	85	135
V323	209	73	10	20	130	99
V324	445	11	148	121	64	220
V325	598	199	38	211	245	270
V326	242	56	163	494	48	154
V327	229	35	69	92	254	210
V328	2	287	64	53	184	112
V329	169	113	203	41	119	122
V330	81	68	227	98	369	199
V331	52	446	44	138	243	168
V332	211	39	230	838	131	249
V333	9	42	132	45	156	108
V334	5	314	47	231	38	76
V335	244	50	201	266	204	223
V336	440	224	12	17	52	141
V337	118	34	376	28	34	127
V338	52	133	20	209	1	68
V339	471	99	81	182	220	208
V340	230	349	372	14	110	196
V341	79	244	187	28	26	174
V342	17	267	270	654	86	198
V343	18	253	346	340	156	182
V344	8	8	138	167	204	142
V345	433	111	550	290	362	324
V346	285	144	95	13	260	171
V347	536	70	534	154	365	330
V348	577	62	492	75	381	365
V349	157	228	122	11	161	130
V350	483	297	156	60	18	189
V351	210	57	340	17	201	161
V352	37	135	25	71	175	107
V353	107	173	149	39	383	183
V354	113	46	73	113	106	90
V355	284	297	68	90	33	115
V356	146	100	286	109	323	234
V357	149	75	8	177	14	75
V358	81	89	231	14	240	222
V359	93	149	478	210	415	290
V360	210	149	547	79	111	218
V361	63	439	389	20	344	268
V362	844	117	45	60	100	315
V363	36	126	168	298	29	120
V364	157	268	337	127	289	203
V365	279	64	54	271	387	250
V366	209	17	30	227	143	150
V367	325	144	56	133	416	283
V368	69	48	24	4	301	94
V369	144	403	21	237	137	165
V370	276	486	56	877	129	278
V371	418	60	16	292	270	199
V372	378	110	457	96	293	281
V373	47	89	60	81	168	86
V374	140	432	181	59	354	208
V375	444	174	560	960	338	456
V376	105	145	38	572	39	119
V377	112	142	95	36	88	92
V378	152	54	50	63	704	239
V379	43	32	376	269	5	144
V380	135	198	36	331	64	105
V381	255	99	93	96	211	149
V382	148	143	62	163	243	193
V383	85	598	119	4	88	137
V384	62	686	532	528	73	322
V385	38	1	165	241	198	114
V386	42	41	165	32	110	188
V387	62	117	75	573	749	378
V388	210	63	147	760	133	213
V389	605	31	23	556	112	267
V390	151	70	143	509	80	164
V391	18	159	2	60	417	151
V392	13	448	233	72	71	145
V393	95	598	39	137	102	199
V394	143	290	328	223	218	212
V395	144	189	267	361	140	199
V396	219	185	106	249	56	131
V397	211	101	24	8	182	124
V398	39	233	29	8	48	65
V399	539	30	29	164	3	145
V400	452	38	633	581	1	325
V401	514	257	8	13	103	256
V402	58	18	30	412	36	87
V403	173	400	198	120	6	177
V404	206	726	5	211	4	166
V405	269	685	46	639	62	226
V406	27	50	132	16	16	50
V407	35	542	188	973	50	251
V408	231	219	77	73	9	105
V409	120	881	30	64	27	183
V410	165	194	119	194	502	266
V411	22	123	102	77	316	143
V412	104	65	48	226	93	129
V413	749	403	47	40	745	401
V414	751	25	64	317	118	207
V415	218	861	146	141	69	285
V416	57	971	135	14	18	198
V417	32	378	316	82	84	186
V418	223	523	693	20	23	306
V419	194	65	105	50	402	205
V420	52	19	98	551	638	263
V421	71	316	31	9	256	163
V422	660	134	248	70	144	220
V423	40	11	153	229	273	164
V424	1	160	95	120	7	69
V425	174	70	471	560	88	217
V426	405	214	488	269	38	283
V427	391	51	554	19	446	344
V428	524	162	14	135	318	231
V429	286	292	48	770	315	251
V430	12	430	255	304	174	219
V431	58	334	173	58	70	134
V432	186	406	584	375	62	292
V433	222	319	79	56	278	200
V434	136	34	38	127	441	213
V435	154	297	3	173	195	159
V436	31	126	127	375	284	227
V437	49	192	101	47	26	100
V438	235	310	19	1007	19	207
V439	9	592	182	420	594	350
V440	130	113	53	189	62	91
V441	16	88	446	534	0	189
V442	160	232	140	50	9	117
V443	41	328	13	16	32	83
V444	2	143	40	49	12	56
V445	386	432	32	309	67	173
V446	56	10	103	156	37	81
V447	123	21	117	717	10	144
V448	444	17	599	283	180	340
V449	60	622	151	28	499	296
V450	337	471	228	62	291	283
V451	209	286	24	535	389	317
V452	176	169	180	27	38	127
V453	272	197	500	354	334	373
V454	31	194	12	129	246	112
V455	283	333	148	18	20	133
V456	146	73	325	7	810	345
V457	18	432	214	284	7	133
V458	75	61	207	11	17	67
V459	279	38	44	285	520	278
V460	175	116	247	4	39	102
V461	395	228	132	93	195	168
V462	17	107	169	47	619	245
V463	178	104	587	397	49	237
V464	152	630	667	148	141	308
V465	635	64	8	537	9	185
V466	275	147	241	493	275	262
V467	445	450	3	21	38	166
V468	176	1	231	217	104	138
V469	248	42	182	87	130	140
V470	171	170	309	167	218	195
V471	13	211	630	114	108	235
V472	1	647	133	215	440	315
V473	266	19	78	42	33	87
V474	352	170	78	188	421	232
V475	22	445	29	46	462	214
V476	252	68	323	153	247	318
V477	3	7	122	269	752	279
V478	166	30	120	125	96	102
V479	179	225	111	70	473	233
V480	53	179	171	45	27	108
V481	545	147	6	365	262	245
V482	48	89	506	5	153	204
V483	62	65	25	135	65	69
V484	368	8	16	18	376	219
V485	185	16	126	229	65	141
V486	417	20	74	356	111	167
V487	54	307	100	5	69	113
V488	998	148	151	179	151	316
V489	93	65	46	255	115	112
V490	78	42	222	33	192	242
V491	26	53	272	42	603	301
V492	139	933	261	213	120	244
V493	137	9	102	37	741	321
V494	215	187	15	380	209	165
V495	98	79	34	78	267	155
V496	266	64	158	3	16	97
V497	27	60	187	106	39	77
V498	46	69	152	3	198	132
V499	107	270	152	179	944	380
V500	317	61	11	62	160	147
