Source001	Source002	Source003	Source004	Source005	Sink
V1	51	50	162	16	213	119
V2	98	66	176	25	129	120
V3	231	260	266	583	41	337
V4	363	28	38	328	258	211
V5	349	241	47	113	174	175
V6	174	1	44	143	107	94
V7	42	378	185	269	225	210
V8	62	125	433	182	465	212
V9	61	290	369	73	31	177
V10	52	342	444	43	207	240
V11	446	60	325	791	92	407
V12	96	497	1265	68	3	355
V13	11	5	102	511	10	173
V14	9	15	275	15	404	90
V15	555	292	224	149	206	258
V16	82	280	20	206	589	254
V17	3	133	110	1	36	38
V18	151	352	18	1034	405	496
V19	240	99	102	259	227	184
V20	689	354	520	336	189	396
V21	14	258	274	623	145	270
V22	32	661	207	92	129	271
V23	56	144	73	290	180	189
V24	168	165	321	31	400	161
V25	25	566	93	10	40	174
V26	162	567	64	118	161	249
V27	173	186	251	25	27	115
V28	66	752	6	287	206	311
V29	380	375	23	23	37	164
V30	11	128	85	500	91	191
V31	57	328	534	250	3	251
V32	2203	83	37	97	144	407
V33	182	40	304	644	326	310
V34	472	200	33	44	127	178
V35	146	473	11	7	527	233
V36	108	12	12	226	93	94
V37	17	308	158	155	175	200
V38	231	140	436	121	40	196
V39	985	78	350	58	273	248
V40	19	574	91	196	5	255
V41	38	167	694	93	222	203
V42	9	34	149	620	212	225
V43	20	4	39	63	69	80
V44	142	159	123	61	106	111
V45	38	60	52	38	235	60
V46	397	95	416	48	133	211
V47	37	129	179	140	212	116
V48	124	665	587	109	155	302
V49	60	62	224	469	240	204
V50	243	130	194	251	108	179
V51	112	562	238	71	91	216
V52	138	139	13	149	47	114
V53	90	156	84	42	204	116
V54	60	277	285	360	645	322
V55	10	69	240	191	66	112
V56	24	217	71	131	9	126
V57	191	146	223	92	96	160
V58	102	198	145	376	165	224
V59	3	39	197	24	417	100
V60	111	547	2	255	616	344
V61	118	428	34	88	334	218
V62	118	327	479	93	157	211
V63	13	80	23	153	32	107
V64	229	161	57	23	28	81
V65	18	31	201	2	68	56
V66	103	127	171	152	82	233
V67	53	826	926	72	17	357
V68	27	45	25	429	108	190
V69	64	3	245	983	453	351
V70	145	11	53	93	228	123
V71	206	165	437	215	123	223
V72	176	48	324	520	4	189
V73	53	266	461	93	437	209
V74	496	52	89	75	35	126
V75	301	106	85	316	84	200
V76	157	506	72	136	128	239
V77	124	125	312	484	427	243
V78	14	167	153	73	66	121
V79	172	169	143	313	56	166
V80	182	9	1175	102	56	232
V81	125	477	18	153	439	281
V82	187	680	12	250	101	288
V83	232	295	70	33	168	168
V84	254	72	79	150	5	104
V85	56	1184	14	63	99	391
V86	276	496	222	180	94	228
V87	245	82	114	81	153	135
V88	21	133	31	85	40	58
V89	146	25	74	3	41	83
V90	150	970	203	34	112	333
V91	23	474	114	36	1	167
V92	84	110	25	62	393	125
V93	148	12	64	83	249	113
V94	52	347	133	160	41	198
V95	92	126	37	231	448	185
V96	12	54	268	262	91	153
V97	569	272	276	230	375	341
V98	61	16	77	418	452	196
V99	165	52	120	514	140	241
V100	3	299	36	207	166	239
V101	200	235	98	468	28	222
V102	185	73	197	211	416	194
V103	166	46	0	26	576	156
V104	41	110	121	373	283	180
V105	90	385	2	368	69	222
V106	56	49	34	4	60	27
V107	75	82	220	282	264	147
V108	233	1040	95	117	19	403
V109	359	124	107	325	127	226
V110	374	307	42	14	248	192
V111	122	416	159	352	319	340
V112	248	161	33	456	52	244
V113	43	5	71	63	341	88
V114	66	103	79	19	19	82
V115	57	133	648	13	51	188
V116	104	339	665	128	225	247
V117	31	19	38	275	199	147
V118	74	101	76	218	80	91
V119	598	218	16	193	174	241
V120	22	158	9	280	212	175
V121	32	30	157	182	158	121
V122	35	142	77	43	455	197
V123	176	259	152	637	104	341
V124	599	46	162	146	155	184
V125	846	159	608	145	181	264
V126	495	302	46	157	127	231
V127	92	148	149	115	509	176
V128	653	1	183	38	26	167
V129	22	28	188	154	552	213
V130	78	198	248	194	55	190
V131	266	181	131	303	57	195
V132	84	267	31	507	198	277
V133	266	20	979	109	244	218
V134	37	97	82	189	990	195
V135	184	104	861	147	197	239
V136	97	0	33	630	182	238
V137	197	378	563	97	315	256
V138	6	467	81	28	566	282
V139	83	126	860	254	115	244
V140	447	9	258	19	15	124
V141	63	17	343	684	133	240
V142	7	255	147	568	181	294
V143	366	181	920	65	133	304
V144	253	243	28	14	50	96
V145	261	484	118	3	626	315
V146	101	253	323	76	354	181
V147	309	126	326	14	76	121
V148	231	236	2	219	67	177
V149	192	21	326	79	22	148
V150	5	59	168	143	213	95
V151	29	24	55	335	128	159
V152	481	21	622	106	109	256
V153	134	33	286	114	308	146
V154	121	330	168	27	31	123
V155	318	78	30	484	44	218
V156	82	3	230	210	234	193
V157	33	644	112	106	85	249
V158	76	212	119	137	149	139
V159	167	54	47	112	191	116
V160	291	86	58	183	310	167
V161	467	126	975	103	116	275
V162	197	18	87	158	266	121
V163	8	188	87	46	113	66
V164	142	443	190	75	306	218
V165	475	275	153	102	409	254
V166	299	304	173	116	56	193
V167	38	133	73	32	993	186
V168	209	253	95	472	370	296
V169	186	171	115	81	431	171
V170	335	532	33	638	101	413
V171	10	39	195	706	84	273
V172	314	80	395	6	16	127
V173	186	21	171	72	26	79
V174	19	7	272	96	247	89
V175	162	506	146	181	48	232
V176	121	120	289	9	1	81
V177	35	45	6	251	58	87
V178	222	391	41	83	134	181
V179	206	31	41	190	459	170
V180	149	162	326	74	31	141
V181	204	69	1	77	15	82
V182	189	6	26	25	24	42
V183	2	13	162	717	388	300
V184	971	66	166	12	398	224
V185	270	264	427	49	350	223
V186	279	536	49	339	87	331
V187	44	15	9	347	147	205
V188	11	766	1634	255	284	524
V189	8	3	472	228	118	161
V190	40	114	757	355	14	225
V191	67	8	188	229	251	144
V192	164	20	23	209	411	138
V193	54	57	6	412	111	179
V194	825	280	256	182	14	280
V195	109	318	68	119	113	195
V196	236	32	189	493	35	197
V197	89	273	102	281	73	201
V198	549	20	205	189	206	203
V199	595	29	208	571	171	349
V200	271	29	72	411	164	164
V201	77	28	8	313	323	156
V202	250	3	39	147	33	79
V203	29	793	35	135	419	333
V204	6	573	67	64	59	258
V205	165	9	656	73	11	173
V206	232	527	169	810	504	486
V207	67	13	97	629	149	253
V208	41	344	214	182	226	221
V209	242	90	275	139	91	172
V210	36	65	56	106	91	72
V211	468	22	389	115	88	178
V212	220	45	223	18	35	96
V213	103	228	83	321	17	184
V214	552	34	106	279	159	206
V215	36	29	69	136	82	132
V216	179	129	35	54	327	130
V217	118	172	33	16	51	102
V218	1	54	31	48	148	53
V219	352	115	134	107	68	152
V220	70	50	483	16	88	107
V221	261	98	360	783	638	468
V222	174	129	294	204	369	185
V223	368	180	582	86	5	192
V224	94	57	157	882	91	325
V225	1	181	6	118	50	90
V226	398	197	161	137	76	181
V227	223	116	119	89	17	153
V228	71	38	57	72	206	89
V229	407	108	139	112	90	145
V230	94	19	486	427	335	240
V231	459	56	4	439	1	185
V232	26	43	22	238	182	111
V233	169	227	315	564	312	350
V234	121	34	15	8	274	51
V235	618	195	498	112	413	307
V236	546	3	276	70	248	186
V237	74	409	15	21	225	154
V238	130	156	163	731	397	341
V239	73	298	153	27	41	210
V240	239	207	47	262	467	224
V241	13	294	193	8	450	201
V242	46	81	33	86	265	182
V243	430	146	666	347	82	269
V244	560	87	188	24	36	141
V245	273	81	41	339	142	205
V246	438	2	285	70	141	153
V247	48	116	479	149	35	149
V248	308	287	105	59	68	182
V249	13	402	298	82	189	239
V250	13	60	70	87	156	84
V251	21	182	99	186	12	170
V252	42	129	330	425	329	262
V253	184	94	77	66	97	92
V254	59	159	110	557	16	278
V255	182	113	1	230	259	180
V256	156	42	30	112	72	86
V257	228	673	472	28	227	330
V258	113	164	163	46	51	119
V259	76	119	129	99	181	122
V260	346	184	65	199	132	172
V261	56	179	69	136	10	128
V262	34	199	282	158	144	171
V263	250	276	69	167	521	245
V264	308	134	666	52	197	198
V265	28	92	25	217	225	128
V266	179	45	111	256	370	167
V267	5	487	36	32	245	190
V268	16	169	35	142	209	112
V269	705	482	406	14	233	286
V270	342	114	250	511	346	300
V271	200	46	529	131	671	220
V272	6	533	248	1	111	214
V273	22	38	339	623	273	328
V274	1	76	58	681	249	254
V275	231	326	219	127	73	198
V276	115	233	850	193	168	244
V277	547	247	111	197	8	284
V278	20	87	209	785	157	297
V279	408	981	23	209	658	466
V280	375	145	131	80	96	159
V281	29	279	1052	47	23	204
V282	202	535	90	70	264	227
V283	96	789	257	68	650	345
V284	98	38	173	346	163	152
V285	743	635	929	145	18	438
V286	479	448	63	189	211	221
V287	51	131	18	287	242	200
V288	4	310	10	53	71	118
V289	515	89	290	217	62	206
V290	594	448	10	853	3	433
V291	4	92	245	131	29	86
V292	199	31	210	288	116	138
V293	80	34	210	224	301	178
V294	191	32	118	90	179	85
V295	172	100	176	78	65	88
V296	102	74	265	290	548	236
V297	48	161	144	121	59	127
V298	93	90	221	861	275	308
V299	15	51	214	253	41	134
V300	73	169	638	137	24	214
V301	242	94	47	532	24	189
V302	267	434	67	126	68	236
V303	206	65	118	40	220	111
V304	209	227	36	125	848	256
V305	283	137	1	113	999	303
V306	473	59	11	306	144	201
V307	61	296	402	134	185	200
V308	118	95	219	54	194	109
V309	33	134	18	179	8	118
V310	1	60	110	409	496	235
V311	154	109	102	24	578	143
V312	952	481	72	56	336	389
V313	224	341	118	451	11	270
V314	108	132	88	212	201	167
V315	630	402	45	71	140	229
V316	54	61	125	23	36	44
V317	75	5	101	15	262	94
V318	368	213	38	578	2	245
V319	186	200	416	96	7	139
V320	15	112	161	198	53	102
V321	160	276	358	839	816	458
V322	116	36	110	150	13	136
V323	895	59	215	172	37	245
V324	33	199	125	140	128	128
V325	234	131	214	297	955	310
V326	234	51	76	32	161	117
V327	49	527	200	10	38	220
V328	80	288	9	55	17	116
V329	26	934	241	154	241	352
V330	153	232	188	493	12	245
V331	611	472	230	31	244	295
V332	5	73	53	73	123	77
V333	150	5	197	12	303	85
V334	37	64	265	350	5	196
V335	97	312	85	43	165	151
V336	119	106	9	190	213	174
V337	69	599	401	111	813	415
V338	177	103	56	138	355	142
V339	138	82	216	0	45	117
V340	418	99	184	207	37	222
V341	248	570	100	79	232	245
V342	264	130	363	350	316	255
V343	327	189	93	70	150	161
V344	343	146	1	79	196	148
V345	376	55	95	3	349	126
V346	692	109	48	38	24	170
V347	279	175	91	122	67	184
V348	118	84	251	122	231	177
V349	967	0	186	505	31	319
V350	23	437	118	177	146	210
V351	34	35	135	463	104	164
V352	10	9	24	210	465	134
V353	88	230	227	52	185	132
V354	200	116	18	31	97	113
V355	336	38	443	144	54	157
V356	34	649	57	455	571	388
V357	101	63	49	87	49	94
V358	362	46	123	633	102	299
V359	11	261	300	35	44	132
V360	37	166	159	192	14	128
V361	297	347	139	263	49	235
V362	384	99	155	133	65	159
V363	20	533	58	285	8	210
V364	239	322	56	21	103	160
V365	90	286	24	106	139	143
V366	247	408	50	163	273	233
V367	56	0	201	109	31	61
V368	416	317	733	208	218	308
V369	68	188	86	68	163	102
V370	107	143	264	13	159	127
V371	40	126	95	191	212	137
V372	477	208	261	32	434	247
V373	376	50	90	213	372	194
V374	391	193	360	55	413	265
V375	28	487	15	39	841	307
V376	80	118	202	387	311	207
V377	42	148	283	94	337	161
V378	9	167	24	154	229	148
V379	7	317	256	145	536	284
V380	250	186	124	90	43	171
V381	150	64	149	171	239	117
V382	316	199	345	56	468	204
V383	79	484	165	394	119	271
V384	106	541	220	141	94	273
V385	57	114	423	23	2	86
V386	577	100	45	20	582	217
V387	63	129	706	15	6	182
V388	107	19	419	110	337	135
V389	332	7	125	156	87	142
V390	250	62	8	175	161	134
V391	1158	85	27	35	71	260
V392	15	213	27	104	84	104
V393	138	627	174	4	431	273
V394	110	128	456	274	50	214
V395	0	182	143	341	52	185
V396	83	116	280	7	203	95
V397	206	216	181	378	109	197
V398	459	28	140	30	114	171
V399	25	487	65	84	8	231
V400	28	190	111	779	464	330
V401	43	11	243	206	204	124
V402	96	273	311	7	166	180
V403	13	177	483	141	178	180
V404	859	44	195	37	70	194
V405	0	194	212	122	752	212
V406	94	17	177	582	317	252
V407	22	39	13	291	90	124
V408	42	120	806	16	20	166
V409	351	444	759	467	327	412
V410	522	24	13	72	309	180
V411	186	208	63	208	145	167
V412	318	80	185	558	769	349
V413	24	81	82	630	13	222
V414	178	83	33	105	92	82
V415	246	54	22	9	204	92
V416	24	273	164	212	587	253
V417	156	167	62	107	21	102
V418	231	438	13	74	150	181
V419	536	229	49	780	157	438
V420	123	366	159	197	339	258
V421	123	74	237	47	7	80
V422	181	69	179	176	318	161
V423	885	399	92	15	358	294
V424	1259	211	45	87	154	310
V425	62	288	179	78	455	164
V426	55	37	66	749	273	235
V427	1044	338	125	40	0	265
V428	58	582	252	13	586	255
V429	265	371	49	333	461	358
V430	289	556	62	106	449	283
V431	376	598	59	46	51	257
V432	8	141	70	157	454	163
V433	248	135	518	102	9	199
V434	124	21	132	39	409	135
V435	99	271	516	59	92	161
V436	77	238	390	60	33	150
V437	277	321	647	13	91	198
V438	50	79	576	485	61	273
V439	152	632	181	462	282	383
V440	127	480	172	1308	38	576
V441	472	630	212	55	393	368
V442	4	68	503	26	1053	206
V443	437	228	23	435	31	289
V444	326	67	134	112	524	273
V445	0	44	188	22	48	49
V446	253	370	23	298	106	222
V447	100	546	220	206	175	276
V448	134	44	4	189	0	100
V449	237	4	57	254	115	127
V450	55	247	306	275	1	198
V451	131	10	470	78	39	137
V452	379	133	220	354	586	320
V453	411	96	43	27	146	124
V454	55	27	243	29	308	80
V455	7	48	324	74	326	165
V456	60	215	273	7	19	88
V457	26	72	235	242	170	141
V458	104	8	857	424	178	262
V459	107	43	166	105	81	103
V460	438	225	90	65	90	177
V461	129	565	350	289	262	334
V462	193	2	102	153	73	107
V463	343	99	44	90	392	169
V464	851	250	124	83	73	238
V465	763	19	135	51	217	181
V466	228	32	17	171	353	123
V467	598	91	98	54	436	196
V468	76	236	226	29	348	144
V469	139	181	7	32	184	124
V470	156	348	182	243	98	218
V471	105	168	361	69	60	136
V472	40	312	0	47	254	158
V473	217	91	61	47	276	131
V474	320	55	57	812	166	291
V475	203	26	222	682	222	286
V476	4	44	67	24	13	38
V477	386	212	779	404	365	351
V478	193	236	52	250	86	174
V479	53	30	77	32	170	68
V480	352	109	3	385	49	224
V481	22	117	422	395	46	198
V482	393	242	95	173	96	174
V483	767	310	8	76	186	281
V484	127	17	361	299	80	181
V485	140	82	78	52	129	85
V486	41	68	122	815	207	282
V487	135	481	147	128	144	234
V488	149	20	190	281	844	246
V489	383	11	659	220	22	182
V490	46	6	62	532	43	168
V491	155	264	207	92	108	167
V492	88	105	57	40	342	104
V493	489	75	49	6	249	158
V494	116	183	84	32	10	89
V495	210	671	427	28	246	284
V496	76	668	41	66	284	287
V497	12	9	354	19	228	104
V498	62	202	312	27	165	133
V499	162	336	297	5	34	141
V500	89	352	475	6	311	207
