Source001	Source002	Source003	Source004	Source005	Sink
V1	60	209	124	499	228	261
V2	677	51	44	86	300	296
V3	128	33	19	155	182	118
V4	97	128	100	325	214	247
V5	209	26	102	315	954	361
V6	0	609	376	16	828	326
V7	217	28	43	171	76	124
V8	157	151	28	72	334	209
V9	121	248	35	12	3	76
V10	171	132	74	6	71	101
V11	62	107	316	408	83	176
V12	50	593	270	168	350	202
V13	74	67	148	20	26	76
V14	26	110	21	96	293	135
V15	9	242	160	258	124	128
V16	97	111	459	541	110	206
V17	174	198	118	273	387	243
V18	271	98	10	77	74	112
V19	146	134	57	12	39	72
V20	56	54	343	384	297	202
V21	240	36	62	194	756	336
V22	106	71	71	88	511	217
V23	15	85	96	548	149	138
V24	208	233	80	180	342	240
V25	43	24	39	457	45	117
V26	125	96	664	16	106	155
V27	17	108	55	24	10	93
V28	540	334	302	28	155	371
V29	2	241	111	334	440	236
V30	110	20	44	315	26	173
V31	146	258	264	80	4	138
V32	499	658	54	317	82	289
V33	327	231	82	366	82	246
V34	117	20	258	321	2	114
V35	512	301	265	191	333	318
V36	12	518	74	56	91	129
V37	100	640	305	1002	777	531
V38	19	129	27	497	179	142
V39	780	145	365	45	126	331
V40	4	10	212	324	12	89
V41	102	275	941	82	164	229
V42	419	408	89	103	10	199
V43	156	331	92	250	126	144
V44	303	35	400	222	4	171
V45	146	236	387	501	352	266
V46	59	3	129	325	385	238
V47	40	111	24	230	4	85
V48	163	88	100	14	654	230
V49	192	256	705	91	72	229
V50	96	361	244	122	77	155
V51	500	577	99	151	158	293
V52	329	59	31	110	227	176
V53	84	26	94	181	482	221
V54	180	320	98	14	837	299
V55	22	109	66	586	321	195
V56	224	249	16	153	129	161
V57	51	391	160	166	30	144
V58	336	246	104	531	287	264
V59	474	127	25	165	94	214
V60	929	152	207	17	77	326
V61	6	733	62	194	6	131
V62	385	277	368	394	75	228
V63	353	65	52	361	265	222
V64	235	408	3	28	101	147
V65	158	117	63	92	56	105
V66	70	87	228	334	898	398
V67	25	111	518	418	181	170
V68	222	561	91	26	88	203
V69	299	67	578	88	131	233
V70	145	302	152	267	167	169
V71	410	356	528	150	23	273
V72	799	154	829	135	13	416
V73	103	69	1	0	25	52
V74	469	70	68	1122	43	339
V75	35	461	65	151	79	128
V76	155	360	141	82	11	132
V77	89	97	508	621	18	226
V78	471	324	255	126	114	294
V79	653	75	182	449	98	357
V80	0	44	8	297	31	63
V81	66	222	65	270	451	211
V82	95	244	51	44	235	112
V83	17	186	463	99	207	176
V84	33	113	246	212	0	106
V85	13	144	156	63	356	139
V86	257	25	299	18	35	133
V87	368	62	35	391	21	210
V88	34	43	200	86	74	118
V89	171	416	258	165	252	254
V90	98	227	13	83	121	121
V91	165	178	780	289	135	268
V92	40	120	260	160	153	121
V93	99	534	7	173	108	143
V94	232	89	304	566	153	279
V95	246	438	103	59	11	131
V96	43	6	54	128	660	213
V97	132	299	1014	154	671	367
V98	294	255	136	12	65	137
V99	10	15	193	2	5	27
V100	80	111	174	254	270	162
V101	78	432	25	168	570	240
V102	265	7	78	82	98	138
V103	50	111	357	79	267	149
V104	131	62	514	129	165	185
V105	217	15	252	21	220	130
V106	25	226	3	57	143	118
V107	522	60	268	35	173	225
V108	18	115	229	399	62	192
V109	43	96	191	265	519	221
V110	377	399	40	6	238	204
V111	82	399	257	99	222	204
V112	214	115	183	434	248	180
V113	24	131	150	111	70	69
V114	321	35	71	7	37	141
V115	253	575	456	251	152	254
V116	378	255	706	439	115	341
V117	238	344	382	153	233	261
V118	410	63	360	112	59	207
V119	256	64	77	11	61	144
V120	331	119	241	175	148	195
V121	301	115	35	204	30	167
V122	35	6	156	15	139	77
V123	204	186	282	279	153	241
V124	156	401	184	263	483	287
V125	172	56	815	174	406	318
V126	55	342	383	72	44	144
V127	47	20	151	88	55	71
V128	812	36	163	30	310	350
V129	87	363	71	372	371	239
V130	74	482	255	146	207	222
V131	234	141	84	90	209	211
V132	234	151	8	16	349	185
V133	41	320	82	193	128	117
V134	170	174	156	61	0	118
V135	95	613	16	162	557	290
V136	160	103	31	0	96	106
V137	31	85	35	116	649	193
V138	23	349	889	502	618	423
V139	65	189	92	529	39	155
V140	112	163	438	50	1030	419
V141	305	162	130	209	447	304
V142	58	2	71	151	16	72
V143	269	140	114	2	173	179
V144	192	282	0	481	421	269
V145	256	23	93	80	141	117
V146	54	372	165	248	240	162
V147	13	124	72	426	548	272
V148	107	765	300	91	61	197
V149	110	980	69	106	137	197
V150	125	80	32	49	6	132
V151	982	17	88	198	65	375
V152	213	1079	555	324	343	345
V153	9	21	50	176	301	128
V154	545	3	151	681	115	294
V155	48	5	332	287	201	185
V156	399	89	242	94	152	190
V157	0	56	165	59	22	96
V158	571	703	146	97	183	351
V159	17	115	210	60	193	134
V160	52	178	14	0	84	92
V161	97	222	404	428	76	193
V162	186	537	46	7	269	189
V163	167	519	103	192	535	332
V164	101	28	185	755	220	204
V165	15	59	211	20	97	65
V166	320	367	175	304	54	272
V167	151	3	227	133	29	191
V168	282	138	247	43	285	217
V169	498	214	10	211	62	193
V170	87	33	171	104	211	145
V171	740	3	4	10	83	222
V172	446	208	149	24	85	193
V173	147	126	512	1328	164	377
V174	32	77	26	25	545	203
V175	194	381	126	120	205	185
V176	205	371	19	15	32	140
V177	330	5	20	24	60	106
V178	184	72	345	63	347	169
V179	276	154	37	642	252	265
V180	169	154	321	685	311	379
V181	62	143	178	19	73	82
V182	132	231	52	330	218	181
V183	266	228	12	225	93	154
V184	321	174	10	165	79	171
V185	390	229	111	270	142	224
V186	215	49	162	190	24	148
V187	229	40	191	520	282	261
V188	9	187	120	64	7	52
V189	109	351	118	217	461	281
V190	479	1336	62	229	210	404
V191	126	89	33	37	252	154
V192	59	644	115	21	120	146
V193	260	384	271	126	430	264
V194	47	28	32	664	267	216
V195	453	154	295	98	694	339
V196	58	1120	326	91	0	211
V197	23	239	120	257	182	181
V198	51	689	97	645	309	264
V199	44	241	138	576	99	178
V200	69	497	251	160	89	177
V201	397	8	13	45	112	147
V202	3	0	141	929	3	236
V203	130	5	42	8	476	175
V204	82	244	14	494	183	172
V205	354	320	332	47	114	251
V206	88	91	63	131	79	113
V207	45	146	338	61	121	125
V208	120	12	164	859	28	209
V209	199	122	58	72	97	120
V210	59	453	157	204	18	130
V211	307	362	65	268	120	213
V212	13	197	95	26	283	117
V213	43	861	22	840	29	309
V214	1186	179	487	20	175	450
V215	14	73	48	38	178	89
V216	220	248	416	548	12	265
V217	156	148	2	191	238	171
V218	301	209	548	273	219	279
V219	32	278	414	1	83	117
V220	522	225	95	18	21	208
V221	18	163	630	15	23	155
V222	110	472	24	10	8	104
V223	37	128	339	291	313	202
V224	191	67	65	515	20	170
V225	494	25	141	300	96	240
V226	41	519	30	16	431	218
V227	50	202	432	14	149	149
V228	484	18	257	7	6	179
V229	169	235	36	14	54	90
V230	187	67	231	214	160	180
V231	203	6	461	51	13	115
V232	550	69	195	418	88	269
V233	95	97	84	54	112	89
V234	222	2	910	11	304	237
V235	102	293	969	40	350	308
V236	58	92	77	184	121	120
V237	150	273	623	71	34	162
V238	76	30	107	20	758	222
V239	191	153	5	46	22	163
V240	82	194	210	99	100	143
V241	502	4	12	176	9	181
V242	124	232	364	248	226	196
V243	396	51	273	7	46	174
V244	78	58	4	19	52	55
V245	100	184	724	29	317	217
V246	407	94	40	102	534	321
V247	382	557	283	286	324	391
V248	65	0	295	137	105	114
V249	33	54	157	117	38	97
V250	218	175	670	139	8	204
V251	101	195	789	150	398	264
V252	41	509	282	249	281	244
V253	363	68	610	52	192	246
V254	458	382	12	54	339	298
V255	87	140	213	559	25	178
V256	125	12	54	362	10	92
V257	276	174	229	198	39	150
V258	29	111	33	325	224	203
V259	57	277	104	46	17	92
V260	42	382	243	10	172	130
V261	137	237	242	53	251	165
V262	94	75	129	173	410	199
V263	86	159	126	322	311	231
V264	179	93	10	134	270	160
V265	68	40	3	183	147	140
V266	104	31	162	115	309	157
V267	222	176	54	170	86	175
V268	445	264	209	20	54	231
V269	146	2	40	45	92	101
V270	45	263	177	17	211	130
V271	60	133	182	414	2	111
V272	69	572	22	63	157	155
V273	168	348	250	66	268	226
V274	311	190	345	647	260	305
V275	33	50	6	182	6	65
V276	766	187	84	7	1143	565
V277	385	175	235	399	2	238
V278	263	133	158	255	218	221
V279	65	49	95	68	150	88
V280	54	81	75	119	522	210
V281	112	208	345	201	73	189
V282	6	475	169	84	56	100
V283	75	15	192	512	698	328
V284	250	331	123	341	179	259
V285	15	55	234	292	80	147
V286	104	37	114	41	46	74
V287	282	166	53	826	188	285
V288	26	508	462	86	109	187
V289	446	80	210	67	184	212
V290	23	323	129	1012	563	433
V291	93	186	15	266	125	115
V292	267	93	15	179	10	126
V293	225	57	190	100	84	137
V294	55	227	248	78	165	128
V295	15	67	104	354	73	107
V296	268	67	83	107	45	165
V297	97	19	266	138	14	106
V298	105	50	496	108	25	141
V299	153	41	89	61	364	149
V300	539	13	302	245	133	271
V301	312	11	43	0	248	157
V302	16	224	356	27	166	124
V303	21	36	761	125	58	168
V304	548	238	45	177	207	288
V305	350	16	150	90	573	276
V306	216	90	760	227	201	279
V307	181	164	108	344	66	176
V308	729	6	127	63	425	355
V309	269	234	506	75	22	167
V310	168	47	99	269	283	238
V311	42	58	147	93	87	78
V312	72	293	3	1	375	159
V313	179	75	85	248	187	169
V314	509	118	722	215	8	288
V315	157	271	70	163	203	161
V316	248	87	123	242	8	119
V317	313	3	534	759	254	346
V318	382	113	143	208	221	230
V319	229	118	16	144	490	206
V320	421	147	206	864	181	308
V321	325	220	296	98	203	236
V322	20	121	210	73	565	190
V323	551	113	294	345	309	333
V324	42	8	68	281	367	201
V325	69	13	520	135	310	191
V326	25	163	274	489	23	194
V327	182	24	73	121	15	95
V328	337	377	317	19	341	263
V329	27	232	175	114	97	98
V330	238	62	233	184	65	173
V331	86	59	120	485	100	143
V332	28	282	154	175	339	179
V333	49	3	427	114	94	147
V334	750	327	712	155	84	399
V335	620	127	76	225	48	263
V336	5	183	227	150	219	130
V337	379	18	155	231	613	352
V338	372	254	63	100	78	188
V339	266	64	46	363	1	203
V340	171	103	296	60	109	196
V341	340	304	118	156	490	329
V342	57	209	374	441	15	240
V343	461	412	16	55	285	256
V344	114	74	161	8	249	147
V345	2	24	217	1116	72	269
V346	41	238	14	324	857	314
V347	78	136	257	73	733	231
V348	623	233	1	103	97	240
V349	400	288	119	237	120	250
V350	233	227	60	440	126	223
V351	43	20	203	251	261	184
V352	74	289	164	141	127	131
V353	222	22	624	336	7	189
V354	117	256	231	12	36	177
V355	163	25	12	54	35	66
V356	371	314	53	80	181	238
V357	82	490	293	461	183	290
V358	24	110	286	3	6	57
V359	63	66	191	922	128	219
V360	542	305	107	239	4	249
V361	21	416	77	102	102	99
V362	388	19	266	70	32	163
V363	45	132	65	129	209	104
V364	213	125	134	149	179	170
V365	417	99	27	17	93	173
V366	386	136	328	9	9	234
V367	121	273	7	16	434	177
V368	95	319	261	63	230	146
V369	39	360	85	149	256	136
V370	169	327	4	862	22	252
V371	124	65	56	441	58	149
V372	415	212	197	16	68	215
V373	222	315	35	94	264	199
V374	234	51	16	372	66	231
V375	607	85	189	132	437	323
V376	18	274	320	103	345	170
V377	293	186	630	412	252	306
V378	119	189	67	169	89	136
V379	66	485	353	97	8	143
V380	30	345	640	78	83	158
V381	74	366	296	117	182	156
V382	48	153	75	125	180	129
V383	393	946	226	17	199	281
V384	188	332	104	15	157	130
V385	5	113	133	0	191	74
V386	369	647	205	116	193	285
V387	55	342	5	251	233	163
V388	83	815	254	24	77	196
V389	29	14	34	6	97	64
V390	130	449	13	3	245	149
V391	68	68	167	32	268	118
V392	6	342	408	183	69	136
V393	257	173	400	439	16	237
V394	33	183	6	41	341	126
V395	79	23	380	10	360	186
V396	20	311	189	180	132	114
V397	56	201	79	227	453	227
V398	209	205	146	60	303	190
V399	647	126	299	217	105	297
V400	584	214	413	385	5	281
V401	194	148	108	70	100	128
V402	87	202	6	87	437	202
V403	28	35	283	36	164	79
V404	234	1	768	315	324	315
V405	892	105	89	174	54	329
V406	47	146	148	314	180	144
V407	209	62	333	774	712	391
V408	26	27	47	152	42	67
V409	87	78	190	201	192	196
V410	21	484	402	477	204	334
V411	231	14	31	168	118	151
V412	324	134	212	167	261	227
V413	8	7	184	410	79	105
V414	5	14	11	67	568	181
V415	237	481	76	249	226	231
V416	137	209	559	183	29	142
V417	886	318	143	600	459	517
V418	24	8	57	172	73	86
V419	136	185	107	445	9	127
V420	123	45	291	44	145	151
V421	126	231	48	144	1187	438
V422	87	466	64	55	45	142
V423	30	203	82	252	63	154
V424	16	10	219	173	124	157
V425	149	44	61	26	0	80
V426	268	582	45	290	284	283
V427	122	300	121	86	370	200
V428	157	76	220	89	229	179
V429	3	28	1	77	177	113
V430	132	250	203	191	82	123
V431	60	318	164	147	254	173
V432	202	229	187	355	270	251
V433	101	283	2	867	18	229
V434	968	128	186	73	28	336
V435	46	49	138	153	172	135
V436	25	710	255	42	575	307
V437	39	23	4	229	234	128
V438	412	520	14	30	103	215
V439	75	200	53	191	96	157
V440	302	5	241	3	172	169
V441	116	114	145	213	590	251
V442	156	26	4	30	53	75
V443	15	251	145	233	11	156
V444	264	132	499	88	97	221
V445	4	505	178	31	359	196
V446	72	561	204	181	200	190
V447	64	265	305	61	242	212
V448	115	127	213	178	291	223
V449	23	171	16	69	171	94
V450	389	38	105	57	184	191
V451	179	64	22	332	185	153
V452	207	403	649	104	132	286
V453	238	65	114	147	416	233
V454	859	420	534	4	38	351
V455	226	408	229	190	609	446
V456	23	30	165	255	43	116
V457	69	2	428	114	187	136
V458	725	29	67	263	109	282
V459	174	5	3	98	16	63
V460	520	381	168	190	71	291
V461	146	443	711	27	105	185
V462	234	176	294	409	533	308
V463	81	117	28	499	505	274
V464	50	25	22	35	6	28
V465	243	22	1245	126	199	269
V466	186	96	99	11	52	121
V467	250	105	60	135	538	231
V468	118	49	177	294	207	209
V469	80	125	281	80	194	162
V470	425	190	334	140	571	393
V471	200	141	420	5	279	189
V472	389	131	472	104	539	330
V473	100	77	228	76	106	102
V474	251	81	239	25	12	132
V475	1061	215	8	48	190	404
V476	368	363	127	77	261	223
V477	181	186	188	408	0	159
V478	0	61	70	267	364	161
V479	162	142	29	83	361	186
V480	37	108	139	131	71	94
V481	238	217	106	676	30	198
V482	49	419	245	89	2	131
V483	563	19	185	8	48	263
V484	22	65	33	218	319	153
V485	89	49	12	38	121	91
V486	17	42	130	159	62	91
V487	82	158	116	568	546	311
V488	289	612	258	195	806	380
V489	368	667	16	81	10	220
V490	28	84	578	197	16	119
V491	170	80	59	142	206	133
V492	601	195	62	294	44	273
V493	928	251	207	107	303	464
V494	28	172	351	529	256	221
V495	430	218	2	110	96	188
V496	379	532	64	17	513	257
V497	61	71	175	506	4	166
V498	326	372	521	2	67	234
V499	194	349	244	365	200	239
V500	14	27	674	38	88	115
