Source001	Source002	Source003	Source004	Source005	Sink
V1	25	104	396	80	44	117
V2	59	765	73	6	289	175
V3	509	68	132	221	273	249
V4	12	407	55	52	519	167
V5	153	92	48	21	211	130
V6	321	43	295	157	452	227
V7	145	9	106	214	236	192
V8	524	281	150	408	30	309
V9	371	287	2	137	33	178
V10	464	278	713	309	27	331
V11	13	35	548	346	81	218
V12	1	148	789	378	118	233
V13	139	275	109	509	224	286
V14	91	381	615	349	33	265
V15	5	398	124	443	21	196
V16	34	81	45	35	20	50
V17	552	161	159	6	264	218
V18	256	300	82	226	159	206
V19	18	125	52	80	51	54
V20	53	1013	139	19	92	181
V21	58	468	138	246	16	123
V22	112	360	433	767	50	345
V23	12	14	140	307	37	124
V24	434	84	135	52	9	154
V25	241	217	13	56	469	186
V26	112	48	136	575	302	280
V27	37	237	113	456	472	275
V28	239	426	37	134	351	253
V29	3	89	332	78	571	183
V30	7	55	253	277	29	157
V31	233	38	156	228	243	211
V32	390	1202	62	883	417	604
V33	168	544	238	321	194	271
V34	126	160	86	165	123	145
V35	50	11	12	219	61	87
V36	29	517	586	187	739	291
V37	55	106	321	129	151	184
V38	159	112	70	420	332	227
V39	312	144	118	454	59	245
V40	398	50	221	146	311	273
V41	231	228	261	119	525	257
V42	133	0	43	15	82	50
V43	96	136	239	46	95	105
V44	172	363	94	71	238	153
V45	76	32	184	14	93	62
V46	325	306	35	232	192	246
V47	212	13	82	177	34	163
V48	70	1184	181	228	481	370
V49	378	186	105	95	7	166
V50	124	452	87	68	181	157
V51	141	213	296	67	73	142
V52	419	23	183	220	392	224
V53	153	9	194	88	62	114
V54	196	14	417	232	73	168
V55	103	550	201	71	235	281
V56	10	50	6	489	255	228
V57	45	428	185	24	359	180
V58	348	27	69	69	57	121
V59	71	133	81	201	252	201
V60	36	832	158	300	340	273
V61	58	80	101	356	24	130
V62	47	34	259	167	320	134
V63	131	73	241	15	56	61
V64	34	955	206	43	254	236
V65	508	117	44	138	232	218
V66	131	130	101	59	152	105
V67	801	153	341	6	219	305
V68	195	26	13	147	160	128
V69	98	14	284	114	827	274
V70	521	300	549	326	202	330
V71	176	45	171	338	254	226
V72	363	834	203	460	366	386
V73	151	231	383	38	281	229
V74	216	48	108	78	134	144
V75	450	74	170	95	1126	373
V76	345	8	66	80	292	163
V77	371	15	70	70	607	196
V78	3	209	177	153	646	215
V79	307	34	108	171	164	141
V80	242	509	356	194	27	196
V81	194	44	266	84	304	169
V82	69	276	29	35	190	111
V83	125	92	64	128	22	112
V84	592	32	153	155	21	220
V85	456	286	313	380	177	363
V86	191	19	238	465	62	246
V87	442	294	60	61	198	198
V88	535	474	290	449	108	367
V89	67	28	163	13	108	47
V90	257	166	71	252	272	222
V91	0	104	371	506	58	215
V92	201	165	106	98	334	205
V93	245	81	310	406	258	266
V94	309	180	36	761	180	338
V95	35	148	3	1088	54	373
V96	237	118	70	347	226	241
V97	199	45	191	467	40	230
V98	107	249	92	51	369	147
V99	23	158	705	145	10	140
V100	193	96	214	177	108	180
V101	489	215	107	139	616	298
V102	209	10	126	20	905	242
V103	389	78	171	57	409	221
V104	279	355	65	721	101	357
V105	919	15	283	293	116	303
V106	793	149	19	94	81	226
V107	22	529	53	63	38	117
V108	41	24	493	144	36	142
V109	317	55	56	148	196	165
V110	139	456	69	373	86	249
V111	18	321	264	111	231	154
V112	66	837	28	161	113	275
V113	129	64	158	210	243	242
V114	309	0	113	119	118	150
V115	51	450	334	151	217	178
V116	41	226	987	350	11	288
V117	376	57	145	415	462	288
V118	85	74	375	53	543	148
V119	26	168	167	252	521	255
V120	46	543	78	133	134	142
V121	86	180	166	56	129	117
V122	261	250	40	74	217	161
V123	83	116	397	60	183	159
V124	134	107	301	682	36	305
V125	90	290	61	6	163	122
V126	38	232	8	111	244	111
V127	45	28	9	27	233	76
V128	176	37	73	64	150	164
V129	178	216	111	82	455	166
V130	85	288	270	50	61	141
V131	73	68	64	354	59	183
V132	98	31	152	18	98	77
V133	512	28	40	11	180	192
V134	303	469	190	141	148	271
V135	93	400	170	273	346	240
V136	179	9	167	408	235	211
V137	179	451	10	26	58	118
V138	803	44	145	12	183	248
V139	17	743	514	36	300	212
V140	744	274	123	120	128	270
V141	110	676	255	758	51	357
V142	246	24	104	24	58	82
V143	167	88	72	164	360	218
V144	67	37	158	210	182	135
V145	333	252	461	108	607	333
V146	35	142	142	38	159	91
V147	685	64	104	11	171	203
V148	26	47	25	67	938	200
V149	41	310	122	187	15	124
V150	199	111	226	20	294	133
V151	886	132	37	18	7	242
V152	88	209	808	595	4	333
V153	283	168	359	204	971	360
V154	23	498	537	12	318	228
V155	98	1065	178	560	15	350
V156	79	79	1	108	29	79
V157	12	91	86	127	47	86
V158	164	177	204	39	23	77
V159	4	512	21	23	192	113
V160	174	248	508	522	247	377
V161	11	111	15	112	220	98
V162	644	253	211	656	647	559
V163	803	249	161	399	374	396
V164	126	116	20	795	8	274
V165	63	277	78	278	126	206
V166	84	98	60	148	533	201
V167	423	148	37	45	66	188
V168	144	50	520	630	164	338
V169	193	458	63	235	91	174
V170	471	88	237	243	12	228
V171	262	142	396	1	116	163
V172	9	27	525	34	92	171
V173	286	264	140	47	93	132
V174	490	62	299	0	375	202
V175	33	84	62	35	119	171
V176	21	4	351	254	796	268
V177	213	755	184	17	734	309
V178	86	9	91	3	64	60
V179	95	31	360	218	258	206
V180	389	167	180	161	19	191
V181	716	13	18	161	95	314
V182	397	368	814	388	29	355
V183	3	52	183	36	1025	246
V184	196	712	32	0	129	164
V185	14	152	283	23	365	181
V186	35	497	97	112	19	108
V187	477	64	34	101	394	223
V188	381	132	55	135	10	166
V189	187	4	14	67	612	181
V190	170	661	85	64	184	192
V191	175	30	299	288	56	148
V192	318	21	347	9	62	147
V193	63	200	67	211	98	145
V194	187	151	229	41	159	173
V195	264	25	32	207	219	149
V196	23	345	116	133	239	132
V197	79	319	17	261	103	181
V198	21	158	144	760	199	310
V199	380	486	158	527	626	416
V200	339	324	36	304	190	242
V201	14	214	196	242	5	155
V202	564	647	213	21	266	274
V203	135	5	51	164	83	105
V204	848	21	43	72	238	265
V205	163	180	56	235	1207	367
V206	78	121	45	232	193	139
V207	11	443	98	146	971	300
V208	77	94	198	301	63	169
V209	58	305	103	98	74	144
V210	221	225	37	318	79	213
V211	21	167	237	208	97	135
V212	13	54	110	881	65	311
V213	435	180	73	148	62	173
V214	59	229	196	55	705	189
V215	142	109	288	61	14	99
V216	133	201	41	197	64	160
V217	123	21	850	168	66	192
V218	234	450	96	92	12	142
V219	77	248	219	98	69	121
V220	123	45	172	78	41	95
V221	158	253	191	476	26	250
V222	163	125	1010	567	73	324
V223	109	457	55	367	20	197
V224	32	120	301	44	134	95
V225	228	118	313	157	341	228
V226	48	26	160	106	10	89
V227	122	59	161	304	184	220
V228	192	400	36	117	98	153
V229	191	35	537	194	165	207
V230	106	183	239	266	87	197
V231	63	123	141	126	116	105
V232	167	175	82	72	14	131
V233	125	458	261	565	140	347
V234	526	877	389	300	27	414
V235	22	181	32	1	110	55
V236	222	60	352	811	343	405
V237	187	74	172	82	248	169
V238	110	12	40	420	151	213
V239	203	554	108	183	132	220
V240	121	379	174	18	106	132
V241	72	208	517	234	43	180
V242	57	299	504	191	100	165
V243	104	313	65	45	98	106
V244	200	110	167	72	98	131
V245	176	66	33	318	543	287
V246	175	202	72	323	205	246
V247	142	302	466	69	244	188
V248	162	23	38	18	32	46
V249	170	280	537	787	255	393
V250	166	89	86	86	84	156
V251	24	688	28	154	130	200
V252	386	190	516	84	283	278
V253	159	42	386	15	560	185
V254	83	142	602	282	138	230
V255	104	177	9	399	27	216
V256	267	14	169	261	97	210
V257	137	102	92	116	217	173
V258	369	352	466	68	111	230
V259	59	82	138	102	803	221
V260	28	80	324	93	311	136
V261	272	212	273	274	44	193
V262	17	9	8	326	71	142
V263	82	256	90	255	382	201
V264	19	242	158	43	199	105
V265	197	245	7	98	125	139
V266	672	153	282	77	556	290
V267	4	259	323	29	411	158
V268	165	194	725	218	34	248
V269	79	47	29	70	50	89
V270	334	264	289	73	73	223
V271	80	354	542	836	485	475
V272	237	12	266	84	15	123
V273	81	67	249	65	209	136
V274	75	437	385	78	91	254
V275	108	156	118	155	545	241
V276	61	68	95	8	209	102
V277	75	178	15	126	235	113
V278	88	361	270	482	51	263
V279	258	61	518	208	73	262
V280	411	70	273	81	32	206
V281	3	63	145	106	162	90
V282	54	33	7	203	105	98
V283	30	121	97	57	178	71
V284	544	296	139	97	47	251
V285	94	135	336	17	35	90
V286	394	142	77	2	15	152
V287	319	311	197	100	43	262
V288	160	198	118	16	399	155
V289	29	21	42	19	91	39
V290	28	119	140	38	184	83
V291	12	287	702	451	28	283
V292	148	232	5	63	194	119
V293	12	184	138	223	26	97
V294	264	349	372	64	218	193
V295	262	106	435	338	109	254
V296	334	173	285	191	303	255
V297	378	473	5	260	26	207
V298	237	412	108	0	142	154
V299	31	148	626	9	153	146
V300	71	310	41	124	24	118
V301	0	17	119	846	231	363
V302	77	89	23	538	148	248
V303	241	59	31	202	31	162
V304	233	220	54	380	115	200
V305	128	393	931	44	109	216
V306	201	409	301	175	232	230
V307	26	33	192	120	570	171
V308	42	45	913	228	238	243
V309	420	100	420	198	273	290
V310	379	158	68	208	25	178
V311	53	49	110	87	41	65
V312	14	110	112	110	271	114
V313	314	17	220	143	146	169
V314	100	304	64	99	12	107
V315	366	608	319	49	289	260
V316	192	323	83	112	326	184
V317	170	225	14	336	13	164
V318	180	55	29	130	77	97
V319	108	118	195	182	278	149
V320	19	6	217	448	29	182
V321	438	89	41	30	320	205
V322	7	49	107	176	38	108
V323	21	26	133	9	162	85
V324	567	156	489	64	230	249
V325	24	193	449	384	129	226
V326	34	172	17	123	67	86
V327	46	19	334	132	627	204
V328	185	134	152	19	7	130
V329	219	39	47	199	86	139
V330	262	56	425	104	0	177
V331	249	147	58	78	156	132
V332	74	106	70	232	553	238
V333	7	158	87	96	147	124
V334	159	200	352	82	272	160
V335	161	3	686	137	478	273
V336	131	146	13	757	632	354
V337	408	214	58	808	20	398
V338	393	11	491	95	130	222
V339	296	69	373	100	249	228
V340	279	53	916	35	610	298
V341	198	14	63	20	6	86
V342	73	68	43	140	195	100
V343	65	55	156	134	184	113
V344	258	4	193	71	36	115
V345	68	106	389	102	74	172
V346	76	1	66	25	83	113
V347	35	673	227	102	410	351
V348	212	222	103	46	94	128
V349	102	392	86	526	249	288
V350	14	208	49	47	139	67
V351	386	325	146	98	74	227
V352	74	1	302	113	395	168
V353	397	100	197	466	31	276
V354	386	53	603	704	19	356
V355	70	281	136	589	499	311
V356	192	417	59	274	15	205
V357	41	94	43	610	157	247
V358	157	16	19	89	1100	271
V359	608	100	605	133	158	327
V360	217	34	150	85	83	88
V361	339	224	79	384	41	236
V362	836	68	214	76	283	284
V363	248	204	91	131	7	132
V364	127	114	124	174	29	164
V365	69	40	2	384	207	246
V366	158	102	150	115	70	150
V367	170	154	76	36	62	105
V368	83	291	174	7	697	192
V369	156	206	474	86	152	171
V370	30	166	191	151	256	184
V371	99	803	13	290	33	209
V372	253	539	260	115	14	184
V373	87	297	57	2	218	102
V374	133	165	20	94	135	108
V375	249	2	29	139	47	154
V376	34	28	382	113	111	144
V377	158	208	102	94	16	155
V378	21	869	49	63	16	130
V379	62	291	930	861	5	387
V380	65	164	496	438	330	279
V381	0	35	86	137	394	115
V382	32	108	71	72	50	69
V383	279	317	403	367	97	278
V384	118	6	334	31	225	144
V385	12	12	25	7	552	77
V386	88	246	125	368	104	191
V387	523	258	37	228	198	283
V388	211	616	32	201	54	201
V389	21	110	273	255	171	239
V390	626	8	43	1	678	251
V391	0	261	101	478	242	281
V392	244	39	251	211	157	200
V393	73	941	11	204	41	225
V394	839	783	125	167	526	414
V395	199	13	202	463	168	222
V396	176	157	34	104	521	185
V397	313	71	118	35	148	129
V398	291	330	198	121	128	219
V399	111	382	211	20	89	142
V400	678	119	57	260	73	269
V401	412	3	161	43	165	183
V402	555	113	403	98	126	255
V403	0	79	135	70	60	67
V404	179	583	95	154	79	180
V405	468	419	6	544	306	382
V406	48	74	159	783	107	300
V407	502	298	381	393	146	362
V408	261	232	147	442	47	241
V409	458	57	185	52	830	289
V410	128	15	39	176	273	144
V411	495	5	39	137	191	149
V412	158	185	13	302	119	143
V413	361	16	17	844	28	383
V414	429	301	154	65	101	195
V415	1	108	42	130	1	58
V416	106	40	121	235	487	193
V417	183	124	216	358	62	207
V418	179	57	10	421	8	181
V419	156	132	252	70	9	101
V420	64	275	230	32	372	148
V421	46	231	140	157	442	168
V422	104	39	30	42	484	139
V423	377	11	862	284	198	319
V424	189	127	385	57	22	131
V425	17	22	5	80	2	30
V426	99	594	586	127	432	331
V427	76	80	474	130	36	158
V428	236	93	1233	88	29	247
V429	34	45	193	329	211	154
V430	5	97	173	42	490	145
V431	390	187	153	377	333	332
V432	182	114	231	73	299	206
V433	64	571	35	157	254	194
V434	74	99	0	46	123	150
V435	268	90	6	188	104	128
V436	123	275	172	518	469	282
V437	18	415	182	100	51	123
V438	98	89	248	182	147	138
V439	167	261	398	366	415	316
V440	433	255	339	105	1	228
V441	494	673	588	614	14	418
V442	605	619	305	16	417	314
V443	211	99	101	42	14	83
V444	243	249	103	19	423	205
V445	161	25	299	136	94	166
V446	240	11	36	744	159	303
V447	86	8	474	198	249	184
V448	337	151	13	411	102	252
V449	418	245	149	179	25	187
V450	48	330	676	145	185	246
V451	802	1	698	848	221	504
V452	177	75	72	232	263	206
V453	119	3	1	182	91	143
V454	673	16	613	31	262	273
V455	300	45	91	494	182	243
V456	209	119	142	33	268	165
V457	150	978	51	203	393	265
V458	31	233	265	520	195	279
V459	527	605	212	492	30	406
V460	97	214	73	186	205	220
V461	6	22	6	19	170	48
V462	247	202	28	282	76	202
V463	169	269	93	408	46	217
V464	337	93	124	78	20	131
V465	75	6	114	252	287	136
V466	279	257	94	4	38	110
V467	1656	276	472	79	135	493
V468	107	65	48	131	14	109
V469	93	149	70	51	11	102
V470	51	4	201	12	271	110
V471	370	167	273	81	79	178
V472	55	5	29	51	165	77
V473	11	64	258	72	42	89
V474	49	15	33	1	175	44
V475	109	1	269	435	80	192
V476	14	463	273	63	12	138
V477	45	60	333	320	129	186
V478	267	132	51	232	240	189
V479	30	90	41	196	79	94
V480	516	125	155	248	153	226
V481	418	38	185	73	381	208
V482	33	153	127	196	66	252
V483	67	457	35	44	187	172
V484	205	440	442	18	84	195
V485	74	13	100	13	229	79
V486	276	258	46	23	236	161
V487	232	128	246	323	80	192
V488	186	120	51	400	22	202
V489	648	65	192	30	345	249
V490	486	315	279	179	411	305
V491	109	239	3	38	65	75
V492	21	107	299	164	273	161
V493	326	38	49	106	499	258
V494	116	4	85	392	6	153
V495	26	15	3	120	30	88
V496	471	252	298	67	206	235
V497	18	250	132	11	32	63
V498	106	45	43	12	74	51
V499	142	60	565	385	248	252
V500	0	161	188	210	68	139
