Source001	Source002	Source003	Source004	Source005	Sink
V1	22	82	277	364	242	147
V2	98	72	27	156	59	93
V3	42	29	99	66	368	109
V4	146	125	120	373	200	205
V5	208	370	247	841	67	373
V6	383	536	578	78	32	344
V7	356	176	35	180	74	198
V8	37	823	203	8	133	264
V9	10	26	583	99	369	160
V10	156	5	854	180	55	187
V11	77	102	152	576	310	179
V12	136	572	75	83	20	225
V13	547	185	435	262	177	292
V14	838	19	211	103	306	339
V15	14	88	71	494	28	149
V16	119	183	609	167	88	199
V17	381	206	41	331	59	195
V18	466	708	30	677	240	469
V19	53	102	110	79	38	113
V20	158	440	66	122	91	206
V21	28	22	0	152	226	91
V22	167	113	47	394	141	170
V23	452	116	229	87	122	211
V24	988	337	115	56	104	410
V25	74	353	160	38	95	189
V26	19	105	3	318	239	146
V27	66	438	291	52	53	279
V28	45	9	9	63	711	101
V29	256	571	51	342	335	332
V30	527	279	49	18	403	308
V31	359	43	253	273	245	213
V32	121	52	103	34	132	95
V33	281	148	84	339	69	189
V34	41	290	21	199	261	167
V35	114	160	433	84	50	143
V36	42	5	148	308	15	112
V37	98	212	193	59	1114	258
V38	69	309	23	95	411	161
V39	506	13	171	47	109	177
V40	407	233	340	22	261	278
V41	17	70	20	9	38	77
V42	93	6	557	318	43	159
V43	174	219	92	462	307	234
V44	65	6	88	203	224	150
V45	170	113	191	15	80	135
V46	229	35	42	125	53	144
V47	10	50	10	216	533	118
V48	5	127	63	28	344	95
V49	286	107	141	254	412	199
V50	164	71	193	20	3	112
V51	142	220	267	321	32	148
V52	197	80	135	185	140	117
V53	471	218	210	126	21	213
V54	104	51	299	26	100	168
V55	45	214	370	211	76	206
V56	72	108	37	413	168	149
V57	327	139	139	361	295	247
V58	18	27	274	457	26	113
V59	33	140	179	24	113	107
V60	35	158	3	75	711	213
V61	5	38	500	40	256	121
V62	536	16	19	51	222	183
V63	136	294	221	109	78	229
V64	61	26	101	269	117	86
V65	4	550	86	113	32	205
V66	20	3	277	4	256	84
V67	530	491	133	192	206	359
V68	1079	182	653	15	218	445
V69	39	7	169	424	64	208
V70	300	96	156	99	181	201
V71	241	148	218	252	162	221
V72	515	143	125	115	99	247
V73	244	179	92	42	61	187
V74	239	32	131	404	133	163
V75	91	663	323	463	600	444
V76	52	304	470	23	202	177
V77	153	52	267	95	452	189
V78	12	270	316	319	2	191
V79	165	153	140	69	498	193
V80	48	32	155	1	299	104
V81	240	21	152	80	90	111
V82	79	52	440	469	125	169
V83	120	55	218	8	147	104
V84	26	36	152	228	184	105
V85	663	129	230	699	282	350
V86	425	64	221	491	526	294
V87	700	25	110	89	952	354
V88	383	369	369	350	31	317
V89	27	756	63	93	410	279
V90	1146	53	174	35	350	383
V91	646	93	282	91	296	255
V92	76	82	65	68	52	73
V93	293	266	118	242	22	253
V94	259	38	66	249	36	149
V95	437	7	301	166	79	238
V96	4	59	41	39	86	101
V97	141	151	80	14	120	108
V98	176	751	239	417	562	379
V99	164	172	78	21	102	119
V100	124	173	89	327	382	183
V101	512	8	217	76	106	187
V102	15	13	72	81	267	75
V103	81	0	56	51	52	117
V104	61	120	51	41	160	87
V105	662	49	175	195	5	256
V106	392	172	280	316	258	246
V107	305	170	327	62	168	198
V108	274	32	358	115	156	204
V109	47	8	28	59	2	65
V110	95	445	45	272	38	225
V111	105	452	308	89	425	249
V112	212	366	178	22	485	212
V113	546	53	200	179	81	219
V114	518	139	51	325	174	265
V115	432	193	196	323	66	290
V116	332	195	361	33	30	240
V117	512	79	246	168	330	291
V118	694	21	340	85	49	316
V119	1130	68	79	50	142	380
V120	313	228	105	59	188	177
V121	172	11	482	355	8	207
V122	610	17	653	861	208	419
V123	123	183	197	128	71	173
V124	14	447	5	119	144	171
V125	361	2176	378	110	252	807
V126	96	113	118	547	184	182
V127	163	24	446	90	108	143
V128	295	201	46	106	329	189
V129	286	349	195	308	53	273
V130	73	150	37	117	6	100
V131	115	38	999	232	243	242
V132	175	293	120	287	411	225
V133	154	129	128	18	381	134
V134	32	155	148	130	373	175
V135	6	193	74	367	14	128
V136	38	41	3	49	736	137
V137	79	456	11	133	286	194
V138	65	35	153	37	134	65
V139	131	145	52	84	122	96
V140	391	213	107	282	414	260
V141	153	7	198	121	364	138
V142	60	253	165	366	22	176
V143	148	107	172	21	237	138
V144	70	137	452	246	26	158
V145	268	190	378	34	882	284
V146	566	212	38	667	18	317
V147	174	266	422	158	196	251
V148	191	1186	147	8	65	410
V149	58	310	6	308	160	186
V150	182	19	385	192	203	139
V151	205	186	35	388	227	180
V152	30	109	430	63	205	118
V153	160	504	46	638	261	318
V154	40	77	257	75	436	131
V155	464	326	467	81	254	333
V156	196	67	99	266	715	206
V157	25	14	216	113	983	170
V158	86	18	43	149	50	69
V159	109	0	388	442	8	131
V160	197	392	73	189	374	236
V161	355	23	6	77	77	117
V162	153	81	118	10	24	97
V163	236	225	86	2	432	257
V164	7	182	347	337	181	262
V165	218	9	580	33	465	236
V166	119	375	49	102	11	194
V167	182	6	267	814	406	213
V168	18	99	422	407	32	158
V169	156	1	247	326	57	151
V170	255	116	480	122	9	196
V171	32	63	135	119	65	80
V172	530	279	84	524	837	342
V173	229	328	103	626	93	272
V174	43	439	302	44	228	240
V175	0	57	298	779	340	196
V176	124	241	18	73	227	132
V177	368	122	211	289	180	230
V178	150	210	18	319	383	176
V179	294	272	54	206	95	206
V180	208	47	23	191	180	170
V181	182	44	426	176	292	173
V182	9	18	52	2	252	84
V183	259	176	2	28	196	148
V184	41	41	213	452	21	126
V185	244	8	12	96	633	164
V186	143	27	157	83	367	152
V187	128	116	197	661	710	270
V188	253	1009	39	54	92	390
V189	65	252	282	14	25	139
V190	172	29	86	48	23	89
V191	213	152	233	498	386	267
V192	132	162	38	378	285	147
V193	456	37	476	1	3	228
V194	101	185	351	35	135	145
V195	254	291	319	164	11	198
V196	232	357	62	108	547	238
V197	70	50	769	250	145	192
V198	221	101	424	53	261	212
V199	87	50	127	76	49	91
V200	684	79	121	42	1	225
V201	12	420	467	480	148	269
V202	113	31	398	223	61	112
V203	149	611	113	146	13	251
V204	58	562	34	16	400	191
V205	24	629	465	232	89	265
V206	235	222	494	160	76	220
V207	173	801	94	209	85	346
V208	425	688	272	13	158	393
V209	343	293	156	109	20	230
V210	36	331	20	131	88	172
V211	40	269	57	20	152	120
V212	68	122	669	252	15	202
V213	557	72	272	78	187	243
V214	262	112	44	100	74	150
V215	62	172	138	129	240	164
V216	174	59	635	13	666	286
V217	85	69	389	77	701	192
V218	19	279	149	221	114	164
V219	137	103	523	170	1266	297
V220	46	348	282	139	39	206
V221	71	192	341	277	183	193
V222	83	48	4	86	175	107
V223	298	5	464	192	311	204
V224	43	153	86	395	394	163
V225	762	160	185	677	78	456
V226	7	0	64	393	225	79
V227	90	96	391	167	70	158
V228	100	193	370	83	330	220
V229	53	273	291	45	36	148
V230	284	71	112	556	238	214
V231	203	1691	73	52	58	484
V232	419	500	137	964	162	399
V233	104	348	187	157	102	195
V234	191	4	68	248	51	106
V235	34	68	35	775	57	206
V236	27	641	123	184	70	211
V237	315	332	22	84	421	279
V238	52	5	36	118	196	122
V239	460	31	339	790	123	315
V240	840	236	192	51	143	357
V241	118	28	116	70	423	119
V242	108	15	120	198	145	151
V243	302	13	603	61	15	179
V244	165	6	141	243	171	201
V245	147	224	1187	139	309	337
V246	124	440	235	126	93	246
V247	211	553	578	149	113	355
V248	217	89	419	40	157	179
V249	173	8	9	170	13	65
V250	42	240	46	208	204	146
V251	448	15	764	104	16	279
V252	85	198	58	29	74	115
V253	78	195	101	215	162	147
V254	321	538	630	60	29	324
V255	197	379	1	358	192	238
V256	148	91	54	163	635	250
V257	25	265	492	511	250	270
V258	26	38	143	65	3	69
V259	260	168	745	7	974	323
V260	22	189	12	254	238	123
V261	125	13	194	104	76	107
V262	343	56	123	8	43	136
V263	11	409	328	74	112	191
V264	201	77	404	217	85	177
V265	278	181	91	120	214	193
V266	185	418	39	290	151	260
V267	86	160	137	145	211	133
V268	302	140	80	325	7	196
V269	6	553	113	100	5	178
V270	213	68	1023	165	314	256
V271	99	145	67	86	108	110
V272	145	145	659	4	201	197
V273	42	46	213	377	69	144
V274	261	310	456	71	575	265
V275	125	219	132	338	40	205
V276	51	81	333	15	564	165
V277	96	82	71	744	135	166
V278	403	150	133	169	29	192
V279	342	94	67	254	265	213
V280	61	109	82	39	6	67
V281	95	69	54	38	73	106
V282	379	61	536	549	296	305
V283	23	275	158	211	32	146
V284	253	153	526	256	10	217
V285	55	76	805	24	182	173
V286	375	11	196	30	49	181
V287	0	181	31	251	435	153
V288	269	111	419	42	494	235
V289	193	71	19	324	213	159
V290	44	44	111	259	23	95
V291	458	163	244	240	48	240
V292	170	19	316	348	16	132
V293	88	326	88	100	149	187
V294	397	203	67	2	479	269
V295	176	59	54	351	403	195
V296	100	1112	653	270	23	482
V297	96	11	294	96	164	130
V298	578	353	123	161	386	335
V299	39	384	335	57	333	220
V300	355	49	253	25	269	202
V301	61	110	770	414	182	257
V302	202	240	112	159	2	168
V303	266	86	78	431	312	218
V304	29	289	174	364	288	213
V305	64	97	326	99	40	149
V306	209	59	63	1	187	133
V307	398	118	134	139	74	219
V308	74	408	94	287	37	214
V309	537	18	85	269	183	223
V310	2	444	83	25	310	234
V311	151	255	83	168	148	160
V312	367	237	255	181	72	287
V313	27	568	128	242	323	238
V314	50	288	176	571	18	302
V315	71	854	15	94	210	273
V316	838	66	82	231	35	272
V317	129	92	76	289	13	109
V318	2	121	127	124	410	130
V319	285	510	297	23	392	313
V320	884	280	99	144	261	401
V321	143	33	300	397	98	140
V322	193	234	318	65	2	158
V323	652	179	11	5	117	243
V324	5	27	87	377	545	144
V325	8	420	142	4	68	182
V326	636	14	22	412	269	310
V327	308	142	103	146	107	208
V328	38	81	692	717	7	203
V329	333	636	139	205	28	292
V330	46	192	168	255	15	149
V331	1	300	519	96	527	255
V332	121	40	94	814	1155	317
V333	227	248	89	367	103	202
V334	29	48	5	67	370	100
V335	113	7	80	72	94	67
V336	1325	5	49	11	140	384
V337	30	203	186	278	52	155
V338	461	149	65	89	182	238
V339	181	105	8	173	190	124
V340	122	1098	148	655	90	483
V341	227	376	264	153	321	269
V342	57	61	109	95	52	78
V343	32	201	265	277	59	164
V344	79	88	260	32	216	91
V345	35	80	65	131	87	99
V346	264	144	772	881	159	353
V347	42	21	33	550	189	115
V348	5	259	537	620	406	257
V349	22	205	33	411	211	140
V350	229	197	175	35	51	145
V351	208	533	68	649	260	313
V352	23	118	182	88	10	79
V353	592	221	281	80	374	315
V354	384	700	541	44	33	361
V355	192	94	252	54	172	164
V356	99	227	483	37	190	185
V357	83	208	94	31	10	110
V358	348	228	175	299	14	278
V359	302	58	298	266	139	160
V360	73	40	204	69	27	67
V361	29	16	0	524	63	106
V362	43	113	10	253	184	127
V363	8	342	179	159	193	145
V364	173	47	77	309	35	106
V365	151	184	133	471	157	200
V366	24	42	187	36	113	96
V367	72	300	108	124	92	148
V368	227	112	95	168	109	141
V369	123	98	336	30	30	110
V370	79	2	46	208	54	77
V371	55	60	275	28	29	103
V372	107	20	128	156	95	149
V373	22	101	359	28	134	135
V374	265	294	62	369	234	302
V375	90	150	239	112	208	224
V376	10	206	102	21	246	94
V377	205	571	201	529	163	309
V378	49	55	229	220	138	100
V379	200	170	7	112	515	184
V380	396	70	69	589	29	229
V381	140	676	367	443	145	332
V382	19	152	40	543	367	172
V383	65	717	247	390	693	384
V384	176	124	10	2	945	225
V385	238	220	268	138	100	233
V386	239	126	53	301	93	156
V387	16	647	153	68	127	237
V388	362	384	2	507	81	259
V389	5	191	3	110	8	55
V390	28	189	11	303	129	148
V391	312	445	131	183	273	333
V392	104	10	66	201	326	131
V393	464	555	32	529	78	370
V394	589	334	38	37	93	337
V395	219	409	211	30	285	217
V396	196	128	242	457	74	216
V397	304	492	247	90	50	251
V398	214	153	42	126	260	163
V399	2	186	67	4	24	67
V400	544	106	134	93	503	241
V401	122	253	114	289	73	148
V402	18	233	368	357	118	243
V403	148	323	74	126	258	167
V404	25	187	436	134	161	166
V405	53	13	337	202	286	160
V406	113	416	16	312	1	215
V407	106	52	365	6	7	128
V408	77	10	188	319	11	101
V409	188	320	3	66	104	182
V410	303	14	180	314	480	209
V411	68	23	291	207	17	125
V412	78	273	177	143	634	208
V413	45	5	331	894	23	178
V414	328	121	21	1033	995	402
V415	11	88	29	251	22	75
V416	259	26	28	490	125	179
V417	101	395	96	204	29	186
V418	536	486	88	10	534	406
V419	577	111	109	88	264	231
V420	81	46	45	203	54	79
V421	124	71	42	6	146	69
V422	297	124	25	4	359	192
V423	208	10	319	70	168	132
V424	134	38	56	282	2	119
V425	299	3	191	90	247	203
V426	772	83	0	0	62	241
V427	393	249	24	230	102	232
V428	545	342	52	10	749	326
V429	1	217	479	155	198	200
V430	71	268	238	95	5	135
V431	4	709	61	68	157	236
V432	323	164	221	13	12	139
V433	94	88	254	44	320	161
V434	83	110	101	86	154	109
V435	26	135	16	142	453	164
V436	233	418	24	42	367	247
V437	287	101	62	606	108	222
V438	54	294	64	236	70	184
V439	448	69	137	161	59	187
V440	443	104	278	53	73	210
V441	394	767	225	67	19	377
V442	28	85	227	151	279	102
V443	367	267	79	12	575	255
V444	63	69	236	30	1	57
V445	123	44	102	89	151	106
V446	50	404	122	333	278	220
V447	5	24	158	179	324	99
V448	142	560	186	199	0	237
V449	247	549	29	353	516	427
V450	89	329	127	43	45	143
V451	19	9	90	145	106	78
V452	71	246	208	372	785	268
V453	15	171	162	263	8	109
V454	216	340	600	13	435	278
V455	57	5	41	233	106	90
V456	280	82	489	188	7	200
V457	55	53	36	89	84	61
V458	166	1	74	100	103	71
V459	238	70	98	31	236	155
V460	113	261	283	274	182	241
V461	75	38	25	116	224	78
V462	211	112	85	244	526	210
V463	142	411	39	107	36	172
V464	386	5	246	100	158	185
V465	121	33	97	46	18	69
V466	66	78	414	295	212	162
V467	178	37	501	53	338	225
V468	198	15	232	113	569	176
V469	71	23	283	141	100	100
V470	355	588	345	17	241	344
V471	412	69	52	207	209	227
V472	92	30	50	63	94	78
V473	10	144	213	18	243	85
V474	468	47	858	705	250	376
V475	74	131	7	332	320	221
V476	176	462	387	73	99	243
V477	79	693	137	573	107	310
V478	217	226	74	68	216	159
V479	11	1	50	12	97	27
V480	72	442	49	51	136	232
V481	50	180	15	52	273	129
V482	1074	175	49	213	64	398
V483	0	329	129	9	7	120
V484	133	158	37	108	8	118
V485	172	153	38	595	177	209
V486	84	8	634	284	332	189
V487	491	47	303	497	198	269
V488	277	365	293	60	337	267
V489	180	187	153	4	414	176
V490	364	206	55	106	183	209
V491	51	114	171	7	72	97
V492	81	10	48	86	115	61
V493	21	52	347	15	48	84
V494	74	115	131	103	22	93
V495	34	352	340	36	151	171
V496	389	86	459	118	79	231
V497	265	252	189	17	184	249
V498	116	319	347	265	59	220
V499	60	112	122	225	100	179
V500	165	182	210	44	13	190
