Source001	Source002	Source003	Source004	Source005	Sink
V1	60	457	80	5	71	120
V2	28	54	129	84	90	84
V3	681	230	188	81	173	244
V4	159	59	253	77	145	156
V5	20	179	29	336	131	173
V6	17	451	415	559	397	380
V7	53	66	52	167	320	171
V8	532	50	296	219	140	272
V9	88	43	465	319	52	165
V10	190	22	481	207	390	250
V11	226	155	295	543	482	364
V12	131	9	362	8	31	74
V13	110	381	128	140	116	197
V14	31	267	0	180	27	154
V15	33	115	30	323	171	110
V16	224	74	113	28	188	128
V17	416	459	155	498	1029	544
V18	30	705	46	17	196	197
V19	8	88	19	9	386	140
V20	171	63	971	264	182	283
V21	509	53	136	33	61	196
V22	311	33	103	114	2	92
V23	21	390	186	258	12	171
V24	779	232	234	187	192	348
V25	110	123	34	8	3	37
V26	263	219	291	354	157	230
V27	6	71	179	344	295	197
V28	189	159	48	35	420	217
V29	236	328	50	131	166	172
V30	38	413	9	420	147	223
V31	219	313	9	18	42	87
V32	182	56	164	431	292	251
V33	121	69	398	482	55	181
V34	216	64	187	520	402	272
V35	424	175	226	0	477	337
V36	338	560	424	292	72	340
V37	113	287	163	323	304	230
V38	30	424	345	201	444	379
V39	92	9	261	36	638	233
V40	74	272	71	126	822	331
V41	332	13	424	401	67	245
V42	180	252	100	171	81	182
V43	243	38	303	64	139	143
V44	80	274	223	243	184	192
V45	427	119	434	337	141	258
V46	145	150	17	652	278	291
V47	11	393	9	78	225	188
V48	564	102	197	85	47	197
V49	324	49	82	2	266	152
V50	314	235	508	351	230	268
V51	803	17	88	249	1093	543
V52	549	196	239	29	48	170
V53	244	200	280	232	242	300
V54	46	70	409	76	151	180
V55	276	25	230	0	227	148
V56	262	30	670	535	284	305
V57	187	237	671	916	58	307
V58	40	136	433	160	296	188
V59	248	283	158	880	381	373
V60	254	56	191	929	139	281
V61	331	57	439	155	29	186
V62	381	12	21	235	358	245
V63	765	85	123	17	95	194
V64	15	717	6	15	58	187
V65	4	121	165	926	7	240
V66	42	432	205	347	170	227
V67	96	470	25	12	127	219
V68	90	70	11	27	678	261
V69	519	86	95	14	71	170
V70	298	207	208	6	156	162
V71	277	17	197	132	63	134
V72	509	10	103	188	18	208
V73	167	62	115	16	17	62
V74	76	144	355	163	39	127
V75	280	829	30	373	56	292
V76	27	41	28	118	162	96
V77	52	282	398	162	317	248
V78	320	268	47	197	415	241
V79	137	232	5	4	166	104
V80	281	127	171	2	135	218
V81	106	90	75	130	396	235
V82	212	118	179	66	170	143
V83	76	353	113	74	301	162
V84	176	276	60	143	213	193
V85	62	397	83	458	30	266
V86	54	111	65	225	160	150
V87	258	474	646	138	3	237
V88	51	118	12	71	984	330
V89	18	193	47	565	50	140
V90	99	23	196	564	477	294
V91	186	236	121	70	143	150
V92	60	23	90	331	573	270
V93	58	12	246	110	290	152
V94	94	220	222	615	1019	514
V95	89	229	137	75	66	113
V96	324	71	25	51	404	209
V97	114	291	139	77	147	141
V98	213	285	309	422	57	195
V99	234	54	91	450	85	227
V100	63	96	309	125	290	178
V101	67	176	182	293	57	120
V102	28	33	220	739	19	189
V103	74	47	71	60	3	43
V104	329	41	264	85	144	158
V105	293	237	273	387	465	349
V106	131	118	53	124	173	134
V107	733	65	3	11	854	543
V108	108	37	324	314	610	324
V109	109	4	88	246	95	102
V110	32	133	268	546	54	252
V111	93	5	271	429	23	115
V112	2	47	144	45	312	157
V113	185	604	162	177	116	207
V114	18	74	98	77	54	118
V115	4	112	450	247	85	163
V116	114	127	140	40	72	112
V117	2	133	550	49	52	140
V118	232	33	473	397	817	491
V119	340	24	392	250	338	294
V120	270	18	17	265	552	245
V121	151	2	371	8	35	101
V122	328	67	48	133	155	166
V123	94	102	5	5	93	94
V124	182	102	94	2	67	77
V125	466	443	126	9	580	354
V126	132	98	44	273	514	296
V127	154	25	324	326	193	196
V128	2	96	35	557	552	270
V129	235	212	73	181	3	124
V130	5	93	984	387	29	223
V131	93	20	358	15	217	161
V132	98	17	157	209	157	151
V133	129	282	3	387	224	179
V134	96	136	270	42	82	179
V135	316	551	189	57	281	297
V136	783	200	540	68	306	333
V137	22	127	459	223	5	130
V138	503	506	157	71	258	266
V139	89	86	128	25	747	240
V140	392	325	109	2	41	143
V141	82	322	734	194	51	239
V142	509	121	94	32	171	177
V143	133	7	571	88	788	306
V144	281	817	240	75	20	257
V145	118	82	530	86	261	214
V146	16	41	171	719	189	219
V147	31	155	203	328	186	167
V148	500	73	140	0	189	215
V149	161	140	54	664	223	286
V150	35	27	132	86	51	55
V151	37	81	49	2	90	59
V152	257	604	7	277	43	175
V153	159	77	137	19	73	89
V154	104	69	135	29	812	314
V155	92	392	309	0	50	142
V156	101	107	69	350	324	195
V157	87	58	96	297	59	182
V158	80	95	139	56	182	129
V159	196	149	23	114	28	101
V160	1	16	84	381	223	170
V161	47	103	102	141	183	175
V162	122	8	54	62	396	145
V163	45	238	60	484	0	154
V164	44	469	41	338	65	234
V165	128	161	46	542	16	198
V166	220	316	10	376	69	190
V167	270	282	488	354	270	295
V168	216	42	24	189	202	142
V169	295	328	58	11	12	115
V170	89	240	95	186	638	315
V171	44	162	653	48	321	236
V172	117	100	151	399	60	153
V173	156	28	246	160	82	110
V174	324	78	548	11	116	221
V175	2	65	80	432	431	231
V176	344	61	62	492	185	217
V177	3	37	11	87	204	93
V178	240	22	422	4	128	136
V179	531	30	587	107	21	194
V180	575	93	336	471	104	285
V181	39	87	521	563	74	242
V182	22	73	255	298	0	106
V183	45	2	279	245	232	164
V184	63	96	119	110	153	108
V185	257	292	37	274	137	177
V186	213	67	163	299	34	135
V187	265	287	137	163	11	143
V188	21	29	146	497	187	159
V189	11	158	115	25	19	54
V190	216	208	208	5	199	169
V191	197	42	79	131	210	173
V192	249	69	295	96	6	118
V193	181	52	197	20	82	102
V194	75	112	192	219	178	152
V195	63	98	139	108	203	127
V196	294	545	300	465	29	270
V197	50	76	140	202	288	295
V198	22	381	48	108	120	141
V199	987	287	211	236	19	286
V200	18	214	131	161	41	92
V201	61	6	4	269	14	62
V202	238	50	192	48	11	94
V203	160	154	413	70	158	193
V204	674	8	386	207	351	298
V205	97	24	198	131	154	146
V206	117	390	128	33	55	135
V207	435	233	43	110	152	191
V208	766	96	241	241	152	265
V209	433	970	209	45	66	298
V210	208	57	28	954	240	260
V211	109	297	1	335	23	230
V212	345	709	71	50	76	231
V213	145	112	50	4	314	122
V214	303	141	98	193	91	151
V215	364	426	51	414	369	387
V216	206	160	210	210	376	247
V217	51	121	47	359	135	131
V218	403	297	231	123	213	244
V219	154	13	76	98	34	72
V220	125	428	15	314	207	221
V221	129	65	19	98	676	271
V222	201	16	753	251	156	237
V223	34	388	140	215	186	190
V224	143	372	218	1	92	201
V225	35	47	221	92	142	102
V226	118	212	264	124	422	260
V227	174	926	156	424	285	382
V228	278	139	667	150	83	210
V229	446	375	108	409	80	256
V230	12	16	302	273	274	166
V231	190	85	416	493	573	342
V232	993	36	89	77	32	281
V233	307	5	35	477	144	174
V234	294	69	96	181	327	189
V235	65	373	204	953	18	211
V236	28	28	182	4	150	109
V237	270	275	184	17	86	154
V238	360	335	268	30	59	215
V239	14	16	147	68	396	193
V240	49	208	219	103	109	143
V241	98	42	305	278	138	168
V242	225	300	389	568	306	351
V243	36	379	94	683	19	184
V244	178	56	4	2	68	78
V245	187	118	162	228	33	108
V246	13	266	82	117	23	83
V247	558	676	531	4	175	336
V248	429	927	118	117	123	290
V249	219	63	34	38	104	108
V250	146	56	331	288	372	237
V251	1060	123	609	484	102	401
V252	188	783	455	253	95	347
V253	714	48	259	15	317	284
V254	109	179	189	161	32	128
V255	35	114	79	21	111	100
V256	57	195	58	74	72	88
V257	641	107	136	286	137	216
V258	101	59	18	85	266	128
V259	808	20	230	440	38	239
V260	349	132	141	165	1382	595
V261	70	7	234	201	146	127
V262	136	721	156	26	127	224
V263	121	242	534	214	199	251
V264	43	488	238	313	59	208
V265	4	470	30	436	215	224
V266	12	81	715	208	247	219
V267	350	299	93	54	219	205
V268	141	415	219	15	146	206
V269	164	193	17	55	36	74
V270	91	300	553	42	137	191
V271	74	253	140	26	627	295
V272	155	693	9	566	347	306
V273	742	92	114	195	370	340
V274	256	25	65	79	174	131
V275	26	351	336	4	77	137
V276	104	151	56	473	500	264
V277	33	362	87	927	260	286
V278	95	72	165	18	520	225
V279	78	223	114	228	20	117
V280	1282	184	40	74	368	374
V281	194	110	31	167	38	98
V282	137	396	408	315	47	212
V283	24	20	74	13	70	44
V284	190	80	527	2	66	152
V285	22	41	28	447	85	150
V286	310	192	31	178	3	138
V287	303	131	127	35	0	103
V288	173	130	96	376	140	151
V289	687	114	177	88	259	270
V290	93	64	249	7	145	136
V291	38	200	47	290	101	125
V292	142	106	204	115	122	144
V293	86	5	177	772	381	291
V294	766	4	23	94	351	294
V295	68	61	6	82	137	88
V296	50	139	98	189	164	129
V297	13	329	71	257	319	208
V298	91	5	245	146	0	64
V299	223	348	107	348	741	376
V300	59	306	1419	346	190	332
V301	97	308	419	195	76	165
V302	23	207	8	156	67	76
V303	2	30	238	209	125	104
V304	174	1032	479	333	17	313
V305	536	368	116	214	20	247
V306	124	421	593	17	82	201
V307	141	134	267	54	55	132
V308	112	201	97	83	430	235
V309	21	14	160	34	255	152
V310	65	13	1	141	228	114
V311	78	163	60	95	50	96
V312	413	42	307	328	23	182
V313	481	148	127	23	226	190
V314	571	128	28	43	414	305
V315	342	229	72	165	469	317
V316	105	266	81	10	25	133
V317	111	46	543	41	335	217
V318	49	47	236	411	18	119
V319	43	40	167	210	89	108
V320	594	22	5	87	395	239
V321	840	181	141	29	531	383
V322	244	60	141	99	269	183
V323	38	29	833	7	126	210
V324	36	9	199	48	320	116
V325	204	232	32	52	273	187
V326	148	220	6	230	110	151
V327	71	9	113	182	66	69
V328	604	48	410	138	2	188
V329	68	382	419	200	421	312
V330	13	863	502	3	42	259
V331	32	567	227	144	323	249
V332	122	111	14	886	62	232
V333	7	23	170	0	562	206
V334	513	137	85	30	569	262
V335	72	120	609	32	39	130
V336	207	205	377	18	119	141
V337	24	62	131	220	424	217
V338	102	242	101	619	511	308
V339	92	77	83	230	10	72
V340	80	21	343	151	288	194
V341	182	217	99	248	332	231
V342	136	397	27	302	16	148
V343	450	507	103	126	80	240
V344	8	206	415	1	62	125
V345	399	13	32	71	120	119
V346	816	28	24	158	118	230
V347	3	20	362	488	418	283
V348	160	329	222	154	563	325
V349	60	873	233	122	120	266
V350	116	2	44	369	14	92
V351	140	357	370	415	79	225
V352	333	308	524	366	141	299
V353	79	356	34	220	91	119
V354	51	144	1134	351	677	486
V355	680	415	73	126	433	353
V356	27	28	21	6	26	35
V357	85	100	71	456	191	184
V358	93	441	172	579	193	254
V359	35	124	32	353	133	162
V360	37	113	301	326	523	284
V361	198	377	3	25	111	153
V362	16	386	217	149	14	113
V363	171	34	215	75	99	115
V364	331	71	544	16	474	264
V365	955	229	107	101	144	249
V366	214	275	1309	98	169	293
V367	269	521	83	35	120	173
V368	189	133	153	112	13	110
V369	337	134	49	31	376	176
V370	218	69	236	90	131	130
V371	253	168	189	140	21	152
V372	37	36	58	482	373	205
V373	42	4	170	198	404	190
V374	553	223	269	466	23	244
V375	78	795	22	95	724	412
V376	23	519	224	110	14	164
V377	51	247	132	204	0	105
V378	13	314	49	9	17	92
V379	111	173	543	69	31	165
V380	44	149	8	66	327	135
V381	5	38	23	49	72	57
V382	151	218	108	61	330	210
V383	33	76	31	225	9	115
V384	162	213	400	56	78	159
V385	76	30	162	174	71	141
V386	302	264	21	441	21	189
V387	100	393	150	80	27	142
V388	369	49	833	267	80	258
V389	973	132	0	534	134	309
V390	264	698	456	457	109	399
V391	162	34	51	27	225	191
V392	113	378	315	864	27	311
V393	52	92	91	13	231	129
V394	73	182	86	70	156	128
V395	57	58	101	318	259	196
V396	748	29	177	283	250	288
V397	168	282	50	330	205	214
V398	118	51	11	37	59	58
V399	118	205	28	124	67	110
V400	108	333	217	16	599	307
V401	226	181	43	338	634	314
V402	66	164	173	28	55	92
V403	83	310	104	87	97	148
V404	250	117	114	206	99	121
V405	152	440	125	119	55	148
V406	200	3	180	84	81	110
V407	103	335	6	10	151	177
V408	322	185	309	391	373	335
V409	156	40	56	22	249	130
V410	2	80	52	230	48	76
V411	386	438	12	71	2	159
V412	130	88	92	48	220	173
V413	364	124	424	587	290	302
V414	202	180	141	330	329	252
V415	253	98	49	36	92	96
V416	12	213	157	311	17	135
V417	398	428	8	33	52	151
V418	235	44	144	48	161	117
V419	154	220	159	114	156	163
V420	89	43	330	56	50	95
V421	148	223	214	399	454	297
V422	301	76	142	46	191	155
V423	269	75	694	226	28	185
V424	26	147	170	434	405	274
V425	316	1034	187	518	211	393
V426	111	266	130	164	357	199
V427	22	324	53	50	175	113
V428	333	824	124	134	181	286
V429	171	322	115	197	288	237
V430	32	333	570	44	1	166
V431	326	31	35	41	150	224
V432	152	133	97	200	277	191
V433	62	478	462	215	29	247
V434	13	115	512	80	191	170
V435	125	25	23	14	322	193
V436	1	123	62	8	2	56
V437	141	1	41	44	501	210
V438	124	230	101	121	12	90
V439	463	2	107	102	278	199
V440	145	451	106	40	79	136
V441	21	28	145	63	203	111
V442	120	195	20	248	191	139
V443	366	414	27	221	42	199
V444	296	352	414	38	338	292
V445	386	418	44	484	170	283
V446	147	306	63	134	29	124
V447	162	161	29	86	253	207
V448	69	18	25	734	87	175
V449	101	35	199	327	117	140
V450	73	540	186	257	826	432
V451	138	109	399	48	311	198
V452	32	81	232	143	238	175
V453	84	365	319	104	10	129
V454	234	225	21	177	298	232
V455	80	129	182	45	93	144
V456	118	98	36	131	328	156
V457	216	434	110	167	179	194
V458	729	154	216	245	38	232
V459	294	129	346	7	132	162
V460	14	5	23	537	64	116
V461	60	240	23	6	144	113
V462	689	48	48	127	14	159
V463	141	25	745	217	136	177
V464	193	197	19	180	163	162
V465	65	379	3	33	99	124
V466	228	385	228	431	138	221
V467	375	136	271	171	182	202
V468	494	36	418	129	57	182
V469	377	40	70	441	33	171
V470	48	209	34	252	378	221
V471	2	54	6	75	185	74
V472	119	3	355	40	8	121
V473	32	5	416	265	5	95
V474	281	10	31	6	66	82
V475	20	265	163	237	223	185
V476	169	122	441	63	376	237
V477	114	355	745	9	25	179
V478	47	0	179	239	526	251
V479	205	29	281	1	102	132
V480	185	2	245	82	234	139
V481	42	251	380	7	275	186
V482	55	282	316	204	179	241
V483	677	79	172	290	52	232
V484	569	75	2	205	730	388
V485	90	11	256	238	126	140
V486	40	123	241	242	135	129
V487	170	896	404	103	199	293
V488	307	150	7	28	52	97
V489	454	121	1	20	27	133
V490	57	64	18	175	249	135
V491	117	706	214	89	240	271
V492	205	1072	19	328	39	279
V493	222	380	807	172	252	398
V494	217	289	345	157	275	246
V495	365	720	366	36	195	296
V496	420	665	209	103	96	253
V497	160	65	195	456	192	207
V498	55	435	201	96	195	194
V499	125	267	156	242	331	213
V500	10	633	50	46	125	180
