Source001	Source002	Source003	Source004	Source005	Sink
V1	143	293	359	137	86	213
V2	88	48	99	170	56	142
V3	34	228	56	373	68	156
V4	20	25	296	212	174	166
V5	24	315	90	395	7	159
V6	74	368	67	101	301	143
V7	334	299	57	264	31	254
V8	385	361	9	18	8	157
V9	247	113	88	273	317	204
V10	190	55	261	14	257	132
V11	289	154	29	37	205	130
V12	960	138	13	79	86	327
V13	17	2	130	407	228	189
V14	161	19	1	2	23	82
V15	102	6	28	280	737	249
V16	82	128	18	1	117	85
V17	330	558	349	77	188	286
V18	36	275	135	71	0	97
V19	24	52	374	455	30	202
V20	56	73	257	305	181	169
V21	164	257	10	798	173	309
V22	604	115	47	47	51	191
V23	62	94	20	327	63	177
V24	836	99	26	94	125	303
V25	395	66	162	99	615	235
V26	68	57	257	391	134	227
V27	6	63	259	288	22	148
V28	454	88	341	477	164	302
V29	410	36	131	167	3	192
V30	54	1033	56	301	318	257
V31	190	120	84	640	206	266
V32	504	121	38	187	36	169
V33	72	209	237	307	23	197
V34	265	48	57	127	163	128
V35	113	133	211	53	186	118
V36	780	195	103	223	97	333
V37	103	902	277	137	165	244
V38	455	27	130	319	198	274
V39	165	353	256	82	374	199
V40	576	70	68	544	376	368
V41	75	276	90	90	275	129
V42	353	229	89	49	213	172
V43	519	74	182	103	80	227
V44	109	123	495	17	157	170
V45	151	190	285	111	101	179
V46	251	343	119	256	228	236
V47	490	127	259	34	434	302
V48	302	53	29	1	79	132
V49	36	451	411	347	288	220
V50	513	67	263	83	64	211
V51	163	116	82	268	371	188
V52	271	132	285	7	531	202
V53	11	532	747	39	23	179
V54	90	72	416	159	38	159
V55	236	174	330	65	95	154
V56	405	766	39	173	82	247
V57	654	430	38	120	221	287
V58	498	50	154	176	37	226
V59	72	40	111	262	79	160
V60	36	74	153	20	152	106
V61	72	257	129	330	109	212
V62	97	152	237	83	37	111
V63	152	363	28	10	232	152
V64	372	32	65	96	35	155
V65	97	48	209	252	462	189
V66	164	178	624	146	86	225
V67	16	391	90	405	184	281
V68	49	229	228	413	82	200
V69	14	83	97	138	1	96
V70	230	43	17	228	38	140
V71	143	48	511	78	974	318
V72	67	135	22	91	206	94
V73	261	62	89	490	49	229
V74	170	443	17	461	8	244
V75	211	542	21	156	144	217
V76	149	24	32	32	117	78
V77	447	137	1	144	52	181
V78	407	98	203	166	38	195
V79	550	0	196	335	338	375
V80	435	67	92	1106	59	422
V81	166	482	18	22	193	123
V82	240	833	94	62	21	184
V83	97	174	131	50	194	120
V84	60	182	603	260	175	205
V85	199	49	314	101	301	194
V86	458	445	31	139	45	210
V87	75	91	126	438	377	257
V88	336	275	135	206	149	236
V89	40	150	437	28	498	198
V90	43	155	116	200	214	146
V91	37	97	45	324	150	159
V92	216	266	145	51	345	165
V93	119	67	4	157	87	94
V94	149	150	139	185	519	216
V95	72	440	241	79	81	124
V96	642	6	165	84	246	234
V97	119	282	108	136	61	99
V98	228	71	149	79	0	118
V99	129	139	223	46	344	159
V100	112	26	487	83	469	173
V101	10	198	813	103	30	241
V102	149	250	28	91	15	78
V103	18	149	8	76	66	63
V104	235	118	41	54	943	211
V105	18	224	66	71	145	105
V106	102	12	121	30	90	103
V107	39	621	126	59	192	174
V108	260	140	486	150	146	284
V109	88	87	418	7	263	145
V110	149	298	87	280	69	174
V111	150	48	391	351	74	210
V112	140	171	101	240	515	219
V113	41	67	379	149	86	137
V114	65	297	264	373	91	199
V115	206	228	638	161	37	355
V116	202	1015	266	509	151	367
V117	226	522	18	590	86	284
V118	33	222	226	542	4	249
V119	123	177	16	69	154	112
V120	184	504	281	32	8	197
V121	572	12	36	153	164	211
V122	88	0	258	205	219	169
V123	5	342	57	2	31	76
V124	131	451	111	288	92	195
V125	1024	33	94	402	43	420
V126	56	75	19	408	38	142
V127	38	171	72	13	259	77
V128	78	59	0	866	5	287
V129	92	50	107	220	337	209
V130	125	5	220	392	335	203
V131	27	154	125	258	8	118
V132	123	130	269	18	79	157
V133	432	688	227	219	21	346
V134	152	86	882	48	208	220
V135	218	96	359	96	158	184
V136	374	224	209	31	95	201
V137	126	288	1502	230	427	474
V138	434	14	47	319	231	252
V139	291	215	19	234	237	214
V140	139	331	200	121	85	202
V141	238	213	39	101	521	192
V142	158	456	522	638	423	415
V143	234	26	43	200	7	169
V144	22	108	66	128	287	102
V145	174	93	3	87	259	132
V146	28	42	46	99	581	157
V147	301	1003	27	421	122	350
V148	192	71	194	194	83	193
V149	22	268	92	222	154	139
V150	331	128	43	160	138	212
V151	269	170	169	360	120	227
V152	221	443	148	359	300	296
V153	136	15	88	170	566	192
V154	28	586	923	300	76	355
V155	48	127	148	114	152	115
V156	316	1	158	0	297	160
V157	115	51	261	476	257	244
V158	384	387	95	69	455	243
V159	54	25	28	750	617	319
V160	88	456	248	74	146	157
V161	380	332	333	572	100	353
V162	8	104	62	298	206	158
V163	65	39	336	452	237	231
V164	98	46	45	84	186	69
V165	41	69	64	299	54	124
V166	241	153	338	2	329	235
V167	106	996	218	126	83	212
V168	416	205	215	351	11	236
V169	84	73	307	226	89	202
V170	190	566	95	539	540	321
V171	132	42	198	63	344	159
V172	279	36	99	70	149	139
V173	66	161	259	607	126	276
V174	183	158	40	332	69	144
V175	16	196	37	33	106	63
V176	20	76	4	105	92	43
V177	82	299	4	70	369	169
V178	24	13	2	132	303	81
V179	104	93	59	112	426	112
V180	301	99	462	1	5	189
V181	89	92	508	4	282	186
V182	264	1218	137	33	411	298
V183	107	257	123	303	117	168
V184	59	239	699	232	51	200
V185	397	249	223	105	190	237
V186	292	172	47	17	320	195
V187	282	8	129	42	85	132
V188	286	10	30	114	260	140
V189	275	403	23	147	38	163
V190	114	37	101	65	66	125
V191	4	16	134	175	35	96
V192	42	414	386	135	23	188
V193	30	342	182	474	353	247
V194	88	265	627	2	50	157
V195	341	193	76	348	139	209
V196	4	49	443	36	23	130
V197	38	155	100	244	619	178
V198	170	155	120	154	31	144
V199	79	20	207	103	123	120
V200	292	70	68	157	256	216
V201	84	199	207	220	154	160
V202	337	373	18	67	8	188
V203	32	254	60	150	468	151
V204	57	27	219	56	1	105
V205	265	30	61	39	46	141
V206	74	62	255	202	27	133
V207	56	247	117	549	845	348
V208	240	283	908	102	700	420
V209	15	162	116	310	65	176
V210	69	26	212	609	19	221
V211	880	488	59	253	151	339
V212	348	286	0	126	223	295
V213	417	95	507	18	26	203
V214	94	476	72	87	614	224
V215	65	430	90	96	165	146
V216	83	410	402	27	216	168
V217	232	207	584	175	33	236
V218	423	111	364	237	454	270
V219	175	160	253	177	114	165
V220	20	82	35	354	135	134
V221	19	33	345	518	57	194
V222	520	72	100	266	378	245
V223	508	309	191	123	294	240
V224	345	503	272	82	147	261
V225	72	129	207	148	189	140
V226	175	145	332	138	219	181
V227	254	257	4	16	10	96
V228	105	130	115	202	9	101
V229	102	253	185	18	470	165
V230	148	597	362	125	233	232
V231	303	138	116	291	384	346
V232	219	433	126	513	50	300
V233	141	172	105	61	101	163
V234	35	37	123	73	125	59
V235	152	141	116	386	63	207
V236	637	289	578	83	266	353
V237	511	107	127	95	174	249
V238	193	72	99	32	44	104
V239	99	63	669	475	2	312
V240	458	40	184	149	17	192
V241	102	25	708	135	13	162
V242	73	34	14	79	277	76
V243	36	16	195	105	32	111
V244	35	20	24	38	237	61
V245	11	65	118	90	242	71
V246	329	620	339	2	88	263
V247	123	239	396	272	80	222
V248	25	34	71	61	534	130
V249	182	283	175	9	61	150
V250	39	41	206	181	70	129
V251	652	420	120	87	249	320
V252	290	107	143	136	130	166
V253	392	33	120	100	238	178
V254	222	242	245	75	33	146
V255	380	216	101	928	99	403
V256	109	256	413	172	36	184
V257	214	28	126	308	280	201
V258	185	26	27	148	9	111
V259	256	128	99	5	188	113
V260	75	132	58	4	394	114
V261	460	333	48	215	76	225
V262	31	407	178	104	355	162
V263	26	3	152	136	739	143
V264	71	259	12	144	92	102
V265	348	99	105	28	173	147
V266	84	18	98	171	96	175
V267	337	77	320	132	25	211
V268	15	633	91	57	219	151
V269	106	36	549	49	67	157
V270	66	137	269	34	222	140
V271	179	9	536	16	16	132
V272	54	36	119	2	147	90
V273	4	324	631	60	144	202
V274	103	321	8	122	35	100
V275	389	22	68	17	567	192
V276	1240	173	292	183	106	429
V277	9	473	24	376	62	197
V278	172	222	230	276	160	219
V279	297	555	63	25	563	246
V280	58	58	202	203	45	117
V281	46	29	305	48	14	96
V282	46	805	124	1868	4	568
V283	153	172	48	160	7	146
V284	58	91	154	328	9	153
V285	42	135	144	449	107	157
V286	93	641	307	47	216	187
V287	160	39	306	357	8	209
V288	41	726	111	230	141	208
V289	1030	8	710	231	59	480
V290	12	155	137	239	629	200
V291	115	106	4	30	402	101
V292	90	80	12	73	251	87
V293	164	88	124	59	459	153
V294	151	348	63	9	184	118
V295	130	141	207	43	284	129
V296	65	135	173	54	498	168
V297	42	82	13	24	383	69
V298	333	798	129	146	277	285
V299	62	201	86	10	119	84
V300	5	91	267	186	390	159
V301	40	605	535	47	968	315
V302	8	153	216	55	153	101
V303	282	104	105	7	179	172
V304	86	36	432	339	27	233
V305	365	24	362	77	109	192
V306	634	207	69	507	116	351
V307	85	401	560	78	46	186
V308	167	35	337	186	91	170
V309	202	9	113	20	396	124
V310	241	60	130	309	162	215
V311	297	73	472	37	0	281
V312	39	82	46	289	333	154
V313	352	20	40	476	208	237
V314	212	320	389	328	154	257
V315	296	162	409	57	543	296
V316	564	74	240	148	311	273
V317	143	23	174	259	348	230
V318	77	187	99	32	155	91
V319	259	15	312	210	2	220
V320	47	664	177	86	817	266
V321	278	72	544	32	161	209
V322	179	92	10	166	57	107
V323	78	38	164	101	89	81
V324	72	8	136	145	220	128
V325	256	19	38	13	1190	216
V326	27	121	342	299	82	156
V327	17	265	44	226	145	141
V328	213	402	1	190	130	218
V329	19	190	238	293	271	188
V330	100	717	391	6	481	263
V331	186	14	61	28	171	98
V332	74	144	326	176	184	200
V333	234	271	190	328	148	236
V334	78	190	441	37	153	136
V335	367	371	89	329	176	254
V336	276	168	18	26	129	107
V337	66	230	45	144	81	106
V338	253	14	384	86	39	169
V339	110	41	199	1	300	108
V340	364	101	82	201	2	203
V341	200	222	580	205	156	263
V342	85	514	49	44	203	133
V343	124	264	134	219	266	190
V344	477	145	5	820	83	362
V345	302	30	11	10	646	195
V346	29	95	345	11	234	126
V347	48	176	240	75	156	141
V348	29	95	338	558	204	262
V349	499	304	222	98	154	266
V350	804	126	833	197	146	417
V351	134	76	384	8	298	146
V352	341	48	150	182	71	196
V353	157	293	21	84	156	108
V354	377	613	317	84	36	257
V355	167	45	53	192	102	242
V356	178	549	17	94	74	136
V357	86	353	60	354	337	217
V358	22	235	70	512	85	179
V359	137	268	210	120	612	298
V360	272	131	190	250	65	202
V361	42	182	59	76	281	181
V362	470	172	360	35	70	236
V363	200	373	44	84	277	197
V364	37	9	192	177	65	136
V365	223	68	956	143	11	282
V366	362	110	43	186	291	193
V367	87	18	115	408	195	185
V368	632	256	321	138	540	344
V369	508	46	62	182	180	226
V370	123	47	408	440	22	274
V371	169	140	292	523	200	267
V372	261	129	49	86	97	108
V373	436	63	23	51	486	201
V374	60	115	80	609	137	279
V375	117	186	37	139	117	184
V376	155	98	290	277	509	227
V377	7	339	225	420	23	203
V378	130	419	52	224	0	142
V379	26	61	106	404	218	175
V380	740	11	93	256	116	269
V381	148	281	77	28	398	157
V382	98	92	179	44	265	136
V383	315	6	280	128	117	219
V384	628	42	80	26	3	174
V385	245	73	284	21	117	132
V386	23	157	3	292	269	129
V387	44	157	450	199	545	245
V388	198	42	167	99	357	148
V389	357	686	602	240	122	361
V390	196	213	76	163	382	170
V391	45	26	65	8	10	51
V392	73	300	108	67	36	126
V393	228	138	54	86	355	196
V394	271	224	769	133	344	331
V395	72	3	218	535	83	220
V396	74	6	414	337	74	190
V397	299	64	143	209	528	298
V398	100	166	9	11	214	143
V399	34	570	405	564	378	337
V400	450	49	129	189	70	217
V401	25	79	132	286	478	225
V402	88	160	137	102	257	111
V403	71	19	43	4	579	109
V404	241	165	108	50	105	181
V405	71	377	74	164	115	153
V406	172	216	6	371	11	179
V407	150	967	165	1512	3	553
V408	11	56	156	82	4	116
V409	27	132	123	0	777	172
V410	126	283	92	362	133	202
V411	51	159	6	20	11	57
V412	248	80	349	521	16	290
V413	21	87	173	184	78	120
V414	10	309	73	10	261	96
V415	254	106	18	416	22	249
V416	19	60	84	123	55	65
V417	317	315	10	301	22	200
V418	225	107	92	85	101	140
V419	173	228	107	283	246	197
V420	74	160	167	8	560	153
V421	102	103	276	134	411	192
V422	420	63	1017	134	228	351
V423	117	129	159	81	170	131
V424	6	206	540	128	160	183
V425	16	211	182	234	45	195
V426	190	417	325	12	42	209
V427	115	93	358	150	37	151
V428	341	61	33	258	101	204
V429	234	285	194	129	263	182
V430	250	537	6	115	20	164
V431	74	268	442	0	291	186
V432	67	236	60	75	82	92
V433	46	276	187	189	157	146
V434	112	521	13	90	1131	245
V435	242	348	410	410	135	280
V436	227	498	279	328	124	271
V437	240	32	109	163	348	220
V438	36	380	45	47	100	119
V439	27	269	488	63	964	265
V440	70	109	197	216	98	145
V441	1112	448	58	116	151	379
V442	24	35	297	527	164	186
V443	108	605	42	40	84	116
V444	67	203	90	75	196	119
V445	78	392	479	930	268	451
V446	164	285	362	353	162	221
V447	71	32	478	231	9	246
V448	44	71	49	423	77	176
V449	686	186	0	16	380	241
V450	120	29	76	150	16	86
V451	91	65	520	442	21	224
V452	204	231	108	15	292	164
V453	1	81	317	122	306	133
V454	9	12	90	180	294	123
V455	392	476	67	303	419	276
V456	104	158	137	386	110	182
V457	367	432	3	188	83	219
V458	169	100	377	269	526	270
V459	25	59	86	165	122	75
V460	405	417	9	6	454	223
V461	71	294	105	210	171	241
V462	525	98	373	609	74	392
V463	55	45	427	81	337	166
V464	347	252	398	34	2	216
V465	264	175	167	611	742	420
V466	402	74	98	336	208	232
V467	279	19	444	83	224	216
V468	613	75	99	64	196	219
V469	749	65	116	43	320	270
V470	282	75	445	338	51	273
V471	142	47	245	53	64	130
V472	399	81	240	173	164	214
V473	252	153	134	386	1461	376
V474	174	72	285	466	112	242
V475	98	0	227	569	74	214
V476	36	428	421	112	83	195
V477	160	197	2	286	36	183
V478	498	206	524	126	19	341
V479	35	71	338	220	435	195
V480	7	122	18	232	2	71
V481	255	163	31	510	121	217
V482	93	153	1	648	195	239
V483	17	99	370	360	29	209
V484	679	35	122	47	135	227
V485	317	436	451	41	20	249
V486	84	28	456	262	303	232
V487	73	388	15	279	72	147
V488	456	539	163	257	343	352
V489	51	125	702	806	499	404
V490	1066	205	69	6	406	371
V491	10	167	265	268	77	166
V492	19	166	567	445	43	249
V493	19	33	164	254	61	112
V494	82	329	18	301	378	224
V495	324	505	268	173	34	259
V496	76	500	438	258	593	291
V497	342	197	209	151	128	203
V498	710	7	6	182	145	361
V499	160	342	57	125	178	218
V500	447	380	530	15	138	303
