Source001	Source002	Source003	Source004	Source005	Sink
V1	764	139	8	131	422	228
V2	367	331	11	23	130	130
V3	65	300	88	19	87	84
V4	9	48	14	225	104	95
V5	156	80	348	20	10	128
V6	80	86	267	555	45	314
V7	295	27	410	199	102	195
V8	285	97	286	201	33	155
V9	197	341	194	459	329	318
V10	185	324	140	297	303	274
V11	7	219	38	291	140	194
V12	3	229	91	316	774	319
V13	36	79	75	156	231	154
V14	270	658	90	41	131	154
V15	343	456	182	18	64	132
V16	1	30	304	553	85	268
V17	1025	112	264	32	133	207
V18	755	176	15	369	10	294
V19	153	79	564	114	136	199
V20	89	119	491	158	463	230
V21	309	81	195	260	190	187
V22	583	329	27	31	7	147
V23	23	45	20	226	165	118
V24	74	166	30	107	73	194
V25	218	112	125	74	347	149
V26	189	573	215	106	63	200
V27	122	34	447	60	248	130
V28	169	28	226	138	214	154
V29	873	215	84	21	15	162
V30	670	26	240	261	16	207
V31	181	62	9	13	87	59
V32	140	31	780	145	112	213
V33	164	96	69	24	38	67
V34	132	197	266	71	54	141
V35	47	263	165	141	153	148
V36	202	318	128	4	62	136
V37	11	132	259	347	407	257
V38	146	39	36	288	85	145
V39	38	15	14	487	61	259
V40	50	53	6	76	437	127
V41	233	105	75	235	400	224
V42	501	351	263	38	387	296
V43	14	42	234	135	235	148
V44	35	720	50	176	449	249
V45	240	153	488	473	15	270
V46	92	446	94	255	23	215
V47	486	18	61	26	26	96
V48	140	16	227	73	237	125
V49	85	381	65	27	515	190
V50	217	76	548	411	242	315
V51	34	63	155	626	141	277
V52	47	149	143	836	368	433
V53	182	112	21	445	70	219
V54	45	398	280	29	87	137
V55	828	82	686	108	19	273
V56	31	122	914	252	1181	472
V57	46	66	219	32	140	69
V58	20	30	148	232	488	242
V59	12	857	249	383	110	380
V60	31	225	269	79	350	194
V61	349	564	35	43	1	200
V62	86	157	303	179	520	232
V63	257	200	38	144	70	130
V64	187	130	94	154	158	146
V65	379	264	80	232	345	266
V66	246	32	25	171	142	145
V67	382	83	33	380	63	219
V68	271	88	51	197	206	245
V69	243	2	370	8	225	146
V70	24	149	19	127	173	108
V71	67	682	238	493	23	290
V72	372	142	23	71	156	112
V73	82	340	43	50	11	122
V74	316	57	23	366	509	292
V75	223	140	137	117	307	245
V76	178	191	47	106	1	85
V77	17	21	137	52	98	50
V78	1278	22	149	58	44	227
V79	8	220	255	435	12	232
V80	152	55	105	566	44	295
V81	39	93	419	108	183	171
V82	638	362	393	5	323	253
V83	21	89	97	256	38	133
V84	21	113	97	9	100	79
V85	146	280	121	47	45	100
V86	15	3	32	455	259	216
V87	187	14	45	103	199	146
V88	66	137	107	77	230	112
V89	740	248	289	37	83	172
V90	712	157	32	110	106	201
V91	156	225	408	914	56	490
V92	21	52	87	331	334	198
V93	521	111	63	598	32	306
V94	342	264	549	179	871	339
V95	110	370	28	102	25	124
V96	353	118	323	182	48	214
V97	26	514	5	40	326	153
V98	255	20	10	207	426	191
V99	191	1	373	156	391	195
V100	43	30	139	71	278	134
V101	195	65	8	621	72	295
V102	21	340	2	135	261	139
V103	266	127	26	32	215	111
V104	118	88	47	270	766	309
V105	0	362	364	45	151	125
V106	81	444	411	223	83	224
V107	457	18	291	71	178	195
V108	63	381	654	131	28	186
V109	170	254	249	489	105	349
V110	222	186	40	412	391	347
V111	104	328	247	221	465	252
V112	332	5	325	292	809	383
V113	515	237	113	503	106	296
V114	76	42	125	163	57	144
V115	81	42	278	14	164	87
V116	44	32	99	29	21	98
V117	387	459	26	45	1	195
V118	107	28	32	177	114	122
V119	52	178	122	39	151	90
V120	190	42	78	42	389	113
V121	120	142	110	314	455	232
V122	132	100	907	665	59	397
V123	406	61	40	16	238	152
V124	199	70	52	14	35	56
V125	12	253	107	128	94	114
V126	59	106	468	491	419	396
V127	197	0	76	158	531	217
V128	28	419	120	31	71	75
V129	49	304	354	93	220	177
V130	730	87	863	243	211	363
V131	159	2	6	75	56	68
V132	267	279	56	114	286	191
V133	89	108	322	450	25	299
V134	272	14	128	1124	8	458
V135	59	6	102	29	478	117
V136	126	303	179	129	308	175
V137	69	254	32	82	128	128
V138	254	82	516	433	84	293
V139	499	424	487	364	79	339
V140	162	126	190	448	63	262
V141	130	7	113	168	274	164
V142	692	126	194	227	309	323
V143	591	123	455	284	334	288
V144	384	94	141	72	169	168
V145	410	248	359	196	191	232
V146	165	229	121	86	38	111
V147	55	53	23	74	356	120
V148	72	504	125	318	2	266
V149	76	93	401	49	370	141
V150	150	221	503	187	4	216
V151	305	575	81	62	123	179
V152	132	566	497	226	128	331
V153	249	250	120	217	245	252
V154	139	280	157	704	180	332
V155	775	605	374	68	120	271
V156	115	257	213	7	194	106
V157	707	173	546	26	156	182
V158	11	178	387	64	197	126
V159	202	19	247	41	709	239
V160	21	96	0	130	10	73
V161	225	555	370	140	334	302
V162	95	201	49	166	48	113
V163	497	196	364	265	18	228
V164	253	11	758	260	85	230
V165	187	101	638	273	73	231
V166	242	442	215	136	40	162
V167	238	140	37	183	15	124
V168	109	199	694	471	102	342
V169	649	322	838	93	622	379
V170	6	18	133	415	100	185
V171	32	182	160	12	212	75
V172	124	480	33	449	483	327
V173	145	93	53	215	52	114
V174	252	23	21	134	87	108
V175	130	34	30	192	39	131
V176	46	74	9	77	11	54
V177	40	471	188	577	207	379
V178	34	1	188	33	97	78
V179	136	317	341	28	553	248
V180	115	251	15	150	422	194
V181	111	423	401	87	126	154
V182	265	27	218	321	114	193
V183	91	331	26	105	47	91
V184	404	96	122	110	31	189
V185	174	201	19	318	36	162
V186	468	896	107	297	8	305
V187	240	164	451	243	7	164
V188	83	670	31	113	190	168
V189	207	51	298	381	1	222
V190	148	5	214	8	60	69
V191	349	193	92	31	8	140
V192	117	22	655	33	158	137
V193	27	85	264	49	16	82
V194	10	2	45	1020	66	412
V195	213	175	16	172	141	146
V196	139	111	304	397	464	302
V197	5	55	40	9	209	57
V198	531	43	277	13	27	121
V199	158	356	58	74	449	208
V200	48	302	128	216	56	151
V201	27	217	367	113	65	134
V202	52	143	36	79	21	76
V203	417	88	3	121	83	119
V204	237	53	144	223	398	192
V205	7	377	25	156	11	138
V206	41	258	206	698	124	344
V207	397	265	2	216	344	221
V208	180	38	147	126	8	132
V209	43	21	310	254	20	165
V210	248	641	308	107	196	241
V211	1143	383	128	540	168	406
V212	5	54	53	206	0	82
V213	261	38	193	214	390	227
V214	45	160	128	140	99	113
V215	5	119	185	25	35	90
V216	97	262	7	136	70	94
V217	550	95	101	216	95	207
V218	277	305	47	143	179	129
V219	64	2	29	129	16	64
V220	26	87	300	146	22	104
V221	365	25	94	143	32	146
V222	213	958	35	761	452	503
V223	269	96	134	124	163	117
V224	48	177	0	23	35	43
V225	26	267	118	325	352	247
V226	5	282	28	104	171	109
V227	299	77	69	41	84	103
V228	394	35	153	28	139	131
V229	3	381	20	14	430	152
V230	632	687	389	311	119	345
V231	90	59	57	194	40	112
V232	200	401	226	96	14	152
V233	143	656	735	121	62	239
V234	276	13	167	23	391	159
V235	459	619	5	343	184	305
V236	312	25	255	145	315	196
V237	291	64	8	161	100	148
V238	699	332	20	8	162	147
V239	156	1	39	293	310	213
V240	193	36	45	711	272	340
V241	15	263	27	161	138	111
V242	143	238	275	436	79	382
V243	131	20	127	22	21	46
V244	43	190	5	1	55	36
V245	36	59	339	342	204	212
V246	566	154	297	245	313	264
V247	24	47	180	382	5	196
V248	232	147	148	242	42	209
V249	293	9	36	18	0	69
V250	18	208	91	24	326	133
V251	51	864	72	33	236	196
V252	231	239	533	17	41	155
V253	508	98	270	81	20	196
V254	14	78	165	37	519	166
V255	545	92	272	69	637	257
V256	339	344	187	56	649	239
V257	157	152	98	281	137	204
V258	54	268	207	47	502	180
V259	82	525	65	226	172	225
V260	75	23	243	221	21	145
V261	246	41	61	118	0	103
V262	366	257	538	14	26	159
V263	308	599	137	125	242	282
V264	97	345	658	760	238	446
V265	421	199	195	357	126	297
V266	213	11	55	58	35	114
V267	64	63	0	242	194	128
V268	193	230	86	87	48	132
V269	189	132	532	404	47	293
V270	31	21	52	78	120	77
V271	68	4	38	155	138	89
V272	195	233	32	54	239	127
V273	779	76	889	89	404	348
V274	223	157	378	157	71	170
V275	32	140	74	36	419	131
V276	90	30	23	14	97	85
V277	127	43	236	46	106	134
V278	24	36	291	309	159	213
V279	73	2	93	138	77	175
V280	118	857	1423	177	152	363
V281	79	445	60	438	137	289
V282	56	130	37	207	401	194
V283	449	330	183	2	65	195
V284	245	97	325	436	117	279
V285	42	510	169	194	102	191
V286	220	355	396	421	266	299
V287	110	586	377	54	159	186
V288	25	314	325	195	189	224
V289	83	90	13	630	161	299
V290	32	0	552	204	350	218
V291	460	86	0	354	101	208
V292	211	350	861	649	260	461
V293	111	106	125	51	212	163
V294	29	83	161	287	123	163
V295	130	53	359	133	149	156
V296	166	37	195	3	15	37
V297	107	321	166	28	143	122
V298	199	4	850	214	86	207
V299	215	29	341	156	39	210
V300	75	671	57	219	157	253
V301	140	176	23	252	353	227
V302	54	119	20	207	62	115
V303	11	233	46	122	662	196
V304	56	40	44	34	195	72
V305	848	638	346	152	130	288
V306	3	130	54	41	106	51
V307	286	123	46	130	203	142
V308	178	85	329	294	908	380
V309	54	165	498	302	57	207
V310	51	55	49	360	537	271
V311	19	118	26	55	14	56
V312	304	52	107	95	678	242
V313	205	64	576	5	533	220
V314	10	275	159	30	92	87
V315	198	123	118	244	343	233
V316	925	52	236	223	60	253
V317	100	17	376	247	179	192
V318	106	99	178	427	64	261
V319	119	62	196	127	124	169
V320	62	285	79	9	388	125
V321	381	54	31	13	40	57
V322	162	35	71	629	343	293
V323	282	10	77	188	30	151
V324	23	129	313	548	40	266
V325	19	153	2	424	401	255
V326	280	328	603	103	226	265
V327	157	196	214	298	354	273
V328	742	146	8	473	0	282
V329	278	64	947	120	67	238
V330	201	82	138	312	24	173
V331	87	398	1521	1032	511	681
V332	231	229	200	9	25	102
V333	118	110	365	224	263	196
V334	147	170	122	155	36	118
V335	91	83	172	4	54	111
V336	94	45	285	721	373	448
V337	373	395	594	124	65	228
V338	7	107	69	12	163	104
V339	482	81	40	87	167	140
V340	73	14	82	194	132	151
V341	321	443	219	120	139	181
V342	101	234	241	431	147	281
V343	53	239	84	485	328	299
V344	303	270	59	211	552	275
V345	164	90	417	49	103	125
V346	88	254	38	114	310	191
V347	314	75	29	175	204	162
V348	46	19	92	119	722	256
V349	147	387	42	28	91	160
V350	288	448	450	340	40	294
V351	311	138	234	164	608	266
V352	60	731	49	25	218	184
V353	140	304	96	0	534	173
V354	175	244	75	20	1239	348
V355	57	522	82	78	65	138
V356	166	36	23	643	62	269
V357	655	139	21	180	531	245
V358	560	1601	35	27	449	390
V359	486	207	224	312	471	322
V360	152	48	727	141	65	194
V361	414	68	287	60	73	207
V362	92	40	349	257	73	194
V363	14	33	35	280	296	234
V364	50	431	193	42	520	261
V365	18	160	517	349	29	221
V366	27	306	156	214	46	161
V367	46	312	366	106	113	195
V368	255	984	211	108	17	243
V369	290	183	28	279	237	198
V370	517	9	325	76	63	128
V371	17	39	264	56	183	93
V372	165	369	38	50	729	260
V373	107	18	228	21	19	88
V374	312	59	94	86	19	104
V375	158	13	6	641	125	310
V376	50	209	492	128	168	198
V377	160	256	423	241	409	283
V378	84	942	622	169	104	276
V379	161	341	31	338	290	303
V380	147	293	224	64	650	263
V381	551	337	99	43	209	181
V382	172	107	93	171	22	133
V383	9	144	121	54	741	213
V384	9	33	386	38	715	243
V385	56	51	267	43	107	119
V386	156	429	19	410	131	235
V387	66	110	40	45	105	75
V388	256	271	143	344	788	360
V389	306	3	87	56	242	117
V390	108	364	316	212	352	276
V391	255	38	129	136	101	129
V392	13	47	5	91	212	84
V393	20	549	94	54	161	180
V394	485	206	10	331	48	214
V395	279	173	58	76	4	156
V396	100	143	347	14	734	234
V397	708	400	165	159	69	308
V398	254	520	82	1182	154	572
V399	68	323	132	68	122	131
V400	250	231	354	71	360	222
V401	3	176	276	624	111	302
V402	710	252	66	134	104	224
V403	20	36	8	8	131	37
V404	217	159	135	188	11	152
V405	104	40	199	130	27	95
V406	209	122	228	537	332	379
V407	292	81	189	310	168	204
V408	63	93	108	257	408	203
V409	483	54	205	238	323	259
V410	14	42	46	32	356	122
V411	61	24	156	65	66	75
V412	10	83	301	318	25	136
V413	418	82	225	6	69	118
V414	219	32	53	94	45	143
V415	1	46	395	402	149	238
V416	422	5	68	147	344	219
V417	98	687	73	57	217	222
V418	331	598	76	65	26	161
V419	247	505	37	333	1056	467
V420	90	176	103	57	214	106
V421	37	31	62	232	46	127
V422	485	448	203	16	113	168
V423	590	75	10	186	611	266
V424	255	284	5	279	105	230
V425	75	132	22	273	202	171
V426	130	8	68	13	277	73
V427	137	259	22	435	220	249
V428	403	114	413	24	354	222
V429	342	271	153	25	37	128
V430	90	112	181	298	13	154
V431	81	268	124	3	71	89
V432	177	67	212	79	28	109
V433	197	452	65	336	83	228
V434	343	145	75	499	373	300
V435	156	657	79	0	177	184
V436	126	53	82	389	34	207
V437	364	201	611	162	89	241
V438	138	253	512	2	333	195
V439	277	242	457	79	123	204
V440	48	666	46	336	328	383
V441	23	379	236	39	107	109
V442	16	166	60	88	237	175
V443	0	271	436	65	376	220
V444	163	107	144	7	35	58
V445	130	431	466	365	99	300
V446	62	813	3	286	245	264
V447	135	15	241	257	134	211
V448	361	4	2	434	70	241
V449	15	397	489	416	275	313
V450	349	120	477	150	212	217
V451	181	51	12	8	15	42
V452	355	149	673	390	130	326
V453	298	4	92	25	76	120
V454	651	87	87	175	1125	381
V455	4	147	600	28	199	207
V456	220	97	267	228	135	201
V457	174	48	129	80	131	103
V458	157	541	19	567	189	347
V459	50	249	0	13	479	134
V460	35	83	384	154	2	177
V461	186	7	584	269	5	187
V462	3	5	138	17	206	74
V463	300	110	118	153	274	197
V464	279	319	67	32	2	118
V465	149	29	14	106	197	117
V466	86	6	77	35	93	68
V467	15	344	28	574	1140	442
V468	240	159	4	53	101	136
V469	113	87	8	179	455	199
V470	552	197	317	65	353	236
V471	48	524	126	272	194	214
V472	35	547	80	254	218	219
V473	7	146	245	219	17	118
V474	28	315	153	424	73	249
V475	4	629	157	33	11	207
V476	130	98	25	329	128	183
V477	9	194	362	405	98	193
V478	21	52	117	109	139	118
V479	195	492	317	116	342	260
V480	145	73	150	305	35	154
V481	591	383	343	241	113	255
V482	338	103	587	92	376	209
V483	160	18	30	62	290	108
V484	134	53	40	43	73	64
V485	52	4	558	58	23	109
V486	90	508	34	551	360	342
V487	97	60	29	87	230	115
V488	38	50	153	54	330	109
V489	97	397	117	459	45	277
V490	46	83	90	494	44	238
V491	176	400	113	97	662	253
V492	65	39	119	603	175	280
V493	104	145	327	49	100	137
V494	193	80	302	32	209	140
V495	320	95	3	298	5	190
V496	4	25	439	159	66	162
V497	364	173	230	337	83	262
V498	393	84	19	91	18	123
V499	81	48	71	8	590	148
V500	57	177	316	805	123	378
