Source001	Source002	Source003	Source004	Source005	Sink
V1	164	197	216	91	193	178
V2	383	87	72	285	106	219
V3	134	290	363	56	71	145
V4	183	64	296	72	38	170
V5	399	180	15	177	308	231
V6	48	39	95	45	76	63
V7	542	1181	465	215	40	437
V8	70	78	338	45	162	143
V9	730	758	58	171	58	357
V10	688	173	26	228	46	301
V11	56	237	200	230	162	149
V12	19	242	248	214	340	153
V13	132	89	387	753	827	356
V14	289	1252	248	145	5	319
V15	52	26	31	236	240	102
V16	113	907	240	63	209	234
V17	46	128	595	306	102	193
V18	120	350	282	88	95	166
V19	68	68	17	84	90	63
V20	499	75	41	165	456	315
V21	457	3	71	125	256	309
V22	159	61	119	442	83	165
V23	33	62	42	91	23	39
V24	627	244	50	231	129	347
V25	80	28	519	171	22	110
V26	511	17	52	371	437	322
V27	181	639	18	344	323	299
V28	268	72	78	371	77	192
V29	203	60	405	136	179	194
V30	289	376	134	228	1	196
V31	191	108	200	188	136	268
V32	129	147	158	188	104	149
V33	779	29	34	10	284	357
V34	689	24	172	165	313	358
V35	323	179	184	18	48	190
V36	252	63	188	174	118	172
V37	66	128	204	393	199	180
V38	272	567	32	436	181	290
V39	246	18	116	129	53	139
V40	236	174	18	478	166	238
V41	188	162	24	44	15	160
V42	318	51	125	321	1	193
V43	607	188	12	129	112	313
V44	104	107	82	139	22	67
V45	139	0	173	234	144	130
V46	473	78	74	443	226	313
V47	65	61	192	92	201	126
V48	67	397	2	34	454	193
V49	151	191	58	511	16	170
V50	19	9	83	190	133	108
V51	97	78	283	29	99	138
V52	2	71	153	57	144	86
V53	76	41	39	49	14	129
V54	227	117	330	120	456	213
V55	599	56	123	128	46	244
V56	89	258	682	48	322	205
V57	103	19	13	85	371	170
V58	264	80	48	162	112	172
V59	193	256	153	247	392	211
V60	55	45	67	150	704	178
V61	320	7	905	427	3	296
V62	164	211	65	153	195	153
V63	451	2	449	210	140	293
V64	42	309	972	382	9	245
V65	104	71	313	430	31	156
V66	59	22	443	307	7	123
V67	142	311	114	262	86	187
V68	135	52	47	126	728	204
V69	232	121	98	79	240	158
V70	81	832	295	114	174	236
V71	311	170	399	72	214	276
V72	142	72	6	11	38	61
V73	302	113	235	1	90	143
V74	73	108	162	150	137	117
V75	349	5	38	76	113	167
V76	172	91	105	366	140	171
V77	204	339	81	411	326	239
V78	240	272	110	17	568	235
V79	165	30	604	202	134	210
V80	598	30	127	68	12	270
V81	7	81	431	362	59	132
V82	12	10	12	132	46	47
V83	722	396	163	189	65	400
V84	137	30	76	80	70	88
V85	440	150	140	92	60	220
V86	296	586	275	213	135	301
V87	93	66	246	639	151	195
V88	445	82	398	52	138	242
V89	1412	77	61	165	275	662
V90	354	464	55	186	217	277
V91	974	168	14	62	991	555
V92	185	13	146	408	49	123
V93	130	88	601	1	72	188
V94	73	12	632	13	182	196
V95	42	148	723	32	676	253
V96	95	378	558	228	90	223
V97	50	41	77	505	152	162
V98	188	16	182	258	46	145
V99	87	26	34	49	389	153
V100	110	446	436	56	326	262
V101	51	32	32	56	95	143
V102	189	290	117	18	132	186
V103	17	52	59	105	236	69
V104	0	133	20	64	116	97
V105	52	1	177	42	165	77
V106	409	8	4	103	181	209
V107	536	807	509	26	98	386
V108	36	280	14	163	42	101
V109	201	30	23	545	359	204
V110	194	324	46	209	273	223
V111	31	95	291	30	95	97
V112	899	45	353	324	220	458
V113	54	719	152	129	840	291
V114	29	108	6	414	51	93
V115	3	150	34	248	85	79
V116	148	27	31	340	735	235
V117	10	27	117	264	200	96
V118	477	354	20	156	251	315
V119	999	39	198	402	311	522
V120	255	421	31	105	4	157
V121	138	70	35	27	26	101
V122	789	36	102	290	89	389
V123	133	502	85	87	47	170
V124	391	139	151	30	341	231
V125	79	222	593	111	229	209
V126	104	49	400	430	640	263
V127	114	24	117	235	721	202
V128	142	374	116	251	47	153
V129	182	93	68	4	140	101
V130	190	66	30	73	69	103
V131	35	239	141	12	163	113
V132	75	207	391	61	370	185
V133	377	422	397	50	280	331
V134	105	142	188	40	82	121
V135	38	87	666	157	251	177
V136	17	198	446	144	515	208
V137	348	58	394	233	94	279
V138	145	68	40	391	168	155
V139	61	106	475	190	64	191
V140	95	11	216	116	55	132
V141	71	37	1	186	188	104
V142	30	400	441	117	31	145
V143	59	41	608	819	163	277
V144	202	617	831	64	347	359
V145	143	3	97	178	66	117
V146	514	62	56	22	178	239
V147	62	248	97	48	152	111
V148	409	305	108	88	364	304
V149	75	457	20	38	227	150
V150	119	727	226	37	43	198
V151	136	258	30	35	70	112
V152	174	246	4	398	16	164
V153	19	742	226	306	80	160
V154	41	371	345	92	80	140
V155	226	341	184	210	64	194
V156	18	192	256	154	11	99
V157	76	90	355	215	9	168
V158	505	59	180	123	84	245
V159	72	106	119	48	61	83
V160	623	310	842	90	24	373
V161	368	155	142	213	256	249
V162	737	474	101	99	541	545
V163	26	181	81	15	88	89
V164	138	67	49	445	71	156
V165	18	143	41	136	119	277
V166	600	351	36	217	21	303
V167	423	108	116	142	80	269
V168	830	166	322	74	42	384
V169	140	404	197	260	237	223
V170	125	528	3	476	359	232
V171	36	96	128	364	81	119
V172	52	222	112	104	72	99
V173	447	225	23	76	163	243
V174	480	105	215	26	29	221
V175	141	166	262	74	7	205
V176	70	622	268	416	112	195
V177	572	42	301	498	188	336
V178	112	23	31	351	105	132
V179	159	91	79	43	26	113
V180	74	77	15	224	626	209
V181	93	1187	275	738	38	304
V182	78	391	340	207	250	299
V183	8	41	393	88	107	91
V184	12	506	58	27	167	119
V185	37	115	91	395	100	122
V186	475	31	119	224	90	257
V187	254	82	290	36	584	249
V188	206	184	29	163	10	127
V189	303	408	536	348	441	486
V190	393	80	159	197	35	240
V191	130	774	17	33	142	225
V192	201	82	441	283	161	197
V193	182	1315	20	122	438	333
V194	229	447	254	21	266	212
V195	28	198	486	100	286	241
V196	449	293	89	420	245	325
V197	283	194	63	34	14	164
V198	45	369	117	217	467	205
V199	822	173	464	34	93	376
V200	125	38	167	418	365	184
V201	493	335	58	60	76	225
V202	26	191	298	206	940	306
V203	77	47	4	332	157	108
V204	38	20	102	58	267	97
V205	407	105	119	38	13	179
V206	1	30	299	10	773	211
V207	10	23	8	739	335	173
V208	275	282	345	36	8	210
V209	134	684	21	87	37	170
V210	246	549	30	471	53	298
V211	8	404	495	202	212	200
V212	113	153	234	62	67	115
V213	220	271	17	37	468	199
V214	21	350	418	547	62	186
V215	53	43	417	14	103	106
V216	187	666	140	27	118	201
V217	142	20	111	294	248	179
V218	31	2	650	108	130	151
V219	33	167	710	139	121	176
V220	333	265	199	30	306	227
V221	162	194	54	182	29	138
V222	79	267	138	113	150	125
V223	465	157	159	31	403	286
V224	40	16	69	172	380	95
V225	1095	270	203	10	160	487
V226	506	297	477	71	125	337
V227	0	327	776	54	75	179
V228	244	333	47	83	119	187
V229	3	270	39	43	75	107
V230	51	181	7	317	983	267
V231	18	21	147	90	56	52
V232	189	11	150	211	437	218
V233	152	416	260	138	39	167
V234	315	77	65	22	76	198
V235	43	395	201	862	51	216
V236	17	1060	25	160	4	160
V237	164	2	175	91	699	199
V238	76	13	101	28	86	85
V239	234	108	17	10	31	97
V240	179	73	191	287	51	158
V241	4	205	46	29	60	103
V242	23	31	22	92	238	93
V243	109	67	57	93	242	120
V244	85	147	201	223	96	120
V245	183	462	356	132	231	233
V246	51	538	100	99	176	126
V247	31	73	194	692	222	192
V248	1029	10	54	162	62	469
V249	225	79	587	376	32	201
V250	56	160	85	38	21	76
V251	659	522	568	200	41	411
V252	191	125	50	640	120	242
V253	214	41	264	811	54	242
V254	160	158	37	179	220	152
V255	8	296	39	108	40	76
V256	328	224	276	403	319	325
V257	231	65	33	58	452	168
V258	30	77	30	26	75	65
V259	417	146	69	56	291	227
V260	257	10	19	127	964	303
V261	25	30	184	107	189	95
V262	26	68	52	701	222	164
V263	211	173	130	345	148	220
V264	58	39	174	115	12	92
V265	97	28	83	17	81	70
V266	46	671	282	9	159	216
V267	313	99	90	74	135	163
V268	36	28	53	20	33	120
V269	155	417	132	62	58	211
V270	436	42	23	96	126	192
V271	259	585	266	353	229	294
V272	42	2	375	38	78	125
V273	200	141	161	482	399	293
V274	34	51	68	226	175	107
V275	73	399	57	1282	106	284
V276	132	374	45	14	320	205
V277	702	25	460	6	61	338
V278	43	129	4	495	342	159
V279	161	314	79	72	87	125
V280	417	265	834	125	1	326
V281	130	316	196	450	85	197
V282	229	76	440	19	198	196
V283	136	292	319	46	198	182
V284	24	4	109	209	9	91
V285	615	55	597	45	436	380
V286	64	62	427	433	26	121
V287	105	14	30	4	335	138
V288	22	87	287	117	1047	267
V289	77	208	78	833	25	210
V290	11	21	84	39	110	60
V291	226	28	259	83	55	167
V292	29	254	25	220	61	89
V293	73	524	316	135	4	190
V294	174	335	212	283	441	242
V295	339	145	713	66	56	243
V296	103	358	264	534	15	194
V297	39	29	155	133	159	123
V298	126	66	438	157	124	152
V299	51	55	65	643	276	163
V300	307	59	28	184	615	266
V301	169	36	815	128	50	217
V302	16	2	229	102	779	199
V303	84	58	187	89	728	193
V304	71	198	38	590	301	178
V305	512	24	475	597	125	325
V306	343	286	268	80	1057	383
V307	292	10	140	126	110	217
V308	5	406	517	50	174	149
V309	125	214	35	115	158	145
V310	195	34	229	156	25	143
V311	215	47	9	233	302	190
V312	22	252	294	17	86	114
V313	158	39	84	117	335	160
V314	66	101	63	191	311	144
V315	211	37	154	266	34	131
V316	255	442	472	136	24	234
V317	71	117	215	747	128	220
V318	243	182	55	93	50	169
V319	89	532	405	336	163	248
V320	376	131	589	221	270	342
V321	300	157	1	177	750	380
V322	139	293	112	435	65	160
V323	23	110	244	33	53	78
V324	75	146	137	373	147	167
V325	357	223	36	161	62	208
V326	180	155	112	235	14	166
V327	366	538	62	36	158	234
V328	215	97	162	82	911	309
V329	135	68	211	63	201	112
V330	15	56	121	91	119	77
V331	9	80	158	453	490	220
V332	470	39	178	282	132	281
V333	277	40	365	139	127	231
V334	800	37	389	13	126	430
V335	83	480	547	61	183	215
V336	49	218	169	7	157	105
V337	46	227	182	43	108	110
V338	2	310	132	4	581	151
V339	185	199	42	525	235	208
V340	778	526	60	71	144	402
V341	119	644	50	1003	29	282
V342	935	534	28	102	331	441
V343	336	119	152	12	293	198
V344	89	135	328	202	149	187
V345	27	317	1	7	61	72
V346	310	33	228	177	32	166
V347	126	86	114	275	52	107
V348	227	144	408	177	149	224
V349	67	165	132	441	267	152
V350	132	254	372	52	126	161
V351	112	611	11	197	565	263
V352	76	209	68	39	112	116
V353	398	69	135	27	235	230
V354	128	297	150	218	46	127
V355	134	822	73	285	395	274
V356	15	218	624	420	334	249
V357	10	492	18	15	47	91
V358	57	24	129	600	200	186
V359	74	109	25	62	328	163
V360	70	76	63	391	421	195
V361	149	10	22	55	222	132
V362	213	72	56	99	454	196
V363	14	308	113	96	132	97
V364	240	392	231	50	11	193
V365	1526	428	967	29	41	721
V366	599	741	219	634	473	536
V367	295	35	151	15	152	159
V368	117	80	22	357	135	116
V369	69	326	139	89	110	121
V370	15	253	548	334	7	154
V371	95	254	21	390	35	140
V372	27	165	555	213	45	115
V373	20	144	103	55	318	128
V374	621	171	141	175	559	430
V375	402	51	270	682	35	385
V376	456	176	187	259	267	284
V377	20	124	528	14	231	131
V378	220	158	23	620	215	249
V379	353	322	10	475	515	353
V380	5	325	402	48	93	120
V381	229	956	20	2	296	251
V382	168	2	26	247	458	194
V383	5	418	128	114	308	137
V384	91	140	104	129	26	98
V385	44	316	42	64	14	61
V386	573	155	378	82	100	288
V387	198	15	204	241	648	316
V388	134	174	86	247	39	154
V389	128	107	289	101	119	129
V390	103	230	283	130	544	231
V391	171	43	88	374	117	194
V392	212	2	89	15	60	120
V393	248	98	424	11	16	191
V394	251	147	63	91	136	227
V395	83	82	109	1055	53	207
V396	12	245	16	110	560	154
V397	16	13	66	304	564	168
V398	50	196	360	45	119	105
V399	14	11	781	5	412	171
V400	67	179	368	142	164	146
V401	44	518	189	175	105	161
V402	7	149	212	127	246	127
V403	278	116	323	329	242	258
V404	16	143	364	278	393	216
V405	62	62	54	252	341	151
V406	117	852	163	634	622	381
V407	88	2	283	127	93	115
V408	12	336	421	357	1	159
V409	79	69	350	180	170	226
V410	39	197	141	0	366	126
V411	212	298	90	56	90	138
V412	66	171	120	413	121	173
V413	228	71	202	59	114	159
V414	11	0	186	396	168	138
V415	569	162	108	25	106	243
V416	214	22	45	13	136	112
V417	149	96	375	210	2	141
V418	131	83	158	65	540	184
V419	29	8	320	1	89	78
V420	276	2	536	81	308	255
V421	31	89	242	1	231	95
V422	283	203	38	552	49	212
V423	120	418	579	1099	93	345
V424	66	192	47	71	125	87
V425	333	988	264	322	28	307
V426	227	262	46	6	302	181
V427	76	24	8	133	571	215
V428	296	126	126	48	97	184
V429	481	26	133	82	206	286
V430	9	602	542	97	98	178
V431	33	34	84	170	74	61
V432	1	426	23	75	116	58
V433	22	126	243	31	17	86
V434	110	10	267	24	46	125
V435	32	0	284	151	268	109
V436	23	17	354	30	32	77
V437	6	257	33	417	34	111
V438	268	219	27	193	78	152
V439	408	409	99	315	121	279
V440	174	189	17	892	130	232
V441	89	255	917	57	28	225
V442	316	171	11	41	625	269
V443	498	614	515	78	564	409
V444	98	6	149	98	7	78
V445	136	210	441	41	342	216
V446	176	229	50	143	791	272
V447	129	151	344	19	237	165
V448	157	39	359	86	109	169
V449	99	65	311	567	255	249
V450	65	30	20	32	153	82
V451	141	153	177	146	605	261
V452	210	154	124	9	75	120
V453	85	211	374	104	63	123
V454	80	88	103	145	86	95
V455	17	450	70	464	123	145
V456	186	65	9	252	37	125
V457	126	77	193	130	193	145
V458	54	646	116	99	231	166
V459	461	187	363	56	3	256
V460	53	126	53	90	272	101
V461	372	24	214	659	173	349
V462	288	144	520	51	720	343
V463	95	62	184	21	71	95
V464	50	32	50	7	509	124
V465	4	21	301	134	456	149
V466	243	21	29	111	289	178
V467	193	323	60	481	177	208
V468	132	362	421	40	113	219
V469	68	197	254	822	92	217
V470	422	22	194	892	43	337
V471	364	20	182	383	156	302
V472	731	10	311	1112	175	535
V473	33	5	154	257	6	95
V474	15	108	154	271	164	94
V475	251	201	125	86	224	183
V476	153	403	92	145	339	220
V477	53	117	53	685	672	247
V478	110	445	39	356	134	171
V479	53	8	43	118	26	73
V480	60	7	301	25	185	147
V481	239	18	394	108	97	209
V482	320	5	335	154	54	183
V483	33	52	99	242	247	147
V484	89	377	38	521	45	150
V485	81	262	16	552	5	162
V486	169	75	454	273	526	261
V487	61	11	267	136	85	88
V488	60	141	134	65	39	85
V489	47	118	1	99	113	80
V490	331	60	22	130	76	197
V491	609	374	101	120	167	299
V492	270	329	374	77	197	341
V493	127	76	92	352	167	177
V494	290	13	31	143	12	135
V495	14	72	65	319	417	173
V496	516	58	14	129	7	228
V497	368	463	430	37	87	233
V498	14	173	215	50	275	175
V499	5	26	15	23	430	99
V500	63	695	272	111	574	240
