Source001	Source002	Source003	Source004	Source005	Sink
V1	620	275	171	159	19	229
V2	56	23	157	25	428	131
V3	24	301	493	297	1	193
V4	153	226	17	251	1430	438
V5	791	78	171	97	478	330
V6	97	206	480	583	111	291
V7	265	448	227	66	75	186
V8	700	90	169	395	100	313
V9	71	22	173	329	287	170
V10	214	35	346	225	123	183
V11	285	163	177	338	137	215
V12	67	66	46	35	147	73
V13	55	63	194	344	75	203
V14	284	475	20	195	1	177
V15	929	31	169	12	87	292
V16	7	44	149	53	151	98
V17	239	16	328	66	108	146
V18	64	237	48	104	18	76
V19	709	3	193	209	178	291
V20	215	7	115	581	431	344
V21	637	102	3	35	275	232
V22	234	1	672	370	472	361
V23	284	22	27	19	3	87
V24	295	14	5	18	187	145
V25	304	16	158	5	95	98
V26	401	82	82	419	710	391
V27	604	40	257	54	296	266
V28	1175	328	227	208	171	440
V29	30	81	149	29	368	154
V30	108	740	159	157	388	256
V31	27	57	216	60	106	156
V32	28	107	231	335	15	154
V33	42	346	265	186	345	232
V34	29	362	453	88	25	132
V35	147	129	1	107	48	110
V36	267	8	429	304	14	195
V37	85	140	38	235	183	185
V38	156	529	19	60	86	144
V39	468	139	471	294	357	314
V40	377	292	101	258	147	224
V41	135	1003	339	132	442	389
V42	266	20	181	403	103	213
V43	107	211	336	45	131	119
V44	114	367	53	44	317	192
V45	119	516	146	202	246	184
V46	60	64	49	11	297	103
V47	66	471	160	587	120	257
V48	199	10	73	537	52	215
V49	155	1230	185	777	37	391
V50	435	5	96	222	151	206
V51	585	176	55	59	192	218
V52	525	316	12	36	459	267
V53	182	9	177	359	78	239
V54	114	138	68	440	44	174
V55	458	106	16	167	75	199
V56	60	290	92	232	101	201
V57	819	107	420	189	51	286
V58	319	3	1	249	651	296
V59	286	25	13	36	120	96
V60	819	537	43	37	32	316
V61	198	499	184	265	419	312
V62	134	200	159	100	135	119
V63	141	264	150	114	121	138
V64	493	194	248	574	138	337
V65	118	35	51	235	126	121
V66	14	37	84	421	271	205
V67	439	36	217	371	23	208
V68	506	318	12	600	72	298
V69	2	48	90	307	2	101
V70	124	187	55	40	183	141
V71	185	218	121	113	23	96
V72	178	29	281	11	506	245
V73	31	31	11	94	37	53
V74	512	23	53	192	108	203
V75	46	162	317	103	445	202
V76	33	34	158	71	30	109
V77	9	10	1	142	0	58
V78	100	43	590	117	106	145
V79	220	179	412	201	343	305
V80	71	285	255	2135	163	618
V81	47	418	114	883	18	325
V82	534	368	90	62	70	227
V83	184	28	55	25	60	64
V84	14	140	26	29	22	45
V85	51	78	319	126	443	186
V86	73	563	295	258	360	259
V87	193	212	43	61	820	302
V88	172	94	38	3	339	135
V89	174	69	350	6	38	107
V90	0	215	382	250	75	149
V91	335	53	259	83	30	134
V92	185	479	392	157	293	295
V93	77	83	52	29	224	103
V94	104	234	62	4	141	91
V95	207	84	13	2	623	178
V96	211	265	13	17	41	150
V97	30	339	172	259	55	147
V98	143	243	0	183	6	160
V99	74	32	17	276	141	156
V100	20	352	240	327	725	339
V101	43	167	230	256	67	174
V102	70	97	197	128	340	141
V103	164	288	433	115	258	204
V104	61	282	154	70	136	162
V105	463	350	56	165	162	251
V106	109	149	502	77	30	123
V107	15	16	459	79	210	177
V108	62	154	6	359	475	246
V109	76	85	59	430	0	230
V110	291	206	299	470	713	402
V111	446	623	23	5	7	186
V112	64	19	102	142	196	117
V113	119	48	536	141	229	176
V114	657	216	102	24	271	259
V115	14	46	336	30	144	182
V116	73	7	92	185	146	143
V117	20	397	209	119	107	135
V118	264	466	171	24	91	166
V119	51	16	68	16	62	54
V120	669	508	501	137	233	331
V121	330	169	172	186	28	216
V122	103	184	131	933	69	329
V123	144	308	16	104	494	216
V124	142	569	169	39	135	183
V125	60	162	3	436	162	182
V126	777	87	505	117	362	381
V127	39	58	8	112	162	139
V128	39	64	221	1	625	186
V129	82	243	636	103	11	149
V130	193	100	309	32	490	220
V131	59	132	188	626	282	285
V132	24	159	49	305	161	135
V133	230	71	620	51	551	239
V134	38	116	4	133	29	63
V135	380	46	289	47	516	240
V136	152	567	4	25	65	194
V137	221	201	206	343	308	254
V138	343	52	403	175	10	170
V139	234	83	76	143	28	172
V140	25	377	77	61	28	94
V141	68	135	18	172	324	145
V142	17	171	27	112	217	133
V143	6	248	427	534	134	246
V144	18	294	47	334	169	201
V145	390	54	671	156	71	228
V146	81	89	243	4	155	139
V147	539	474	338	529	61	346
V148	542	22	10	324	474	345
V149	51	35	79	254	288	176
V150	14	29	110	160	193	113
V151	52	16	111	91	44	66
V152	204	148	51	119	296	182
V153	321	488	144	219	180	229
V154	250	100	242	249	213	216
V155	163	119	487	129	105	170
V156	256	190	61	259	600	271
V157	237	327	150	98	108	172
V158	97	464	505	26	288	223
V159	144	166	116	185	604	248
V160	329	195	41	955	34	374
V161	9	228	415	386	259	215
V162	177	554	611	92	166	229
V163	2	1	327	47	106	77
V164	219	56	352	73	278	189
V165	221	132	21	134	117	132
V166	280	145	161	87	71	151
V167	84	54	230	214	226	212
V168	32	451	156	19	300	170
V169	227	219	34	0	285	135
V170	60	36	129	170	103	121
V171	37	401	424	294	143	226
V172	159	186	375	99	13	130
V173	65	753	14	79	237	219
V174	61	223	534	13	55	144
V175	66	312	47	85	111	116
V176	316	299	61	44	314	222
V177	217	218	48	836	291	410
V178	58	176	190	513	179	297
V179	226	152	118	389	241	253
V180	87	0	39	34	254	82
V181	45	378	37	5	89	95
V182	0	383	129	238	108	176
V183	44	201	101	621	263	273
V184	192	511	547	690	566	431
V185	97	20	1391	17	122	188
V186	27	167	56	256	218	160
V187	250	586	70	248	208	273
V188	276	70	322	365	128	275
V189	11	60	39	113	113	68
V190	145	63	45	385	224	243
V191	33	684	201	2	110	144
V192	83	0	11	94	224	83
V193	156	73	24	68	465	198
V194	105	77	41	141	41	76
V195	712	358	186	173	151	294
V196	54	93	183	27	321	131
V197	9	241	293	57	144	106
V198	5	264	242	276	504	267
V199	9	649	41	10	23	121
V200	286	323	407	175	182	282
V201	104	47	96	25	118	82
V202	45	20	12	188	441	201
V203	477	19	34	100	6	176
V204	110	372	145	495	148	296
V205	46	200	17	226	86	152
V206	88	8	57	29	53	78
V207	104	7	84	249	20	112
V208	553	22	305	137	776	339
V209	133	251	844	272	119	232
V210	351	128	1	53	325	199
V211	415	189	13	275	533	284
V212	203	65	543	40	121	170
V213	300	78	74	364	51	194
V214	60	300	12	271	487	231
V215	142	16	146	93	49	105
V216	434	150	54	59	181	171
V217	91	127	130	7	108	127
V218	83	13	135	117	427	169
V219	704	201	3	446	51	316
V220	290	152	604	30	147	202
V221	29	176	59	325	45	140
V222	84	213	174	97	406	208
V223	309	93	163	110	84	120
V224	74	51	359	89	619	259
V225	40	153	9	27	231	135
V226	474	671	6	30	39	184
V227	284	102	31	202	107	144
V228	387	939	36	19	244	263
V229	754	510	135	140	328	364
V230	62	129	336	225	1	156
V231	8	176	265	577	16	199
V232	371	243	366	606	176	363
V233	421	61	430	376	1	267
V234	296	310	26	369	249	238
V235	60	29	133	597	641	302
V236	92	26	243	979	60	327
V237	136	56	89	141	626	220
V238	81	33	150	78	371	166
V239	95	3	217	13	217	114
V240	762	53	52	440	116	325
V241	106	304	82	81	217	141
V242	146	608	431	374	311	317
V243	97	402	197	91	74	119
V244	349	91	121	374	21	257
V245	25	129	259	137	94	142
V246	50	119	118	54	230	128
V247	30	540	372	28	90	170
V248	148	38	202	68	378	212
V249	351	17	134	788	301	384
V250	233	170	708	176	92	233
V251	44	352	237	245	35	172
V252	64	246	71	54	579	176
V253	21	7	19	225	178	94
V254	357	44	31	218	186	184
V255	364	357	31	588	222	315
V256	305	507	434	386	29	259
V257	75	418	14	400	184	248
V258	81	77	84	560	260	256
V259	225	9	209	28	202	131
V260	53	309	155	7	270	148
V261	495	117	8	202	184	249
V262	92	58	13	476	149	209
V263	1070	72	67	55	155	303
V264	222	222	83	55	92	154
V265	304	11	161	184	4	101
V266	266	132	84	134	346	210
V267	387	3	119	251	28	228
V268	266	269	183	169	217	225
V269	24	451	179	302	17	221
V270	400	350	320	92	109	252
V271	21	101	219	251	155	155
V272	200	39	122	385	1	171
V273	526	14	349	56	119	211
V274	29	49	392	5	95	99
V275	32	516	236	212	54	171
V276	70	2	205	255	67	116
V277	68	95	637	232	99	182
V278	309	12	159	420	922	397
V279	266	241	147	330	147	233
V280	161	4	47	60	144	109
V281	601	11	221	269	42	256
V282	503	651	198	78	75	218
V283	104	163	234	31	98	106
V284	758	322	197	41	50	257
V285	499	19	27	134	229	265
V286	109	207	52	287	386	227
V287	1390	116	6	401	313	466
V288	427	163	253	368	81	337
V289	20	134	416	161	4	100
V290	122	102	114	0	446	169
V291	364	228	133	63	324	245
V292	116	40	44	139	225	134
V293	261	233	536	9	44	226
V294	206	366	212	31	130	171
V295	284	492	201	280	0	247
V296	107	45	158	148	489	242
V297	29	172	66	238	396	229
V298	67	183	604	257	98	219
V299	82	87	64	53	552	189
V300	14	258	494	33	38	116
V301	52	262	24	115	61	75
V302	142	310	150	2	1	92
V303	172	633	202	74	21	165
V304	21	769	168	154	109	174
V305	326	438	103	154	117	236
V306	161	58	168	597	253	279
V307	261	169	149	478	58	239
V308	5	125	87	296	186	159
V309	101	434	279	22	348	184
V310	59	161	55	129	232	114
V311	13	52	85	50	164	134
V312	162	510	61	245	380	242
V313	230	296	435	374	123	266
V314	36	0	167	0	187	90
V315	78	292	26	36	67	124
V316	65	559	159	250	404	294
V317	118	951	491	109	47	251
V318	349	502	35	94	597	294
V319	22	402	168	13	153	114
V320	694	7	90	170	13	218
V321	12	128	90	46	10	38
V322	110	34	235	12	39	71
V323	131	377	75	36	396	159
V324	4	145	409	188	170	169
V325	39	638	236	4	54	123
V326	512	162	3	165	72	196
V327	348	346	150	28	360	261
V328	370	49	25	65	261	170
V329	0	57	51	329	18	126
V330	55	67	208	314	242	184
V331	125	315	525	55	146	175
V332	314	177	19	144	99	193
V333	17	214	214	141	106	159
V334	59	86	237	213	250	168
V335	64	115	147	113	91	105
V336	317	12	15	45	166	143
V337	142	54	399	531	232	312
V338	136	174	127	180	119	122
V339	27	34	31	132	712	253
V340	23	906	515	24	364	302
V341	40	127	308	66	254	155
V342	57	333	556	17	201	163
V343	80	126	218	2	36	68
V344	231	113	158	61	275	211
V345	220	106	148	55	85	120
V346	144	770	16	747	127	359
V347	0	229	292	269	249	231
V348	546	102	75	35	23	187
V349	67	276	195	148	28	178
V350	167	99	490	122	653	286
V351	102	325	479	63	188	192
V352	103	38	410	345	211	237
V353	77	191	188	22	363	153
V354	297	60	253	550	129	260
V355	86	671	96	277	108	246
V356	67	63	630	247	89	180
V357	264	289	516	177	40	199
V358	20	114	24	99	118	105
V359	231	173	174	145	109	195
V360	155	10	288	167	183	155
V361	675	310	327	54	310	318
V362	44	23	21	183	202	106
V363	75	647	68	233	186	217
V364	28	197	369	74	201	160
V365	134	399	51	10	15	89
V366	111	113	52	379	443	246
V367	348	347	56	4	323	184
V368	22	345	43	253	634	285
V369	453	69	175	8	37	158
V370	4	17	64	135	445	151
V371	17	291	367	247	54	167
V372	71	307	15	194	178	148
V373	328	40	304	238	77	284
V374	124	459	1041	73	10	228
V375	48	86	377	138	29	109
V376	20	645	544	28	7	164
V377	301	239	324	62	26	207
V378	37	8	230	71	365	154
V379	172	89	379	273	601	269
V380	70	78	72	49	156	103
V381	103	173	471	308	70	178
V382	89	122	78	28	289	125
V383	459	25	240	111	212	209
V384	11	287	209	35	395	193
V385	327	23	66	205	15	118
V386	121	84	500	402	115	251
V387	135	58	61	272	32	127
V388	623	167	63	18	202	245
V389	3	9	261	75	117	89
V390	538	16	255	633	49	393
V391	166	1	596	205	168	189
V392	219	271	176	151	187	195
V393	62	258	11	161	41	118
V394	233	135	29	185	137	157
V395	3	87	437	460	37	185
V396	550	78	3	299	608	347
V397	347	333	100	38	1	134
V398	145	273	185	59	5	134
V399	88	186	5	136	133	103
V400	0	11	326	33	1	66
V401	76	172	52	201	171	133
V402	297	15	56	203	428	267
V403	199	400	354	173	493	291
V404	115	117	16	237	393	180
V405	146	258	391	293	56	185
V406	109	272	168	85	28	186
V407	104	370	198	236	210	200
V408	82	56	220	230	184	148
V409	20	276	45	284	164	161
V410	79	332	21	31	344	156
V411	93	379	523	413	567	346
V412	231	230	56	544	367	300
V413	145	30	741	759	200	363
V414	72	77	82	545	121	174
V415	359	112	298	289	15	186
V416	203	419	128	391	19	251
V417	321	58	71	400	40	234
V418	369	324	354	185	287	271
V419	62	732	95	443	404	326
V420	287	310	229	50	874	353
V421	361	314	190	171	106	236
V422	146	164	47	64	165	168
V423	136	538	40	923	214	392
V424	131	79	295	100	8	105
V425	450	101	541	0	150	200
V426	49	220	87	164	72	119
V427	622	277	15	219	264	279
V428	197	117	331	566	556	366
V429	73	346	665	195	305	248
V430	191	603	765	55	132	243
V431	264	373	447	236	62	239
V432	156	233	234	25	174	209
V433	156	28	360	267	199	236
V434	63	11	294	88	32	59
V435	81	79	233	190	96	123
V436	86	270	203	202	14	149
V437	187	1190	114	342	1435	616
V438	8	24	335	132	723	242
V439	34	135	440	99	162	161
V440	117	67	135	67	182	140
V441	272	62	240	98	2	126
V442	35	194	1217	78	145	232
V443	41	108	176	75	85	73
V444	188	75	68	404	7	147
V445	79	150	178	95	11	108
V446	516	467	249	292	128	249
V447	252	154	43	87	681	278
V448	25	40	193	60	3	58
V449	553	108	30	122	60	195
V450	14	75	75	188	69	101
V451	189	93	307	364	87	188
V452	562	108	146	0	3	144
V453	393	180	166	120	11	162
V454	9	1	63	65	227	71
V455	42	50	241	204	124	129
V456	120	109	26	5	320	111
V457	68	16	766	19	407	226
V458	119	49	111	221	84	152
V459	43	355	172	192	238	176
V460	186	208	19	38	25	103
V461	85	149	414	107	70	117
V462	12	5	44	107	20	55
V463	223	58	198	52	243	134
V464	512	204	120	345	29	249
V465	111	110	66	246	527	263
V466	20	154	399	471	330	262
V467	83	330	26	204	132	162
V468	420	55	9	149	150	151
V469	35	254	451	14	573	256
V470	391	1	90	57	527	213
V471	730	232	360	113	69	277
V472	312	203	345	286	19	204
V473	27	53	34	21	115	60
V474	923	13	24	180	57	269
V475	55	243	93	298	7	199
V476	93	56	22	552	844	433
V477	192	178	1064	25	160	234
V478	488	202	131	168	448	304
V479	207	665	105	203	447	287
V480	252	7	311	265	275	253
V481	254	297	123	145	98	220
V482	273	238	91	64	8	110
V483	97	32	14	30	85	64
V484	133	52	545	75	318	221
V485	372	293	155	420	115	259
V486	326	349	388	167	62	234
V487	477	26	29	190	60	193
V488	34	29	478	117	178	147
V489	0	367	26	206	35	110
V490	305	149	66	587	92	263
V491	31	185	24	214	171	166
V492	21	35	35	249	69	80
V493	77	107	109	10	419	133
V494	152	141	85	862	83	334
V495	72	85	607	13	212	142
V496	561	147	80	65	132	203
V497	388	149	211	134	30	159
V498	88	160	96	306	221	207
V499	50	4	146	704	78	219
V500	194	16	186	264	145	172
