Source001	Source002	Source003	Source004	Source005	Sink
V1	35	121	5	137	100	62
V2	208	98	94	1302	33	369
V3	31	1	271	172	711	208
V4	208	20	370	370	341	365
V5	233	25	47	76	113	106
V6	23	180	136	287	59	132
V7	371	96	168	251	457	210
V8	60	369	46	297	191	172
V9	396	84	222	263	19	217
V10	157	217	134	13	995	197
V11	106	206	249	27	34	121
V12	340	115	15	81	487	174
V13	90	226	755	130	47	326
V14	201	232	208	63	332	173
V15	164	437	182	25	82	209
V16	527	110	18	85	87	125
V17	98	310	119	32	474	173
V18	210	227	88	226	584	205
V19	87	88	105	319	204	182
V20	278	149	663	117	163	304
V21	106	278	534	148	250	310
V22	74	30	416	327	112	248
V23	175	18	218	208	196	198
V24	12	227	84	71	4	158
V25	142	80	32	467	147	176
V26	940	197	49	475	75	276
V27	402	119	433	92	269	252
V28	46	131	216	104	77	144
V29	32	102	676	61	180	279
V30	6	150	307	108	303	243
V31	38	278	311	82	22	161
V32	295	21	128	552	249	241
V33	240	468	10	129	36	148
V34	5	519	200	39	233	160
V35	41	452	519	103	66	250
V36	163	74	32	1	59	45
V37	61	336	20	39	226	103
V38	294	81	134	106	503	274
V39	509	237	179	345	463	274
V40	94	16	32	773	376	253
V41	52	67	202	175	32	157
V42	82	122	171	366	7	199
V43	49	284	17	0	63	59
V44	29	782	158	250	113	225
V45	115	869	610	201	5	400
V46	499	812	29	197	268	266
V47	199	3	180	121	783	211
V48	21	207	115	93	187	117
V49	8	374	278	614	213	348
V50	95	308	76	209	85	157
V51	647	49	41	97	824	199
V52	109	142	151	129	25	142
V53	285	374	35	83	184	138
V54	363	31	470	124	180	234
V55	323	177	342	266	92	246
V56	526	410	63	420	217	263
V57	47	77	96	44	102	81
V58	196	213	106	133	651	186
V59	2	0	24	12	33	38
V60	151	96	59	179	67	120
V61	25	103	107	265	134	142
V62	95	91	9	92	197	110
V63	203	157	75	102	195	114
V64	16	379	507	276	35	291
V65	543	6	85	168	111	156
V66	109	82	110	26	198	151
V67	79	91	110	128	271	103
V68	391	73	205	38	328	210
V69	17	24	129	56	67	87
V70	241	212	17	256	78	132
V71	333	230	85	286	138	187
V72	441	103	297	181	542	273
V73	467	22	280	509	248	299
V74	35	12	55	10	42	41
V75	59	202	16	30	11	50
V76	327	175	99	101	191	144
V77	89	14	272	117	2	152
V78	299	364	2	19	512	113
V79	111	138	107	65	688	140
V80	741	22	169	373	63	237
V81	173	131	78	868	277	326
V82	96	223	184	4	222	139
V83	285	15	198	48	440	153
V84	100	211	242	48	44	167
V85	203	27	84	277	120	152
V86	411	26	113	190	76	174
V87	119	1	5	131	615	107
V88	204	130	221	107	24	154
V89	551	523	209	437	228	357
V90	221	114	42	62	76	85
V91	189	105	70	155	96	162
V92	702	19	11	481	124	228
V93	75	437	58	70	147	136
V94	190	582	572	24	83	333
V95	44	12	48	25	6	75
V96	190	175	260	149	127	200
V97	19	9	66	12	97	44
V98	26	196	219	11	691	213
V99	110	11	163	24	126	95
V100	146	3	31	155	126	103
V101	101	44	252	47	353	162
V102	35	1027	166	82	60	225
V103	237	253	395	438	38	308
V104	309	7	312	231	368	233
V105	68	262	273	52	14	162
V106	240	33	24	352	24	133
V107	175	78	314	74	266	180
V108	177	21	401	556	244	356
V109	92	355	160	366	417	277
V110	24	252	185	386	121	218
V111	171	639	169	65	210	213
V112	22	89	249	616	562	347
V113	127	130	437	33	996	319
V114	276	51	397	477	35	316
V115	15	230	32	175	15	146
V116	50	25	40	60	291	81
V117	48	425	203	255	217	267
V118	63	188	5	300	114	135
V119	94	52	398	65	273	186
V120	18	223	269	63	56	142
V121	883	475	24	740	68	402
V122	299	116	141	64	327	181
V123	127	19	77	26	297	111
V124	300	564	103	98	54	175
V125	147	115	79	55	192	88
V126	358	236	211	82	25	161
V127	44	29	65	51	106	69
V128	55	81	153	232	91	117
V129	73	27	50	493	485	220
V130	18	155	136	152	266	117
V131	443	77	27	112	213	131
V132	890	81	223	176	343	269
V133	57	42	34	160	8	59
V134	103	20	11	68	23	39
V135	39	74	27	242	264	111
V136	199	119	274	76	79	177
V137	111	12	289	281	34	177
V138	423	440	66	306	20	223
V139	52	152	127	113	587	156
V140	162	82	77	211	36	96
V141	74	159	355	144	72	204
V142	167	131	398	630	193	346
V143	11	219	154	32	29	93
V144	330	84	676	170	217	332
V145	130	27	143	8	615	126
V146	676	468	236	28	28	224
V147	293	124	65	207	105	147
V148	56	99	410	152	90	234
V149	186	16	195	19	202	129
V150	318	100	25	119	176	127
V151	135	8	63	93	47	130
V152	47	11	27	713	365	244
V153	45	11	359	30	127	141
V154	929	170	63	406	262	266
V155	1172	244	30	135	612	269
V156	454	189	127	143	43	203
V157	134	127	796	140	138	324
V158	16	543	28	54	116	114
V159	333	85	6	778	125	288
V160	201	360	25	6	60	86
V161	340	120	35	65	107	101
V162	137	153	457	74	18	201
V163	298	246	48	97	538	166
V164	1	58	224	103	275	133
V165	161	71	405	38	133	217
V166	468	673	325	84	147	281
V167	12	88	7	33	71	86
V168	42	294	112	0	371	106
V169	95	14	8	408	538	188
V170	52	23	8	128	219	58
V171	76	33	135	141	132	111
V172	271	22	173	220	232	163
V173	20	88	181	22	443	128
V174	91	147	761	174	239	301
V175	411	59	15	427	532	207
V176	340	549	376	54	317	244
V177	41	587	243	192	243	246
V178	172	339	260	436	317	307
V179	94	50	382	276	484	263
V180	58	118	651	8	133	266
V181	136	21	166	150	185	153
V182	610	954	64	147	18	278
V183	57	9	339	156	415	203
V184	119	48	719	32	168	269
V185	191	77	208	366	514	232
V186	200	911	19	277	209	217
V187	98	39	56	357	17	139
V188	223	930	27	124	344	221
V189	141	658	8	0	332	191
V190	51	261	181	45	137	148
V191	451	164	67	175	17	135
V192	151	37	451	4	183	183
V193	257	617	199	607	0	344
V194	245	122	260	89	221	177
V195	43	522	843	246	75	409
V196	294	12	64	292	858	221
V197	420	81	943	44	124	352
V198	58	242	538	33	173	268
V199	75	7	103	434	40	153
V200	290	2	6	761	380	280
V201	3	26	104	65	127	142
V202	54	106	581	106	56	243
V203	22	90	641	63	200	236
V204	433	54	106	70	76	148
V205	29	279	190	75	48	164
V206	96	321	151	319	929	296
V207	264	542	200	208	125	266
V208	131	189	248	344	268	283
V209	229	116	50	15	502	103
V210	80	3	16	76	10	37
V211	330	126	17	361	162	175
V212	738	481	263	126	422	354
V213	15	25	164	362	262	202
V214	48	463	41	145	57	129
V215	71	7	98	238	23	133
V216	188	94	115	31	92	130
V217	130	50	348	19	57	132
V218	154	285	51	99	403	178
V219	156	128	300	451	47	263
V220	94	57	70	154	100	135
V221	174	710	84	267	106	219
V222	124	271	153	71	183	171
V223	425	171	79	323	540	235
V224	56	93	279	244	170	201
V225	7	63	14	188	158	112
V226	255	320	50	538	181	283
V227	628	155	608	493	208	459
V228	123	115	988	5	415	370
V229	483	125	52	257	29	201
V230	521	541	547	363	47	393
V231	261	250	308	150	48	202
V232	64	104	152	104	54	133
V233	538	48	60	69	50	107
V234	511	23	102	214	5	138
V235	48	130	171	120	36	138
V236	1	237	74	38	217	120
V237	91	19	17	40	263	63
V238	52	109	231	70	230	157
V239	23	303	55	303	5	178
V240	293	81	18	186	274	159
V241	307	198	74	16	189	142
V242	59	640	166	61	320	213
V243	26	17	473	471	11	276
V244	655	23	129	107	245	200
V245	12	12	218	662	273	304
V246	111	454	120	201	207	190
V247	542	134	15	365	104	216
V248	35	252	269	129	669	268
V249	221	92	15	17	76	70
V250	37	178	12	364	138	148
V251	362	45	245	3	54	148
V252	152	88	249	60	104	139
V253	367	116	693	780	306	507
V254	277	1059	840	152	194	496
V255	14	336	16	34	43	80
V256	281	186	183	77	30	144
V257	155	9	288	140	27	220
V258	34	73	79	28	221	78
V259	257	312	129	10	272	148
V260	532	326	161	817	194	404
V261	117	55	142	128	178	119
V262	40	779	257	136	120	276
V263	2	8	87	284	850	215
V264	176	433	55	23	260	140
V265	230	208	304	22	76	199
V266	236	143	83	396	250	214
V267	155	25	174	28	11	115
V268	480	127	50	260	7	152
V269	60	171	100	245	5	191
V270	67	146	323	62	434	178
V271	168	136	63	68	95	129
V272	63	273	86	27	221	97
V273	596	483	314	534	35	370
V274	64	160	221	398	252	237
V275	160	3	762	198	107	345
V276	65	206	243	142	72	171
V277	150	55	157	645	148	280
V278	481	273	246	3	360	210
V279	212	196	2	2	314	73
V280	212	127	71	443	15	188
V281	364	559	4	509	124	280
V282	20	127	140	449	37	174
V283	9	53	63	131	78	108
V284	590	23	276	170	68	246
V285	44	68	0	190	79	83
V286	325	74	502	165	74	295
V287	269	224	163	37	211	174
V288	100	87	47	303	83	137
V289	36	23	92	422	150	187
V290	201	17	260	73	16	139
V291	222	128	48	221	290	162
V292	107	390	28	117	363	143
V293	99	85	7	67	12	56
V294	18	561	157	443	40	305
V295	386	194	25	291	204	149
V296	192	300	216	195	154	208
V297	63	557	49	1011	115	423
V298	437	281	325	34	179	209
V299	58	111	132	226	7	166
V300	26	459	59	125	147	125
V301	108	118	310	104	85	182
V302	209	119	96	166	19	112
V303	122	24	677	28	505	292
V304	218	52	1354	174	169	514
V305	241	927	10	317	124	250
V306	310	125	76	19	143	101
V307	65	28	89	78	131	118
V308	206	99	36	82	235	83
V309	60	81	23	533	457	214
V310	282	241	47	216	126	171
V311	654	84	5	42	438	189
V312	35	171	390	445	77	270
V313	407	195	88	34	94	116
V314	1577	119	186	22	66	269
V315	421	183	81	186	208	208
V316	74	188	126	90	127	115
V317	16	1087	296	113	5	280
V318	97	78	71	99	72	89
V319	230	185	237	172	18	177
V320	1446	88	97	115	7	238
V321	37	177	109	49	133	105
V322	34	16	289	249	17	179
V323	49	374	1	49	508	117
V324	805	435	99	45	18	243
V325	129	441	42	70	359	174
V326	84	63	42	38	101	159
V327	100	338	41	132	620	186
V328	125	589	1178	94	116	471
V329	73	172	121	436	35	181
V330	92	203	165	130	291	167
V331	17	270	191	80	118	142
V332	178	241	4	729	13	297
V333	152	120	51	143	77	106
V334	153	53	50	437	377	201
V335	122	22	456	52	240	211
V336	380	372	135	27	365	193
V337	34	180	70	157	693	151
V338	296	202	153	39	219	159
V339	66	131	218	136	9	148
V340	555	848	42	200	52	275
V341	56	153	231	34	404	191
V342	194	129	17	605	155	260
V343	71	588	32	115	135	129
V344	42	97	29	410	70	145
V345	91	99	675	133	44	269
V346	23	31	48	384	262	197
V347	115	116	56	480	167	218
V348	94	114	128	133	32	145
V349	160	33	342	212	803	264
V350	49	252	74	47	153	114
V351	555	992	8	119	227	251
V352	196	206	66	129	89	101
V353	5	54	192	13	349	129
V354	63	304	170	165	361	216
V355	32	39	169	53	456	151
V356	14	109	50	471	105	166
V357	441	432	23	53	362	212
V358	55	309	193	246	6	218
V359	153	285	94	304	66	193
V360	96	15	264	191	171	137
V361	8	135	90	293	71	155
V362	115	582	129	173	114	218
V363	367	302	168	29	110	178
V364	296	46	365	3	141	147
V365	94	299	9	82	14	135
V366	121	73	127	380	443	217
V367	509	102	222	180	2	234
V368	110	260	94	100	454	164
V369	373	465	204	40	842	270
V370	50	120	429	8	31	170
V371	199	529	404	252	20	322
V372	141	17	263	75	517	167
V373	116	237	191	41	141	128
V374	258	250	254	56	158	169
V375	24	71	224	19	15	102
V376	79	445	191	628	130	326
V377	735	452	205	146	159	278
V378	96	165	20	148	25	197
V379	28	106	58	823	89	272
V380	322	284	17	62	25	88
V381	1	398	94	140	145	230
V382	324	161	366	197	218	238
V383	0	91	559	349	269	323
V384	38	345	199	7	18	133
V385	293	163	12	211	293	222
V386	345	127	591	157	368	302
V387	1	667	14	20	192	153
V388	534	213	43	323	163	182
V389	36	335	129	28	137	90
V390	331	12	443	204	294	290
V391	20	159	368	156	3	198
V392	356	267	15	390	820	287
V393	249	108	48	25	65	68
V394	274	162	11	91	91	98
V395	76	118	326	198	5	224
V396	62	55	1008	206	49	358
V397	170	201	41	62	172	101
V398	20	517	273	124	634	273
V399	374	255	408	567	99	361
V400	342	73	97	337	97	208
V401	81	175	260	4	164	176
V402	179	228	210	100	222	175
V403	29	12	52	502	296	208
V404	257	179	146	994	11	379
V405	387	84	53	291	235	206
V406	436	458	142	249	45	279
V407	83	387	585	209	151	398
V408	175	609	25	107	426	188
V409	66	205	73	108	349	121
V410	44	635	17	98	264	168
V411	102	179	320	136	297	241
V412	301	87	355	371	411	345
V413	145	1	30	176	58	60
V414	597	15	266	1101	85	507
V415	228	281	104	266	418	234
V416	97	74	651	277	7	295
V417	42	115	349	1	0	188
V418	611	56	453	107	228	356
V419	345	527	1063	122	59	546
V420	244	334	296	6	255	193
V421	83	295	486	8	516	231
V422	223	197	32	443	42	242
V423	60	54	237	272	298	232
V424	205	428	56	143	57	127
V425	39	151	332	177	34	233
V426	520	118	383	78	150	253
V427	35	201	577	108	265	251
V428	492	98	114	60	315	183
V429	95	150	215	9	267	123
V430	48	380	92	493	10	254
V431	303	158	206	124	89	171
V432	174	99	123	0	209	86
V433	91	337	7	473	157	205
V434	158	500	72	90	72	195
V435	234	577	755	113	148	361
V436	759	291	11	266	222	212
V437	440	4	6	44	565	144
V438	164	224	68	302	57	153
V439	331	130	135	35	529	172
V440	669	16	999	158	167	436
V441	22	201	259	205	278	203
V442	61	494	686	207	147	362
V443	71	628	97	289	444	310
V444	65	38	200	173	118	145
V445	173	24	110	4	545	108
V446	383	71	328	334	117	283
V447	111	160	79	4	104	75
V448	29	21	95	9	54	66
V449	635	16	120	205	16	193
V450	2	1014	705	270	351	443
V451	193	508	477	445	25	379
V452	33	157	674	67	17	272
V453	115	9	103	13	68	51
V454	54	40	454	265	172	231
V455	180	305	195	305	115	277
V456	29	0	174	327	29	183
V457	299	7	382	19	319	308
V458	121	60	522	144	41	214
V459	42	162	45	359	17	139
V460	7	172	103	20	17	81
V461	139	126	231	191	125	178
V462	29	163	48	151	272	113
V463	23	21	263	343	204	166
V464	33	30	285	192	317	238
V465	238	142	717	27	23	276
V466	197	86	358	420	40	307
V467	0	114	16	23	118	38
V468	39	41	0	30	482	77
V469	240	313	220	325	78	253
V470	453	393	998	86	13	518
V471	53	105	153	185	197	142
V472	223	146	97	35	83	82
V473	97	254	53	793	45	299
V474	6	9	315	270	386	259
V475	501	67	82	171	100	156
V476	97	80	125	448	256	273
V477	143	11	55	1796	44	497
V478	92	248	56	6	415	108
V479	79	18	3	20	260	59
V480	623	6	91	146	166	166
V481	179	204	181	100	610	173
V482	51	115	166	349	112	184
V483	428	34	598	235	299	340
V484	141	317	234	956	568	460
V485	52	116	8	133	114	120
V486	16	284	31	74	75	61
V487	93	92	201	46	493	136
V488	44	87	221	152	147	150
V489	532	84	521	137	407	279
V490	205	2	84	159	87	211
V491	179	32	13	274	39	124
V492	46	636	76	349	139	209
V493	91	164	392	590	321	391
V494	297	181	162	37	239	149
V495	43	15	179	186	245	137
V496	355	138	72	236	313	173
V497	234	56	13	107	247	98
V498	481	171	49	153	515	260
V499	209	251	7	35	67	92
V500	139	25	16	113	332	114
