Source001	Source002	Source003	Source004	Source005	Sink
V1	307	136	314	160	107	294
V2	431	258	331	13	206	256
V3	66	52	222	649	42	166
V4	61	249	379	158	175	243
V5	159	32	367	467	232	204
V6	219	3	20	42	187	125
V7	111	110	78	149	25	82
V8	174	338	42	81	117	166
V9	207	476	67	140	99	185
V10	940	88	301	138	662	467
V11	52	210	249	160	37	146
V12	80	272	57	27	651	217
V13	382	80	263	38	191	180
V14	112	457	139	154	48	173
V15	610	10	305	983	566	424
V16	16	235	23	4	216	97
V17	76	208	23	113	526	180
V18	871	1	43	90	624	282
V19	15	314	54	76	248	156
V20	115	259	521	5	241	218
V21	294	765	141	382	15	316
V22	213	11	224	59	16	134
V23	53	56	110	162	88	97
V24	73	134	246	110	511	215
V25	28	60	384	98	13	135
V26	28	36	280	348	113	155
V27	153	172	7	294	374	173
V28	78	60	82	39	146	72
V29	44	37	203	488	1021	342
V30	60	853	486	224	111	317
V31	13	212	313	129	37	140
V32	3	34	104	258	49	97
V33	90	10	110	9	321	128
V34	296	34	112	240	140	175
V35	268	298	59	354	824	335
V36	498	74	118	357	35	245
V37	70	127	28	22	421	127
V38	60	61	55	386	184	157
V39	307	58	5	30	41	90
V40	240	124	53	100	30	119
V41	1	278	303	691	349	314
V42	41	91	45	89	53	108
V43	94	1258	48	208	430	370
V44	32	63	5	143	108	49
V45	200	372	159	179	11	172
V46	324	524	0	322	86	240
V47	3	37	285	281	123	194
V48	43	30	149	113	141	102
V49	277	10	264	21	272	146
V50	435	149	1083	222	41	450
V51	1113	221	83	566	0	421
V52	487	174	45	13	58	159
V53	385	374	134	146	28	223
V54	81	29	189	74	78	97
V55	358	378	52	134	52	275
V56	106	374	428	139	565	315
V57	416	21	307	47	14	157
V58	5	154	570	358	52	224
V59	397	173	454	167	202	250
V60	59	242	522	7	194	258
V61	14	160	358	4	92	166
V62	8	139	17	32	125	73
V63	104	303	20	143	292	151
V64	18	104	355	23	318	179
V65	150	1	89	98	107	105
V66	310	38	44	308	405	192
V67	312	12	28	366	38	110
V68	301	77	152	5	38	112
V69	211	97	629	0	121	278
V70	3	379	185	212	316	231
V71	456	406	99	785	138	291
V72	14	58	49	30	68	73
V73	156	48	16	250	336	130
V74	386	536	248	41	7	254
V75	17	236	895	74	326	373
V76	97	55	39	607	179	167
V77	309	179	144	5	36	123
V78	438	2	77	79	307	174
V79	121	74	575	266	87	277
V80	529	265	119	183	307	236
V81	248	19	168	918	55	269
V82	37	246	6	103	333	117
V83	6	47	347	90	142	133
V84	244	81	0	35	23	71
V85	7	96	184	70	212	126
V86	185	35	28	61	194	89
V87	120	215	167	191	47	140
V88	58	135	120	280	410	192
V89	532	61	310	97	269	230
V90	410	134	274	34	391	272
V91	241	57	14	69	15	95
V92	803	180	71	224	706	363
V93	409	655	395	41	149	352
V94	77	713	318	246	47	263
V95	157	213	60	3	171	167
V96	531	696	36	16	5	241
V97	571	173	5	395	307	291
V98	161	56	66	19	82	75
V99	1	235	4	395	547	180
V100	31	296	197	32	152	190
V101	63	63	0	20	197	71
V102	53	83	708	256	38	291
V103	102	41	39	66	273	121
V104	378	55	109	101	191	169
V105	114	145	362	312	434	271
V106	15	47	18	625	257	129
V107	416	168	98	216	44	171
V108	1277	326	278	820	110	503
V109	154	249	112	112	58	153
V110	315	638	22	67	67	248
V111	144	334	102	341	220	242
V112	77	192	187	174	185	156
V113	102	22	66	457	164	102
V114	99	131	136	230	158	155
V115	64	716	165	384	16	269
V116	86	38	8	718	137	195
V117	135	98	426	307	54	231
V118	235	101	445	97	49	202
V119	39	423	173	197	46	167
V120	274	357	126	54	39	175
V121	283	417	43	398	364	247
V122	453	415	799	161	81	389
V123	163	49	61	208	295	135
V124	152	130	388	116	126	197
V125	802	27	121	247	474	280
V126	128	63	9	385	2	131
V127	426	331	94	205	24	218
V128	50	442	213	61	38	197
V129	93	19	159	385	68	114
V130	6	187	43	15	221	111
V131	199	76	84	110	283	137
V132	13	130	865	94	89	276
V133	297	132	77	137	105	158
V134	84	18	428	72	421	205
V135	73	162	312	15	128	177
V136	108	21	21	10	507	157
V137	55	266	152	35	100	166
V138	68	127	144	88	90	137
V139	413	151	59	181	8	135
V140	350	227	483	23	305	284
V141	35	24	291	26	333	150
V142	151	65	17	222	357	167
V143	241	142	320	167	107	239
V144	88	29	287	105	434	179
V145	13	629	102	282	243	222
V146	57	175	593	3	10	175
V147	339	150	44	21	126	163
V148	41	157	224	49	97	144
V149	18	308	110	118	371	174
V150	109	325	304	97	127	210
V151	512	86	174	172	149	205
V152	70	181	311	307	36	170
V153	31	29	168	267	143	118
V154	202	236	175	106	66	164
V155	40	339	50	790	306	255
V156	55	8	106	106	75	48
V157	55	18	83	160	130	88
V158	1	209	20	3	255	104
V159	138	159	198	409	127	186
V160	109	25	202	350	436	196
V161	258	14	342	1397	238	356
V162	138	172	6	29	6	74
V163	103	123	161	775	275	205
V164	183	50	32	266	12	96
V165	140	359	36	135	542	207
V166	85	39	146	21	26	82
V167	801	375	281	28	110	338
V168	66	59	89	164	204	172
V169	148	96	119	57	271	131
V170	45	94	428	189	271	213
V171	465	120	307	27	312	212
V172	71	36	130	42	453	133
V173	155	221	62	64	837	209
V174	141	6	71	5	37	142
V175	48	364	290	213	538	279
V176	143	134	640	49	511	306
V177	138	48	97	24	17	113
V178	370	28	33	41	243	136
V179	64	145	192	857	19	237
V180	57	373	277	122	15	201
V181	297	207	223	53	475	224
V182	231	29	125	35	417	175
V183	334	623	58	66	267	246
V184	87	82	632	838	144	387
V185	885	2	94	649	193	310
V186	16	316	250	315	69	248
V187	36	6	15	416	250	182
V188	286	16	24	126	54	89
V189	498	93	118	115	14	191
V190	279	287	363	586	688	362
V191	10	68	41	56	78	50
V192	14	457	1	121	248	179
V193	129	206	291	352	266	212
V194	37	26	203	82	86	131
V195	83	202	125	71	128	147
V196	314	234	183	290	98	224
V197	212	216	165	429	486	236
V198	111	180	282	315	134	243
V199	234	192	101	7	272	199
V200	609	261	724	117	92	401
V201	45	340	98	90	20	146
V202	78	355	70	173	10	142
V203	69	94	142	316	346	169
V204	53	183	39	238	452	190
V205	888	350	253	1189	10	483
V206	621	36	132	203	251	224
V207	185	161	289	70	40	170
V208	259	109	442	268	138	247
V209	0	57	221	182	547	189
V210	219	81	184	320	482	281
V211	6	181	35	18	380	131
V212	76	113	224	144	294	206
V213	43	115	2	123	195	110
V214	222	186	367	48	174	215
V215	116	206	230	338	77	185
V216	413	159	83	24	128	142
V217	202	319	206	69	463	227
V218	229	17	174	163	83	142
V219	133	330	440	47	207	249
V220	414	97	64	103	578	245
V221	166	716	42	167	4	218
V222	470	800	82	322	24	309
V223	8	28	292	24	147	163
V224	219	362	317	739	285	376
V225	90	38	282	494	60	186
V226	117	131	36	528	67	135
V227	168	53	327	31	113	135
V228	199	32	24	423	143	145
V229	169	46	204	215	133	132
V230	71	226	486	44	50	218
V231	29	424	428	547	28	255
V232	18	373	172	102	44	146
V233	71	149	52	48	58	72
V234	192	115	30	108	602	234
V235	292	85	670	43	128	262
V236	97	171	26	241	255	139
V237	427	22	183	184	427	228
V238	400	472	267	251	409	340
V239	564	3	52	26	103	136
V240	62	107	756	138	384	317
V241	346	17	236	486	104	301
V242	534	52	9	110	225	193
V243	163	36	214	94	76	118
V244	117	186	6	379	133	159
V245	97	0	792	281	279	350
V246	122	3	279	43	824	297
V247	12	545	35	149	34	196
V248	84	206	36	51	505	261
V249	96	3	722	0	78	229
V250	57	258	459	202	907	360
V251	406	104	101	201	177	195
V252	38	336	355	254	6	217
V253	8	0	29	80	24	38
V254	176	270	478	306	10	251
V255	81	265	12	447	127	172
V256	128	147	181	83	130	153
V257	157	136	507	272	49	254
V258	36	2	85	664	166	140
V259	26	145	160	113	67	114
V260	99	32	123	125	32	109
V261	303	229	103	109	22	152
V262	1065	31	319	331	226	346
V263	531	2	300	351	165	258
V264	456	204	263	389	8	250
V265	212	563	180	277	335	370
V266	56	566	488	5	88	230
V267	1371	32	710	125	70	422
V268	101	267	403	7	58	178
V269	121	136	89	152	250	154
V270	127	477	232	102	167	320
V271	3	346	173	200	250	178
V272	23	9	14	167	526	109
V273	409	118	220	136	138	183
V274	13	315	351	12	92	154
V275	219	47	24	108	29	80
V276	93	110	199	201	10	116
V277	712	585	167	276	73	353
V278	8	230	331	320	93	226
V279	69	192	387	47	6	179
V280	198	84	118	39	72	190
V281	168	498	347	106	155	244
V282	221	1072	336	478	1	431
V283	116	5	8	86	832	165
V284	120	79	72	29	60	151
V285	78	137	476	206	56	208
V286	61	280	73	422	21	178
V287	93	24	21	56	412	122
V288	239	235	91	294	139	171
V289	202	162	310	108	233	186
V290	84	388	76	34	13	118
V291	148	161	4	48	168	103
V292	332	45	232	232	49	172
V293	8	267	432	358	199	268
V294	128	23	7	31	260	93
V295	671	9	34	44	23	161
V296	1086	456	84	25	74	332
V297	99	33	172	246	303	207
V298	31	239	95	21	284	169
V299	353	493	5	325	136	249
V300	195	182	153	11	726	244
V301	93	175	169	38	26	107
V302	100	363	0	36	72	120
V303	111	43	36	250	567	168
V304	102	241	382	81	148	206
V305	22	79	122	27	400	132
V306	0	80	653	182	153	227
V307	3	208	318	82	18	146
V308	90	413	122	207	376	216
V309	49	64	61	760	7	158
V310	259	67	181	228	136	173
V311	192	64	16	62	44	95
V312	285	587	56	47	66	191
V313	255	20	473	318	643	314
V314	74	538	144	259	107	239
V315	733	87	199	55	76	220
V316	351	281	246	391	227	279
V317	116	167	39	2	110	122
V318	278	353	202	33	245	190
V319	110	328	4	266	27	132
V320	258	295	143	95	51	212
V321	15	32	16	647	11	115
V322	25	252	9	656	40	171
V323	195	241	134	32	194	168
V324	38	180	355	471	247	227
V325	107	148	68	64	5	90
V326	211	42	25	21	213	118
V327	189	106	55	4	364	119
V328	214	130	41	544	181	201
V329	139	113	264	108	90	159
V330	132	1011	79	231	238	294
V331	89	99	187	402	181	184
V332	350	123	285	168	36	204
V333	159	98	239	180	180	167
V334	80	156	350	242	1303	399
V335	373	13	194	71	360	204
V336	28	34	12	412	221	136
V337	187	108	260	107	62	223
V338	268	423	141	84	88	208
V339	166	63	38	814	364	241
V340	9	72	407	223	212	194
V341	41	720	26	148	422	300
V342	350	172	248	154	74	187
V343	48	234	117	110	54	108
V344	241	930	187	229	97	358
V345	29	160	281	145	125	138
V346	187	460	213	785	76	384
V347	174	516	52	98	710	260
V348	405	88	187	220	695	240
V349	117	456	65	15	74	175
V350	51	7	23	198	88	55
V351	63	133	5	32	566	159
V352	60	14	101	22	63	75
V353	118	57	178	45	518	205
V354	687	277	265	127	38	307
V355	111	59	40	27	280	93
V356	38	76	305	103	17	120
V357	35	251	157	73	20	102
V358	56	145	31	182	90	94
V359	258	299	270	169	493	295
V360	214	308	136	385	79	206
V361	98	303	80	487	627	274
V362	54	150	140	200	159	135
V363	476	246	44	295	139	208
V364	84	359	277	107	166	229
V365	5	497	253	81	7	173
V366	213	36	31	43	392	131
V367	29	629	85	23	318	235
V368	80	224	422	279	84	244
V369	23	22	241	7	98	126
V370	311	41	3	400	644	232
V371	326	98	222	70	378	228
V372	584	26	15	43	467	279
V373	161	76	121	4	207	156
V374	38	136	72	266	74	130
V375	175	610	146	95	118	229
V376	120	314	349	291	79	258
V377	264	496	80	327	214	287
V378	61	161	357	120	16	187
V379	687	94	6	33	490	243
V380	121	104	453	272	519	323
V381	298	397	57	198	45	174
V382	187	216	206	85	254	168
V383	233	447	92	267	367	246
V384	294	98	388	123	613	282
V385	120	18	170	123	82	91
V386	1	2	10	27	174	39
V387	193	353	73	282	81	203
V388	141	551	18	809	13	276
V389	91	81	377	169	943	316
V390	221	461	1113	170	234	449
V391	22	156	68	217	171	120
V392	220	96	3	209	160	111
V393	126	628	129	550	285	299
V394	23	222	42	24	213	78
V395	266	51	19	196	38	126
V396	19	181	61	82	108	108
V397	582	190	561	32	40	297
V398	261	278	95	250	248	211
V399	335	296	234	363	120	279
V400	237	75	4	175	241	117
V401	83	237	780	476	153	341
V402	53	673	1	75	434	221
V403	147	27	503	680	57	266
V404	93	330	38	192	52	102
V405	112	224	364	45	317	207
V406	279	231	371	172	438	277
V407	27	114	322	162	12	119
V408	62	13	213	152	30	89
V409	143	582	133	25	40	201
V410	745	250	24	459	482	323
V411	566	329	145	67	420	284
V412	155	59	293	171	35	165
V413	130	94	80	134	213	132
V414	105	621	162	342	439	321
V415	214	356	46	7	16	113
V416	320	144	117	13	657	294
V417	406	245	27	106	42	153
V418	315	9	355	62	60	155
V419	54	267	26	456	31	156
V420	342	6	14	614	182	207
V421	5	374	752	264	293	342
V422	131	258	139	594	435	285
V423	19	79	6	3	212	57
V424	8	66	170	248	315	130
V425	0	131	972	28	207	318
V426	572	67	111	403	27	201
V427	42	53	7	14	6	52
V428	7	33	17	42	44	28
V429	60	261	37	111	797	199
V430	513	441	113	45	254	275
V431	25	83	146	25	35	83
V432	203	78	29	243	228	118
V433	23	268	182	764	124	218
V434	225	18	94	337	144	161
V435	52	566	126	69	445	242
V436	61	611	156	52	87	209
V437	383	37	44	275	24	214
V438	896	187	855	216	2	408
V439	23	375	265	177	9	188
V440	200	205	42	188	462	218
V441	273	19	185	124	131	154
V442	2	42	214	408	297	200
V443	77	156	226	254	62	191
V444	192	0	89	1	8	73
V445	143	148	157	328	241	186
V446	81	15	147	247	524	184
V447	164	182	868	76	227	334
V448	223	267	627	11	16	254
V449	122	193	213	60	272	169
V450	123	201	455	422	273	291
V451	387	342	0	91	54	166
V452	104	34	17	136	111	68
V453	61	367	438	140	24	192
V454	754	61	239	121	538	333
V455	366	263	284	136	34	273
V456	110	30	126	152	19	86
V457	13	282	379	53	51	174
V458	24	134	118	92	18	106
V459	16	126	350	51	543	236
V460	61	53	157	174	160	142
V461	612	79	380	44	91	246
V462	22	480	280	575	155	301
V463	179	178	150	295	422	246
V464	47	13	62	188	16	94
V465	73	105	1	43	181	60
V466	109	622	28	45	34	152
V467	662	303	726	79	26	344
V468	262	47	176	14	1209	305
V469	51	89	51	518	159	153
V470	66	25	193	600	65	142
V471	123	12	417	415	7	198
V472	37	72	262	119	368	198
V473	140	303	183	159	312	205
V474	67	114	128	308	98	171
V475	624	180	551	33	165	318
V476	444	393	68	464	40	264
V477	5	130	675	158	222	243
V478	17	38	96	39	72	55
V479	36	1161	650	290	110	444
V480	262	26	360	297	41	210
V481	1091	81	220	220	129	293
V482	193	27	80	452	125	151
V483	152	210	229	33	70	122
V484	154	183	355	91	37	200
V485	39	118	65	76	331	108
V486	271	503	86	531	81	266
V487	412	67	53	28	8	93
V488	502	150	137	69	236	270
V489	113	578	395	157	46	258
V490	260	32	332	421	13	191
V491	197	77	149	64	329	159
V492	178	668	145	186	61	275
V493	317	35	42	397	64	173
V494	100	12	136	126	18	111
V495	424	153	26	172	33	168
V496	45	29	367	231	129	200
V497	130	532	190	144	127	239
V498	272	200	164	92	142	168
V499	203	25	437	13	258	219
V500	343	249	460	75	216	298
