Source001	Source002	Source003	Source004	Source005	Sink
V1	62	15	116	398	379	206
V2	33	19	29	246	10	49
V3	14	145	53	564	4	111
V4	0	5	54	167	240	150
V5	184	214	254	58	208	195
V6	109	15	141	193	112	113
V7	277	160	162	441	164	220
V8	351	532	34	25	103	205
V9	44	97	204	387	245	186
V10	203	204	110	196	21	140
V11	209	526	458	13	72	229
V12	393	248	192	521	154	264
V13	236	8	151	378	100	140
V14	37	416	112	105	512	279
V15	195	45	42	300	437	195
V16	113	114	67	206	156	125
V17	96	253	1055	67	214	333
V18	65	4	35	258	183	105
V19	213	180	273	226	252	224
V20	41	365	67	126	188	146
V21	81	70	0	240	94	141
V22	264	33	82	184	961	353
V23	103	165	32	171	50	89
V24	62	101	0	30	125	58
V25	265	54	125	218	322	181
V26	501	403	327	378	42	248
V27	145	601	316	113	146	264
V28	218	166	280	208	374	256
V29	93	154	206	762	89	215
V30	244	268	245	150	161	193
V31	126	241	286	91	14	168
V32	426	20	94	18	376	182
V33	196	58	6	265	38	103
V34	68	40	204	135	21	74
V35	30	1194	55	357	156	380
V36	33	320	149	83	95	140
V37	125	105	84	358	37	131
V38	607	74	238	280	29	205
V39	56	162	689	173	249	276
V40	14	465	247	460	382	313
V41	8	179	68	93	70	68
V42	48	16	350	36	208	150
V43	162	69	21	139	13	51
V44	51	231	241	352	18	171
V45	57	256	59	425	103	155
V46	169	163	159	9	239	171
V47	580	453	217	53	77	275
V48	271	453	130	105	194	217
V49	20	87	235	37	7	71
V50	407	67	24	178	116	182
V51	148	11	9	6	472	177
V52	550	176	344	74	174	252
V53	75	131	161	415	132	138
V54	26	91	124	32	2	60
V55	602	86	7	459	66	168
V56	69	70	94	41	92	150
V57	238	403	474	127	68	265
V58	299	345	67	228	126	208
V59	299	340	258	292	115	301
V60	238	18	385	167	1175	435
V61	106	275	35	283	661	301
V62	352	4	266	142	147	159
V63	4	212	0	117	27	99
V64	511	171	105	136	120	172
V65	281	78	281	528	48	183
V66	479	174	83	30	145	176
V67	354	438	467	388	132	284
V68	558	401	549	5	177	279
V69	396	151	87	195	623	309
V70	24	335	465	277	5	187
V71	85	139	205	565	282	255
V72	197	143	14	187	112	111
V73	257	541	496	101	162	334
V74	675	8	259	21	199	196
V75	272	61	14	76	90	109
V76	295	39	122	197	275	157
V77	65	248	101	229	503	230
V78	483	75	14	95	915	326
V79	233	358	276	325	283	265
V80	141	36	4	193	91	108
V81	266	281	129	293	361	297
V82	763	130	196	11	167	219
V83	932	272	239	44	13	261
V84	97	262	39	1377	66	287
V85	744	749	119	187	208	429
V86	474	63	145	118	131	172
V87	99	284	130	264	110	150
V88	417	1336	173	409	187	483
V89	296	72	48	50	254	149
V90	260	477	303	77	203	265
V91	3	4	66	183	332	152
V92	47	14	274	74	161	124
V93	63	3	63	232	56	78
V94	20	44	359	288	859	327
V95	85	813	217	188	44	293
V96	138	344	154	302	119	189
V97	98	42	241	275	240	187
V98	167	21	240	348	103	176
V99	646	86	2	10	46	116
V100	175	72	35	85	145	108
V101	21	116	62	570	197	182
V102	188	151	1021	155	696	446
V103	282	282	121	105	457	299
V104	15	135	528	14	188	179
V105	85	403	294	68	68	211
V106	81	245	178	92	98	163
V107	15	232	624	46	114	268
V108	40	39	4	98	59	43
V109	132	29	202	467	303	287
V110	409	89	161	403	300	231
V111	102	339	130	182	158	187
V112	0	31	35	132	105	94
V113	280	182	107	163	107	154
V114	109	193	655	223	540	320
V115	21	176	87	419	126	191
V116	665	366	143	8	31	193
V117	163	141	5	181	80	177
V118	261	319	229	94	500	290
V119	73	212	35	281	124	141
V120	203	111	627	197	99	241
V121	143	50	14	646	76	141
V122	193	226	303	55	212	170
V123	65	250	476	294	612	380
V124	59	599	532	44	16	274
V125	74	146	669	15	124	228
V126	363	558	141	52	111	238
V127	280	265	33	122	162	179
V128	489	64	202	124	96	184
V129	746	244	65	138	56	199
V130	135	205	113	876	48	248
V131	107	92	417	164	48	141
V132	130	70	108	63	53	93
V133	501	109	275	86	29	145
V134	417	422	126	0	211	266
V135	97	53	308	1062	305	313
V136	164	1	513	159	214	192
V137	170	437	194	657	222	298
V138	303	143	552	222	592	376
V139	321	105	775	67	332	349
V140	334	173	161	583	842	417
V141	344	120	528	110	64	225
V142	480	174	98	72	186	167
V143	160	126	53	127	76	125
V144	216	138	105	183	57	142
V145	135	400	644	9	63	271
V146	143	744	175	122	74	280
V147	148	47	79	11	1	78
V148	238	30	335	218	218	159
V149	278	489	472	30	75	276
V150	55	2	35	639	308	224
V151	547	51	514	40	231	284
V152	103	79	117	104	333	148
V153	78	30	52	713	325	233
V154	75	189	122	416	144	148
V155	261	88	40	105	177	141
V156	52	72	10	184	326	154
V157	18	576	92	340	44	242
V158	44	77	81	309	621	245
V159	35	293	65	321	188	181
V160	424	31	218	5	940	399
V161	13	8	12	337	3	92
V162	381	221	413	210	174	240
V163	134	208	256	9	162	152
V164	405	33	31	49	182	159
V165	509	179	456	67	114	251
V166	321	544	70	410	53	252
V167	456	374	57	150	6	217
V168	240	169	86	259	487	254
V169	3	338	12	161	532	277
V170	6	93	156	412	137	205
V171	559	665	189	51	4	253
V172	238	14	30	203	167	121
V173	119	66	174	227	61	117
V174	64	47	347	6	208	161
V175	66	241	95	179	63	144
V176	12	174	118	135	107	103
V177	10	306	620	280	734	443
V178	18	286	530	123	515	335
V179	30	609	179	265	2	246
V180	142	251	126	22	471	248
V181	150	55	20	746	365	294
V182	119	217	79	382	216	206
V183	75	115	110	157	448	199
V184	227	801	222	12	218	348
V185	138	101	629	172	125	212
V186	14	200	267	77	190	168
V187	440	56	272	204	209	195
V188	60	185	625	166	621	370
V189	36	231	160	253	62	144
V190	2	118	658	81	170	243
V191	258	116	171	97	113	154
V192	1	202	31	152	290	144
V193	240	249	22	200	155	210
V194	461	140	118	181	26	141
V195	138	35	329	186	442	255
V196	257	176	16	342	82	153
V197	77	668	58	288	273	303
V198	188	62	170	27	217	141
V199	105	67	647	4	304	260
V200	9	302	138	247	257	219
V201	211	207	21	39	384	193
V202	160	9	191	22	127	162
V203	96	221	192	23	38	151
V204	61	609	73	183	45	187
V205	301	638	30	80	182	259
V206	261	19	590	160	109	166
V207	37	363	82	73	266	176
V208	323	583	22	106	294	294
V209	45	115	55	134	56	88
V210	107	305	43	103	1	127
V211	24	504	83	219	253	236
V212	148	564	27	1724	0	372
V213	556	74	699	143	27	261
V214	641	51	123	5	268	163
V215	20	56	4	347	108	102
V216	573	45	27	146	45	144
V217	14	304	197	78	748	332
V218	56	132	37	720	114	184
V219	21	88	298	51	55	89
V220	239	29	6	238	3	130
V221	419	167	242	123	179	192
V222	114	58	250	91	363	184
V223	263	254	95	44	108	161
V224	205	388	92	246	298	344
V225	191	40	72	27	70	67
V226	38	619	282	27	65	215
V227	95	51	13	302	106	113
V228	81	341	93	298	38	175
V229	214	68	86	122	148	144
V230	17	1	195	167	727	287
V231	81	32	32	307	169	114
V232	179	206	817	275	118	323
V233	119	645	26	39	56	206
V234	9	160	325	333	217	264
V235	350	983	70	69	212	356
V236	710	396	280	212	3	261
V237	151	29	575	35	51	185
V238	207	245	57	1067	201	267
V239	434	43	271	78	395	210
V240	49	330	110	19	232	182
V241	273	61	197	118	419	186
V242	18	52	259	54	90	94
V243	185	28	46	102	138	92
V244	260	248	169	325	71	224
V245	212	236	537	139	68	211
V246	39	166	262	319	66	178
V247	264	339	224	20	263	221
V248	663	174	867	19	89	283
V249	115	4	181	12	160	102
V250	209	146	254	245	423	249
V251	2	228	6	144	105	136
V252	362	60	151	193	598	287
V253	389	474	210	74	185	267
V254	6	67	143	135	225	104
V255	9	248	50	69	262	157
V256	383	32	38	302	390	213
V257	403	88	203	45	89	133
V258	23	197	697	135	122	267
V259	82	23	237	163	162	107
V260	156	29	157	85	391	185
V261	480	142	35	97	221	208
V262	152	65	47	43	22	65
V263	195	15	33	465	45	119
V264	77	572	125	22	41	200
V265	296	97	61	133	130	117
V266	114	17	44	15	339	163
V267	387	31	6	5	272	181
V268	25	130	85	436	54	167
V269	127	27	44	87	73	66
V270	133	1	107	116	155	93
V271	488	458	288	152	17	232
V272	8	271	259	214	94	184
V273	181	25	136	200	415	201
V274	509	368	163	96	148	222
V275	108	586	168	191	336	324
V276	536	42	14	135	473	227
V277	108	636	68	40	20	193
V278	339	528	75	28	332	264
V279	86	461	28	102	165	181
V280	2	30	23	152	356	205
V281	231	41	331	154	11	131
V282	50	6	264	639	47	310
V283	140	84	644	535	498	352
V284	101	38	57	276	264	201
V285	590	307	256	121	18	213
V286	325	228	421	208	91	219
V287	225	145	121	284	215	194
V288	45	22	194	9	282	131
V289	279	46	14	102	127	109
V290	314	51	73	4	188	115
V291	281	199	384	126	1115	477
V292	31	17	228	82	207	131
V293	180	117	54	100	28	89
V294	130	52	356	9	16	101
V295	321	369	175	159	12	219
V296	135	267	339	285	258	263
V297	68	160	30	150	536	240
V298	45	861	206	205	129	342
V299	98	57	282	134	30	126
V300	155	18	144	16	62	93
V301	68	56	14	933	31	226
V302	313	760	40	67	242	269
V303	167	11	35	266	304	156
V304	98	217	558	98	383	300
V305	0	190	334	362	148	218
V306	257	534	145	346	64	235
V307	250	227	64	27	8	124
V308	194	96	240	310	409	245
V309	88	260	191	44	19	121
V310	253	44	285	173	24	125
V311	12	327	30	365	164	237
V312	253	222	92	421	118	178
V313	101	314	158	608	39	206
V314	241	341	67	136	213	296
V315	116	84	48	516	568	247
V316	11	351	59	589	59	194
V317	328	430	270	27	75	210
V318	318	362	306	7	230	316
V319	159	83	72	483	60	119
V320	118	320	13	150	30	127
V321	173	9	269	374	143	169
V322	21	71	9	168	284	147
V323	144	90	454	110	14	156
V324	43	5	711	196	73	230
V325	264	258	190	56	75	137
V326	45	209	594	260	236	297
V327	206	97	233	58	122	174
V328	46	90	177	390	21	127
V329	113	71	30	74	604	221
V330	140	454	4	214	19	161
V331	106	286	499	261	96	211
V332	69	26	177	228	255	153
V333	48	63	301	36	27	129
V334	221	11	65	55	35	59
V335	409	70	87	109	355	191
V336	59	210	121	202	1009	371
V337	208	140	296	29	123	164
V338	433	48	245	545	168	230
V339	436	161	49	22	16	94
V340	44	65	166	19	158	93
V341	11	91	131	30	324	213
V342	125	303	41	7	43	104
V343	165	125	1	311	137	120
V344	114	73	723	374	32	214
V345	74	112	385	343	129	237
V346	26	101	445	431	124	190
V347	211	55	451	43	321	220
V348	391	23	104	307	186	218
V349	484	95	34	78	15	95
V350	27	208	546	86	609	323
V351	37	3	538	7	3	131
V352	135	278	54	105	77	120
V353	137	109	504	398	314	264
V354	52	429	15	120	108	155
V355	4	17	86	132	14	41
V356	55	249	275	101	42	168
V357	74	39	38	6	285	119
V358	95	75	668	277	264	245
V359	1341	363	9	131	158	332
V360	216	91	4	23	122	139
V361	429	14	1105	23	108	330
V362	207	38	163	833	203	216
V363	112	43	140	211	370	170
V364	345	25	26	116	239	158
V365	105	383	140	17	14	141
V366	48	267	66	359	257	200
V367	53	253	307	109	298	210
V368	232	249	527	98	16	186
V369	392	173	166	113	116	218
V370	180	160	119	70	320	198
V371	285	39	81	41	290	173
V372	849	40	48	49	130	127
V373	394	338	48	300	339	292
V374	27	571	178	228	876	443
V375	8	124	47	76	501	229
V376	254	88	26	773	371	311
V377	74	57	61	232	638	253
V378	77	105	16	97	281	132
V379	106	98	429	67	169	191
V380	19	62	27	21	439	162
V381	746	498	142	64	252	276
V382	2	145	76	85	266	129
V383	72	649	24	133	98	218
V384	322	39	165	256	333	227
V385	81	6	28	43	202	116
V386	63	52	748	408	316	312
V387	20	79	47	36	156	85
V388	29	91	13	600	83	149
V389	337	300	73	110	227	210
V390	169	25	72	83	150	89
V391	622	228	30	249	90	171
V392	14	634	1	458	147	220
V393	15	412	42	140	503	246
V394	56	89	381	3	69	88
V395	1	6	80	419	12	84
V396	199	86	460	109	205	182
V397	156	587	467	592	81	401
V398	108	136	550	317	78	228
V399	238	64	411	87	24	139
V400	127	195	19	302	183	145
V401	87	110	143	100	138	160
V402	120	98	202	13	221	152
V403	657	208	72	142	192	187
V404	507	234	26	11	313	197
V405	253	87	58	56	247	155
V406	178	273	317	115	273	236
V407	306	274	73	249	484	321
V408	224	176	208	30	45	138
V409	107	449	17	167	160	196
V410	165	31	345	365	37	155
V411	111	220	114	288	507	229
V412	183	30	515	165	5	166
V413	478	194	86	490	97	199
V414	143	39	172	52	129	117
V415	15	77	109	71	511	223
V416	368	106	243	18	44	139
V417	451	230	121	1	668	307
V418	205	302	324	27	362	258
V419	77	106	447	33	64	113
V420	270	21	761	231	20	246
V421	220	902	400	100	98	409
V422	504	345	282	55	136	235
V423	570	79	43	5	411	189
V424	53	90	415	85	397	233
V425	648	476	58	401	102	286
V426	132	56	12	280	49	97
V427	58	60	18	272	515	179
V428	160	293	108	386	167	284
V429	132	402	269	9	135	234
V430	84	585	51	29	94	186
V431	41	277	608	38	605	385
V432	177	117	101	59	164	115
V433	156	857	23	48	121	254
V434	288	98	691	131	499	299
V435	5	258	22	789	112	228
V436	270	388	278	8	78	198
V437	291	109	20	760	317	291
V438	132	305	389	215	402	308
V439	41	217	101	13	221	148
V440	70	144	280	7	140	117
V441	42	125	172	31	364	136
V442	267	10	208	342	11	123
V443	854	252	32	126	4	201
V444	767	624	28	20	89	241
V445	771	248	13	108	200	230
V446	269	452	44	13	72	167
V447	109	198	375	286	495	319
V448	187	372	26	46	191	183
V449	175	4	8	442	30	98
V450	70	46	112	2	47	60
V451	256	55	311	44	73	144
V452	93	89	182	129	52	96
V453	11	198	129	542	633	316
V454	32	1	318	570	200	221
V455	59	122	162	275	16	129
V456	146	68	129	604	95	168
V457	63	58	10	29	22	126
V458	12	213	869	146	28	264
V459	684	233	212	291	75	236
V460	317	241	565	183	496	380
V461	130	108	245	244	13	101
V462	52	39	95	137	55	73
V463	538	14	158	315	165	202
V464	96	104	30	326	615	298
V465	446	422	194	4	73	199
V466	93	109	22	104	7	71
V467	32	331	251	212	170	226
V468	30	105	303	101	84	131
V469	68	38	155	158	25	117
V470	52	410	283	120	36	165
V471	222	88	213	128	34	92
V472	132	61	314	112	440	233
V473	268	161	164	199	61	152
V474	76	488	281	175	1146	524
V475	146	100	97	517	36	131
V476	67	207	537	87	105	235
V477	75	30	154	347	163	137
V478	47	84	386	50	99	168
V479	307	47	32	389	112	167
V480	31	125	137	242	63	115
V481	291	22	24	241	22	77
V482	6	79	91	116	59	83
V483	639	102	316	179	201	208
V484	497	283	124	117	8	177
V485	50	121	327	117	251	163
V486	212	127	19	70	380	170
V487	44	82	638	305	73	204
V488	18	37	77	363	247	133
V489	405	181	359	62	193	216
V490	90	22	227	434	292	224
V491	255	8	25	481	151	140
V492	68	132	41	433	24	132
V493	155	63	279	25	19	104
V494	8	584	285	157	131	248
V495	161	278	25	68	91	127
V496	377	362	380	127	218	276
V497	288	515	45	43	19	186
V498	47	39	15	151	189	112
V499	14	353	133	521	460	348
V500	6	105	21	124	22	101
