Source001	Source002	Source003	Source004	Source005	Sink
V1	119	128	47	29	217	128
V2	3	63	617	939	206	350
V3	259	309	46	76	52	157
V4	736	297	127	276	111	281
V5	61	7	297	85	47	88
V6	73	59	108	301	11	80
V7	399	32	38	1069	266	219
V8	465	6	115	62	296	125
V9	138	123	65	122	56	109
V10	52	271	104	6	455	192
V11	335	188	5	11	101	155
V12	61	334	487	295	187	318
V13	244	256	165	272	1081	298
V14	86	521	510	149	37	328
V15	166	338	563	288	291	346
V16	22	31	145	46	247	105
V17	168	194	29	25	336	148
V18	201	791	179	146	128	329
V19	54	70	206	21	176	120
V20	26	232	902	191	302	385
V21	3	204	168	92	93	151
V22	98	6	182	96	268	111
V23	133	60	4	62	367	131
V24	361	26	331	139	96	173
V25	114	259	28	200	245	190
V26	72	72	88	38	357	103
V27	49	108	14	505	256	122
V28	575	207	14	113	96	158
V29	262	121	117	22	138	160
V30	151	648	341	273	140	383
V31	89	258	4	83	39	122
V32	361	373	277	176	800	360
V33	610	1	0	451	780	235
V34	271	308	288	334	161	245
V35	19	112	1	5	22	36
V36	265	260	187	77	34	163
V37	583	169	168	238	60	186
V38	537	53	342	65	185	229
V39	106	19	68	214	96	127
V40	84	347	45	177	593	213
V41	48	6	69	134	625	125
V42	94	143	17	661	501	241
V43	20	172	54	118	23	75
V44	693	27	49	200	513	196
V45	66	150	104	32	71	87
V46	260	376	16	32	7	165
V47	184	214	84	71	145	151
V48	42	129	108	23	340	138
V49	69	140	200	12	279	181
V50	41	24	41	139	28	70
V51	186	100	431	17	106	147
V52	428	361	29	9	553	249
V53	52	676	73	532	67	312
V54	490	27	82	153	511	196
V55	410	19	302	7	41	137
V56	227	118	308	814	183	267
V57	208	2	378	410	29	186
V58	227	26	263	498	46	181
V59	309	134	36	299	147	156
V60	535	118	22	238	82	178
V61	267	344	70	453	651	294
V62	98	79	83	69	42	81
V63	177	827	68	203	144	405
V64	88	126	243	6	189	141
V65	36	154	593	18	94	207
V66	36	54	12	540	1018	259
V67	446	255	67	1943	25	433
V68	264	357	224	101	240	215
V69	45	39	35	3	129	97
V70	3	21	53	174	19	54
V71	41	3	340	877	66	203
V72	115	606	50	67	182	286
V73	65	465	247	25	41	243
V74	48	50	45	548	431	163
V75	38	396	625	68	251	311
V76	827	88	223	222	18	256
V77	73	122	47	24	286	98
V78	44	218	359	128	77	190
V79	7	547	206	371	52	308
V80	172	208	192	377	163	210
V81	117	175	148	135	144	206
V82	9	167	81	183	16	117
V83	122	0	56	206	439	128
V84	110	322	324	100	434	295
V85	735	178	711	138	86	342
V86	22	180	137	348	60	159
V87	278	390	232	136	46	228
V88	8	224	84	655	259	189
V89	18	0	274	148	31	132
V90	26	64	231	4	9	96
V91	10	20	117	618	436	169
V92	85	402	494	153	555	345
V93	54	109	94	306	233	142
V94	181	12	495	187	288	211
V95	17	154	75	89	150	109
V96	3	57	186	191	61	135
V97	27	27	2	13	189	36
V98	412	81	599	164	473	294
V99	473	314	28	183	434	250
V100	161	80	108	22	287	126
V101	191	120	254	669	325	261
V102	214	88	175	124	0	113
V103	14	601	23	305	530	304
V104	138	53	279	57	225	161
V105	139	1	633	88	503	261
V106	138	718	53	1036	546	448
V107	179	241	167	96	135	152
V108	2	117	207	102	62	128
V109	385	23	218	88	97	144
V110	0	63	100	130	448	112
V111	319	55	168	182	84	145
V112	0	3	108	128	2	41
V113	102	2	210	174	27	99
V114	32	54	194	162	34	109
V115	382	280	160	66	648	324
V116	106	123	29	606	494	196
V117	215	177	38	92	370	218
V118	49	679	335	248	832	406
V119	22	479	312	57	225	266
V120	11	149	77	339	128	150
V121	115	544	684	31	28	352
V122	51	25	76	278	411	115
V123	86	8	116	465	89	115
V124	16	546	226	177	80	246
V125	227	11	88	434	608	244
V126	356	2	374	59	160	187
V127	292	205	50	107	235	168
V128	24	252	624	18	80	252
V129	44	277	271	160	43	207
V130	463	255	301	39	145	233
V131	143	238	250	179	1	191
V132	115	129	26	304	167	131
V133	28	2	166	38	192	77
V134	149	424	261	56	117	230
V135	44	56	534	220	429	244
V136	307	338	454	188	112	274
V137	186	375	116	329	135	194
V138	103	324	64	104	49	244
V139	265	139	194	36	27	124
V140	166	25	58	239	110	98
V141	25	157	3	92	9	81
V142	251	66	130	46	12	148
V143	175	344	175	67	18	176
V144	24	617	55	473	79	316
V145	55	194	35	150	76	160
V146	26	81	61	148	628	124
V147	427	27	100	198	67	194
V148	227	493	4	194	313	233
V149	699	245	296	465	19	365
V150	400	9	127	36	317	129
V151	1366	448	312	34	629	489
V152	4	121	26	23	15	65
V153	52	314	37	21	503	179
V154	190	71	272	243	56	211
V155	169	151	78	100	145	113
V156	477	327	58	202	333	239
V157	109	425	62	10	24	144
V158	153	125	73	192	173	181
V159	14	181	239	31	36	153
V160	79	211	828	331	484	390
V161	8	114	121	69	210	133
V162	9	185	166	411	116	202
V163	114	7	106	117	83	107
V164	47	93	7	70	248	127
V165	271	157	328	15	92	180
V166	143	111	247	64	395	204
V167	380	42	10	305	348	130
V168	31	673	192	469	10	320
V169	512	116	943	66	265	398
V170	159	60	196	49	270	160
V171	132	119	406	173	63	206
V172	62	111	158	466	90	135
V173	433	39	337	613	59	272
V174	105	14	200	137	29	108
V175	74	87	42	169	39	90
V176	286	101	87	178	148	133
V177	944	70	179	99	142	240
V178	384	178	43	576	416	230
V179	827	166	754	132	93	362
V180	312	133	15	453	51	147
V181	34	110	70	541	227	157
V182	395	1262	557	67	268	597
V183	163	246	217	92	259	200
V184	242	122	547	0	192	240
V185	208	56	426	17	19	146
V186	85	710	603	232	17	399
V187	941	173	161	301	385	286
V188	1267	61	28	33	270	240
V189	204	132	185	131	179	176
V190	70	169	87	49	73	105
V191	570	416	119	133	17	236
V192	15	39	317	97	19	124
V193	437	184	114	130	151	201
V194	70	191	468	181	56	219
V195	32	497	51	253	197	212
V196	12	408	16	522	182	258
V197	211	584	70	523	72	317
V198	16	616	378	44	203	307
V199	461	271	24	98	101	166
V200	248	45	68	508	379	190
V201	100	507	787	295	28	440
V202	11	19	219	374	479	168
V203	62	340	211	153	152	179
V204	62	192	132	80	95	147
V205	522	29	70	131	6	184
V206	409	388	48	37	16	230
V207	87	174	76	100	4	121
V208	37	113	95	102	167	93
V209	163	50	125	86	17	69
V210	5	363	245	89	36	186
V211	156	93	389	295	264	215
V212	172	23	86	4	121	147
V213	62	180	141	116	9	134
V214	131	180	281	278	68	162
V215	366	24	49	257	91	110
V216	171	55	153	60	284	139
V217	66	72	65	775	230	171
V218	22	589	132	3	129	233
V219	108	175	7	705	122	175
V220	698	296	3	180	72	258
V221	65	728	25	57	177	244
V222	63	469	139	301	70	235
V223	307	99	149	11	50	175
V224	208	84	34	494	100	142
V225	39	282	161	110	40	145
V226	1067	628	120	461	57	479
V227	204	5	315	25	14	159
V228	412	99	599	527	77	280
V229	95	247	297	601	597	303
V230	112	516	258	545	189	333
V231	288	389	178	417	167	287
V232	200	191	44	62	44	151
V233	247	63	166	147	575	176
V234	156	93	108	20	28	99
V235	262	58	16	30	224	91
V236	44	15	92	340	293	146
V237	144	294	553	317	38	286
V238	50	17	203	40	33	90
V239	707	804	228	151	14	417
V240	215	637	17	552	2	304
V241	350	205	568	28	208	256
V242	555	235	104	25	71	243
V243	0	256	344	203	257	222
V244	356	391	54	1	66	181
V245	945	38	85	40	6	150
V246	156	9	130	104	225	140
V247	4	1118	266	21	59	388
V248	258	519	72	21	685	370
V249	475	70	51	241	149	158
V250	105	58	57	70	1	47
V251	14	70	241	255	313	159
V252	342	76	451	36	343	245
V253	302	101	6	217	334	153
V254	153	400	404	168	52	254
V255	73	77	572	23	112	212
V256	302	118	5	109	100	142
V257	56	235	33	1168	85	295
V258	482	19	55	21	453	190
V259	60	253	999	298	473	439
V260	32	369	45	60	76	153
V261	250	73	55	24	406	144
V262	59	163	953	376	17	361
V263	154	50	47	87	392	183
V264	70	245	17	248	229	163
V265	391	268	139	311	115	231
V266	526	333	70	159	211	227
V267	13	62	153	92	2	65
V268	62	289	310	318	4	229
V269	248	197	366	85	297	243
V270	191	186	309	296	123	205
V271	310	440	175	80	1473	456
V272	59	590	210	30	24	229
V273	169	770	115	424	18	300
V274	14	90	44	137	144	100
V275	134	141	13	433	316	169
V276	128	45	509	129	80	212
V277	258	625	760	511	328	548
V278	43	73	198	89	363	131
V279	59	10	331	21	104	142
V280	357	19	192	91	61	124
V281	337	106	99	28	197	147
V282	186	344	60	159	77	180
V283	98	118	416	269	66	201
V284	16	78	139	423	118	140
V285	154	34	184	258	20	101
V286	219	336	160	151	821	314
V287	179	351	122	1	118	159
V288	149	36	47	28	417	108
V289	191	83	48	110	65	121
V290	221	31	84	54	115	169
V291	45	64	421	1	141	178
V292	389	129	269	264	18	184
V293	4	91	119	156	295	133
V294	246	339	52	342	409	251
V295	82	89	450	2	132	173
V296	26	80	458	618	131	292
V297	245	179	235	184	365	198
V298	62	1096	205	116	81	400
V299	180	145	425	230	162	285
V300	263	576	321	349	88	331
V301	60	387	59	283	14	180
V302	22	156	55	168	58	110
V303	450	146	15	86	17	122
V304	72	67	0	193	14	120
V305	346	276	128	826	123	259
V306	234	594	81	10	68	262
V307	124	318	152	334	175	215
V308	256	219	124	185	39	160
V309	225	219	664	60	275	360
V310	338	14	84	65	457	161
V311	256	54	299	52	203	146
V312	193	633	767	70	267	466
V313	241	34	110	94	279	153
V314	553	93	228	63	181	208
V315	41	2	434	28	528	225
V316	217	7	397	271	10	176
V317	141	293	20	215	283	190
V318	108	119	290	54	67	170
V319	396	127	665	36	91	315
V320	187	72	275	284	70	156
V321	405	279	328	36	319	287
V322	98	111	272	167	672	254
V323	287	186	15	214	95	137
V324	217	121	237	12	200	144
V325	26	112	179	103	252	118
V326	97	0	111	47	374	89
V327	101	54	19	105	281	162
V328	250	43	89	174	179	146
V329	122	910	30	120	251	358
V330	31	142	44	170	14	68
V331	429	43	97	153	21	113
V332	34	69	496	211	249	222
V333	57	91	61	402	44	117
V334	285	1	1	121	10	97
V335	263	91	22	129	269	148
V336	193	189	156	498	330	180
V337	75	397	223	201	295	248
V338	793	346	278	360	242	312
V339	6	72	167	115	163	90
V340	33	24	1210	46	561	473
V341	109	130	216	130	139	201
V342	485	37	25	318	37	145
V343	342	652	1191	83	159	563
V344	67	123	241	225	28	141
V345	279	104	266	113	416	182
V346	172	4	144	83	318	120
V347	22	28	749	19	276	276
V348	293	0	145	226	18	143
V349	822	251	161	20	159	242
V350	54	74	705	48	196	223
V351	498	76	36	89	57	108
V352	7	307	53	18	596	184
V353	265	165	43	68	75	122
V354	142	7	342	591	206	224
V355	316	64	10	292	37	96
V356	309	196	338	80	726	298
V357	73	130	187	78	463	181
V358	9	133	58	102	62	63
V359	35	35	61	105	124	149
V360	115	306	738	5	83	338
V361	88	256	183	401	418	263
V362	289	91	170	160	165	154
V363	40	682	279	533	292	351
V364	55	307	23	55	68	152
V365	216	54	56	16	393	107
V366	53	134	6	97	43	81
V367	706	269	29	192	82	215
V368	275	5	95	260	19	117
V369	49	17	14	370	300	114
V370	157	58	268	61	32	104
V371	268	864	45	199	82	317
V372	781	254	10	70	204	207
V373	44	323	283	191	191	232
V374	24	40	3	98	722	117
V375	56	228	10	101	441	162
V376	155	279	101	723	545	313
V377	490	88	81	344	250	191
V378	268	257	107	87	178	204
V379	11	38	256	12	184	121
V380	41	34	9	134	80	65
V381	34	46	235	10	70	136
V382	167	45	0	47	3	85
V383	262	24	570	260	257	252
V384	321	488	149	255	925	383
V385	110	154	50	418	99	154
V386	40	55	234	80	228	130
V387	22	122	90	89	229	95
V388	545	150	342	488	474	339
V389	681	77	216	155	43	197
V390	50	359	629	8	183	276
V391	3	57	46	50	49	102
V392	61	47	31	39	570	128
V393	416	26	87	265	1266	318
V394	76	183	178	475	271	215
V395	56	177	912	239	108	348
V396	259	62	345	333	287	250
V397	342	203	64	252	105	210
V398	506	445	200	32	610	328
V399	54	18	159	97	27	67
V400	142	360	254	260	137	382
V401	48	265	325	57	82	193
V402	3	268	397	450	235	267
V403	168	397	105	25	132	216
V404	268	19	142	45	135	131
V405	184	104	134	130	287	146
V406	19	203	77	141	92	120
V407	18	13	287	113	64	125
V408	359	413	30	671	294	314
V409	54	81	59	710	596	233
V410	150	12	51	183	8	94
V411	216	879	249	224	47	454
V412	276	86	165	175	808	202
V413	30	63	36	141	106	64
V414	7	11	388	702	239	207
V415	177	567	271	441	100	346
V416	454	106	12	109	17	184
V417	491	24	21	145	257	130
V418	326	52	64	3	25	81
V419	282	69	34	181	149	143
V420	31	432	44	684	448	323
V421	319	236	288	516	21	265
V422	28	2	30	491	51	88
V423	64	14	89	55	50	42
V424	280	369	47	298	174	260
V425	732	111	196	38	307	214
V426	62	521	22	84	145	214
V427	187	33	648	193	48	237
V428	107	58	93	41	193	112
V429	201	42	72	33	36	64
V430	310	97	80	2	16	93
V431	327	48	287	347	372	266
V432	125	12	202	162	160	117
V433	11	334	80	70	336	213
V434	176	153	127	423	60	196
V435	7	94	47	183	172	106
V436	157	20	6	205	649	162
V437	36	87	307	199	593	212
V438	12	114	275	51	37	116
V439	344	417	360	110	73	310
V440	57	51	29	241	42	78
V441	316	250	169	344	468	355
V442	9	65	44	8	268	67
V443	206	146	169	44	54	147
V444	122	169	192	373	64	224
V445	28	401	560	543	3	325
V446	167	58	3	202	309	94
V447	28	23	414	113	0	134
V448	194	247	90	35	12	130
V449	35	169	221	272	27	128
V450	482	81	14	309	88	163
V451	33	14	129	12	70	54
V452	57	801	149	21	243	302
V453	39	425	166	297	255	260
V454	36	374	133	222	412	223
V455	49	32	145	53	160	79
V456	37	43	227	150	231	169
V457	169	357	195	72	593	344
V458	506	41	51	162	202	143
V459	4	16	9	30	119	37
V460	182	485	9	86	235	217
V461	265	599	58	26	62	212
V462	76	56	196	118	246	116
V463	719	369	398	41	524	415
V464	224	34	222	251	216	158
V465	113	194	240	232	34	157
V466	152	79	116	55	199	124
V467	709	433	211	10	12	289
V468	471	22	291	175	93	186
V469	605	254	124	39	22	198
V470	36	582	199	185	13	287
V471	124	270	112	141	321	165
V472	229	38	270	638	44	195
V473	436	149	21	560	153	196
V474	33	12	23	364	93	122
V475	295	36	255	237	129	175
V476	484	679	862	124	81	515
V477	73	135	914	83	9	317
V478	153	18	31	241	137	85
V479	143	78	363	630	2	226
V480	6	344	473	507	452	397
V481	162	418	206	92	39	222
V482	207	97	150	22	150	110
V483	6	235	55	71	42	148
V484	15	180	241	52	226	167
V485	325	122	406	102	66	214
V486	62	222	120	100	1	123
V487	142	356	56	39	33	158
V488	180	67	420	217	11	150
V489	240	48	77	56	45	121
V490	91	100	767	156	309	290
V491	1	264	12	114	633	156
V492	182	312	129	251	256	264
V493	113	73	9	284	169	175
V494	70	255	488	159	310	256
V495	42	64	6	116	62	81
V496	495	6	7	2	319	103
V497	378	163	182	730	156	259
V498	232	224	19	136	29	125
V499	245	35	347	72	59	196
V500	16	166	119	157	106	115
