Source001	Source002	Source003	Source004	Source005	Source006	Source007	Source008	Source009	Source010	Sink
V1	171	34	311	125	258	466	40	80	238	463	208
V2	380	44	58	51	468	33	185	146	301	121	209
V3	2	45	36	4	1	350	101	123	60	299	40
V4	38	39	236	72	2	207	128	23	34	210	88
V5	140	84	375	364	84	547	394	396	57	58	247
V6	83	272	433	92	46	89	743	17	21	177	194
V7	11	246	205	131	116	455	219	28	26	133	128
V8	119	232	152	276	21	492	99	89	14	2	139
V9	61	1093	836	108	116	1016	155	112	115	252	488
V10	180	85	66	18	96	51	228	499	342	66	89
V11	80	17	17	38	92	16	84	142	1823	653	68
V12	174	114	174	120	21	186	36	352	579	61	126
V13	228	69	182	16	214	790	355	78	241	552	201
V14	54	73	316	158	114	61	51	56	45	79	150
V15	7	74	71	337	556	1	22	160	83	62	153
V16	527	104	434	250	69	116	493	40	250	307	300
V17	10	228	34	13	604	262	113	351	64	2	158
V18	44	180	53	87	141	270	848	6	31	117	100
V19	1	46	152	319	178	24	656	170	29	571	130
V20	97	149	4	357	26	259	236	233	117	168	114
V21	33	38	24	101	74	38	655	182	207	485	75
V22	6	37	234	38	8	123	170	41	181	163	83
V23	188	17	994	102	367	155	8	160	231	86	385
V24	186	391	657	134	22	298	57	468	19	80	295
V25	50	17	474	314	400	64	16	95	3	56	261
V26	183	882	200	435	28	206	116	123	169	30	284
V27	134	80	789	24	101	109	0	30	122	103	275
V28	93	196	54	39	44	558	75	29	71	49	94
V29	115	479	37	106	184	378	175	930	179	235	175
V30	22	91	64	11	6	44	412	68	126	35	52
V31	24	256	185	506	296	258	16	7	112	333	211
V32	42	45	207	268	402	50	326	416	452	67	164
V33	50	35	272	128	588	48	318	294	85	224	202
V34	349	72	316	214	155	321	220	701	270	176	229
V35	547	118	35	45	307	78	9	145	11	448	238
V36	53	85	52	71	46	16	65	345	174	275	60
V37	176	105	413	43	180	63	71	140	153	218	204
V38	141	56	243	64	40	235	144	307	87	290	129
V39	91	117	292	287	273	552	31	44	339	232	204
V40	177	402	141	178	126	254	34	409	164	130	206
V41	30	0	110	71	252	1940	233	147	505	84	153
V42	68	117	583	292	456	517	143	278	244	6	325
V43	414	140	136	288	671	50	390	163	160	291	298
V44	19	292	119	300	657	425	47	46	74	106	216
V45	257	494	71	113	723	30	204	56	171	141	280
V46	994	157	30	101	101	497	152	59	128	36	326
V47	125	26	126	331	338	105	582	385	252	334	190
V48	412	16	1422	266	19	59	385	131	112	149	522
V49	91	80	99	168	326	107	79	266	523	81	118
V50	2	5	61	165	77	256	631	18	152	46	92
V51	228	45	521	54	364	40	8	205	521	83	301
V52	112	47	117	91	226	16	151	52	1	79	103
V53	108	291	100	39	166	11	87	65	16	227	133
V54	38	80	336	146	243	233	33	54	196	94	187
V55	61	290	148	156	346	344	328	330	462	312	179
V56	147	2	87	216	340	86	174	170	30	428	157
V57	3	5	66	178	185	136	1185	68	260	31	116
V58	53	237	86	797	508	118	621	21	149	3	254
V59	43	223	417	67	182	107	62	594	12	100	179
V60	90	34	34	248	406	80	6	48	197	59	130
V61	139	264	71	99	211	586	370	268	123	80	160
V62	98	162	251	5	442	153	233	346	557	51	198
V63	119	44	134	31	55	181	70	38	406	284	103
V64	471	81	418	12	968	32	228	132	13	66	369
V65	501	486	76	35	426	366	31	120	240	93	293
V66	1056	273	724	315	377	155	91	20	59	64	574
V67	154	19	20	84	1213	182	244	73	119	95	253
V68	101	52	14	182	93	111	0	549	6	77	79
V69	267	114	97	248	330	554	919	106	263	104	207
V70	53	112	400	43	48	59	162	131	436	299	177
V71	46	0	24	116	9	598	369	75	270	205	80
V72	59	76	106	41	17	350	153	172	376	334	86
V73	234	26	208	962	5	7	282	71	132	171	244
V74	317	298	245	98	144	392	259	388	87	11	263
V75	37	141	17	48	525	404	66	298	84	29	125
V76	210	200	122	582	139	574	276	377	31	364	232
V77	7	12	46	107	439	18	127	98	22	60	102
V78	361	35	214	32	121	137	387	49	105	63	188
V79	126	487	2	6	184	14	732	43	542	317	143
V80	87	10	558	66	195	453	207	50	305	196	231
V81	417	239	181	161	334	8	232	15	41	145	260
V82	229	208	48	344	431	4	29	64	64	102	209
V83	178	186	248	392	17	99	45	211	32	76	204
V84	482	373	74	3	663	70	328	1	57	132	281
V85	33	107	35	96	122	279	511	47	58	186	91
V86	340	709	144	234	173	186	20	1	21	27	280
V87	522	26	91	91	142	165	29	960	148	49	201
V88	25	148	224	126	310	185	167	205	325	709	161
V89	209	58	18	59	62	214	297	180	48	162	92
V90	99	795	188	16	165	64	280	138	88	597	240
V91	15	4	174	280	155	819	770	36	24	96	168
V92	659	29	156	325	26	61	0	274	58	22	250
V93	362	247	88	309	57	40	11	197	23	211	207
V94	340	107	92	140	106	469	550	154	507	114	179
V95	410	518	160	91	36	0	96	173	77	144	257
V96	465	51	1	159	113	48	101	262	91	85	174
V97	29	280	29	458	178	1171	309	303	43	296	223
V98	8	33	396	164	102	149	37	429	156	84	159
V99	3	349	4	131	205	161	94	144	139	300	115
V100	160	334	52	139	45	320	137	755	19	1	152
V101	409	72	98	186	141	3	155	256	268	81	176
V102	5	52	164	125	327	331	114	177	261	58	137
V103	181	583	8	263	2	148	398	265	215	20	159
V104	203	68	51	486	460	70	11	48	337	80	168
V105	499	273	70	340	109	74	160	9	1092	5	227
V106	205	317	178	58	324	226	44	335	319	217	216
V107	228	48	166	129	109	114	128	85	169	104	162
V108	542	527	391	38	172	76	74	870	99	24	351
V109	260	191	12	292	393	262	104	306	21	50	180
V110	151	185	172	166	76	586	29	98	1	38	159
V111	356	40	216	132	46	142	161	30	615	89	169
V112	151	13	126	24	332	469	297	87	15	203	167
V113	40	28	278	92	153	5	266	110	159	103	112
V114	37	136	24	142	35	158	190	297	888	177	63
V115	161	239	40	213	323	32	45	293	91	161	166
V116	47	336	27	174	143	39	110	217	518	70	119
V117	122	3	102	23	226	392	69	147	66	352	124
V118	28	86	40	142	44	17	179	197	48	162	57
V119	148	281	210	101	90	240	364	58	85	198	154
V120	545	717	37	11	34	856	65	162	9	494	282
V121	125	1048	27	70	48	176	158	3	523	371	234
V122	129	120	221	81	282	60	847	332	219	234	185
V123	77	43	292	17	64	192	76	229	553	218	150
V124	140	574	279	26	65	321	87	41	218	92	230
V125	308	270	14	90	54	223	24	12	283	376	164
V126	9	84	204	179	78	89	32	29	149	554	132
V127	278	0	298	283	3	86	17	48	154	7	181
V128	369	146	211	210	452	122	24	627	128	48	256
V129	140	295	308	275	126	245	248	141	33	95	206
V130	49	256	71	13	952	186	99	141	317	69	198
V131	261	203	59	135	6	335	240	15	286	31	162
V132	82	429	99	10	270	628	136	0	114	237	194
V133	449	85	283	35	56	738	7	166	227	161	254
V134	280	47	28	408	59	311	87	129	122	57	158
V135	40	550	12	761	91	191	151	145	268	159	197
V136	390	26	80	0	452	169	17	741	71	221	226
V137	205	197	1070	455	1216	493	100	153	234	279	628
V138	39	49	361	649	105	227	353	463	177	60	241
V139	735	62	107	522	330	200	310	586	678	480	389
V140	130	25	47	255	22	219	146	653	131	197	103
V141	315	6	13	141	57	0	112	57	357	222	109
V142	165	183	344	366	17	56	14	656	82	559	210
V143	64	314	280	111	306	301	712	123	228	290	216
V144	63	130	86	95	140	423	54	114	16	106	112
V145	100	271	159	94	375	130	16	418	116	5	153
V146	1	220	160	730	59	161	268	717	252	297	188
V147	16	157	14	55	63	50	71	474	334	96	60
V148	7	352	304	216	53	99	191	418	1096	297	205
V149	218	180	44	283	611	21	35	273	9	438	199
V150	139	152	21	417	670	97	100	255	103	262	207
V151	76	329	408	448	106	56	304	119	237	109	264
V152	245	208	319	195	267	143	84	228	129	686	233
V153	397	429	375	26	60	88	86	428	73	142	290
V154	65	25	90	314	240	100	26	193	17	198	121
V155	31	82	137	329	96	602	1120	204	72	4	172
V156	357	177	217	146	4	76	829	423	86	172	223
V157	333	70	460	358	155	477	57	39	218	210	315
V158	10	449	69	983	107	222	124	39	108	47	217
V159	374	52	555	435	420	370	157	546	83	323	407
V160	151	264	459	126	39	426	39	118	404	103	227
V161	83	463	5	212	26	12	55	258	136	22	131
V162	27	40	323	0	35	73	227	95	122	292	116
V163	846	98	187	4	325	99	136	25	328	265	335
V164	79	886	211	6	196	553	26	14	170	106	264
V165	34	515	320	42	156	77	13	58	19	39	225
V166	172	3	1	190	136	28	358	132	205	44	110
V167	77	397	29	900	100	160	112	24	29	105	199
V168	120	626	209	189	61	21	103	680	216	166	193
V169	10	151	22	38	9	476	135	341	180	128	57
V170	19	443	199	138	311	34	384	476	147	62	192
V171	235	185	391	233	111	97	36	571	1089	42	268
V172	469	4	283	69	193	198	727	720	962	155	262
V173	105	9	284	138	311	135	60	110	164	17	156
V174	42	322	278	156	29	156	22	162	534	94	154
V175	0	165	112	99	597	13	198	297	1183	327	139
V176	79	875	169	56	198	14	164	228	61	265	230
V177	349	268	304	161	356	16	696	93	82	273	301
V178	173	373	24	275	164	72	118	27	28	184	163
V179	67	33	1087	22	187	237	288	13	183	15	366
V180	67	178	82	42	260	15	186	152	66	59	96
V181	383	231	285	101	98	196	150	65	106	327	236
V182	75	140	321	130	169	409	118	936	241	35	215
V183	26	72	21	126	66	359	90	113	49	95	73
V184	68	588	21	167	68	733	20	74	33	171	166
V185	324	11	9	234	123	18	91	62	1277	809	157
V186	173	415	431	93	6	146	137	32	58	194	228
V187	13	109	425	59	10	4	229	129	290	308	164
V188	123	316	212	112	261	159	60	345	616	106	217
V189	260	235	46	265	386	57	55	40	255	420	188
V190	2	9	321	1	55	145	31	229	75	21	86
V191	152	212	27	55	97	26	212	91	98	31	108
V192	179	224	545	95	1	126	64	198	237	891	284
V193	220	93	16	54	103	259	287	142	34	338	120
V194	126	50	279	115	94	82	189	866	164	247	173
V195	131	159	164	5	115	178	651	310	315	95	144
V196	61	381	375	216	163	133	213	167	11	8	224
V197	235	364	23	238	32	556	722	364	19	126	172
V198	287	241	10	47	107	149	308	347	47	267	135
V199	111	60	374	41	757	235	0	95	516	15	280
V200	157	39	242	96	89	38	85	63	243	247	159
V201	221	105	174	85	326	111	24	261	474	108	191
V202	176	93	10	245	87	215	128	550	301	191	119
V203	366	3	29	361	8	19	307	251	231	887	182
V204	162	91	86	139	187	60	43	133	202	37	129
V205	52	54	19	188	506	374	40	573	198	4	131
V206	369	100	8	206	198	148	64	40	32	330	181
V207	92	314	25	90	217	112	97	107	372	197	128
V208	718	36	13	545	187	377	19	153	702	205	328
V209	689	103	226	62	381	274	557	76	208	373	331
V210	525	44	381	65	72	342	390	234	157	280	293
V211	246	103	87	1	526	175	84	40	511	53	195
V212	135	212	182	29	186	33	86	163	162	544	181
V213	79	54	196	146	126	193	972	337	37	47	148
V214	22	35	64	32	5	133	27	47	403	508	57
V215	529	41	231	668	44	15	24	164	105	130	304
V216	413	428	243	68	105	212	229	187	20	89	271
V217	355	164	322	152	39	941	274	17	56	31	265
V218	82	70	105	26	13	246	16	339	252	34	83
V219	463	27	558	73	119	1375	139	377	105	163	366
V220	73	32	219	17	199	15	63	547	17	215	132
V221	406	348	472	227	370	209	208	415	28	41	355
V222	28	301	138	169	120	142	27	371	576	32	150
V223	347	162	19	567	443	39	364	496	184	47	261
V224	148	55	21	260	22	10	250	26	399	580	112
V225	50	385	54	380	135	31	540	238	29	27	181
V226	64	107	75	278	339	250	40	12	188	371	148
V227	64	334	104	97	25	495	458	180	205	30	145
V228	13	37	412	8	117	103	20	80	501	18	148
V229	419	76	291	333	64	114	52	305	420	286	243
V230	31	370	358	169	9	135	220	0	45	131	174
V231	1024	157	102	40	48	111	230	107	11	173	321
V232	33	38	111	111	362	7	101	146	33	152	114
V233	606	7	214	98	371	1	293	4	74	195	291
V234	162	159	494	262	284	368	94	787	40	211	292
V235	138	381	99	79	901	76	64	206	10	36	255
V236	271	734	680	1582	79	249	18	30	224	222	509
V237	192	310	156	32	227	143	207	471	177	400	189
V238	411	274	116	476	390	46	45	146	268	74	267
V239	229	116	240	101	341	216	124	49	991	478	224
V240	24	676	141	87	424	436	41	317	316	58	221
V241	232	245	21	61	52	386	183	626	125	107	113
V242	154	135	189	131	546	60	17	564	162	128	194
V243	90	113	14	144	254	175	37	236	680	204	96
V244	149	128	112	232	3	68	82	18	610	135	124
V245	388	230	14	101	26	284	49	400	159	131	163
V246	150	278	171	13	47	184	4	175	4	354	139
V247	41	143	37	112	93	80	33	228	666	4	72
V248	73	88	39	216	89	242	67	50	241	390	95
V249	135	558	890	435	158	440	93	129	218	177	446
V250	76	229	774	466	26	317	157	85	522	150	328
V251	32	413	136	253	416	225	81	8	102	296	208
V252	50	70	26	115	90	107	121	619	105	108	55
V253	10	49	180	260	156	4	163	52	113	255	125
V254	11	59	299	112	5	192	355	175	352	232	132
V255	194	213	191	52	54	233	102	138	42	359	175
V256	84	74	32	295	149	213	352	381	163	79	140
V257	21	130	12	233	19	136	30	230	551	12	69
V258	1304	253	450	230	207	102	401	463	95	48	541
V259	206	151	264	26	11	331	36	253	123	111	163
V260	57	145	12	4	484	148	128	315	171	388	124
V261	140	85	901	705	35	280	155	439	345	19	385
V262	90	181	146	34	11	31	5	9	117	73	107
V263	25	207	40	115	460	269	187	143	74	78	166
V264	77	0	20	221	144	24	296	94	382	57	83
V265	218	170	59	1131	22	205	175	245	8	155	249
V266	26	77	1023	35	193	512	579	106	435	62	368
V267	74	83	72	72	173	147	54	2	227	164	103
V268	100	240	26	272	218	129	25	205	255	134	154
V269	0	23	248	244	156	208	65	109	216	24	135
V270	216	1615	9	44	33	247	79	126	5	60	307
V271	140	259	67	368	23	20	416	48	141	337	163
V272	331	5	1206	3	96	130	659	280	299	31	450
V273	15	304	80	297	63	13	27	139	535	182	122
V274	311	166	285	387	30	12	377	114	6	140	234
V275	242	536	105	190	102	162	237	129	170	108	195
V276	304	41	19	356	93	56	450	168	141	681	170
V277	202	853	39	836	35	177	33	1141	32	10	270
V278	11	49	279	149	12	167	259	52	167	86	138
V279	86	73	220	221	225	471	52	380	236	97	167
V280	69	55	228	135	15	158	55	174	121	652	132
V281	33	165	21	293	236	46	168	36	236	114	136
V282	57	406	153	152	139	13	49	146	106	26	148
V283	53	62	709	129	98	205	187	234	591	410	256
V284	13	227	440	155	11	212	58	137	411	1	187
V285	111	178	679	574	35	203	294	175	147	481	335
V286	257	54	298	40	282	16	269	450	14	445	180
V287	129	85	113	110	250	378	393	16	6	97	140
V288	3	253	31	105	21	32	622	170	11	200	86
V289	53	6	470	20	491	837	227	447	108	284	270
V290	12	58	81	162	303	94	369	220	133	126	128
V291	59	466	28	116	66	308	92	130	6	73	133
V292	75	44	95	66	3	99	156	69	1161	121	49
V293	41	473	193	78	868	3	179	494	93	59	266
V294	558	175	158	68	249	24	99	11	37	722	261
V295	425	237	347	52	269	61	762	53	396	79	291
V296	1768	211	237	58	140	127	14	92	179	404	587
V297	148	83	359	14	777	200	800	208	262	206	293
V298	505	260	94	261	260	313	134	14	62	197	261
V299	54	679	174	237	166	261	129	47	394	48	234
V300	303	491	136	68	52	151	29	610	4	58	234
V301	101	4	150	130	39	13	62	142	164	26	74
V302	510	134	59	126	189	406	224	359	199	910	214
V303	314	199	14	347	25	227	83	156	137	9	181
V304	362	16	79	728	24	160	150	16	43	15	218
V305	231	260	399	164	29	84	763	49	133	167	270
V306	66	134	391	67	58	214	12	286	128	62	182
V307	321	33	245	27	230	203	114	121	44	573	216
V308	18	95	522	352	60	370	56	189	110	45	236
V309	104	384	190	268	799	19	378	402	170	68	273
V310	80	38	315	336	106	197	20	80	183	346	188
V311	223	23	14	247	24	122	143	638	10	459	116
V312	161	10	135	47	516	508	75	104	19	399	175
V313	140	268	240	338	125	504	108	417	73	203	235
V314	8	94	211	68	186	145	0	129	118	99	104
V315	287	73	14	212	228	176	3	182	43	128	134
V316	38	190	50	101	633	190	446	296	319	116	191
V317	43	162	357	357	243	60	127	161	6	185	180
V318	56	290	228	9	182	52	310	257	70	156	156
V319	229	176	380	32	502	157	281	111	22	353	236
V320	316	48	235	151	155	903	228	215	482	688	258
V321	127	36	250	0	739	163	86	198	11	116	220
V322	668	376	64	219	76	62	148	779	103	164	280
V323	391	452	463	678	224	24	867	34	114	319	444
V324	10	305	61	47	224	26	112	279	143	180	86
V325	444	129	19	85	314	39	63	33	6	642	192
V326	35	151	95	32	513	212	168	113	79	155	154
V327	83	106	321	192	155	7	38	104	447	63	148
V328	789	250	150	295	648	149	75	64	41	153	416
V329	463	257	103	91	123	38	57	56	96	3	221
V330	190	245	167	414	405	140	6	33	71	103	236
V331	182	22	181	91	248	72	190	60	305	368	167
V332	219	685	80	249	192	110	316	559	341	514	272
V333	456	110	129	148	281	116	379	267	243	320	225
V334	358	165	258	212	77	63	108	74	116	299	222
V335	272	200	121	28	165	238	101	16	70	83	161
V336	501	281	265	104	174	88	37	46	75	145	273
V337	23	41	289	470	176	384	279	71	23	121	187
V338	581	23	799	565	306	23	52	23	23	481	470
V339	329	4	51	31	37	72	32	713	323	15	122
V340	172	187	507	31	131	93	392	169	12	105	252
V341	15	10	352	199	544	4	53	186	235	83	206
V342	46	114	176	305	35	70	108	13	72	11	120
V343	48	317	42	124	543	83	227	14	89	175	187
V344	23	428	24	198	125	72	64	35	165	144	127
V345	160	161	188	17	379	54	174	80	514	185	198
V346	246	233	87	309	197	151	178	22	295	40	198
V347	417	76	420	3	32	1070	445	121	436	37	285
V348	0	89	216	336	106	170	35	81	192	12	115
V349	169	9	85	178	398	413	479	506	178	60	206
V350	575	54	222	61	85	16	124	202	59	185	235
V351	26	26	362	32	19	7	132	31	67	162	133
V352	4	79	128	396	99	105	27	52	146	274	123
V353	129	123	176	164	405	236	77	21	248	263	190
V354	203	363	254	621	3	100	240	66	29	72	248
V355	233	398	642	203	39	181	235	28	146	25	307
V356	1	533	364	1004	159	100	38	155	678	462	333
V357	37	705	67	661	83	204	542	413	72	13	206
V358	337	176	43	215	118	137	47	160	245	238	204
V359	96	8	21	218	41	34	24	57	45	210	52
V360	32	75	151	128	28	137	450	137	146	31	83
V361	181	199	136	392	329	180	108	295	4	110	218
V362	236	39	241	676	308	103	179	183	400	841	277
V363	10	1	148	581	188	150	169	273	466	102	156
V364	212	217	673	590	192	335	21	381	356	154	359
V365	33	618	493	13	92	26	694	37	82	51	242
V366	2	78	631	100	335	37	27	130	360	152	243
V367	481	212	395	191	332	3	246	726	300	158	318
V368	65	164	205	27	96	446	1216	16	437	0	153
V369	82	140	89	211	152	332	128	9	230	18	138
V370	162	154	185	130	77	29	290	45	716	253	140
V371	151	204	412	281	18	333	3	25	116	49	245
V372	78	10	853	160	80	55	227	65	377	198	276
V373	25	151	4	380	218	140	243	90	5	121	122
V374	266	97	23	365	92	200	131	378	5	20	143
V375	144	178	31	1519	9	39	16	462	262	43	280
V376	306	45	202	449	71	215	52	93	5	74	220
V377	251	858	10	16	30	284	236	9	438	34	193
V378	10	620	374	137	198	13	8	226	10	131	223
V379	560	82	65	468	120	164	303	102	0	371	253
V380	438	204	141	327	154	82	663	5	35	629	278
V381	493	2	184	280	223	383	283	80	214	374	225
V382	102	52	417	52	412	55	88	136	130	270	246
V383	259	254	76	4	41	811	43	127	136	73	162
V384	200	184	144	24	28	99	95	431	361	71	119
V385	188	63	589	449	23	91	161	169	155	210	288
V386	430	121	18	284	29	36	10	238	57	742	188
V387	644	218	14	301	0	364	137	20	78	49	226
V388	194	108	20	116	4	58	46	12	100	171	82
V389	99	87	67	362	40	286	665	177	71	744	156
V390	84	91	244	133	8	192	72	408	310	32	121
V391	462	55	14	208	1052	403	409	32	61	182	337
V392	327	8	29	534	184	167	36	331	257	141	173
V393	70	159	469	771	361	102	73	86	109	61	316
V394	641	124	32	64	22	166	170	299	151	36	206
V395	33	128	154	73	31	74	239	90	94	25	87
V396	24	61	71	102	310	114	63	67	235	125	104
V397	40	140	140	58	115	92	675	31	0	382	115
V398	537	53	64	215	147	22	58	20	261	181	205
V399	152	7	2	32	172	75	274	48	108	898	95
V400	15	85	828	90	18	356	117	185	322	124	297
V401	426	62	278	261	262	162	68	207	378	601	288
V402	568	145	64	15	147	11	126	380	9	119	234
V403	164	124	9	181	409	96	180	315	117	365	176
V404	99	615	120	122	73	122	50	53	227	45	174
V405	2	176	205	227	84	882	349	553	7	574	173
V406	1	57	67	1	382	44	44	41	589	51	89
V407	256	330	97	52	52	184	133	86	33	246	157
V408	385	482	96	242	144	39	37	482	69	415	243
V409	264	269	76	381	204	286	0	60	473	305	223
V410	123	152	172	626	89	153	153	27	121	418	196
V411	27	300	314	27	95	18	55	130	19	855	166
V412	17	35	159	961	97	341	238	21	72	74	195
V413	503	151	71	327	270	21	141	6	139	63	259
V414	259	72	20	952	40	109	143	282	170	237	218
V415	133	129	174	62	229	540	60	110	99	77	153
V416	104	326	166	167	85	47	24	102	151	294	155
V417	88	1639	73	214	44	60	625	67	69	72	285
V418	60	113	244	21	173	178	112	184	244	181	129
V419	220	245	62	251	259	92	1327	384	300	97	206
V420	338	151	216	68	400	31	252	6	85	500	263
V421	101	51	17	384	4	456	139	201	135	671	120
V422	656	207	390	49	28	75	116	66	73	45	311
V423	114	604	94	52	512	6	391	290	33	251	270
V424	191	127	94	68	20	25	50	23	295	410	132
V425	85	482	62	327	28	16	104	155	137	434	167
V426	121	112	41	30	64	100	90	82	34	998	105
V427	61	90	998	64	351	64	62	151	154	338	386
V428	313	88	86	58	325	46	198	129	87	80	175
V429	141	21	85	109	282	115	376	347	26	909	149
V430	934	38	216	253	882	97	56	37	15	223	437
V431	248	72	192	115	6	52	33	72	8	82	145
V432	102	124	200	158	105	567	6	211	29	35	163
V433	33	25	52	62	114	194	955	30	23	179	84
V434	55	122	105	108	20	24	244	230	21	111	75
V435	5	717	37	243	105	425	82	72	433	4	180
V436	493	143	78	114	551	99	304	346	86	94	289
V437	297	616	82	20	142	5	304	225	73	191	173
V438	111	29	215	60	9	277	37	52	77	25	95
V439	156	189	50	165	73	68	34	6	132	337	127
V440	347	642	89	201	253	33	147	202	342	135	269
V441	157	137	80	105	1135	44	548	622	12	159	252
V442	120	117	368	294	118	12	43	127	519	61	214
V443	43	65	759	292	188	139	321	43	261	411	294
V444	86	394	320	139	162	456	22	359	583	16	211
V445	259	569	361	46	271	125	227	136	126	206	301
V446	9	67	44	55	193	57	114	168	621	2	68
V447	94	134	266	67	8	393	345	386	364	170	170
V448	147	162	59	98	49	472	387	86	656	94	106
V449	128	98	175	38	160	102	27	15	9	128	107
V450	31	83	439	30	34	99	18	515	156	309	167
V451	360	288	194	245	1252	81	143	15	103	119	380
V452	326	99	74	233	8	285	223	20	76	19	152
V453	256	67	271	323	51	49	137	230	565	207	203
V454	570	446	23	41	58	341	363	138	21	706	244
V455	89	12	109	22	21	303	51	76	38	10	74
V456	204	434	166	187	402	61	77	16	98	117	260
V457	180	242	52	14	165	206	146	349	395	255	149
V458	185	59	49	340	43	286	164	4	450	181	136
V459	8	269	95	72	106	49	207	26	69	22	106
V460	75	759	75	0	58	191	214	112	95	636	166
V461	223	133	187	202	44	64	189	257	218	236	180
V462	163	926	67	359	12	6	507	86	7	101	217
V463	429	143	151	86	168	363	739	74	1	64	212
V464	43	263	216	594	308	3	102	128	108	368	216
V465	882	252	48	113	18	329	116	333	290	32	276
V466	277	532	284	207	82	104	21	43	245	256	246
V467	88	52	174	52	490	401	4	585	18	395	174
V468	372	579	19	24	335	95	109	82	93	114	228
V469	308	13	49	184	40	410	525	223	140	275	166
V470	281	62	17	0	691	172	1	600	368	389	213
V471	344	804	208	26	624	190	217	2	477	500	367
V472	1	711	131	282	116	236	193	214	74	291	216
V473	71	32	109	25	227	364	48	220	238	148	125
V474	452	40	1273	144	175	24	1140	566	142	172	536
V475	148	12	137	309	76	93	23	290	76	230	132
V476	44	169	272	13	280	137	346	44	167	503	169
V477	70	2	155	377	417	34	277	287	148	347	183
V478	300	319	194	62	322	40	134	88	676	480	246
V479	140	426	30	25	144	258	39	407	99	90	146
V480	383	179	377	310	490	358	114	131	145	72	321
V481	205	78	135	698	88	93	208	441	40	276	187
V482	192	52	607	289	28	355	103	128	22	595	278
V483	116	8	394	521	185	136	420	52	133	125	257
V484	324	319	32	46	59	61	75	185	169	156	143
V485	134	109	51	258	64	100	310	555	527	151	111
V486	298	105	49	79	87	292	72	125	61	16	149
V487	33	150	99	509	28	489	672	0	30	146	157
V488	244	183	85	216	249	748	367	177	66	265	214
V489	155	52	19	2	391	457	180	249	59	980	161
V490	28	254	68	143	669	84	48	65	46	2	181
V491	180	280	326	31	92	243	63	52	7	328	212
V492	143	88	93	1172	16	234	186	35	322	240	221
V493	56	78	0	161	576	177	109	46	346	159	131
V494	21	11	68	25	413	72	216	0	246	150	107
V495	416	72	180	34	260	56	129	36	2	175	227
V496	1009	128	9	9	7	177	271	539	127	168	299
V497	282	111	146	375	132	126	144	125	61	230	181
V498	489	185	197	241	88	61	42	255	429	198	231
V499	126	112	98	130	177	218	210	308	47	92	136
V500	125	14	109	56	16	840	184	113	13	2	123
