Source001	Source002	Source003	Source004	Source005	Source006	Source007	Source008	Source009	Source010	Sink
V1	8	77	581	320	304	6	67	25	154	287	247
V2	231	113	9	246	338	459	235	46	9	299	209
V3	99	785	111	85	226	1034	141	230	19	553	268
V4	203	3	128	279	36	83	27	248	200	122	113
V5	24	34	477	150	686	35	43	149	297	712	333
V6	141	43	60	72	86	63	53	229	126	65	68
V7	325	122	300	186	52	284	111	49	69	102	164
V8	180	45	272	62	78	92	596	127	128	170	153
V9	515	86	7	319	64	79	170	541	51	163	186
V10	236	261	30	23	89	23	178	362	217	77	108
V11	171	282	465	147	920	36	136	308	3	39	394
V12	280	99	323	334	167	6	55	67	252	358	253
V13	6	32	219	384	11	65	466	4	155	151	144
V14	4	107	57	0	4	39	314	94	199	371	52
V15	35	195	10	335	431	204	98	479	57	301	228
V16	28	67	188	7	23	173	40	24	345	7	97
V17	223	6	119	282	6	10	322	121	61	72	130
V18	362	302	41	608	14	13	433	170	22	134	260
V19	122	43	357	236	133	22	77	5	95	13	184
V20	139	375	173	30	11	673	133	263	479	427	175
V21	127	483	0	3	71	402	248	131	93	276	135
V22	13	665	191	164	56	148	115	63	147	241	217
V23	45	287	157	151	119	65	122	58	111	294	206
V24	372	268	757	117	62	153	443	298	79	444	285
V25	362	103	72	231	492	32	124	98	408	3	214
V26	77	256	150	90	217	100	327	239	481	249	147
V27	89	54	27	705	146	31	105	34	190	934	258
V28	231	91	1660	71	204	426	439	1	57	42	423
V29	420	48	28	102	40	35	313	70	271	8	103
V30	215	356	224	209	430	176	95	84	52	197	275
V31	938	889	121	431	681	41	228	446	17	846	561
V32	311	29	1227	128	62	301	136	122	338	20	356
V33	569	239	69	178	246	336	6	125	140	87	209
V34	38	417	313	4	36	10	224	497	317	142	178
V35	108	116	246	190	293	28	94	62	82	9	214
V36	196	111	43	192	289	220	278	1	964	852	182
V37	216	137	153	102	49	303	234	92	328	341	125
V38	300	158	561	11	163	196	60	313	1001	6	203
V39	112	157	205	179	243	239	79	381	346	22	208
V40	163	198	178	288	258	9	428	37	6	16	216
V41	33	423	418	396	179	294	301	175	29	633	313
V42	285	202	51	268	131	375	195	48	338	562	199
V43	187	135	116	404	181	260	121	758	23	419	194
V44	110	123	512	131	1408	589	48	120	94	19	469
V45	4	451	489	65	119	71	131	18	243	314	227
V46	908	56	49	79	50	88	55	466	250	249	186
V47	239	165	247	159	88	23	128	185	346	206	180
V48	83	184	152	589	236	24	10	141	124	191	259
V49	89	29	348	70	268	568	0	9	90	42	136
V50	43	146	1	350	47	91	672	150	202	260	129
V51	62	37	243	53	520	55	30	70	26	88	189
V52	430	22	590	171	351	82	32	426	355	8	269
V53	69	140	71	240	139	47	164	86	302	223	131
V54	411	222	298	115	26	119	260	26	3	32	159
V55	211	44	198	2	318	210	32	143	79	93	139
V56	10	101	5	17	503	52	196	93	8	280	128
V57	105	241	200	80	152	128	10	650	37	52	179
V58	309	431	433	573	314	193	236	65	722	295	400
V59	84	527	360	49	797	298	180	90	50	0	320
V60	789	424	24	4	30	80	14	31	29	71	217
V61	215	351	174	1	732	112	47	47	176	13	271
V62	185	48	315	46	164	642	56	231	451	331	160
V63	225	7	578	194	158	50	40	347	1315	302	235
V64	55	20	311	639	70	130	222	335	13	2	223
V65	4	95	232	81	296	544	55	280	220	809	176
V66	464	255	325	103	105	295	149	57	118	175	201
V67	94	50	218	368	401	17	721	368	94	179	241
V68	161	133	21	233	270	226	949	387	440	80	170
V69	325	178	271	172	58	926	20	137	376	42	233
V70	680	55	77	35	88	142	12	199	18	733	165
V71	221	27	449	95	38	8	622	479	648	67	167
V72	213	174	97	637	28	558	702	261	136	748	240
V73	196	254	194	200	29	225	276	186	82	52	169
V74	259	15	252	343	505	132	234	178	2	109	263
V75	41	11	123	139	438	50	86	367	340	9	152
V76	512	226	136	1236	218	130	349	318	41	206	483
V77	181	208	338	98	19	298	66	217	66	177	195
V78	91	111	404	4	158	618	351	623	64	353	160
V79	139	109	168	378	420	154	314	131	322	21	229
V80	19	228	63	188	69	49	112	151	61	16	123
V81	8	149	76	94	21	21	284	149	28	163	62
V82	33	722	158	455	11	314	53	311	8	23	298
V83	47	134	268	357	221	99	7	47	19	244	208
V84	9	3	44	8	789	141	491	377	28	113	216
V85	126	84	58	40	175	5	82	790	43	16	109
V86	175	128	9	143	62	163	18	27	13	197	89
V87	830	283	115	5	181	71	304	343	289	44	219
V88	262	491	422	528	63	310	128	1081	298	24	360
V89	306	96	137	148	3	8	86	298	37	83	128
V90	80	84	42	65	282	189	196	101	58	45	112
V91	255	18	227	269	659	98	373	306	227	56	282
V92	21	15	390	276	424	558	21	101	472	32	226
V93	34	107	26	51	384	91	573	178	49	84	108
V94	440	112	9	55	30	73	104	29	578	77	106
V95	227	119	576	229	25	436	184	486	415	91	211
V96	26	176	113	120	475	567	278	297	68	792	252
V97	14	114	58	33	362	265	100	163	41	87	113
V98	190	58	106	427	536	809	81	42	41	0	235
V99	16	118	215	682	55	35	47	247	506	142	265
V100	8	461	207	9	111	282	1009	165	621	324	160
V101	176	52	177	10	516	133	23	28	294	97	192
V102	219	26	178	199	75	36	516	133	31	17	143
V103	120	40	130	309	322	436	79	47	98	186	191
V104	101	62	67	67	687	41	119	172	163	44	186
V105	57	151	233	9	10	381	97	396	125	123	109
V106	255	282	773	115	151	14	63	209	245	39	281
V107	399	53	103	188	149	66	60	128	304	1062	193
V108	216	215	283	55	87	0	79	150	133	59	164
V109	185	549	425	164	8	366	25	102	113	110	236
V110	158	8	118	92	2	245	7	173	196	289	80
V111	132	162	21	318	127	357	268	10	430	227	139
V112	185	7	53	67	57	0	385	485	20	770	67
V113	75	430	254	37	202	5	3	36	11	280	192
V114	99	129	149	1	302	63	111	201	9	19	147
V115	273	192	12	609	144	35	255	249	218	161	254
V116	51	311	112	196	68	269	351	61	195	262	137
V117	10	811	5	183	480	146	58	138	593	154	323
V118	223	88	318	362	320	20	24	1	134	258	257
V119	230	50	15	297	184	38	56	140	2	403	166
V120	47	286	332	378	26	226	78	4	99	93	220
V121	218	345	36	32	17	109	646	46	281	481	143
V122	257	105	280	527	654	156	187	504	340	101	389
V123	19	177	17	111	226	43	4	93	171	0	114
V124	65	362	48	100	212	283	860	117	68	362	167
V125	165	45	252	295	53	189	146	188	69	181	153
V126	113	714	210	287	154	448	276	122	158	6	271
V127	164	223	206	351	103	168	56	169	116	120	213
V128	215	297	101	169	23	293	621	5	37	4	143
V129	125	104	109	81	17	360	588	33	183	211	103
V130	766	152	164	60	210	198	587	452	45	295	196
V131	14	218	208	318	100	49	137	5	71	75	209
V132	32	22	312	26	234	98	377	22	297	333	150
V133	135	257	61	33	285	71	147	66	67	100	151
V134	45	70	71	121	228	331	34	447	127	37	108
V135	90	66	119	118	1	293	18	173	23	248	92
V136	189	105	522	151	52	44	131	5	11	65	204
V137	35	6	63	443	26	114	215	277	707	103	144
V138	88	566	70	203	71	3	123	359	171	80	213
V139	266	76	21	478	26	670	20	92	43	857	184
V140	729	188	302	59	75	149	75	39	112	81	230
V141	73	209	13	165	116	86	250	391	838	88	132
V142	867	78	125	24	466	269	168	453	288	4	290
V143	36	289	46	292	109	49	62	103	415	453	172
V144	238	476	32	381	31	145	274	399	359	58	227
V145	332	27	143	238	411	88	12	262	343	56	268
V146	303	264	119	465	65	234	111	162	107	45	197
V147	132	4	55	84	776	30	47	122	271	234	198
V148	460	2	175	284	45	114	235	141	288	202	173
V149	83	16	31	7	34	115	38	11	58	136	44
V150	269	162	126	303	396	23	113	123	162	837	250
V151	16	78	50	244	79	36	426	590	249	431	124
V152	282	81	22	214	85	644	85	13	166	95	126
V153	108	160	555	224	56	55	130	270	225	360	214
V154	111	1146	151	215	44	85	337	34	90	10	315
V155	45	15	202	241	184	50	78	74	880	3	168
V156	19	43	64	40	56	65	183	477	86	58	56
V157	632	160	144	491	430	224	87	66	162	101	334
V158	69	69	20	12	8	151	531	51	137	165	47
V159	38	111	75	674	146	522	578	200	255	76	239
V160	844	1	143	278	244	117	34	262	274	255	261
V161	45	324	217	46	88	147	56	188	87	89	127
V162	237	239	348	582	47	81	192	137	211	97	303
V163	110	10	458	123	721	431	301	390	21	249	276
V164	48	462	411	547	416	109	182	312	85	213	458
V165	191	114	201	751	118	346	144	65	387	162	282
V166	319	589	185	1	7	380	18	101	149	206	189
V167	376	407	46	450	69	182	243	17	415	186	295
V168	37	53	120	71	274	582	22	204	151	1003	149
V169	151	339	9	254	52	344	33	154	477	133	147
V170	86	325	192	52	9	216	728	173	60	46	106
V171	222	271	764	43	17	39	249	96	67	125	243
V172	205	267	136	267	5	129	160	326	537	322	180
V173	618	546	481	235	70	610	154	115	417	8	373
V174	145	113	99	54	205	104	83	82	307	18	119
V175	99	477	149	129	290	57	118	24	21	327	257
V176	17	48	60	30	33	202	123	162	200	154	67
V177	116	560	15	249	159	165	181	232	184	86	215
V178	160	109	240	287	152	89	53	455	223	186	189
V179	404	62	14	349	16	46	31	233	107	124	161
V180	298	22	365	12	42	55	37	309	8	3	123
V181	361	229	7	67	114	323	822	108	601	261	131
V182	64	177	50	59	212	143	126	20	79	337	104
V183	82	187	384	162	127	91	60	101	642	29	192
V184	173	444	148	161	119	10	416	58	160	27	203
V185	219	53	333	592	76	62	423	3	212	55	243
V186	183	214	50	59	762	49	552	168	155	239	265
V187	315	28	221	176	599	30	176	88	142	8	254
V188	442	415	172	55	182	46	244	154	189	163	239
V189	27	138	60	1174	37	72	13	557	64	385	351
V190	65	293	354	127	88	19	169	108	138	3	219
V191	229	238	878	245	286	36	117	307	180	640	352
V192	98	186	196	93	131	124	113	160	75	42	142
V193	397	125	103	350	83	13	82	49	492	41	179
V194	374	370	27	73	135	35	64	2	24	183	161
V195	20	213	110	294	54	419	101	477	199	92	181
V196	105	247	103	98	402	300	49	204	146	35	205
V197	46	78	190	50	126	76	1	44	201	455	118
V198	116	590	103	96	76	291	52	127	242	50	233
V199	8	148	310	28	27	107	29	730	161	101	105
V200	483	297	1	117	32	93	114	137	199	333	150
V201	146	252	110	441	113	53	44	135	86	592	241
V202	183	977	123	524	94	140	31	515	60	898	401
V203	47	333	243	223	7	208	229	106	106	139	183
V204	26	259	29	9	47	51	6	446	189	124	128
V205	292	61	502	228	454	422	255	276	82	34	285
V206	48	95	4	117	486	15	571	40	312	83	156
V207	176	209	246	227	57	82	21	54	203	134	178
V208	39	180	347	142	261	269	65	21	47	178	216
V209	96	177	242	327	45	193	148	32	307	233	200
V210	49	266	89	49	120	1105	28	322	238	58	177
V211	122	56	81	66	117	54	139	58	180	69	99
V212	55	111	176	51	52	229	8	90	288	166	92
V213	644	23	329	153	155	845	59	323	800	38	267
V214	433	85	242	22	293	62	146	298	445	178	194
V215	320	25	92	265	138	345	451	296	112	104	151
V216	770	7	86	187	52	9	199	945	74	6	202
V217	81	38	72	193	110	129	139	162	307	24	126
V218	118	378	307	115	212	376	576	46	136	116	229
V219	124	53	200	31	613	196	18	66	70	34	175
V220	307	4	170	298	38	183	21	139	115	4	154
V221	24	96	296	233	354	605	316	182	23	332	205
V222	157	268	56	6	92	65	117	47	750	74	156
V223	37	512	7	674	132	193	14	149	134	322	298
V224	448	89	56	707	583	308	143	219	55	268	376
V225	309	312	796	210	258	159	700	459	62	134	320
V226	110	143	365	210	517	360	60	30	115	37	281
V227	471	99	3	6	235	675	200	114	117	113	136
V228	30	46	657	26	231	18	104	8	153	146	165
V229	35	62	29	574	142	636	42	138	26	596	229
V230	76	175	77	45	164	114	36	61	86	12	110
V231	12	170	34	187	97	281	237	31	50	243	114
V232	379	42	34	243	124	604	119	52	1087	29	168
V233	135	491	15	136	149	113	64	244	20	214	172
V234	129	152	79	422	111	90	2	277	436	69	200
V235	256	63	467	172	145	969	138	656	23	90	224
V236	85	31	38	164	268	398	86	31	18	43	114
V237	60	76	292	20	434	404	199	227	5	68	200
V238	40	36	203	12	651	228	192	47	444	108	196
V239	138	77	36	63	255	475	84	612	157	166	123
V240	414	248	98	37	139	194	333	246	1	132	147
V241	144	83	191	184	108	108	94	290	2	72	138
V242	9	36	38	131	2	96	410	9	15	166	73
V243	26	217	17	417	21	222	487	114	247	1	192
V244	900	63	166	1	219	252	233	36	86	200	200
V245	110	118	189	403	3	49	670	182	117	36	180
V246	89	87	460	198	60	30	298	141	138	325	171
V247	346	170	711	734	433	238	147	12	80	132	487
V248	245	387	119	76	33	90	416	176	22	50	144
V249	65	480	153	515	459	25	136	240	294	256	324
V250	539	839	34	1	95	13	91	323	283	401	262
V251	324	393	371	293	46	127	629	79	56	59	272
V252	331	405	167	18	162	889	8	404	167	410	201
V253	383	154	201	241	384	434	295	79	138	244	258
V254	175	36	9	21	103	135	378	176	45	127	69
V255	651	131	61	69	68	39	228	26	69	830	223
V256	148	5	271	220	72	126	226	473	179	73	151
V257	90	35	173	437	458	257	151	125	47	358	240
V258	210	82	59	13	195	82	57	285	2	180	98
V259	428	109	217	130	13	79	505	52	242	500	177
V260	241	92	34	360	5	207	36	179	361	98	170
V261	79	62	256	55	41	243	40	195	231	267	98
V262	174	226	90	169	341	36	267	21	207	253	190
V263	776	55	55	286	440	463	230	4	293	186	252
V264	183	88	338	521	2	173	3	246	350	335	246
V265	270	444	20	179	115	456	56	69	603	351	227
V266	124	128	54	38	113	58	68	83	46	761	111
V267	157	952	854	13	9	5	122	119	292	59	350
V268	105	387	144	333	276	38	428	17	12	58	253
V269	465	27	145	27	45	120	57	500	166	162	106
V270	312	50	517	68	404	126	82	287	36	126	257
V271	45	348	162	35	84	84	52	18	315	376	159
V272	110	101	275	128	67	55	367	37	202	18	149
V273	59	11	13	199	483	106	5	5	33	16	180
V274	59	291	92	86	89	7	115	0	214	566	153
V275	50	331	12	209	0	82	70	366	613	189	123
V276	280	304	111	103	58	63	471	178	4	502	153
V277	25	264	433	100	286	208	76	74	486	454	211
V278	2	203	142	165	59	14	164	52	492	631	166
V279	234	128	52	28	327	96	157	432	150	624	173
V280	274	81	98	265	372	42	863	380	305	125	201
V281	55	87	58	44	459	719	268	40	479	382	156
V282	683	133	480	144	26	152	455	18	607	159	232
V283	35	220	212	132	36	349	110	70	832	809	143
V284	49	19	206	145	152	257	10	111	15	50	134
V285	313	371	20	490	189	192	209	147	105	56	284
V286	24	92	201	402	68	267	340	790	401	177	190
V287	331	72	143	55	76	193	27	158	90	0	120
V288	147	57	72	93	393	343	48	275	116	365	158
V289	294	349	76	51	333	65	256	85	34	221	207
V290	336	255	209	32	44	48	504	208	287	468	152
V291	185	50	127	103	120	64	156	136	108	173	115
V292	60	252	237	50	32	118	44	200	1	138	130
V293	90	537	106	1094	74	595	47	708	525	102	433
V294	30	491	80	586	16	310	23	303	106	130	289
V295	237	36	201	189	50	103	260	320	188	8	140
V296	473	81	68	206	6	24	192	56	143	72	129
V297	107	58	115	118	270	119	124	375	64	65	123
V298	138	200	160	140	196	281	14	21	526	40	160
V299	186	360	447	337	723	869	65	195	6	249	454
V300	77	1	334	170	117	305	420	256	36	35	148
V301	164	100	25	199	37	256	251	149	97	83	139
V302	15	274	1	114	393	50	108	84	78	81	147
V303	381	49	351	83	12	415	293	38	453	181	163
V304	255	656	266	190	149	144	25	241	49	41	292
V305	84	976	88	107	41	158	99	219	175	8	245
V306	4	54	486	153	80	121	1	3	58	11	167
V307	382	9	88	35	167	172	217	19	375	24	131
V308	228	20	89	224	49	82	84	277	945	3	110
V309	91	146	108	19	64	26	78	208	95	34	90
V310	144	134	222	327	80	60	1058	126	290	108	171
V311	64	347	64	24	495	51	180	158	25	235	189
V312	69	512	306	271	121	70	22	206	384	89	273
V313	95	162	370	167	49	118	17	265	201	103	189
V314	31	28	91	80	818	146	398	85	19	773	262
V315	176	219	14	216	3	220	102	163	29	266	125
V316	708	44	157	166	60	93	340	560	327	93	207
V317	292	111	120	364	235	245	195	8	136	9	210
V318	101	189	31	86	443	30	0	233	68	670	187
V319	506	701	47	240	72	36	125	58	53	27	302
V320	155	712	16	14	178	451	212	219	547	131	206
V321	569	884	155	407	191	374	213	11	375	230	382
V322	1129	537	67	7	241	463	369	247	149	6	368
V323	146	94	514	856	94	149	90	66	127	33	370
V324	697	107	43	56	940	46	46	301	91	544	323
V325	38	225	55	325	31	77	107	1439	64	412	181
V326	370	104	311	594	434	92	182	10	43	306	408
V327	106	74	749	181	46	86	223	154	44	329	237
V328	69	60	1037	405	99	65	18	38	28	172	307
V329	5	1589	236	386	36	249	137	252	202	289	447
V330	16	9	371	324	73	65	187	141	71	16	166
V331	96	503	441	70	870	197	70	384	151	119	372
V332	329	216	42	150	44	137	157	103	206	46	123
V333	149	90	117	360	192	433	455	234	473	74	199
V334	93	418	141	193	2	9	49	259	74	252	173
V335	320	655	111	129	273	203	242	173	90	617	274
V336	15	73	277	238	78	589	425	7	16	185	146
V337	205	160	360	99	405	92	34	338	278	88	214
V338	7	219	199	150	150	671	507	319	163	180	141
V339	260	347	209	185	29	887	48	60	75	102	184
V340	8	42	279	175	237	61	7	6	449	18	188
V341	652	207	39	143	107	310	193	166	136	238	174
V342	163	329	212	390	36	81	365	188	366	120	198
V343	81	235	629	33	54	526	197	405	54	138	236
V344	166	28	3	442	92	337	42	635	152	58	157
V345	70	94	61	287	104	346	39	76	64	275	143
V346	198	91	21	164	0	43	48	383	71	0	110
V347	678	202	750	44	397	397	264	171	435	322	360
V348	11	184	218	13	105	673	60	45	37	54	117
V349	135	117	406	99	78	401	267	459	223	998	171
V350	60	176	59	271	22	133	164	148	90	11	147
V351	2	149	242	67	40	78	34	186	318	251	99
V352	297	42	27	15	34	282	122	324	141	249	83
V353	107	129	532	232	55	225	157	23	116	240	232
V354	106	28	181	291	83	184	230	14	761	393	155
V355	436	28	29	375	50	10	217	153	355	53	162
V356	55	112	561	30	158	64	59	43	211	221	189
V357	146	89	10	232	425	164	15	403	423	139	208
V358	228	186	230	353	80	204	223	95	332	93	215
V359	728	94	40	1	190	192	252	173	182	192	172
V360	38	254	953	311	357	61	146	32	204	50	368
V361	164	478	319	439	25	4	31	3	600	53	303
V362	93	86	97	127	39	75	225	198	253	119	93
V363	243	116	48	41	576	26	26	74	169	337	190
V364	306	172	202	349	417	136	0	3	69	909	281
V365	15	312	303	26	164	18	176	332	220	155	169
V366	841	49	12	46	330	113	116	470	270	60	195
V367	408	474	560	22	11	2	94	470	308	124	239
V368	123	531	160	110	166	234	386	59	318	183	205
V369	91	222	308	393	234	14	9	156	452	72	279
V370	101	36	195	145	5	338	333	482	77	857	113
V371	20	123	139	146	742	111	20	276	296	145	258
V372	70	92	314	642	18	165	698	309	143	102	252
V373	66	323	286	117	128	94	214	31	134	148	209
V374	5	21	330	443	146	102	193	775	147	58	226
V375	355	34	775	263	40	82	10	42	278	70	309
V376	433	29	128	80	10	236	146	27	252	448	140
V377	69	99	230	124	316	219	105	569	37	0	184
V378	367	497	49	156	462	10	161	68	61	62	270
V379	80	217	25	82	251	19	119	389	48	375	126
V380	63	22	15	130	188	69	208	2	75	43	86
V381	75	9	166	308	65	76	348	10	6	149	179
V382	17	81	498	149	43	204	112	426	110	700	171
V383	202	73	453	59	291	325	50	541	57	101	215
V384	437	161	192	227	16	13	18	10	247	157	204
V385	0	782	52	144	120	102	6	26	359	28	211
V386	102	657	7	121	92	265	593	138	218	102	183
V387	48	140	63	296	173	45	355	63	225	23	143
V388	223	225	434	66	310	1050	407	103	399	386	225
V389	119	33	54	197	28	299	276	63	308	460	90
V390	191	301	132	80	31	10	135	262	226	68	118
V391	6	21	75	297	97	101	0	125	61	31	105
V392	186	237	25	16	566	194	191	19	537	209	224
V393	37	35	83	47	599	0	251	294	349	76	172
V394	43	124	282	58	456	212	458	696	100	139	191
V395	162	102	234	61	637	454	173	58	196	8	239
V396	75	90	174	175	13	1253	132	78	16	168	111
V397	217	206	140	59	95	131	26	394	285	335	139
V398	71	132	115	95	39	15	552	273	21	52	96
V399	47	49	220	75	192	45	311	684	100	199	190
V400	101	436	190	18	106	279	687	116	103	366	161
V401	142	100	266	689	19	5	318	298	142	739	293
V402	10	259	116	168	586	114	570	463	188	188	274
V403	44	244	433	74	66	123	56	104	9	48	172
V404	157	75	61	114	217	364	106	29	72	26	101
V405	450	8	554	39	967	151	42	88	3	376	356
V406	444	55	304	47	155	476	159	39	222	38	151
V407	52	105	19	323	103	22	842	32	30	188	160
V408	224	66	52	192	518	98	80	114	41	642	210
V409	1	94	100	669	10	229	322	147	24	454	237
V410	64	62	199	112	27	82	13	76	78	578	117
V411	123	38	54	191	21	158	607	35	278	32	94
V412	807	70	346	27	122	110	270	75	181	248	222
V413	138	127	347	75	85	124	7	88	18	80	156
V414	100	11	134	9	24	191	74	1	24	101	60
V415	343	419	186	392	86	298	606	868	178	69	239
V416	193	292	137	109	446	113	82	509	26	173	234
V417	1	292	438	340	172	422	36	151	142	20	318
V418	561	76	13	102	75	325	119	60	576	320	126
V419	84	37	925	356	62	151	79	105	51	155	290
V420	61	18	98	255	278	294	10	149	143	49	147
V421	279	74	4	35	16	153	107	312	83	42	61
V422	72	4	1120	266	89	21	76	175	324	191	285
V423	120	118	123	20	96	23	83	349	13	212	93
V424	415	155	78	826	162	18	369	291	101	70	325
V425	309	21	132	314	43	62	217	676	542	147	143
V426	10	27	62	27	159	4	322	340	495	459	72
V427	336	69	176	23	211	276	127	354	97	63	208
V428	80	35	277	559	332	16	65	7	31	198	249
V429	370	195	4	562	50	72	51	176	73	13	242
V430	3	473	51	121	277	48	333	451	832	149	182
V431	114	95	105	2	288	166	84	846	125	55	108
V432	530	362	27	33	278	205	19	27	40	301	261
V433	7	29	215	124	76	363	1619	105	188	179	135
V434	152	149	404	290	123	75	7	100	132	58	223
V435	617	257	75	175	152	47	535	124	37	248	197
V436	55	24	74	1176	37	59	249	149	454	577	311
V437	279	420	410	1138	93	879	307	108	5	332	481
V438	50	23	54	2	60	144	115	57	373	444	58
V439	399	42	13	216	18	167	484	180	151	369	136
V440	226	6	50	117	334	57	8	855	525	479	165
V441	443	354	88	37	48	338	762	40	17	336	159
V442	36	331	244	27	218	545	197	160	564	88	200
V443	13	15	4	114	364	402	167	57	154	90	113
V444	240	358	144	52	401	462	132	220	80	188	216
V445	228	89	122	462	177	161	159	41	84	38	198
V446	120	125	170	118	322	81	86	321	36	274	197
V447	96	12	491	405	661	244	217	24	111	399	331
V448	283	185	215	287	172	69	76	129	683	196	204
V449	60	593	40	289	445	398	113	31	23	54	267
V450	48	3	16	70	110	231	230	56	131	159	83
V451	192	753	341	161	144	766	81	502	415	61	325
V452	174	1	343	16	46	58	120	146	365	8	105
V453	260	12	72	200	125	375	227	28	343	136	138
V454	95	132	254	12	634	100	399	28	277	41	205
V455	4	106	359	1	633	351	86	5	250	125	212
V456	460	702	92	46	216	108	570	214	217	87	283
V457	105	190	75	77	763	60	328	131	244	137	257
V458	429	255	58	11	25	175	51	142	279	152	129
V459	200	13	27	92	19	34	773	52	187	90	60
V460	21	43	113	34	29	220	261	73	150	97	49
V461	167	6	255	25	369	243	208	79	9	263	192
V462	171	93	26	1	274	336	280	736	739	8	110
V463	14	434	43	594	295	78	8	1	146	354	275
V464	139	87	143	400	211	129	192	110	164	152	217
V465	80	105	233	378	56	155	24	51	109	623	185
V466	44	34	138	477	505	43	107	218	374	826	290
V467	102	65	640	32	16	1	77	357	101	101	169
V468	111	67	735	255	780	174	219	140	213	21	363
V469	33	409	149	4	246	281	619	735	327	64	202
V470	63	301	177	266	431	0	214	189	167	145	263
V471	664	53	16	496	45	349	26	219	248	140	213
V472	28	88	264	25	492	446	80	410	4	95	165
V473	24	555	58	230	2	53	109	298	16	19	186
V474	479	246	30	131	382	211	27	57	37	478	241
V475	3	62	317	16	427	17	271	210	82	833	195
V476	63	104	28	250	147	331	299	193	202	80	164
V477	90	114	300	218	156	450	60	108	15	160	176
V478	211	135	117	53	1122	11	234	0	217	19	308
V479	310	213	44	274	553	164	390	256	85	67	265
V480	218	470	162	123	280	6	67	192	160	33	295
V481	99	8	402	247	104	106	14	175	180	176	176
V482	67	38	41	87	400	229	62	121	12	134	141
V483	1162	93	167	40	36	204	105	166	217	615	224
V484	123	71	52	47	32	73	206	4	337	204	81
V485	59	130	347	218	195	146	7	714	4	83	225
V486	768	162	16	62	12	200	106	247	45	149	185
V487	41	221	18	88	158	474	405	184	89	52	102
V488	213	95	374	68	31	12	275	461	135	197	128
V489	84	363	262	273	75	393	52	43	114	533	201
V490	198	105	344	14	105	149	1128	201	195	150	139
V491	71	83	31	15	88	596	98	156	214	606	72
V492	625	31	377	465	63	512	767	302	232	52	287
V493	172	68	15	81	355	479	142	194	196	5	180
V494	112	1102	278	186	69	348	51	394	185	218	315
V495	11	1496	84	85	147	131	371	18	80	78	371
V496	178	310	215	43	125	172	367	208	186	25	152
V497	144	580	178	61	755	281	371	296	10	149	352
V498	531	61	66	323	136	70	15	177	154	34	201
V499	732	236	72	66	391	30	53	354	214	131	231
V500	44	523	58	14	262	15	187	77	155	130	175
