Source001	Source002	Source003	Source004	Source005	Source006	Source007	Source008	Source009	Source010	Sink
V1	32	566	108	78	1106	847	198	5	13	150	320
V2	329	1344	501	31	388	236	52	34	226	156	506
V3	206	63	158	203	301	25	105	10	145	38	176
V4	199	69	364	276	181	174	484	193	168	279	208
V5	46	20	545	124	41	171	182	25	177	150	115
V6	205	204	541	95	222	227	203	23	159	197	222
V7	239	428	116	458	438	173	362	13	79	72	346
V8	198	84	68	560	251	54	279	61	152	170	251
V9	22	183	5	18	348	19	269	46	321	398	104
V10	36	49	455	143	99	273	213	288	78	68	147
V11	266	84	17	700	28	199	253	104	62	509	290
V12	9	103	79	428	173	308	101	38	271	136	207
V13	269	139	30	188	296	339	128	399	109	136	200
V14	22	63	209	42	116	440	303	214	87	148	91
V15	309	541	38	351	74	380	50	72	100	0	284
V16	171	72	52	23	72	110	200	302	303	11	82
V17	127	89	142	518	60	257	189	88	95	437	229
V18	101	626	50	592	73	190	222	142	111	72	403
V19	261	248	232	92	18	482	512	615	939	54	213
V20	41	648	107	376	27	13	2	10	812	274	306
V21	387	223	1149	750	80	79	196	67	69	37	459
V22	48	29	405	295	7	76	238	130	107	152	175
V23	969	164	49	67	61	260	249	65	3	75	267
V24	28	366	21	48	854	93	33	63	245	73	232
V25	844	292	461	42	392	40	34	377	64	262	314
V26	404	128	158	23	4	68	75	412	399	23	131
V27	108	194	485	99	87	21	6	367	118	101	135
V28	27	54	115	5	129	17	70	116	47	322	48
V29	389	277	923	26	501	11	57	295	55	53	289
V30	388	24	791	39	323	54	1322	22	217	18	225
V31	346	266	128	40	523	76	106	67	212	103	214
V32	54	18	30	0	90	24	376	148	132	223	45
V33	42	58	19	486	162	406	334	390	2	106	207
V34	161	132	1479	128	31	22	89	64	274	115	286
V35	75	417	91	156	168	24	321	211	373	264	188
V36	328	35	43	260	262	174	335	331	6	255	194
V37	248	561	85	160	291	153	670	83	179	803	278
V38	13	312	43	5	62	75	244	376	39	153	90
V39	84	283	14	26	244	358	12	213	301	23	161
V40	366	236	27	98	426	63	372	369	32	135	214
V41	390	107	6	98	175	18	120	48	463	33	144
V42	233	90	424	303	797	655	26	96	47	653	329
V43	69	23	379	107	20	401	174	99	27	232	142
V44	157	486	154	84	142	81	187	186	78	569	205
V45	313	157	125	67	610	151	29	278	751	272	213
V46	74	719	21	364	136	235	298	116	65	14	308
V47	52	392	153	322	216	16	88	4	138	94	237
V48	250	24	111	232	24	19	107	46	232	61	134
V49	30	30	78	385	333	1003	1106	75	148	41	231
V50	341	155	98	13	233	766	214	62	193	246	161
V51	121	345	668	116	108	195	51	19	14	19	264
V52	133	3	96	201	1167	720	10	71	30	122	269
V53	66	132	333	594	351	367	183	80	97	24	308
V54	366	510	246	93	272	103	13	76	257	306	259
V55	146	120	120	77	192	265	334	195	264	88	132
V56	8	183	145	78	44	154	128	355	173	166	113
V57	278	194	536	12	189	66	38	29	163	98	177
V58	177	24	2	123	343	229	17	190	452	427	126
V59	57	22	389	375	8	603	69	157	1251	46	238
V60	126	361	6	88	472	182	181	8	4	17	171
V61	30	272	130	269	15	483	52	365	12	192	206
V62	172	49	249	7	269	99	222	157	236	167	123
V63	146	308	266	137	45	32	135	81	157	13	186
V64	331	188	152	250	15	188	117	239	184	114	211
V65	223	440	190	9	168	107	51	98	260	99	222
V66	171	276	445	235	163	47	19	96	205	197	254
V67	205	244	157	10	243	183	81	677	61	162	177
V68	632	73	78	128	196	141	63	19	359	103	210
V69	21	247	154	65	26	257	337	419	376	384	132
V70	249	686	117	51	151	200	176	433	184	298	283
V71	167	314	75	70	157	71	503	272	552	19	169
V72	387	283	130	20	345	303	145	66	276	213	204
V73	147	170	616	221	26	372	132	4	210	114	212
V74	151	387	210	424	305	117	106	217	539	144	323
V75	530	15	19	14	79	8	188	427	211	322	103
V76	51	57	174	23	40	1065	104	3	220	1	104
V77	358	622	92	106	8	384	7	90	514	14	288
V78	150	715	89	153	43	132	17	75	150	252	252
V79	608	19	106	327	124	646	97	66	168	480	272
V80	130	274	41	802	169	202	235	38	256	46	367
V81	7	24	357	392	15	287	12	179	139	14	181
V82	60	71	403	55	5	216	612	298	24	350	109
V83	433	124	87	527	93	30	310	116	55	142	262
V84	120	86	462	376	640	19	225	182	702	160	258
V85	280	1	12	34	752	171	177	350	349	70	168
V86	56	322	30	10	724	30	34	142	85	831	187
V87	25	728	197	23	4	149	208	32	73	338	225
V88	53	205	86	31	115	130	337	295	387	235	130
V89	100	5	261	343	94	368	451	518	26	283	189
V90	11	890	202	153	213	65	21	252	694	248	329
V91	179	238	262	275	144	24	111	489	157	177	211
V92	70	149	512	62	8	236	21	132	192	150	154
V93	39	414	93	96	18	785	108	183	461	158	204
V94	0	20	113	318	66	141	132	138	156	335	128
V95	928	231	714	2	88	261	60	550	328	26	305
V96	76	5	351	51	82	500	86	406	40	16	102
V97	442	54	732	442	41	99	365	5	50	187	325
V98	213	331	13	279	268	20	425	69	163	224	227
V99	349	222	134	105	207	468	158	33	368	177	211
V100	690	319	7	69	114	202	167	310	93	151	263
V101	204	71	949	224	28	329	50	296	212	138	236
V102	462	256	8	61	265	159	107	71	51	176	179
V103	47	147	114	449	626	724	19	181	243	21	307
V104	557	257	105	75	188	23	8	70	5	56	223
V105	50	248	154	50	435	115	741	547	244	212	186
V106	1629	369	169	110	300	199	150	162	53	24	458
V107	145	79	209	522	43	88	420	837	313	158	212
V108	139	168	351	16	169	2	146	549	274	116	123
V109	313	333	32	165	127	48	44	14	824	91	236
V110	159	207	444	25	156	17	122	48	243	288	166
V111	340	49	205	60	76	467	28	104	87	114	139
V112	100	619	129	265	393	104	221	141	22	12	310
V113	189	176	70	352	12	445	18	819	246	33	201
V114	497	4	125	107	275	40	323	62	174	235	164
V115	343	159	79	150	440	348	166	30	96	697	254
V116	46	35	131	76	115	52	230	149	106	297	76
V117	155	9	2	6	197	91	0	26	227	135	63
V118	246	210	178	184	927	412	108	100	288	0	306
V119	182	73	227	128	261	460	140	222	21	100	175
V120	335	546	12	219	132	81	18	186	175	370	268
V121	63	11	49	377	146	104	692	1	33	54	146
V122	47	350	388	381	66	96	190	233	77	88	276
V123	253	105	125	202	497	348	299	163	121	66	223
V124	323	45	155	595	146	130	360	28	303	214	268
V125	160	32	464	379	232	67	281	67	39	2	221
V126	148	68	14	222	432	56	127	834	441	475	169
V127	58	329	76	32	157	43	106	351	291	156	140
V128	106	240	105	80	142	109	567	158	24	57	133
V129	161	68	200	173	280	306	727	220	272	28	183
V130	212	35	220	71	155	28	19	158	375	118	126
V131	47	272	58	158	133	265	49	316	351	110	155
V132	49	33	616	155	495	94	16	46	256	152	231
V133	130	7	98	162	62	146	204	611	156	89	73
V134	603	18	88	554	89	367	18	78	439	82	293
V135	241	38	327	222	130	153	295	17	489	167	184
V136	1298	486	54	49	177	370	245	70	22	637	360
V137	1212	74	83	85	26	228	107	16	263	146	284
V138	278	30	33	146	178	63	6	312	38	814	136
V139	545	5	10	83	13	748	102	128	24	55	145
V140	56	11	210	540	100	119	501	52	74	328	228
V141	29	223	584	46	108	355	631	93	18	276	174
V142	208	475	85	96	71	204	149	77	479	54	200
V143	61	94	72	89	448	272	308	83	259	22	136
V144	434	193	342	259	3	157	167	489	24	56	206
V145	287	68	5	245	242	188	242	192	164	122	189
V146	48	35	100	125	437	25	134	148	23	348	111
V147	71	65	61	81	903	37	131	188	217	115	196
V148	85	145	135	31	253	178	106	206	42	575	127
V149	163	204	5	166	67	271	9	519	938	411	168
V150	478	399	562	427	100	62	1	210	45	302	354
V151	6	185	672	499	33	89	410	160	306	0	277
V152	203	66	222	175	69	72	32	139	66	533	146
V153	150	213	383	221	32	251	139	25	104	982	201
V154	307	20	75	422	68	12	212	766	491	543	230
V155	332	85	181	41	250	244	319	101	178	127	147
V156	76	433	0	114	53	215	51	33	176	195	167
V157	452	360	471	35	198	212	115	32	422	67	256
V158	91	296	73	33	155	169	55	60	172	245	154
V159	97	252	28	176	243	64	48	90	213	463	150
V160	139	22	28	53	14	36	950	167	281	31	58
V161	1080	40	67	708	186	37	303	500	101	44	412
V162	209	192	975	305	521	81	211	18	58	263	332
V163	244	17	42	406	389	157	144	438	47	166	210
V164	1302	68	388	520	4	31	201	208	181	143	412
V165	308	198	83	389	394	599	29	168	28	52	287
V166	8	347	92	228	77	18	29	229	19	99	166
V167	135	135	157	39	546	163	335	162	87	364	164
V168	27	42	232	147	191	627	23	543	103	619	162
V169	311	165	15	134	139	133	249	478	110	53	153
V170	466	39	63	27	168	86	561	167	219	45	128
V171	25	496	43	70	132	126	841	96	158	69	162
V172	47	373	78	146	83	337	665	81	55	162	169
V173	234	29	125	444	34	255	182	4	144	62	188
V174	99	138	801	324	250	393	37	4	183	254	273
V175	211	38	66	286	169	191	4	58	95	177	162
V176	511	47	88	40	253	139	263	265	332	273	177
V177	84	34	190	346	1	220	154	9	36	489	166
V178	91	275	87	51	244	476	97	60	30	505	181
V179	68	312	361	356	95	9	66	6	54	10	233
V180	390	571	691	377	16	1	190	38	72	158	399
V181	313	63	179	65	164	19	47	4	212	153	122
V182	69	271	30	341	119	66	235	168	165	128	210
V183	77	335	1	445	128	152	19	34	211	270	262
V184	3	137	61	323	601	80	129	669	51	231	201
V185	130	95	87	402	139	135	102	30	4	20	189
V186	690	35	45	304	155	182	59	104	213	125	237
V187	348	238	1	50	97	230	137	317	190	112	152
V188	44	113	366	7	556	483	23	74	102	59	170
V189	105	236	122	669	88	8	72	20	446	89	315
V190	135	477	90	23	393	375	251	180	129	345	245
V191	495	483	390	273	72	108	27	242	41	219	358
V192	332	759	930	372	303	358	145	122	198	8	471
V193	69	53	172	393	204	140	61	34	379	338	200
V194	170	358	13	625	6	152	213	304	469	174	310
V195	177	51	28	35	699	51	6	104	318	175	137
V196	24	137	177	211	17	39	191	27	205	150	131
V197	35	37	44	54	294	23	135	485	340	298	90
V198	40	444	23	170	67	82	288	70	117	218	193
V199	140	227	95	1	1	83	161	48	454	96	106
V200	183	103	15	113	221	171	428	433	624	255	136
V201	479	451	30	10	135	0	460	289	145	690	224
V202	67	269	309	44	71	756	123	180	53	384	149
V203	62	92	11	542	64	98	85	241	628	384	193
V204	121	440	221	68	138	232	92	82	196	529	220
V205	34	139	205	41	175	18	3	95	519	69	102
V206	70	117	6	86	329	41	36	657	14	285	111
V207	179	136	263	174	62	105	143	243	86	315	153
V208	66	93	33	62	469	168	637	282	8	105	103
V209	202	81	354	943	43	332	385	366	193	336	372
V210	284	220	313	145	85	77	1517	52	50	40	194
V211	80	251	205	146	154	18	580	12	78	56	172
V212	207	87	370	467	747	25	102	118	624	90	325
V213	138	273	57	54	144	35	183	440	117	434	141
V214	460	108	25	571	113	115	721	322	116	52	282
V215	309	65	42	85	123	28	94	144	324	252	132
V216	240	30	41	128	46	13	160	78	874	387	111
V217	217	182	15	57	601	160	164	123	252	229	187
V218	167	45	545	206	33	84	139	15	163	145	187
V219	565	30	105	201	261	134	49	102	33	425	226
V220	89	95	152	367	272	246	967	32	286	757	217
V221	77	105	147	50	273	32	41	112	27	655	119
V222	0	123	654	7	319	74	227	254	28	47	170
V223	22	181	127	157	42	313	469	3	202	336	156
V224	125	174	265	277	111	278	191	325	27	12	184
V225	14	85	2	5	82	13	69	102	174	277	50
V226	237	117	12	178	1	111	71	365	239	40	142
V227	81	231	7	126	659	164	392	1067	171	3	195
V228	375	145	127	74	31	155	253	353	78	205	152
V229	24	106	21	196	57	14	203	10	194	437	86
V230	20	22	382	52	11	573	227	81	172	82	102
V231	33	247	102	26	17	44	544	45	28	116	88
V232	802	299	294	154	7	1013	106	407	711	44	321
V233	54	51	97	5	70	36	352	50	46	228	53
V234	161	243	440	130	418	551	193	360	31	269	248
V235	411	189	40	543	464	8	279	24	4	411	341
V236	40	178	29	201	113	255	130	692	427	4	132
V237	351	118	257	155	112	106	225	262	228	240	187
V238	114	76	76	71	31	107	44	204	72	8	85
V239	23	250	464	79	21	12	228	307	95	209	129
V240	22	56	120	166	106	188	118	1023	70	151	111
V241	147	55	142	39	168	126	26	474	315	45	90
V242	243	240	1	1130	154	53	642	29	379	24	465
V243	198	68	33	34	230	89	158	164	113	268	90
V244	37	100	194	290	362	65	94	204	128	492	183
V245	68	226	108	95	249	341	34	110	207	34	167
V246	157	64	61	395	293	84	196	85	322	55	198
V247	788	225	96	120	357	114	361	45	114	266	278
V248	139	3	77	58	221	125	143	189	88	571	87
V249	25	113	394	110	271	24	3	318	1	129	142
V250	55	22	76	226	250	9	142	334	120	366	124
V251	68	90	89	178	125	209	11	119	140	869	158
V252	403	160	8	168	69	476	526	0	54	45	197
V253	36	8	113	1	270	39	89	1	86	147	65
V254	589	106	197	42	129	150	350	36	114	11	170
V255	74	787	115	316	348	145	608	258	359	6	388
V256	167	436	616	412	61	1	164	47	43	258	323
V257	297	285	177	439	32	124	554	189	263	39	252
V258	230	53	176	22	354	212	381	472	8	96	116
V259	32	626	561	151	81	188	20	165	244	228	309
V260	384	419	468	263	14	18	127	462	383	17	321
V261	23	34	16	16	779	241	49	715	457	491	157
V262	113	157	89	83	65	83	105	18	116	78	93
V263	296	45	17	220	17	97	149	29	227	106	137
V264	82	131	81	77	75	70	22	224	123	234	92
V265	36	29	186	335	70	361	230	71	255	58	188
V266	116	439	108	546	273	155	432	13	392	57	321
V267	210	86	81	270	248	196	199	136	423	89	203
V268	74	220	147	2	36	243	61	186	208	162	102
V269	54	418	52	401	14	216	478	128	215	130	239
V270	124	275	170	136	418	250	358	36	65	682	221
V271	344	158	545	140	35	127	35	246	573	442	224
V272	60	123	585	46	301	224	47	112	256	176	196
V273	238	419	57	277	189	56	94	105	25	67	258
V274	451	307	564	4	72	6	82	120	32	200	218
V275	63	166	9	34	35	28	47	78	93	236	62
V276	8	2	28	236	270	314	180	83	462	283	136
V277	44	56	7	262	122	80	34	56	86	1065	123
V278	12	67	67	322	435	144	2	154	367	120	201
V279	264	322	89	16	305	129	89	41	265	214	195
V280	170	570	16	378	487	45	767	46	466	225	349
V281	257	106	85	44	473	77	355	17	119	478	149
V282	331	512	119	11	925	24	54	40	159	1	305
V283	146	136	72	39	2	191	6	13	281	181	91
V284	277	222	91	430	78	215	119	161	110	496	227
V285	278	9	243	148	140	182	32	387	496	132	131
V286	513	20	320	97	27	132	246	136	226	699	161
V287	115	184	1085	268	180	114	32	216	7	119	285
V288	99	168	0	48	151	99	172	24	4	70	98
V289	2	120	160	538	40	145	120	230	648	45	215
V290	261	114	37	76	1022	49	126	129	77	310	221
V291	38	39	10	168	332	76	60	134	579	220	96
V292	63	24	42	284	76	219	120	130	36	797	151
V293	194	155	149	415	11	98	72	370	304	439	234
V294	123	168	56	62	218	175	76	167	98	71	112
V295	32	259	110	317	390	173	31	14	32	27	259
V296	321	552	64	158	74	57	600	27	536	175	262
V297	26	99	65	174	246	11	289	886	294	423	145
V298	206	109	211	56	56	95	248	586	671	388	129
V299	20	282	52	102	331	247	211	82	22	109	168
V300	333	22	158	398	231	294	144	58	443	287	224
V301	127	310	74	388	160	433	844	79	111	165	233
V302	24	6	421	221	143	986	154	584	135	547	223
V303	123	133	232	109	191	38	523	127	235	222	141
V304	255	91	141	138	27	46	85	146	2	30	129
V305	112	27	68	171	86	69	147	63	90	336	93
V306	527	1088	445	303	37	60	184	6	292	6	493
V307	204	49	9	161	253	180	92	160	272	84	155
V308	383	285	12	75	608	162	63	6	93	63	257
V309	43	9	55	49	291	140	19	54	18	636	98
V310	14	153	664	150	134	220	33	63	567	48	190
V311	287	546	26	96	127	62	56	169	13	78	221
V312	688	82	114	216	192	190	47	233	6	344	236
V313	212	5	191	12	43	124	243	349	294	136	84
V314	91	66	717	166	147	16	6	223	102	24	161
V315	123	660	157	377	20	543	777	138	155	294	327
V316	90	318	238	209	88	57	110	473	168	26	191
V317	87	17	54	112	20	31	601	283	89	1276	100
V318	347	473	541	8	495	123	160	25	66	200	300
V319	9	347	42	179	495	84	126	137	305	76	210
V320	134	33	23	421	754	327	880	52	45	20	267
V321	174	771	426	667	69	64	102	8	639	16	461
V322	212	86	15	18	156	462	58	78	8	333	101
V323	121	918	149	12	126	138	84	27	277	13	267
V324	418	116	64	105	354	203	261	483	307	283	188
V325	9	0	204	108	126	682	1	66	63	10	137
V326	206	159	60	28	104	202	269	366	127	159	116
V327	211	14	108	123	436	560	87	608	15	290	185
V328	129	264	10	261	249	236	11	34	345	74	208
V329	32	22	203	217	140	140	10	102	84	83	111
V330	237	446	151	95	115	125	72	894	37	119	207
V331	96	763	212	245	166	41	13	55	352	278	338
V332	77	230	112	37	39	193	657	298	760	230	143
V333	159	127	168	533	93	282	117	505	83	88	227
V334	309	218	20	36	185	55	169	229	7	285	149
V335	43	7	424	64	250	255	13	150	23	119	122
V336	13	39	259	174	131	43	228	468	783	165	116
V337	94	542	470	178	56	7	150	58	277	82	235
V338	94	59	385	134	8	119	17	55	93	88	118
V339	160	645	265	127	70	127	58	223	112	148	233
V340	177	164	237	55	231	19	176	88	141	7	134
V341	29	140	89	92	92	221	78	134	78	1	101
V342	19	32	112	34	1667	18	210	513	77	3	267
V343	184	364	51	52	293	382	399	328	110	48	177
V344	84	697	206	27	3	106	122	11	63	77	214
V345	30	142	293	286	118	347	64	140	430	542	194
V346	762	109	353	12	19	105	28	32	1	38	229
V347	746	522	25	171	94	256	225	434	8	17	311
V348	14	74	203	150	272	612	642	65	9	217	174
V349	98	6	460	316	109	167	9	14	49	94	179
V350	200	47	55	111	536	226	109	50	1	294	170
V351	198	64	542	3	13	196	263	464	388	35	112
V352	51	81	336	686	19	360	101	566	109	8	276
V353	17	32	73	674	505	60	41	290	185	265	269
V354	53	105	196	127	11	303	25	132	80	42	92
V355	37	25	140	505	323	4	614	361	93	33	204
V356	506	258	123	209	110	107	531	86	5	0	205
V357	148	112	632	79	46	615	178	200	8	440	200
V358	108	8	51	313	185	241	419	240	34	40	141
V359	387	143	91	133	87	36	73	168	170	165	157
V360	323	373	226	47	30	506	35	194	127	340	211
V361	172	391	310	199	40	267	41	0	5	35	224
V362	484	92	352	335	319	76	520	188	53	145	298
V363	54	25	237	33	133	286	258	57	79	105	99
V364	20	207	112	76	98	216	56	92	318	326	119
V365	2	1040	35	14	84	194	347	133	566	16	292
V366	342	629	222	97	91	43	25	325	540	7	307
V367	344	682	74	1035	276	207	64	288	73	16	581
V368	21	22	89	40	422	4	405	68	11	215	82
V369	75	437	44	859	156	313	439	127	126	46	388
V370	42	38	211	98	33	182	154	376	66	3	79
V371	173	17	293	2	431	127	0	176	292	156	149
V372	134	14	142	373	270	1038	37	23	323	113	229
V373	363	115	284	14	50	9	441	793	185	113	115
V374	283	17	670	204	500	159	93	574	44	300	248
V375	227	212	237	225	570	509	73	360	245	209	297
V376	57	184	161	552	114	59	52	367	505	128	245
V377	102	661	289	98	187	205	42	501	291	4	268
V378	108	3	247	210	844	53	215	16	9	616	219
V379	275	82	1	224	8	132	219	459	16	26	132
V380	55	163	36	155	35	153	36	146	139	121	106
V381	82	76	77	196	315	394	154	204	88	61	160
V382	390	68	122	88	64	465	68	8	167	169	124
V383	193	235	6	236	328	532	74	155	60	73	213
V384	484	106	43	110	61	152	60	206	525	29	158
V385	100	41	145	201	143	366	169	487	436	219	139
V386	276	327	15	82	106	30	87	958	231	98	174
V387	54	131	122	414	160	4	111	500	289	0	198
V388	106	297	175	171	153	370	340	123	64	372	191
V389	104	74	245	776	115	85	343	32	73	194	289
V390	12	572	66	223	137	201	267	12	212	176	255
V391	646	166	130	385	7	159	172	26	41	991	272
V392	327	145	82	8	96	283	312	84	437	253	152
V393	0	178	143	427	666	795	45	169	363	616	329
V394	148	514	306	270	378	7	158	255	377	73	305
V395	120	118	19	510	21	9	660	5	125	194	194
V396	92	275	404	366	67	342	127	310	692	447	279
V397	148	147	9	21	335	390	48	260	870	434	160
V398	288	174	25	229	35	24	381	40	3	96	157
V399	296	176	20	126	48	37	163	136	49	179	121
V400	183	51	493	48	36	393	156	8	222	11	136
V401	56	2	245	781	14	94	316	354	225	807	263
V402	170	31	69	111	0	30	156	25	132	232	71
V403	213	129	907	37	477	676	344	9	27	536	304
V404	170	14	44	253	29	344	261	334	88	36	161
V405	58	104	704	42	68	46	193	407	18	94	137
V406	427	330	413	288	136	992	32	139	298	75	346
V407	434	104	711	76	23	115	196	127	120	714	228
V408	31	310	303	158	637	301	325	329	822	33	293
V409	125	25	78	100	171	177	415	612	119	305	107
V410	257	340	744	58	59	441	208	12	111	112	257
V411	61	54	200	61	163	240	188	173	23	913	106
V412	97	31	113	17	133	61	396	13	76	23	71
V413	14	696	629	292	41	120	53	182	36	74	345
V414	279	249	500	203	131	43	152	151	223	110	242
V415	291	119	112	122	111	148	13	257	134	66	143
V416	18	173	29	461	3	159	23	45	133	29	204
V417	58	162	123	555	34	665	186	243	95	364	255
V418	119	146	105	108	249	245	274	77	57	40	128
V419	329	239	24	521	45	21	96	104	263	19	237
V420	199	436	225	390	95	154	206	90	69	283	323
V421	152	347	26	64	120	142	38	139	11	477	140
V422	53	27	661	17	162	92	122	177	81	380	129
V423	286	144	34	8	35	364	445	324	103	392	106
V424	293	50	96	272	69	54	321	53	63	63	166
V425	399	166	202	121	873	213	844	40	92	78	309
V426	170	23	111	209	11	107	43	86	311	416	127
V427	210	572	367	449	109	14	83	288	419	33	328
V428	8	364	86	18	148	72	55	329	147	8	149
V429	62	249	141	7	77	189	175	80	233	223	130
V430	88	60	286	300	92	419	63	0	118	444	186
V431	93	74	96	162	85	123	64	145	71	32	103
V432	24	86	106	100	62	209	77	1014	124	6	76
V433	122	45	252	56	1045	224	414	133	218	304	245
V434	41	168	785	243	53	600	239	733	33	579	263
V435	285	286	0	117	2	102	513	291	483	380	164
V436	306	7	262	72	417	66	127	222	355	23	153
V437	648	187	68	332	59	57	72	254	404	0	249
V438	305	65	19	53	54	261	1	201	135	245	105
V439	214	15	220	49	405	201	15	227	267	103	138
V440	21	309	38	830	452	242	689	50	4	97	342
V441	319	212	57	75	14	136	82	91	130	148	153
V442	381	131	153	171	232	117	28	117	23	28	188
V443	66	103	843	202	29	697	297	187	111	137	253
V444	241	25	93	304	172	148	75	150	777	341	177
V445	109	34	26	8	465	939	17	201	155	160	152
V446	120	39	275	45	608	218	131	37	370	262	185
V447	302	203	307	90	16	186	66	60	185	300	170
V448	573	80	81	268	195	166	94	388	751	141	244
V449	108	215	32	197	122	85	372	42	9	636	164
V450	247	342	352	71	139	660	242	133	244	159	217
V451	195	37	42	132	498	444	108	8	27	7	168
V452	131	555	287	422	213	0	232	51	364	290	365
V453	63	55	488	101	213	161	420	190	21	576	163
V454	167	240	75	640	30	58	49	54	55	176	262
V455	118	147	34	31	729	439	1220	82	32	263	197
V456	15	216	269	416	38	89	0	144	30	219	214
V457	21	209	467	238	76	165	22	247	58	262	193
V458	234	146	69	226	421	35	127	192	2	117	225
V459	60	141	12	350	240	242	51	328	14	96	172
V460	176	115	72	24	157	174	34	72	116	132	104
V461	11	217	528	139	339	225	62	224	12	35	192
V462	43	213	233	73	69	483	65	606	496	243	141
V463	304	155	128	239	338	390	162	706	50	0	239
V464	86	142	71	212	4	515	61	757	118	120	167
V465	219	400	4	263	116	6	11	17	51	71	221
V466	301	296	779	54	243	531	297	375	217	5	254
V467	231	23	1	248	283	5	367	16	38	132	154
V468	2	390	530	251	51	129	246	122	282	588	260
V469	210	65	66	357	118	699	138	59	92	38	213
V470	150	418	124	218	144	113	53	187	631	106	228
V471	108	136	89	359	46	166	150	411	401	71	184
V472	230	829	733	4	268	0	312	111	76	427	360
V473	31	242	141	4	108	52	253	93	72	306	107
V474	83	134	13	14	68	23	239	42	95	38	74
V475	32	303	5	20	50	432	144	79	126	21	122
V476	18	74	172	416	58	97	102	706	381	27	178
V477	283	215	35	195	120	11	215	218	93	12	155
V478	259	9	300	46	105	197	42	79	78	405	114
V479	162	145	85	63	118	401	20	264	43	198	105
V480	118	359	89	129	101	408	35	224	37	311	188
V481	177	145	398	117	197	92	216	271	13	59	151
V482	593	20	72	101	54	74	172	102	37	280	190
V483	541	65	121	320	68	36	309	214	258	63	211
V484	112	99	103	280	171	49	425	0	793	104	176
V485	391	1	287	148	5	62	432	115	263	85	182
V486	38	225	82	237	50	143	690	133	141	117	165
V487	262	106	50	746	1093	495	71	126	11	154	490
V488	348	273	76	79	418	87	223	112	344	120	203
V489	112	45	34	304	183	14	305	93	39	220	152
V490	14	400	23	136	80	141	27	266	150	142	157
V491	305	314	75	176	92	392	110	137	252	76	207
V492	333	12	12	283	157	22	117	235	73	62	151
V493	115	25	317	231	53	165	19	486	212	267	151
V494	106	90	593	218	144	22	263	1103	641	261	207
V495	37	234	193	349	99	81	120	73	105	21	208
V496	25	23	101	194	227	656	47	46	79	73	152
V497	300	101	458	59	40	57	135	192	208	284	161
V498	177	89	663	45	60	192	6	480	248	37	142
V499	38	94	228	41	44	258	61	258	77	86	79
V500	166	145	139	343	138	149	334	300	472	718	237
