Source001	Source002	Source003	Source004	Source005	Source006	Source007	Source008	Source009	Source010	Sink
V1	113	432	106	346	49	430	449	1094	288	19	232
V2	2	155	94	158	68	497	34	168	122	72	93
V3	103	299	83	323	35	291	25	260	566	157	183
V4	152	265	5	393	134	66	507	127	302	159	204
V5	156	119	87	499	166	51	49	92	185	151	229
V6	101	199	113	24	141	79	444	26	8	40	124
V7	24	145	595	25	231	149	398	67	46	221	188
V8	398	47	58	113	535	179	70	393	953	263	270
V9	139	185	404	2	331	9	148	30	167	70	186
V10	82	216	290	206	107	666	95	700	31	148	191
V11	246	116	131	70	113	457	183	14	18	97	128
V12	132	36	87	299	51	48	15	6	23	313	131
V13	479	150	14	51	46	63	238	183	157	1162	142
V14	169	36	123	418	190	92	198	260	13	50	221
V15	94	368	33	674	357	9	147	557	550	114	315
V16	207	22	418	135	116	125	33	461	118	174	189
V17	173	296	168	50	45	200	137	292	339	521	137
V18	110	824	4	148	110	28	59	71	50	35	177
V19	13	24	212	216	471	0	349	853	298	187	250
V20	196	33	104	7	144	66	55	336	217	173	114
V21	428	101	896	272	255	402	46	199	144	14	319
V22	231	6	255	239	515	511	276	222	258	374	279
V23	13	147	344	13	39	107	296	242	50	177	91
V24	26	652	19	24	46	841	134	71	10	10	116
V25	59	182	37	173	115	126	252	102	154	103	133
V26	26	164	80	74	202	352	216	161	72	136	99
V27	254	65	46	162	121	98	219	383	1025	307	167
V28	33	311	130	133	1	403	8	11	5	155	98
V29	550	41	83	23	238	236	58	338	147	148	218
V30	272	211	577	121	331	105	421	362	238	9	299
V31	22	349	127	123	132	44	152	370	49	500	185
V32	59	247	115	465	66	63	208	4	170	24	183
V33	36	203	876	1	78	133	7	344	66	9	180
V34	84	646	242	40	30	112	626	59	258	41	172
V35	479	94	181	4	59	473	0	114	165	42	164
V36	89	131	41	58	146	45	83	8	191	124	122
V37	54	4	146	233	250	206	184	138	36	135	157
V38	284	113	322	119	838	97	118	26	247	406	396
V39	21	3	230	290	175	47	194	3	28	66	147
V40	1	362	296	2	77	333	602	514	391	539	126
V41	141	631	55	115	44	381	425	184	88	142	157
V42	78	19	624	180	267	121	91	239	6	19	220
V43	382	133	13	118	692	142	119	74	248	43	324
V44	134	328	143	32	82	92	153	247	277	1	147
V45	198	34	571	75	125	109	82	587	414	1	174
V46	462	188	101	101	46	292	126	275	659	64	177
V47	65	9	136	1011	210	363	161	75	30	222	346
V48	156	262	68	234	131	348	111	295	816	25	193
V49	150	379	4	75	157	1	328	145	328	163	134
V50	157	174	67	255	145	137	207	34	158	66	163
V51	36	643	95	80	422	140	400	76	75	230	276
V52	236	67	16	202	73	580	30	136	140	249	141
V53	140	26	241	101	150	204	209	514	531	96	142
V54	109	236	5	71	428	150	834	31	55	319	205
V55	284	792	38	181	465	426	185	280	74	324	323
V56	329	786	48	255	90	197	165	36	448	97	253
V57	187	83	39	211	3	204	61	235	161	230	119
V58	664	254	90	583	43	21	51	5	235	88	295
V59	270	220	220	506	827	40	58	127	99	3	439
V60	556	22	30	52	122	43	194	355	205	497	150
V61	157	237	492	137	186	11	112	274	173	105	207
V62	65	82	226	39	50	25	364	86	958	14	101
V63	304	62	112	176	292	197	118	1	144	224	218
V64	82	216	330	13	183	155	174	191	300	11	152
V65	75	362	321	491	78	71	78	431	126	210	261
V66	66	9	230	596	280	611	823	107	5	31	245
V67	187	255	139	44	134	79	453	82	608	57	136
V68	52	210	250	94	146	53	748	68	180	110	153
V69	156	198	228	41	89	296	908	428	135	216	134
V70	42	1062	59	12	256	105	15	159	44	10	209
V71	100	77	175	34	119	854	103	52	51	187	109
V72	406	8	210	180	81	45	87	24	314	41	190
V73	128	51	90	151	214	106	278	52	31	218	140
V74	102	293	547	44	2	425	5	35	340	58	150
V75	122	314	48	233	88	35	279	385	167	30	135
V76	409	132	249	317	479	4	554	70	192	389	338
V77	48	301	114	22	22	118	264	73	98	9	81
V78	17	75	254	97	17	293	252	325	26	352	139
V79	4	18	59	116	292	170	99	285	6	205	138
V80	118	88	17	17	21	268	744	345	48	32	77
V81	52	234	175	34	160	102	41	12	88	139	132
V82	441	27	128	282	136	244	80	648	45	192	208
V83	77	32	9	113	735	247	4	790	1095	377	293
V84	31	493	84	68	310	150	107	33	100	97	187
V85	140	12	6	29	421	131	9	97	103	37	160
V86	145	57	65	98	4	102	111	136	18	55	74
V87	28	54	87	68	206	216	88	219	195	164	118
V88	620	115	152	70	182	366	172	45	102	13	227
V89	14	279	8	14	22	217	35	76	213	49	61
V90	12	43	159	130	48	51	367	12	117	560	98
V91	211	245	1490	355	60	132	34	168	113	8	342
V92	150	125	280	78	80	56	0	242	95	116	135
V93	337	380	109	211	348	45	221	301	228	46	244
V94	305	79	714	52	24	20	286	242	98	217	194
V95	37	162	141	190	197	62	457	148	40	185	164
V96	2	0	104	46	10	120	256	22	20	298	27
V97	176	305	11	17	282	536	11	142	389	109	156
V98	210	130	224	356	427	215	102	125	170	366	302
V99	532	77	2	185	57	214	115	222	106	208	206
V100	191	2	232	142	1069	68	3	20	217	458	369
V101	614	382	402	24	345	46	93	191	54	163	311
V102	306	82	166	510	28	143	92	94	129	106	231
V103	705	155	150	187	908	124	282	228	103	68	481
V104	90	223	132	319	80	402	402	26	281	2	175
V105	729	41	21	1188	641	124	72	231	158	29	575
V106	363	19	124	140	82	51	106	18	31	143	176
V107	108	42	342	2	61	443	112	102	250	490	80
V108	206	298	100	124	615	779	63	155	609	423	307
V109	65	2	168	200	248	307	42	21	310	213	146
V110	7	429	79	63	129	111	398	42	42	366	127
V111	164	95	199	52	305	8	24	345	455	69	153
V112	391	33	679	45	121	11	189	223	93	26	236
V113	83	87	140	481	153	98	176	81	129	26	206
V114	89	235	118	544	412	330	1001	160	275	18	320
V115	54	137	82	59	128	125	70	247	266	35	95
V116	121	57	50	62	25	268	121	62	300	13	64
V117	551	361	58	116	51	238	127	56	221	132	193
V118	46	177	272	364	38	30	237	161	33	604	164
V119	602	50	13	67	32	127	1131	233	229	102	151
V120	63	273	229	8	207	404	62	107	39	485	170
V121	67	170	111	155	169	42	23	19	200	190	156
V122	40	253	83	45	52	106	15	8	136	36	96
V123	174	35	21	462	774	206	359	295	393	82	376
V124	20	39	513	16	255	188	92	365	52	157	176
V125	589	320	384	973	114	99	437	66	74	282	450
V126	16	2	328	459	68	22	2	71	12	160	169
V127	58	33	152	7	345	848	127	61	34	88	129
V128	195	215	141	195	90	15	57	246	99	58	172
V129	41	83	101	232	130	90	274	194	477	1059	141
V130	231	124	103	499	161	208	63	456	301	87	237
V131	46	56	85	141	724	66	467	417	58	43	276
V132	161	11	194	25	9	37	108	226	313	306	61
V133	35	74	83	152	6	103	163	191	268	449	72
V134	41	99	339	62	48	399	3	168	93	343	92
V135	371	47	31	175	48	186	240	175	320	72	155
V136	4	112	132	178	141	40	562	725	94	317	151
V137	24	76	24	152	233	187	149	13	8	392	159
V138	362	58	111	242	113	171	144	6	339	204	191
V139	573	25	6	9	693	61	48	40	121	180	327
V140	64	124	187	161	61	524	591	61	113	114	121
V141	290	228	196	497	250	493	208	88	98	242	305
V142	197	148	97	16	3	141	400	292	427	11	98
V143	297	194	156	285	70	557	113	450	217	94	204
V144	316	185	15	34	226	5	26	238	37	271	166
V145	592	126	181	45	772	326	116	127	226	67	367
V146	14	794	203	168	160	34	258	256	132	38	215
V147	276	848	198	61	92	40	123	15	295	335	243
V148	123	272	173	1	46	208	105	239	195	25	99
V149	101	116	285	323	156	153	23	44	35	148	190
V150	407	36	165	59	111	7	76	212	136	175	174
V151	54	65	23	195	53	27	405	228	590	36	102
V152	19	110	126	235	172	4	291	82	353	221	121
V153	22	428	296	80	344	64	7	477	39	448	224
V154	308	229	278	589	321	134	31	89	264	269	341
V155	75	167	746	67	216	426	50	20	66	62	209
V156	3	200	303	498	73	309	200	31	68	230	221
V157	40	11	50	240	38	286	279	519	274	303	119
V158	137	420	154	88	19	26	374	368	181	198	145
V159	207	280	39	669	553	104	337	119	4	111	380
V160	92	593	30	84	400	110	268	187	146	131	228
V161	126	118	1000	49	36	152	51	137	84	91	197
V162	19	262	514	49	335	64	109	146	10	149	215
V163	34	223	340	440	716	155	334	48	159	38	374
V164	41	123	23	71	220	49	35	335	21	92	129
V165	45	49	92	76	27	250	378	357	400	277	84
V166	98	24	68	396	257	111	74	414	136	1	217
V167	655	484	563	379	167	0	31	575	254	360	395
V168	258	447	351	271	28	128	152	80	265	55	214
V169	55	14	36	49	231	105	40	866	75	603	121
V170	247	67	159	127	744	120	101	339	279	298	338
V171	247	32	53	702	163	386	12	93	91	39	287
V172	324	0	334	75	40	33	495	227	19	38	150
V173	310	7	315	528	6	184	433	36	150	12	228
V174	478	150	1	22	222	489	329	135	550	237	187
V175	479	261	170	116	228	540	121	372	156	134	255
V176	129	59	22	443	37	14	18	96	12	238	160
V177	96	89	92	3	135	345	58	55	28	33	82
V178	353	288	245	291	198	10	325	70	191	257	276
V179	91	106	217	49	45	556	325	478	178	136	108
V180	23	125	178	100	206	4	157	240	122	102	155
V181	35	174	128	56	87	101	13	55	23	64	96
V182	51	335	416	105	109	8	255	257	161	10	154
V183	230	72	78	77	28	619	70	63	238	145	99
V184	623	333	329	216	32	71	114	31	56	194	252
V185	238	51	55	125	65	142	81	142	0	203	123
V186	26	28	181	8	341	602	219	376	45	394	163
V187	54	267	142	95	1	139	234	160	36	467	102
V188	2	456	418	266	826	318	2	557	696	929	391
V189	67	224	238	24	289	338	25	107	178	27	165
V190	144	598	703	54	153	130	145	1	285	186	247
V191	7	121	8	77	185	91	218	108	25	294	103
V192	771	96	35	132	11	881	180	123	454	128	207
V193	70	246	51	344	320	1056	96	123	7	34	252
V194	96	60	217	133	92	266	35	299	26	30	130
V195	634	301	60	95	84	206	15	127	4	177	215
V196	947	119	111	150	267	52	116	66	162	135	300
V197	354	193	359	60	104	194	12	210	99	4	166
V198	393	769	251	75	258	227	50	147	35	2	256
V199	24	200	274	517	136	161	86	108	190	4	213
V200	67	107	132	34	113	6	113	63	608	84	86
V201	521	36	919	22	13	381	207	298	61	103	244
V202	837	47	149	308	128	488	518	120	129	237	300
V203	17	123	424	41	136	269	727	149	185	69	143
V204	99	133	15	92	6	76	88	146	43	308	75
V205	87	164	33	519	71	141	256	19	304	522	202
V206	14	387	16	291	759	25	229	57	180	76	278
V207	333	384	32	540	99	6	79	89	91	44	266
V208	366	59	4	53	2	64	88	864	1118	151	119
V209	149	267	222	134	378	98	538	68	108	381	219
V210	253	436	237	20	283	591	799	203	308	26	241
V211	74	7	175	323	30	113	161	62	4	141	125
V212	121	165	217	19	19	3	163	262	126	348	86
V213	178	171	102	21	836	237	78	74	158	164	282
V214	83	37	249	304	273	234	362	30	149	170	234
V215	123	121	29	18	266	12	29	461	646	163	154
V216	456	109	175	48	180	56	606	88	333	452	196
V217	46	179	342	737	372	433	468	66	180	14	379
V218	85	24	14	93	365	639	12	406	70	116	169
V219	392	65	375	238	1147	2	198	231	264	69	503
V220	44	29	49	60	335	399	148	102	96	450	113
V221	307	334	34	171	137	3	97	25	241	537	203
V222	79	54	236	453	485	120	694	729	5	138	284
V223	110	113	53	520	26	374	140	10	71	96	146
V224	215	271	102	456	96	317	424	19	95	159	218
V225	22	61	20	392	576	95	7	123	8	425	255
V226	21	435	63	8	75	139	406	94	144	453	113
V227	176	248	277	18	66	20	8	31	48	93	124
V228	607	21	175	44	292	719	97	65	467	153	202
V229	121	850	172	137	250	70	48	189	39	484	236
V230	434	47	24	1	62	509	746	131	12	48	129
V231	321	197	52	353	7	56	233	92	224	282	192
V232	30	86	17	403	23	488	188	96	227	352	119
V233	10	396	184	383	25	154	36	110	3	188	170
V234	19	22	380	470	95	175	663	93	245	239	204
V235	425	19	80	40	54	127	30	229	217	190	132
V236	56	164	22	340	12	153	21	125	75	16	111
V237	81	17	56	257	57	314	135	234	220	409	134
V238	38	93	231	338	207	279	138	591	309	33	190
V239	333	1039	272	13	234	20	89	300	416	137	307
V240	118	23	225	27	11	25	202	111	231	34	97
V241	645	213	144	209	256	124	191	121	137	39	260
V242	53	212	672	98	120	128	328	256	20	46	195
V243	135	2	285	237	188	353	244	351	197	578	195
V244	721	18	434	56	28	115	307	197	519	331	196
V245	304	35	6	377	422	585	94	53	201	168	279
V246	784	256	242	49	136	9	529	129	85	132	233
V247	61	3	286	360	171	170	196	300	236	4	187
V248	1473	87	114	31	177	367	195	174	82	28	339
V249	300	132	288	261	748	148	31	21	226	107	378
V250	67	49	62	227	473	24	227	112	9	8	205
V251	6	196	358	303	384	401	1	63	268	63	239
V252	199	116	140	26	42	108	15	140	300	895	123
V253	29	87	257	376	124	181	361	239	28	266	177
V254	410	506	369	235	121	223	192	227	41	93	274
V255	283	311	167	38	406	19	271	83	371	29	255
V256	101	701	46	328	181	830	2	25	107	440	226
V257	169	45	3	107	367	63	273	437	485	1326	212
V258	76	150	273	1046	69	254	182	24	247	373	318
V259	502	116	78	137	56	291	158	167	66	281	166
V260	242	152	340	20	36	253	639	5	195	157	144
V261	102	189	644	158	57	72	528	260	444	45	201
V262	133	503	618	74	43	66	638	22	282	150	204
V263	331	181	79	152	370	54	2	164	159	39	246
V264	347	515	187	275	704	338	180	141	114	259	412
V265	57	101	204	10	39	489	474	260	362	52	94
V266	120	19	200	25	48	5	7	112	94	735	81
V267	196	257	209	418	336	236	48	37	73	43	277
V268	83	59	67	19	401	46	95	26	103	93	150
V269	320	44	1	17	637	486	581	101	267	255	265
V270	59	32	56	102	150	997	676	119	346	207	116
V271	11	61	99	9	44	116	144	417	268	23	50
V272	167	45	610	21	0	5	165	21	16	167	99
V273	303	390	42	99	56	258	139	40	268	86	156
V274	768	206	304	399	294	86	283	128	186	170	366
V275	74	429	104	83	83	3	66	29	253	98	134
V276	64	107	31	153	86	159	123	249	153	67	102
V277	309	45	114	24	57	46	133	215	115	424	116
V278	379	107	98	251	291	365	64	28	21	20	220
V279	176	277	216	25	278	60	471	1334	44	61	214
V280	435	150	429	226	354	108	266	99	0	346	312
V281	52	201	313	33	15	92	114	491	666	211	109
V282	85	327	168	840	54	235	101	664	21	45	306
V283	816	321	252	101	93	68	158	19	113	233	296
V284	65	278	204	31	799	29	444	170	35	51	260
V285	37	124	45	66	450	222	128	343	115	139	176
V286	59	139	101	170	141	145	81	223	656	153	139
V287	555	428	149	105	33	82	56	46	65	289	224
V288	49	130	100	259	273	308	30	102	93	191	165
V289	25	120	965	1	474	58	237	293	126	374	287
V290	56	177	212	62	121	164	79	60	388	354	92
V291	313	186	350	345	158	35	30	206	9	325	260
V292	276	36	246	195	97	172	455	12	89	49	195
V293	239	2	21	122	98	57	431	76	327	7	102
V294	1261	36	275	179	335	166	391	73	80	219	437
V295	365	173	292	238	113	23	197	431	164	371	236
V296	150	515	46	51	135	974	320	463	154	252	143
V297	234	349	601	838	19	0	407	21	97	23	357
V298	76	7	6	188	164	1106	95	71	115	151	117
V299	476	199	526	19	169	118	113	46	98	1278	274
V300	80	279	194	88	370	308	148	173	518	29	225
V301	120	191	11	787	114	301	277	405	607	130	279
V302	6	356	448	121	397	52	625	115	523	375	236
V303	492	8	150	134	57	1113	204	374	118	669	199
V304	157	72	122	270	13	239	216	194	296	512	172
V305	5	327	363	79	192	45	14	6	63	319	187
V306	19	88	4	41	69	3	135	218	42	123	38
V307	405	41	57	704	475	295	453	585	56	5	377
V308	42	204	173	259	51	25	378	663	126	465	166
V309	46	48	124	580	115	342	525	4	383	4	221
V310	66	60	37	325	113	88	98	95	170	437	155
V311	98	415	370	1	48	207	19	12	197	596	141
V312	186	211	34	75	7	88	385	19	59	37	97
V313	31	88	77	65	5	2	843	344	236	142	60
V314	22	116	385	265	76	3	231	440	17	16	150
V315	90	188	78	72	143	121	523	137	75	291	106
V316	197	209	227	28	710	407	174	61	190	13	285
V317	248	96	172	208	91	187	149	83	356	258	155
V318	41	102	252	489	343	42	163	832	364	174	300
V319	396	550	224	451	32	419	58	366	390	269	301
V320	121	351	13	32	64	179	36	105	12	83	105
V321	104	74	176	160	355	216	264	390	159	35	199
V322	220	109	81	12	47	298	155	14	120	146	78
V323	346	33	67	419	404	382	238	349	640	96	310
V324	119	68	118	412	331	215	243	1029	408	314	259
V325	521	129	48	88	229	233	175	96	211	341	202
V326	60	173	130	123	55	109	235	6	53	24	107
V327	173	242	87	180	170	288	210	246	286	65	180
V328	37	358	252	46	19	59	310	373	119	289	122
V329	556	205	139	361	95	417	306	197	1630	384	275
V330	29	153	31	181	13	69	111	271	39	168	94
V331	224	38	170	366	201	92	152	264	8	1	208
V332	443	105	331	33	197	125	85	26	419	569	212
V333	465	35	186	224	117	255	155	160	648	395	226
V334	152	64	266	395	40	398	37	132	39	217	195
V335	54	32	216	147	624	72	273	27	204	223	275
V336	219	22	59	14	169	15	104	98	194	147	106
V337	472	57	173	188	176	212	276	46	132	611	242
V338	144	307	146	16	76	277	179	65	32	77	130
V339	70	191	440	591	17	66	300	249	220	25	237
V340	55	98	75	135	122	126	229	68	305	410	103
V341	74	402	33	66	3	19	81	309	226	56	87
V342	4	293	256	352	113	1185	182	6	308	660	209
V343	265	190	32	1033	266	151	23	11	277	85	393
V344	114	84	250	219	141	48	460	77	243	121	168
V345	283	383	33	27	53	149	73	116	145	145	129
V346	399	82	234	180	1	45	93	152	3	448	172
V347	112	160	267	610	311	940	93	66	234	108	297
V348	135	195	142	171	416	71	55	65	17	298	207
V349	54	59	74	147	132	156	34	27	141	272	115
V350	147	54	332	875	1007	41	66	335	194	378	559
V351	289	68	185	26	341	137	331	162	451	23	185
V352	133	280	716	456	242	210	1	130	507	7	289
V353	428	307	324	493	296	190	132	1288	45	52	400
V354	265	139	230	40	202	256	325	14	82	442	150
V355	108	67	147	90	211	94	878	0	123	287	135
V356	2	76	25	178	161	272	208	3	53	292	120
V357	75	16	82	271	606	206	109	348	595	232	270
V358	179	249	415	200	31	70	381	124	6	904	225
V359	68	295	181	228	23	86	445	539	141	6	156
V360	221	30	86	14	35	4	725	0	74	195	74
V361	10	91	7	4	879	174	70	11	257	123	246
V362	131	6	203	91	347	73	173	134	84	45	222
V363	43	578	506	19	265	159	26	139	308	586	232
V364	289	318	225	202	30	72	227	65	49	248	191
V365	168	223	336	262	696	1	70	53	134	40	379
V366	34	163	209	6	681	350	285	347	133	558	297
V367	71	439	191	555	1188	10	232	52	46	417	563
V368	1	279	17	265	96	263	189	52	163	20	115
V369	191	288	63	97	68	165	225	30	18	341	100
V370	136	160	809	99	282	280	115	456	120	98	300
V371	27	520	16	112	323	151	0	385	277	321	213
V372	43	64	504	295	481	161	13	0	197	11	315
V373	310	50	87	49	352	284	35	185	74	357	171
V374	397	191	13	218	419	266	69	419	178	12	268
V375	49	320	80	59	45	80	87	561	572	183	127
V376	193	209	66	93	495	108	129	39	319	374	224
V377	95	66	158	276	311	158	139	341	48	127	197
V378	63	1133	90	282	71	264	61	90	197	170	227
V379	52	209	58	24	42	21	22	106	319	46	72
V380	142	91	134	38	71	151	280	524	58	320	132
V381	67	0	59	848	534	27	54	185	16	125	369
V382	48	1	6	476	34	30	444	96	222	252	144
V383	16	76	248	7	35	3	73	23	4	330	59
V384	230	231	49	55	136	53	54	351	291	4	156
V385	178	37	65	331	75	314	47	22	79	194	146
V386	373	237	398	243	47	291	162	383	155	44	244
V387	59	706	34	14	545	275	61	119	139	656	248
V388	7	295	361	14	39	264	188	79	149	350	114
V389	126	669	72	40	10	9	69	11	7	2	120
V390	55	11	248	158	93	665	1	356	254	46	136
V391	171	166	70	495	3	243	15	156	66	389	198
V392	115	109	284	211	7	94	131	1005	242	477	178
V393	220	125	88	229	250	638	436	32	59	84	189
V394	9	173	125	49	187	81	113	99	526	77	111
V395	107	330	459	338	177	151	196	243	185	114	218
V396	321	277	369	88	250	284	25	287	8	234	230
V397	126	132	1250	107	124	11	162	138	0	11	267
V398	66	46	260	505	118	180	61	778	36	387	240
V399	521	9	282	86	313	80	84	385	182	190	229
V400	377	59	116	390	160	99	0	662	5	77	244
V401	462	13	199	210	107	68	15	239	51	214	204
V402	157	128	29	59	3	101	183	43	200	54	67
V403	235	94	659	47	161	197	61	88	539	167	203
V404	248	18	10	377	226	23	243	113	157	33	191
V405	394	405	308	14	14	168	177	247	55	169	175
V406	190	147	853	13	30	10	459	223	385	32	182
V407	38	327	235	76	81	132	98	63	99	1213	136
V408	76	342	36	209	190	176	6	8	562	143	146
V409	166	99	275	102	49	67	94	66	166	181	141
V410	97	485	154	816	80	32	450	128	97	121	281
V411	174	385	4	76	48	17	68	60	235	261	117
V412	81	391	62	301	213	180	70	266	280	682	223
V413	308	441	54	19	33	181	219	96	71	148	124
V414	7	213	163	273	178	244	88	333	13	56	176
V415	132	387	110	798	111	55	494	39	609	124	308
V416	270	382	65	14	6	134	40	792	266	127	169
V417	239	232	75	53	24	54	169	233	35	13	114
V418	158	88	878	77	406	227	22	229	82	727	287
V419	406	151	720	121	147	103	225	99	216	2	276
V420	294	23	586	291	37	68	369	635	293	12	245
V421	19	205	150	254	537	44	7	364	73	156	239
V422	79	337	246	64	176	382	3	38	139	246	142
V423	92	147	408	220	177	41	0	634	107	623	207
V424	50	19	576	35	152	251	156	179	38	643	164
V425	196	215	110	51	2	161	49	236	103	207	96
V426	189	107	81	106	55	31	39	304	460	469	100
V427	72	1	364	402	934	410	134	246	259	203	418
V428	318	205	453	243	151	128	204	184	48	160	247
V429	76	508	267	333	18	68	88	234	234	410	183
V430	389	219	31	55	1164	52	75	32	245	84	435
V431	550	36	233	22	83	76	10	74	412	408	160
V432	13	100	72	260	126	12	16	108	421	66	137
V433	560	68	18	14	29	287	31	52	300	4	144
V434	9	64	117	150	334	203	288	165	15	45	146
V435	71	272	111	289	300	161	19	270	1925	359	250
V436	163	246	3	84	166	96	169	24	432	26	119
V437	420	323	100	10	166	51	41	642	171	105	197
V438	28	324	192	203	31	484	348	284	38	5	154
V439	373	284	21	16	271	220	33	21	333	174	182
V440	199	108	13	174	618	4	317	261	118	163	258
V441	89	164	702	196	436	123	398	541	606	85	320
V442	146	243	58	677	298	223	54	121	31	9	277
V443	252	147	420	7	410	167	60	453	205	94	266
V444	0	122	288	199	28	148	287	15	471	650	113
V445	146	8	137	75	176	1016	237	107	29	145	141
V446	163	175	485	388	107	0	17	48	27	29	254
V447	404	11	286	15	280	205	118	76	219	18	187
V448	38	1089	88	443	228	99	215	237	144	59	338
V449	13	20	383	193	73	757	53	229	153	90	140
V450	425	158	63	5	7	205	30	165	130	89	135
V451	161	880	127	199	11	569	124	893	256	577	246
V452	117	326	24	117	86	255	786	509	102	148	150
V453	132	378	193	134	130	435	287	82	678	320	188
V454	475	99	102	115	171	693	188	166	491	43	217
V455	59	423	375	218	100	89	87	14	108	301	194
V456	133	416	41	492	81	60	833	38	599	32	239
V457	107	37	668	877	239	30	193	146	429	64	398
V458	271	20	88	67	747	140	95	123	42	73	281
V459	446	78	43	217	129	89	341	6	53	72	185
V460	573	475	113	131	47	570	22	20	312	171	217
V461	101	298	191	120	129	256	449	246	153	337	173
V462	279	275	250	70	484	8	89	633	484	392	287
V463	474	349	82	152	180	239	184	284	402	12	225
V464	54	59	120	424	144	215	233	28	43	868	198
V465	156	48	220	107	219	42	166	100	98	159	179
V466	168	141	175	539	192	28	515	122	327	87	265
V467	41	0	147	106	8	70	268	183	90	128	81
V468	93	84	144	173	40	469	259	110	106	33	114
V469	33	999	111	77	251	82	174	337	104	19	251
V470	225	98	57	130	141	32	182	146	389	47	129
V471	426	75	76	34	80	101	127	51	23	6	125
V472	749	43	123	183	174	139	692	345	290	220	267
V473	206	133	152	69	12	204	122	235	48	328	117
V474	26	556	26	81	55	436	90	45	261	320	121
V475	69	287	49	32	94	484	99	20	5	63	110
V476	89	18	95	102	23	130	96	145	133	52	76
V477	65	162	211	223	21	38	321	196	203	101	115
V478	790	179	182	32	72	77	162	119	217	290	230
V479	138	40	299	350	89	81	342	627	249	66	186
V480	285	88	458	143	68	539	395	268	449	155	173
V481	34	148	140	317	30	199	371	366	94	142	112
V482	577	850	116	148	242	71	336	66	253	59	335
V483	223	239	135	146	546	118	74	63	69	4	238
V484	258	91	113	1456	93	146	142	88	130	0	438
V485	789	48	515	520	159	11	119	249	14	267	387
V486	177	27	145	160	7	125	2	918	54	12	120
V487	37	642	48	453	3	243	7	84	9	471	209
V488	454	531	34	349	261	662	271	84	106	277	305
V489	49	24	0	313	203	132	458	104	31	434	177
V490	72	543	1720	78	63	124	12	82	154	18	315
V491	479	20	82	43	248	317	183	10	714	216	182
V492	574	136	30	98	91	281	79	148	87	599	196
V493	119	615	123	1015	248	23	11	33	141	14	381
V494	151	147	190	70	67	433	265	119	69	132	100
V495	342	130	138	274	32	199	227	12	158	407	186
V496	53	857	43	216	336	146	164	364	42	27	269
V497	163	39	409	72	287	73	15	38	67	254	186
V498	31	1009	197	108	5	56	302	153	22	75	168
V499	38	36	108	306	98	50	87	62	122	441	113
V500	29	128	577	24	9	614	162	6	115	510	107
