Source001	Source002	Source003	Source004	Source005	Source006	Source007	Source008	Source009	Source010	Sink
V1	0	27	13	353	509	101	276	247	90	127	120
V2	825	132	45	136	64	641	79	34	791	14	233
V3	241	410	130	49	269	18	127	173	220	656	269
V4	139	247	167	235	2	311	205	122	87	127	186
V5	4	108	249	33	149	263	299	46	292	553	147
V6	222	607	31	192	67	18	117	16	68	262	260
V7	157	85	488	416	421	196	132	132	288	273	304
V8	14	38	201	436	654	56	100	153	474	106	191
V9	166	514	211	802	441	2	205	16	108	329	378
V10	40	134	13	235	82	142	107	313	229	587	109
V11	82	206	139	285	180	350	209	492	492	14	174
V12	246	36	169	61	315	285	23	122	106	415	184
V13	78	584	180	76	32	142	206	225	95	196	224
V14	135	129	46	55	56	66	23	205	89	171	87
V15	50	131	399	334	214	51	142	95	48	267	238
V16	16	63	47	115	32	176	70	13	216	44	57
V17	407	357	795	412	6	759	131	484	34	103	389
V18	100	119	65	28	1223	134	41	551	111	280	222
V19	93	62	23	90	908	441	219	440	150	221	185
V20	308	178	98	6	49	13	886	140	105	503	182
V21	114	87	276	81	121	543	445	205	195	189	140
V22	203	15	23	27	191	45	88	230	531	157	78
V23	196	52	9	23	49	637	7	1092	375	55	90
V24	23	253	27	109	25	133	46	494	199	453	127
V25	1187	119	119	171	95	818	251	20	299	240	334
V26	65	391	235	24	3	188	102	225	140	375	207
V27	52	50	41	190	123	179	51	5	20	17	84
V28	3	90	175	226	125	4	404	192	171	138	118
V29	551	372	289	75	164	7	89	60	155	275	288
V30	232	209	229	33	44	102	87	22	586	87	186
V31	258	39	136	411	77	23	62	244	1365	379	191
V32	135	216	118	93	307	160	135	252	275	79	164
V33	246	120	549	200	4	199	344	34	285	236	233
V34	269	52	357	85	14	231	145	516	14	38	158
V35	131	127	274	425	49	71	219	278	47	20	186
V36	56	283	58	494	176	225	5	201	168	21	206
V37	107	98	588	105	271	123	78	288	629	1191	299
V38	11	16	6	18	83	59	287	152	603	226	45
V39	58	438	355	138	10	319	7	19	323	76	245
V40	206	276	305	14	361	3	26	117	246	286	242
V41	0	27	89	250	48	143	67	141	135	24	61
V42	34	303	9	397	14	44	136	81	154	329	157
V43	117	86	4	15	28	138	443	210	3	49	60
V44	136	166	254	228	106	36	148	97	101	341	178
V45	357	39	215	3	186	231	364	90	250	23	149
V46	607	174	312	1096	91	115	79	78	165	1038	420
V47	38	47	17	15	64	147	125	157	97	523	77
V48	71	240	56	451	270	259	232	76	715	33	187
V49	50	134	42	189	214	53	470	68	921	34	102
V50	153	27	46	328	145	122	73	721	9	154	134
V51	698	73	255	190	161	27	100	59	393	292	259
V52	240	24	31	572	14	460	366	101	76	42	135
V53	197	86	313	16	252	244	36	232	21	149	176
V54	77	170	78	85	383	169	14	4	67	136	151
V55	202	208	479	422	26	15	484	64	465	103	302
V56	149	388	240	21	201	177	20	85	37	251	239
V57	121	296	77	122	64	127	228	21	8	113	129
V58	109	35	227	153	88	95	61	54	162	114	105
V59	3	151	3	181	122	64	313	176	486	636	147
V60	316	439	263	25	46	144	310	390	354	9	220
V61	302	137	8	38	365	166	40	73	14	94	139
V62	480	347	30	154	33	760	321	2	101	6	194
V63	44	90	64	586	319	37	110	118	397	4	180
V64	297	45	355	74	102	53	52	14	4	128	184
V65	86	204	90	177	15	7	293	14	83	125	126
V66	215	91	185	40	74	9	223	60	95	274	120
V67	621	201	252	82	258	147	5	9	232	63	266
V68	259	126	31	452	430	219	305	150	28	528	241
V69	142	10	92	292	230	103	141	99	17	48	127
V70	35	17	149	293	22	267	86	36	136	149	114
V71	70	87	280	42	39	227	86	389	38	171	120
V72	86	742	340	38	254	208	188	61	188	934	419
V73	393	57	348	154	396	69	593	56	102	73	245
V74	129	329	81	372	97	32	467	423	102	147	196
V75	116	97	62	229	210	27	97	791	4	255	132
V76	43	282	71	129	56	142	9	419	35	170	155
V77	422	462	113	25	807	130	5	130	243	597	365
V78	96	1909	313	34	25	225	1996	6	87	38	599
V79	674	7	10	138	14	161	289	49	14	158	187
V80	126	247	189	83	148	107	421	121	109	111	161
V81	326	383	366	318	41	105	298	304	378	51	290
V82	21	274	568	321	63	277	262	31	22	195	246
V83	152	348	436	85	223	420	7	176	76	156	274
V84	9	441	150	455	46	184	780	143	90	62	255
V85	168	12	148	120	13	84	422	185	42	27	89
V86	16	406	127	177	216	23	490	188	10	87	196
V87	91	63	12	80	189	13	562	123	38	224	102
V88	11	132	281	1040	294	25	12	54	321	123	273
V89	156	198	14	352	25	50	170	2	264	855	217
V90	368	173	109	310	56	164	423	666	247	419	197
V91	334	198	82	112	135	139	39	118	38	127	169
V92	56	447	0	82	49	58	195	80	47	224	158
V93	270	536	99	464	108	228	331	448	49	459	335
V94	68	21	74	245	30	84	491	231	147	66	82
V95	126	71	263	391	312	10	26	222	186	77	170
V96	215	478	147	217	237	49	38	228	574	49	262
V97	12	15	78	416	844	60	168	57	67	128	171
V98	952	58	73	135	238	4	176	86	315	347	294
V99	14	142	109	248	195	243	547	42	809	370	146
V100	227	538	130	78	460	295	103	29	117	0	293
V101	312	21	1025	105	51	21	132	231	189	312	365
V102	503	90	494	157	255	432	158	100	298	3	267
V103	82	82	250	495	301	874	178	535	24	95	192
V104	332	123	710	146	132	7	93	862	93	38	283
V105	168	11	12	184	224	583	89	28	82	725	128
V106	78	185	327	250	139	864	132	100	45	68	166
V107	105	255	16	203	386	168	91	73	99	290	200
V108	57	198	173	53	82	213	77	30	84	61	131
V109	527	74	12	28	276	1125	49	374	454	124	161
V110	273	341	187	272	111	157	27	135	56	59	262
V111	88	110	332	121	29	253	223	244	46	381	173
V112	457	122	65	301	34	101	384	69	5	116	176
V113	88	1224	225	353	194	316	67	18	1723	32	439
V114	102	149	101	472	242	355	48	86	36	66	148
V115	183	200	37	72	97	516	189	5	62	75	132
V116	405	152	36	15	195	121	587	31	296	18	165
V117	434	0	93	13	532	11	181	441	184	348	197
V118	46	112	68	35	60	320	147	207	387	22	76
V119	217	239	489	445	117	485	83	458	477	117	304
V120	77	222	137	479	9	34	32	169	159	21	169
V121	56	0	217	21	140	59	898	51	252	43	91
V122	488	126	297	206	12	441	114	178	280	39	208
V123	85	22	491	687	329	265	264	572	456	405	298
V124	225	269	223	141	27	11	1070	145	437	81	209
V125	102	111	216	29	275	61	371	330	273	99	152
V126	58	440	219	24	375	152	361	552	18	85	246
V127	296	3	267	13	300	23	859	443	3	152	192
V128	326	768	51	63	144	142	64	502	206	82	342
V129	440	31	151	768	260	60	544	29	2	139	266
V130	312	33	375	28	14	229	31	235	218	80	163
V131	214	248	306	47	929	42	191	272	2	4	285
V132	201	172	197	23	333	532	267	93	21	152	195
V133	199	132	236	160	126	543	39	69	246	562	225
V134	206	184	369	158	58	166	72	159	205	219	182
V135	202	72	202	89	457	74	19	64	119	167	171
V136	105	666	64	96	149	60	479	161	527	705	286
V137	139	292	304	178	185	311	1000	75	140	369	216
V138	308	377	96	828	400	150	417	228	136	378	349
V139	131	185	124	34	28	78	21	172	373	262	131
V140	99	149	405	82	338	51	184	9	212	5	206
V141	191	109	30	22	343	373	126	254	194	722	176
V142	314	343	184	67	63	176	352	34	6	293	227
V143	87	46	22	845	146	244	105	268	309	30	161
V144	81	34	449	301	130	109	184	43	69	56	186
V145	436	83	644	24	342	112	31	182	17	170	304
V146	22	116	14	44	294	33	50	200	147	53	84
V147	68	109	483	174	160	60	132	139	349	201	198
V148	31	22	109	279	393	194	7	119	45	209	139
V149	298	59	47	3	473	167	40	86	165	37	137
V150	39	241	147	106	157	318	707	426	65	26	127
V151	170	346	37	3	42	32	117	69	396	102	173
V152	722	116	159	291	48	105	89	136	1	45	266
V153	675	87	326	52	202	255	269	69	63	348	287
V154	61	50	56	300	311	427	171	238	86	57	119
V155	47	39	32	37	928	342	355	31	336	525	168
V156	672	475	236	139	227	450	130	345	427	217	344
V157	1385	120	738	149	104	157	12	42	18	535	507
V158	653	32	496	29	275	267	22	277	48	35	269
V159	297	145	45	212	114	37	24	233	187	220	135
V160	464	27	590	21	849	139	235	90	211	396	322
V161	11	176	82	403	199	18	9	97	9	149	142
V162	13	4	677	466	222	135	64	380	27	87	265
V163	95	437	691	264	1010	65	24	333	252	43	486
V164	902	44	229	825	379	3	116	754	421	193	353
V165	80	367	576	213	18	253	25	300	455	403	300
V166	204	4	668	225	22	32	46	124	26	121	229
V167	274	8	216	41	24	39	274	346	160	108	140
V168	27	14	131	390	47	217	200	239	66	702	142
V169	198	92	18	218	165	218	84	75	88	114	120
V170	26	5	59	243	20	526	18	277	18	28	64
V171	19	145	87	15	92	195	100	361	184	295	88
V172	123	337	98	272	190	37	92	213	138	16	194
V173	205	250	19	74	223	302	16	236	31	3	156
V174	78	305	305	224	149	71	52	267	106	124	200
V175	3	21	181	91	23	214	13	260	759	305	95
V176	65	34	113	297	323	4	719	94	3	109	128
V177	101	43	63	169	32	243	8	212	178	135	88
V178	15	283	101	284	114	13	256	54	185	59	134
V179	414	129	281	510	258	205	15	360	320	292	292
V180	549	128	665	375	5	231	64	84	394	612	381
V181	241	94	12	54	927	31	136	488	75	69	217
V182	37	5	24	283	83	74	234	137	304	119	71
V183	172	1	29	155	310	29	160	224	294	374	115
V184	325	33	119	491	185	676	7	60	135	330	200
V185	56	5	53	165	3	320	63	270	15	336	84
V186	369	299	99	232	116	220	207	66	215	211	246
V187	158	304	597	275	253	169	164	55	641	376	343
V188	71	74	9	182	33	371	68	345	81	75	83
V189	29	221	127	6	235	70	267	235	2	338	153
V190	560	78	376	19	295	12	89	143	53	54	231
V191	359	57	12	332	334	69	15	81	868	5	170
V192	128	179	208	69	61	303	89	15	14	233	145
V193	222	525	261	423	361	147	495	401	279	56	291
V194	300	516	5	17	36	396	491	15	72	80	212
V195	525	112	59	253	470	24	0	82	349	119	252
V196	102	362	156	659	231	169	317	243	240	118	286
V197	68	130	59	272	289	159	196	59	234	97	151
V198	174	105	8	25	159	240	226	78	149	283	107
V199	4	22	22	29	187	102	181	11	229	387	61
V200	107	398	2	129	30	672	531	240	214	60	180
V201	13	82	550	36	527	1201	67	457	139	110	242
V202	324	110	550	43	193	322	358	351	620	57	263
V203	323	167	146	135	251	349	54	139	23	63	171
V204	58	229	27	240	234	362	0	96	245	80	178
V205	22	201	299	251	145	165	696	175	13	65	179
V206	255	55	224	16	7	134	21	83	114	75	114
V207	80	569	274	97	410	544	83	243	56	53	255
V208	92	63	1	99	14	213	139	188	186	136	61
V209	286	141	541	423	94	32	43	183	452	19	273
V210	434	379	896	131	45	377	127	96	13	767	446
V211	106	41	236	36	55	68	0	261	50	37	97
V212	469	227	372	91	342	221	264	310	168	336	295
V213	39	48	135	282	494	428	559	325	239	52	137
V214	209	291	226	233	151	124	230	18	123	123	238
V215	202	292	4	96	62	481	561	17	36	121	155
V216	170	217	166	282	28	400	175	234	208	260	193
V217	63	53	143	190	3	684	67	78	146	263	116
V218	46	10	69	135	36	126	64	245	23	71	42
V219	131	72	19	56	70	83	129	203	54	75	87
V220	2	352	384	32	678	208	332	243	108	9	277
V221	72	76	172	179	15	29	30	445	223	218	106
V222	428	83	184	50	294	213	147	193	71	144	166
V223	317	153	1219	278	488	96	11	261	51	178	463
V224	120	664	542	230	293	443	331	19	448	98	406
V225	285	45	200	78	363	36	262	90	126	11	168
V226	155	190	375	224	46	14	17	681	274	81	216
V227	189	49	110	123	286	102	522	249	2	60	126
V228	119	80	528	5	85	25	574	454	560	123	183
V229	68	189	6	359	192	197	50	125	83	299	147
V230	48	519	402	15	316	289	102	217	89	68	304
V231	864	133	976	252	157	116	159	46	133	63	510
V232	505	29	65	91	268	20	161	575	217	473	200
V233	261	444	131	47	88	1350	54	188	130	105	223
V234	199	411	67	131	211	27	137	255	764	207	210
V235	66	68	63	738	283	234	29	35	11	216	180
V236	79	567	250	122	41	80	182	114	0	68	250
V237	283	169	107	38	123	89	21	134	22	619	186
V238	122	75	23	21	54	339	291	7	36	343	98
V239	143	23	230	52	134	21	72	125	149	59	106
V240	135	491	516	79	82	883	199	129	34	138	324
V241	115	111	210	246	61	133	290	61	339	363	181
V242	186	87	154	206	213	148	190	121	27	77	151
V243	497	41	91	146	235	741	114	37	76	77	178
V244	35	143	39	216	304	155	656	151	303	580	163
V245	560	67	283	198	300	103	248	128	39	223	248
V246	95	327	178	146	501	276	55	441	6	196	244
V247	245	20	306	124	16	22	7	258	108	78	148
V248	148	21	141	654	3	81	223	138	99	227	186
V249	48	147	256	564	14	238	54	366	17	72	184
V250	232	83	103	389	581	298	109	290	2	23	199
V251	30	239	32	168	226	382	391	65	93	249	143
V252	32	134	44	11	53	47	410	18	194	611	107
V253	498	555	86	18	153	739	19	152	583	61	280
V254	516	67	6	291	76	21	257	19	20	103	158
V255	92	28	33	57	11	47	175	17	91	162	43
V256	290	284	30	107	138	217	97	416	251	214	192
V257	62	169	85	28	456	349	467	210	9	150	129
V258	266	107	76	163	45	210	230	265	10	384	144
V259	76	56	47	42	229	17	286	243	357	87	98
V260	244	1	163	701	22	364	118	223	282	130	169
V261	130	305	8	2	294	15	480	318	537	101	166
V262	26	257	727	149	111	113	168	37	343	83	273
V263	255	52	330	276	17	244	39	195	236	102	187
V264	92	314	485	102	135	332	950	500	98	101	274
V265	23	20	44	202	784	325	218	126	50	266	135
V266	136	21	239	75	127	460	243	400	70	255	126
V267	88	76	569	326	237	127	33	302	237	50	247
V268	16	278	255	63	136	181	46	39	92	89	169
V269	92	287	129	196	73	173	371	183	313	6	167
V270	82	133	29	254	102	291	547	89	413	26	106
V271	149	54	503	821	227	49	299	533	131	21	284
V272	484	299	410	33	577	197	131	151	148	346	354
V273	95	51	57	9	39	212	75	446	180	318	72
V274	236	496	32	159	239	68	119	122	121	376	265
V275	413	236	113	15	66	18	29	60	290	35	201
V276	40	10	26	21	92	289	364	12	1	28	33
V277	33	1634	105	51	365	108	147	759	418	324	553
V278	269	23	144	35	106	118	144	1062	221	313	112
V279	71	136	248	13	171	111	22	34	43	913	192
V280	104	432	100	343	165	170	198	124	139	85	246
V281	92	4	41	210	48	245	217	133	372	40	63
V282	144	398	220	152	75	15	139	40	354	223	242
V283	304	180	43	244	294	239	109	217	46	77	211
V284	164	304	91	156	397	884	243	2	176	161	230
V285	276	57	14	235	253	318	31	6	281	88	138
V286	150	79	256	244	121	599	14	138	46	68	159
V287	401	15	261	520	95	4	152	83	106	33	210
V288	708	73	204	216	121	23	796	538	81	329	260
V289	449	321	40	619	162	392	22	38	19	268	257
V290	224	645	388	279	75	486	215	517	267	189	387
V291	264	115	145	401	200	271	217	30	36	125	211
V292	38	97	10	198	462	46	221	42	6	207	142
V293	239	79	801	201	188	445	5	74	9	61	283
V294	89	17	234	271	1141	514	172	356	179	99	213
V295	3	147	132	4	121	348	417	269	225	539	125
V296	2	144	181	24	126	240	665	371	162	169	110
V297	80	58	35	158	21	26	169	119	551	781	121
V298	214	56	105	304	65	84	269	132	58	127	147
V299	66	444	277	89	75	74	128	107	183	144	250
V300	239	73	67	114	60	55	155	50	806	1121	185
V301	48	515	762	70	12	70	392	19	46	493	381
V302	4	189	192	86	26	51	17	94	99	102	125
V303	207	36	228	4	112	218	37	27	517	193	123
V304	339	153	485	566	269	152	55	42	346	344	348
V305	322	241	265	947	474	38	179	88	289	9	374
V306	276	353	26	4	108	88	567	66	120	74	179
V307	1	72	85	104	428	285	154	133	135	130	121
V308	22	38	135	300	188	656	267	131	15	468	128
V309	1146	29	11	3	17	67	24	388	222	335	232
V310	272	105	317	151	23	607	347	314	11	169	192
V311	47	45	136	118	306	280	83	107	263	4	100
V312	124	304	303	73	175	668	11	9	579	248	235
V313	23	11	50	6	44	529	161	198	108	99	36
V314	321	93	90	107	135	177	80	324	158	175	146
V315	253	561	440	81	89	105	347	137	79	38	325
V316	78	539	390	128	184	41	62	216	28	291	305
V317	36	222	45	298	160	86	360	56	236	759	207
V318	65	75	631	217	28	178	55	21	1118	316	232
V319	90	22	382	111	259	17	283	341	159	256	139
V320	43	617	648	11	153	58	451	360	154	853	422
V321	452	330	126	450	224	56	8	203	295	268	282
V322	43	43	174	5	300	219	186	505	3	64	110
V323	120	17	255	497	49	412	211	217	84	215	172
V324	358	47	439	115	243	72	488	108	45	90	209
V325	96	186	129	15	278	137	440	48	272	62	154
V326	166	11	580	41	155	672	51	75	75	51	206
V327	345	217	215	26	468	1	589	206	62	592	246
V328	455	29	172	172	69	47	36	40	110	125	162
V329	144	197	144	364	284	124	285	292	55	395	230
V330	228	395	63	9	596	13	258	87	124	613	273
V331	77	197	828	201	116	175	153	151	277	33	309
V332	141	147	148	122	34	12	21	103	516	3	117
V333	26	151	228	612	553	27	54	59	449	251	262
V334	629	258	489	490	139	128	140	454	44	0	383
V335	122	258	81	403	310	137	45	814	141	203	211
V336	268	554	251	36	77	356	26	150	795	302	322
V337	60	24	798	472	112	47	36	842	15	40	284
V338	57	699	50	70	232	105	162	116	258	70	238
V339	169	327	7	147	131	201	131	469	36	28	135
V340	108	72	197	158	160	160	126	65	234	168	128
V341	16	543	258	42	6	16	77	49	818	258	236
V342	1657	97	30	243	156	188	54	180	40	2	396
V343	103	108	123	583	482	313	435	847	406	393	209
V344	105	73	570	86	2	31	456	37	341	45	170
V345	18	49	36	84	39	260	182	150	62	34	47
V346	161	20	159	30	193	27	259	91	17	146	115
V347	269	262	156	121	147	526	148	388	154	82	191
V348	362	943	64	229	6	349	172	217	181	152	388
V349	53	119	72	225	690	420	272	100	359	169	183
V350	206	300	89	148	3	103	270	201	16	273	190
V351	66	341	37	444	371	69	280	670	189	889	292
V352	191	33	146	87	204	195	193	105	101	325	150
V353	66	210	345	224	332	818	19	151	102	11	205
V354	175	17	38	286	0	140	164	250	659	197	98
V355	129	5	40	43	265	104	218	389	190	134	80
V356	23	289	170	350	508	52	145	22	49	62	241
V357	172	12	61	113	197	315	543	188	31	480	136
V358	23	199	32	92	217	535	629	42	585	165	124
V359	8	103	37	186	356	20	8	8	27	112	90
V360	26	473	133	74	122	29	129	10	102	18	214
V361	283	20	24	125	141	414	62	39	155	267	120
V362	134	484	241	50	314	160	522	29	103	48	267
V363	213	62	451	4	273	211	200	25	63	370	206
V364	56	85	277	41	222	669	374	187	473	464	156
V365	56	57	5	3	70	217	175	115	72	483	91
V366	123	490	966	238	453	252	75	81	167	114	459
V367	186	14	244	141	287	432	333	220	8	151	191
V368	505	274	302	47	16	247	102	397	149	0	235
V369	285	610	23	67	418	453	9	0	432	237	334
V370	23	272	91	399	508	274	15	567	125	77	199
V371	190	344	395	32	143	104	24	168	406	316	248
V372	94	376	241	52	9	45	170	83	216	193	190
V373	16	135	268	14	313	34	360	338	0	62	146
V374	173	503	329	923	164	151	61	62	46	86	402
V375	626	15	40	51	331	45	6	64	342	0	147
V376	361	38	557	7	28	195	84	108	28	236	202
V377	12	16	25	157	63	135	300	828	171	196	70
V378	209	335	22	125	448	85	142	275	209	543	218
V379	106	145	149	95	17	236	63	11	192	7	118
V380	185	72	48	58	81	237	64	20	7	217	100
V381	753	88	4	28	40	69	171	27	323	55	167
V382	182	2	102	705	740	126	280	292	23	262	249
V383	94	39	139	436	56	65	221	218	590	11	132
V384	252	6	42	256	495	77	59	608	43	189	144
V385	323	575	49	499	83	50	89	28	5	36	268
V386	147	1192	135	705	81	54	239	736	80	127	461
V387	57	555	146	155	26	153	258	20	2	20	207
V388	211	576	27	189	130	89	53	278	383	571	291
V389	131	262	91	230	356	0	103	128	51	19	192
V390	28	243	253	155	43	53	329	1515	582	101	145
V391	91	285	52	20	128	187	418	453	353	381	153
V392	100	252	29	75	654	64	763	55	127	723	211
V393	81	58	193	362	245	473	127	242	5	20	186
V394	6	251	41	182	113	129	97	707	49	187	133
V395	399	246	57	115	235	128	778	207	61	218	203
V396	46	289	12	416	2	395	261	91	342	118	163
V397	283	34	59	540	205	17	123	117	99	91	176
V398	33	62	93	148	123	1	159	282	94	712	129
V399	944	113	52	68	6	361	27	165	532	88	231
V400	508	173	60	313	130	21	123	117	273	468	238
V401	124	598	29	584	69	51	580	190	91	21	265
V402	16	108	26	146	102	190	69	136	281	17	78
V403	152	153	90	167	1168	26	100	206	25	63	238
V404	9	522	15	118	68	9	10	545	446	431	192
V405	727	760	26	309	151	264	105	180	113	6	406
V406	79	116	298	32	72	187	150	73	202	111	150
V407	3	139	76	140	20	38	293	407	141	330	145
V408	173	92	309	598	284	78	213	10	23	61	254
V409	213	226	328	68	451	213	194	609	109	168	230
V410	182	144	83	260	231	249	77	54	70	114	136
V411	15	129	25	13	148	492	178	220	58	146	63
V412	78	4	207	138	86	624	5	47	1911	194	93
V413	8	157	135	227	664	178	156	249	139	255	189
V414	136	54	43	430	210	29	3	9	14	232	170
V415	137	187	74	110	195	51	320	133	178	6	127
V416	71	58	257	99	165	113	12	23	74	182	152
V417	342	208	324	70	217	13	152	97	33	306	244
V418	394	277	195	572	133	108	35	108	222	100	295
V419	78	472	247	107	45	58	20	55	35	37	203
V420	229	656	119	116	44	279	61	16	100	26	251
V421	16	195	3	284	14	3	137	218	147	326	157
V422	154	282	256	224	35	55	31	520	9	85	192
V423	72	149	689	107	6	629	61	116	693	144	218
V424	48	87	43	51	20	187	15	250	115	16	55
V425	309	23	839	43	865	49	118	263	223	399	391
V426	830	261	53	28	116	75	12	59	179	819	304
V427	1295	779	65	58	4	188	548	29	74	66	445
V428	727	128	669	439	124	211	16	157	121	76	384
V429	92	88	80	132	12	90	400	314	169	76	93
V430	46	340	0	168	443	112	80	147	3	285	174
V431	301	8	82	5	12	195	107	41	604	33	79
V432	75	341	352	23	360	20	16	392	212	573	271
V433	43	428	68	419	120	120	766	453	31	283	242
V434	1462	117	102	639	293	39	24	144	107	585	498
V435	4	98	620	12	0	296	28	188	55	15	187
V436	77	20	1027	81	210	361	114	7	101	138	292
V437	43	229	613	464	105	778	172	253	96	56	321
V438	26	79	370	128	209	314	415	117	337	343	183
V439	28	329	13	219	417	12	41	73	464	833	245
V440	22	128	20	272	132	33	260	231	348	39	95
V441	678	197	1	19	238	41	229	179	3	110	188
V442	12	74	0	438	23	4	42	357	37	540	142
V443	78	203	141	410	251	59	15	52	12	143	173
V444	153	211	139	474	269	77	316	64	418	329	220
V445	112	102	174	0	96	2075	303	235	244	25	102
V446	29	163	312	239	242	17	253	269	339	22	183
V447	31	553	8	213	17	109	24	642	78	547	222
V448	623	14	300	105	43	291	406	544	525	34	223
V449	53	328	50	469	35	310	125	388	341	60	189
V450	42	508	347	10	51	285	93	125	206	1057	307
V451	272	342	6	157	141	62	79	19	34	39	186
V452	227	183	367	96	179	117	614	30	121	265	218
V453	17	133	51	59	50	229	83	410	126	147	72
V454	147	341	30	581	116	121	363	17	14	131	211
V455	235	39	167	406	118	523	39	155	38	463	209
V456	21	500	75	33	145	148	41	87	615	709	233
V457	1	496	338	35	290	136	19	95	165	37	251
V458	319	287	111	190	65	22	25	511	74	100	227
V459	186	167	22	1	4	332	101	291	158	82	87
V460	340	32	63	26	16	331	410	229	595	234	110
V461	208	112	219	151	86	14	2	183	75	118	140
V462	2	8	829	119	1054	96	46	25	206	16	327
V463	4	255	28	868	672	418	347	2	15	150	263
V464	89	32	95	45	140	7	74	227	62	157	73
V465	101	500	88	15	406	107	274	109	30	20	196
V466	181	63	101	214	12	296	255	24	149	246	119
V467	31	240	9	130	227	96	111	75	127	177	130
V468	117	77	159	85	254	177	264	79	195	51	125
V469	185	12	65	33	125	65	152	72	26	122	69
V470	12	12	260	235	684	56	795	312	101	192	185
V471	257	419	169	859	21	92	0	588	259	101	319
V472	69	101	547	178	8	197	313	158	347	333	217
V473	29	21	130	69	216	132	252	86	308	150	84
V474	216	658	384	321	163	237	97	7	490	233	384
V475	240	100	18	104	6	68	23	110	337	67	97
V476	296	91	91	81	291	168	15	212	461	70	155
V477	33	18	120	85	174	87	83	55	34	108	84
V478	215	28	1	105	240	45	115	259	65	7	94
V479	66	116	185	333	111	54	161	198	112	18	136
V480	220	95	67	42	398	340	73	122	229	233	161
V481	6	49	828	164	78	123	32	256	133	33	239
V482	62	18	321	127	388	100	329	212	148	91	162
V483	231	99	55	94	209	133	522	212	310	71	107
V484	136	118	381	28	225	64	212	162	331	157	187
V485	100	94	20	399	377	255	67	21	251	199	191
V486	85	414	116	7	218	224	684	615	6	110	186
V487	35	237	186	421	89	339	110	99	528	138	178
V488	55	214	233	17	354	98	442	81	17	36	160
V489	580	67	7	7	325	5	86	42	51	469	189
V490	264	185	15	91	251	80	132	84	25	136	152
V491	124	94	19	170	23	47	41	228	769	185	100
V492	49	176	36	10	127	207	453	287	310	12	96
V493	499	28	235	123	643	303	78	15	17	197	238
V494	301	285	58	169	101	102	109	146	107	60	187
V495	111	44	20	125	49	220	166	145	7	56	71
V496	407	278	23	725	364	135	620	426	156	100	262
V497	6	145	371	140	141	34	39	55	23	294	153
V498	91	128	50	362	68	64	190	299	739	121	152
V499	101	159	188	655	32	16	345	287	220	8	190
V500	207	383	686	31	119	97	80	273	150	15	316
