Source001	Source002	Source003	Source004	Source005	Source006	Source007	Source008	Source009	Source010	Sink
V1	128	90	74	95	353	187	239	76	109	158	155
V2	18	183	142	111	27	61	294	164	432	466	93
V3	34	135	34	1	339	78	203	402	194	137	105
V4	454	321	104	165	177	69	213	306	118	308	264
V5	238	16	181	11	73	82	285	11	81	26	95
V6	176	33	31	263	35	184	52	401	117	3	140
V7	38	258	150	439	213	447	63	28	325	750	208
V8	106	691	406	35	605	165	43	191	263	310	305
V9	130	538	50	348	8	258	30	456	276	161	199
V10	156	120	58	6	0	12	396	214	286	431	100
V11	151	74	138	235	99	138	140	752	806	50	217
V12	738	37	566	513	107	71	190	29	190	264	457
V13	76	116	172	92	92	259	13	19	434	546	95
V14	438	93	445	328	0	164	61	60	19	128	278
V15	28	539	68	510	122	51	170	296	2	722	247
V16	143	12	51	72	59	55	29	138	48	5	77
V17	78	148	440	205	229	179	31	72	26	147	191
V18	261	284	87	113	410	190	479	81	202	28	210
V19	102	108	458	58	444	131	15	121	182	19	193
V20	38	363	109	17	684	143	78	17	56	156	166
V21	195	115	9	334	349	67	14	29	255	528	245
V22	116	79	135	97	130	249	141	201	245	52	126
V23	86	298	103	51	97	100	31	34	658	20	98
V24	152	4	31	498	3	137	98	33	156	154	180
V25	50	172	125	73	63	72	228	303	54	200	102
V26	151	302	380	93	12	263	228	336	62	351	185
V27	77	337	28	873	154	48	427	243	39	31	275
V28	14	262	159	33	101	17	313	177	45	381	116
V29	111	53	100	259	91	129	73	211	163	587	153
V30	330	198	260	240	730	108	345	37	413	79	324
V31	219	129	535	228	83	353	342	154	142	16	219
V32	66	12	9	62	24	99	218	115	5	277	60
V33	127	70	196	106	78	81	141	368	48	349	153
V34	20	467	207	25	140	58	166	150	433	384	140
V35	144	168	436	6	332	274	56	29	117	191	169
V36	176	68	88	12	79	651	556	178	38	9	99
V37	37	173	197	8	114	165	127	85	83	63	93
V38	295	367	142	389	19	71	237	329	483	99	287
V39	329	489	188	42	27	45	46	316	228	46	193
V40	13	16	41	116	305	107	7	150	496	341	90
V41	86	110	390	67	387	184	2	400	165	89	142
V42	152	102	66	175	649	150	8	397	515	394	233
V43	849	56	82	126	205	146	630	209	118	105	344
V44	155	306	41	1479	256	474	15	62	47	95	427
V45	285	6	167	20	61	27	251	318	134	55	163
V46	786	653	42	110	750	900	275	342	696	190	531
V47	96	60	452	124	111	710	64	617	150	338	145
V48	284	280	249	38	220	331	46	245	76	413	214
V49	117	8	217	303	131	16	197	129	113	203	153
V50	160	279	145	654	7	55	137	447	88	105	281
V51	113	6	33	61	0	97	523	210	612	37	83
V52	159	31	57	8	54	7	390	56	171	119	88
V53	220	86	388	243	99	152	20	345	168	1151	256
V54	36	800	52	45	452	363	201	282	51	132	238
V55	124	92	178	49	5	147	57	206	348	73	89
V56	79	111	199	34	619	76	130	192	16	152	183
V57	212	175	156	105	93	242	30	315	757	55	164
V58	304	419	97	68	282	523	286	433	124	499	265
V59	673	984	204	147	295	10	136	178	8	18	436
V60	130	21	153	103	41	41	5	100	14	51	98
V61	249	252	190	129	143	11	420	11	180	64	176
V62	383	166	154	320	114	75	201	198	71	407	252
V63	23	1394	24	43	36	81	147	333	639	11	233
V64	265	39	621	131	201	101	118	143	176	41	238
V65	567	455	97	233	12	375	285	709	5	663	381
V66	108	363	595	120	510	16	37	246	51	232	265
V67	169	28	92	295	34	83	32	100	107	114	152
V68	30	52	781	190	63	183	126	103	203	380	168
V69	216	386	181	77	85	449	48	338	29	214	185
V70	954	7	5	490	131	96	498	35	21	8	410
V71	468	100	145	20	166	29	95	127	103	238	235
V72	374	498	337	344	273	595	43	292	127	200	354
V73	193	200	133	658	400	506	80	84	411	298	325
V74	320	448	122	176	329	230	95	23	35	63	257
V75	492	69	61	68	388	54	62	109	22	394	283
V76	96	17	221	16	63	54	131	477	180	169	115
V77	265	7	82	336	322	39	157	296	344	239	217
V78	125	741	247	235	108	167	6	578	176	234	263
V79	260	92	155	81	195	344	428	303	141	68	176
V80	92	242	215	195	379	98	6	46	554	21	188
V81	73	56	64	385	112	284	159	233	83	240	159
V82	120	110	33	401	82	9	184	171	184	319	163
V83	398	17	738	93	188	105	725	224	145	359	302
V84	186	68	13	19	415	161	351	46	15	66	173
V85	10	83	0	32	173	71	309	108	186	509	81
V86	26	228	142	206	42	202	338	1040	94	83	156
V87	117	78	102	131	153	413	723	25	133	280	130
V88	105	39	38	142	79	189	254	153	165	278	105
V89	311	43	130	35	248	319	751	416	222	266	196
V90	163	155	83	293	9	90	105	108	570	255	161
V91	9	9	147	202	35	356	66	258	418	618	89
V92	55	939	47	223	1	197	22	292	244	32	210
V93	580	155	3	77	173	26	44	400	60	176	259
V94	64	503	64	7	62	92	3	33	52	505	111
V95	180	471	51	565	383	81	651	7	26	179	312
V96	54	83	226	122	227	465	119	35	287	262	123
V97	157	16	72	201	26	198	539	349	157	565	166
V98	35	7	195	102	693	154	159	6	6	28	159
V99	64	55	161	13	35	18	111	52	329	11	77
V100	1	77	129	115	288	4	434	0	218	5	85
V101	203	42	25	336	54	16	159	171	543	264	177
V102	106	159	399	25	27	327	43	59	164	3	119
V103	387	100	31	161	60	264	456	130	40	616	235
V104	215	27	288	90	152	518	381	0	55	94	147
V105	14	361	676	165	249	246	218	248	24	38	205
V106	157	394	83	20	61	73	67	529	37	92	158
V107	242	146	239	0	244	257	192	104	228	130	178
V108	64	44	88	25	218	106	42	152	133	181	73
V109	101	142	81	414	3	268	43	168	500	106	136
V110	53	191	204	65	44	16	2	211	198	59	106
V111	448	243	212	173	46	98	141	239	152	85	267
V112	234	26	69	192	383	216	116	19	100	307	182
V113	358	79	39	233	155	60	157	151	270	150	230
V114	45	108	164	204	239	246	29	162	304	17	134
V115	231	270	181	152	283	482	510	239	48	90	205
V116	11	1	162	86	88	2	579	273	104	295	69
V117	10	69	267	510	446	191	72	16	545	233	243
V118	258	150	17	686	85	40	295	4	2	172	274
V119	40	123	128	255	179	227	168	235	21	644	163
V120	90	207	541	236	305	62	15	143	142	10	248
V121	92	126	582	58	557	174	95	26	45	15	225
V122	310	60	37	28	173	10	128	152	123	207	157
V123	577	130	258	145	200	66	135	58	198	50	242
V124	397	53	20	222	129	217	216	651	46	19	223
V125	25	221	300	366	164	33	375	93	35	582	210
V126	345	194	23	214	150	331	188	465	460	199	235
V127	117	141	257	159	111	88	288	292	174	95	140
V128	253	109	29	35	419	140	331	396	77	65	174
V129	172	4	95	330	281	71	13	131	108	312	202
V130	145	374	390	200	141	76	57	3	43	211	219
V131	377	81	201	214	6	111	746	8	151	164	209
V132	17	538	61	244	251	237	51	135	52	43	184
V133	121	98	129	87	18	466	83	94	41	7	92
V134	67	393	227	341	13	56	39	45	380	33	180
V135	560	37	423	604	18	636	25	145	173	204	404
V136	11	158	163	327	157	373	534	64	334	233	164
V137	344	284	540	188	240	724	349	198	10	15	285
V138	71	50	34	365	223	173	151	308	63	179	160
V139	163	11	8	355	304	37	137	75	134	59	187
V140	116	233	152	110	246	338	22	180	417	114	167
V141	3	87	31	19	1	44	94	15	64	53	25
V142	129	399	596	284	36	183	690	96	436	77	223
V143	73	93	15	78	61	640	693	198	554	76	93
V144	54	193	75	75	124	34	103	268	209	10	102
V145	32	443	210	45	993	6	235	48	281	56	262
V146	62	53	220	12	303	233	375	219	4	177	109
V147	71	335	226	151	60	114	128	86	3	85	132
V148	49	398	132	198	272	376	341	378	36	192	194
V149	503	599	180	53	108	359	18	188	241	22	308
V150	31	394	585	4	185	101	14	396	332	7	185
V151	72	196	490	44	35	5	586	31	99	2	129
V152	34	279	533	16	8	62	203	659	38	143	156
V153	67	262	434	190	157	111	79	63	186	188	175
V154	53	12	81	226	111	181	92	37	661	162	91
V155	99	42	55	17	93	73	218	63	284	2035	135
V156	19	88	61	78	35	40	60	750	29	111	91
V157	2	968	411	198	29	31	317	70	170	54	239
V158	184	82	39	68	190	109	211	411	15	453	162
V159	227	294	253	116	171	187	797	75	331	138	198
V160	9	175	74	1	333	224	18	619	44	356	133
V161	242	39	60	292	186	196	240	393	128	154	196
V162	235	381	270	58	438	344	539	15	111	331	245
V163	418	364	38	151	338	40	83	500	19	85	282
V164	46	20	121	117	679	684	13	28	20	164	162
V165	126	121	26	321	51	287	159	239	633	4	157
V166	25	6	154	122	164	286	28	414	27	145	106
V167	156	76	159	337	203	150	47	473	463	76	197
V168	11	63	113	165	0	154	98	71	138	49	69
V169	330	256	22	428	307	664	163	287	492	6	307
V170	377	221	42	148	130	267	3	43	68	198	182
V171	94	584	54	61	14	378	138	52	411	292	157
V172	9	252	688	83	600	447	145	38	2	238	202
V173	112	14	40	122	359	50	636	34	108	36	136
V174	115	200	342	228	63	82	120	41	330	5	169
V175	248	142	0	170	230	92	234	346	119	40	203
V176	84	67	19	101	219	304	300	933	100	188	132
V177	80	94	266	2	3	0	239	138	80	467	103
V178	255	262	93	488	79	529	127	338	17	16	250
V179	190	82	138	130	172	42	300	206	146	61	171
V180	460	265	198	21	166	221	335	184	514	188	241
V181	16	440	199	156	647	272	3	32	255	337	226
V182	28	46	502	151	12	88	62	45	92	89	102
V183	3	266	105	160	876	126	627	441	44	216	253
V184	1092	446	143	864	506	222	2	76	148	6	673
V185	122	143	50	141	240	238	88	111	31	66	135
V186	171	689	121	50	117	170	176	61	18	166	193
V187	86	65	317	20	103	499	38	189	126	422	104
V188	263	1175	32	68	66	76	276	489	92	236	282
V189	138	88	49	276	17	36	446	202	113	35	124
V190	345	154	294	2	396	118	292	73	148	627	243
V191	226	8	64	212	66	201	2	56	62	124	137
V192	406	346	93	331	138	104	82	206	240	413	282
V193	159	61	24	410	130	314	78	24	58	564	185
V194	455	35	309	106	69	86	286	226	248	140	226
V195	461	0	115	58	128	152	44	198	239	43	216
V196	42	41	12	162	26	401	60	50	750	536	85
V197	58	319	86	250	98	6	301	136	554	298	159
V198	323	239	638	254	31	211	478	57	115	80	247
V199	101	56	143	24	142	37	206	66	554	81	103
V200	28	34	462	63	442	165	539	360	174	7	144
V201	140	66	35	20	165	255	360	232	42	281	115
V202	100	9	132	235	226	334	709	85	21	216	127
V203	208	116	153	98	2	154	129	62	39	46	127
V204	22	32	127	4	900	49	510	151	96	104	192
V205	249	423	83	138	451	1608	163	104	237	135	253
V206	25	5	92	358	596	175	95	26	240	242	192
V207	350	160	70	833	282	151	1	44	355	377	375
V208	32	85	278	42	7	494	54	145	105	326	95
V209	274	97	32	58	152	30	160	38	258	4	141
V210	8	391	62	196	167	120	17	1	98	118	136
V211	132	85	130	114	67	13	1198	76	48	274	130
V212	180	90	222	357	46	111	60	65	64	23	177
V213	214	57	227	202	107	218	176	10	68	662	190
V214	61	97	121	239	358	57	274	193	125	78	155
V215	284	21	860	274	64	249	63	368	206	116	284
V216	121	179	225	50	131	9	118	13	368	73	142
V217	91	12	115	286	96	168	141	93	284	450	132
V218	425	74	12	131	418	115	30	374	26	42	256
V219	395	152	89	72	76	14	32	3	109	214	201
V220	65	299	18	49	662	30	522	13	57	96	195
V221	215	34	306	210	110	1	64	65	61	235	172
V222	193	183	40	268	125	27	295	4	38	319	162
V223	83	163	650	225	609	148	185	51	30	184	263
V224	184	211	36	48	6	174	369	24	571	207	103
V225	146	204	460	138	4	215	23	453	36	130	171
V226	205	114	19	79	389	31	112	687	212	98	185
V227	227	96	736	129	735	23	97	2	159	222	329
V228	250	103	7	5	59	382	39	30	161	330	102
V229	24	41	195	210	12	140	104	113	56	25	90
V230	39	59	344	87	357	13	34	36	299	525	161
V231	765	27	15	394	311	55	288	265	421	24	350
V232	63	126	136	353	651	760	181	211	248	40	239
V233	195	313	311	438	475	164	50	247	15	263	321
V234	466	221	589	457	137	143	37	519	85	47	356
V235	8	273	156	154	711	145	166	163	324	133	207
V236	374	136	9	49	182	80	430	217	470	104	198
V237	86	395	57	5	242	635	65	633	862	44	146
V238	52	57	118	367	468	297	26	8	42	60	165
V239	552	735	178	233	40	134	2	302	229	209	335
V240	117	273	47	17	963	115	170	87	242	115	245
V241	26	675	232	503	77	182	57	258	198	220	251
V242	102	109	678	4	178	415	59	381	7	148	167
V243	241	142	163	397	101	10	17	32	159	272	196
V244	188	72	15	278	356	256	60	3	185	422	191
V245	56	56	609	223	263	73	14	44	108	124	203
V246	196	71	122	222	11	386	447	247	590	40	153
V247	121	190	160	589	184	108	375	340	128	14	237
V248	95	97	2	170	90	142	126	490	382	379	146
V249	286	36	236	542	14	164	9	61	389	122	245
V250	666	120	342	353	241	202	48	1176	431	494	434
V251	378	16	483	147	37	116	229	175	141	104	240
V252	6	199	38	307	49	41	59	70	177	112	108
V253	111	200	195	146	12	177	74	70	24	4	125
V254	19	44	367	303	604	123	162	430	50	210	203
V255	487	96	1288	390	350	49	295	112	266	285	488
V256	463	82	54	558	25	407	159	15	199	105	268
V257	946	288	71	9	57	121	153	1840	122	3	452
V258	670	0	228	79	181	226	13	405	204	38	281
V259	136	1192	120	312	158	298	388	83	58	12	271
V260	616	33	31	142	1015	55	157	37	700	89	348
V261	70	53	53	204	194	207	89	156	69	158	140
V262	650	783	150	228	259	36	29	445	45	9	442
V263	294	441	248	170	12	162	119	94	75	81	219
V264	79	324	15	131	46	30	12	124	506	80	107
V265	131	64	165	261	41	193	121	228	79	2	127
V266	481	14	257	257	391	92	79	25	53	82	249
V267	11	76	107	365	130	307	218	18	106	223	133
V268	105	78	272	182	82	74	129	25	44	505	139
V269	30	149	654	362	301	21	242	203	185	65	246
V270	358	2	380	76	78	157	273	192	559	125	192
V271	76	66	147	749	6	182	85	205	21	164	231
V272	5	14	22	1	22	1	36	376	5	8	38
V273	97	364	81	307	396	196	88	500	18	114	231
V274	123	81	51	71	11	385	261	197	52	214	83
V275	389	258	118	461	107	73	115	50	129	34	266
V276	55	21	166	268	65	283	123	228	123	163	145
V277	45	417	2	50	163	51	217	60	148	111	109
V278	22	32	233	8	127	202	769	20	4	583	82
V279	38	41	73	45	67	224	184	17	62	353	75
V280	188	30	341	7	255	21	1040	158	206	464	185
V281	11	110	387	50	88	211	71	107	832	3	104
V282	225	129	800	148	89	77	309	188	59	374	260
V283	162	96	5	17	187	122	192	280	155	179	104
V284	463	155	981	271	67	91	123	546	76	160	403
V285	546	171	50	199	203	259	350	310	65	1385	328
V286	150	589	470	54	19	126	459	215	60	23	222
V287	297	439	124	312	82	137	477	300	94	182	267
V288	288	293	278	1602	171	31	181	101	214	62	518
V289	310	109	281	51	159	78	75	275	54	108	213
V290	922	87	33	81	440	151	168	6	190	380	398
V291	15	268	41	27	54	29	644	562	607	718	116
V292	196	59	81	446	265	930	22	157	16	125	212
V293	588	33	79	15	2	173	119	77	314	880	246
V294	59	52	131	17	145	124	18	107	573	23	74
V295	440	275	298	150	10	96	375	52	87	155	228
V296	43	80	9	20	86	253	640	115	410	272	60
V297	872	210	262	334	138	945	39	37	89	21	411
V298	10	102	300	63	69	906	30	561	118	589	116
V299	256	28	92	75	25	644	15	194	2	258	137
V300	160	21	194	68	996	47	137	289	493	135	264
V301	238	274	9	11	302	447	725	114	109	345	208
V302	354	508	18	203	155	62	262	159	407	344	258
V303	61	63	280	119	46	501	113	150	581	507	143
V304	123	172	155	133	13	100	559	366	261	32	136
V305	465	16	256	403	97	52	838	109	158	180	283
V306	89	59	194	119	95	64	631	28	18	529	108
V307	145	580	19	228	128	105	5	156	347	255	207
V308	117	193	183	67	420	29	233	207	112	146	176
V309	241	262	278	173	317	89	57	445	63	71	260
V310	367	369	491	137	115	62	51	17	68	290	282
V311	154	20	50	17	76	33	24	109	249	161	102
V312	378	51	176	227	77	172	423	31	1224	14	214
V313	299	20	19	315	251	333	148	263	97	647	228
V314	49	391	257	141	452	22	336	625	10	78	225
V315	329	9	180	195	323	86	49	310	52	2	227
V316	453	49	410	180	112	1138	55	73	537	23	288
V317	52	132	22	390	142	98	663	99	253	429	156
V318	35	118	127	134	672	61	328	554	293	14	179
V319	311	671	202	83	146	134	265	28	158	216	252
V320	8	280	426	68	560	439	345	87	424	37	207
V321	94	33	105	57	99	282	15	170	98	215	100
V322	821	6	938	31	338	227	44	162	213	395	462
V323	65	319	76	9	387	51	36	126	31	12	144
V324	187	389	65	380	0	165	315	272	764	22	227
V325	462	76	60	119	489	285	110	56	170	131	287
V326	196	28	127	251	389	4	212	125	947	49	189
V327	8	18	62	135	26	836	535	126	185	221	71
V328	28	52	57	212	498	237	181	50	217	250	152
V329	38	216	319	259	92	51	26	0	169	282	162
V330	229	85	98	75	168	286	558	215	244	93	149
V331	278	136	137	470	23	42	150	117	25	668	241
V332	25	196	663	48	111	692	18	287	123	466	149
V333	227	405	109	41	38	102	36	4	88	161	171
V334	374	34	16	237	135	45	340	65	170	84	175
V335	461	89	68	151	205	116	91	119	980	296	237
V336	255	1	122	438	38	188	50	5	245	166	228
V337	72	76	518	82	65	92	140	258	339	198	145
V338	155	506	243	56	98	593	122	107	570	448	202
V339	722	265	1056	93	84	218	147	451	194	64	453
V340	289	312	7	103	6	220	172	31	95	155	159
V341	458	276	255	82	1	465	365	298	176	5	253
V342	26	642	302	143	204	57	54	108	67	333	191
V343	62	262	272	345	55	204	23	102	214	59	180
V344	266	270	86	134	179	208	83	122	480	153	221
V345	159	106	210	339	893	215	237	47	70	63	275
V346	22	51	81	360	40	107	262	138	4	124	100
V347	798	350	2	184	413	0	304	36	19	259	403
V348	6	45	80	76	222	4	172	198	12	63	73
V349	749	92	16	290	370	68	104	314	332	534	351
V350	59	130	2	155	4	178	136	379	216	39	87
V351	272	378	21	31	144	228	24	70	269	6	154
V352	253	236	184	175	142	40	290	426	12	88	201
V353	131	420	170	16	65	100	115	485	71	57	135
V354	474	263	234	123	29	18	546	65	205	281	229
V355	37	192	200	147	203	84	493	95	2	156	147
V356	227	120	55	16	196	164	241	65	265	537	160
V357	126	196	54	172	28	189	341	729	319	1	159
V358	28	123	72	20	19	71	135	29	232	332	63
V359	101	118	251	364	148	2	0	149	161	24	208
V360	240	142	603	531	456	382	169	927	15	174	422
V361	2	136	161	20	82	780	134	174	235	249	66
V362	292	77	160	147	48	601	260	109	289	12	168
V363	56	3	282	229	323	337	26	140	48	196	188
V364	29	104	146	31	37	29	41	163	366	53	66
V365	31	505	23	106	116	203	243	25	38	106	130
V366	307	377	567	88	236	34	74	362	3	281	279
V367	58	95	193	255	22	94	133	75	283	131	128
V368	105	40	140	205	33	8	13	27	431	62	104
V369	234	263	234	667	333	80	247	181	104	224	298
V370	27	30	297	27	416	165	402	891	7	57	164
V371	9	116	9	321	101	149	191	232	511	0	137
V372	149	329	98	486	82	94	116	38	400	170	224
V373	64	387	171	90	139	8	26	213	794	377	173
V374	231	121	171	525	11	132	629	68	27	67	214
V375	122	732	40	23	30	782	733	210	93	64	165
V376	243	500	188	122	313	86	129	50	258	51	217
V377	133	521	249	2	23	346	177	108	198	6	145
V378	116	324	310	264	228	96	286	557	25	33	254
V379	128	15	79	61	427	31	147	205	179	628	165
V380	370	169	3	28	234	504	78	95	652	29	204
V381	274	237	16	68	514	125	118	68	145	31	219
V382	177	33	160	6	44	498	857	213	91	129	100
V383	43	10	96	145	95	18	116	23	4	17	77
V384	255	26	75	210	250	453	596	250	324	297	207
V385	38	71	844	704	154	165	487	194	82	13	295
V386	557	244	339	45	625	55	431	34	204	239	353
V387	28	120	443	68	20	625	228	37	195	884	141
V388	534	63	67	251	7	991	399	76	2	3	256
V389	84	17	229	85	296	146	152	194	130	28	141
V390	35	153	382	489	589	757	57	141	247	213	279
V391	218	79	2	534	465	148	347	70	286	268	271
V392	239	66	298	40	155	33	315	826	144	109	184
V393	120	307	1115	120	196	230	42	571	645	45	294
V394	143	219	238	199	164	235	12	351	567	20	189
V395	485	160	126	177	662	66	43	391	396	61	316
V396	258	243	292	77	363	419	116	35	88	161	238
V397	94	107	284	701	189	163	55	172	27	70	271
V398	211	276	60	149	132	563	18	26	646	140	168
V399	152	612	676	340	249	35	205	0	109	163	304
V400	14	510	187	165	11	15	101	161	163	2	127
V401	288	38	158	133	522	359	96	70	550	131	212
V402	65	30	977	126	118	207	51	131	62	2	196
V403	219	1067	28	38	148	199	105	253	815	21	245
V404	220	133	128	152	162	345	54	352	22	243	188
V405	127	333	211	177	112	455	154	134	245	173	162
V406	240	38	89	274	16	305	158	71	1	30	149
V407	117	28	373	709	140	144	32	23	196	633	282
V408	89	177	419	82	101	237	16	328	400	12	139
V409	93	41	38	87	432	1213	200	307	90	321	134
V410	451	287	130	121	156	38	42	268	262	110	262
V411	185	78	100	103	151	627	58	110	754	227	134
V412	128	233	37	128	30	173	126	10	207	197	103
V413	99	77	106	28	385	193	588	301	20	269	143
V414	424	48	36	279	26	97	17	73	481	77	200
V415	132	128	70	7	289	49	14	85	336	429	141
V416	98	4	908	962	324	72	165	191	136	90	398
V417	9	84	147	521	50	170	107	62	59	70	138
V418	339	106	64	35	14	46	49	50	723	132	145
V419	70	353	225	255	243	52	108	360	7	0	196
V420	260	148	57	59	337	34	263	89	71	536	174
V421	608	78	506	66	57	38	187	430	174	307	323
V422	223	145	13	106	531	75	681	24	465	41	195
V423	119	9	39	270	50	513	780	339	203	325	161
V424	131	27	73	682	34	111	296	246	7	962	218
V425	662	289	122	375	79	337	70	15	48	328	351
V426	238	38	968	190	464	888	180	252	240	469	325
V427	229	21	152	29	383	59	79	520	79	0	161
V428	427	59	358	619	23	40	237	115	9	0	341
V429	25	219	352	79	22	694	77	336	38	273	135
V430	6	111	54	52	293	15	19	411	142	1	83
V431	287	387	245	325	249	137	276	290	121	8	260
V432	312	130	1	136	80	7	360	498	269	70	197
V433	112	87	297	70	286	195	621	302	63	217	126
V434	339	848	18	48	209	166	294	445	378	708	299
V435	7	177	459	0	404	248	82	1	3	199	177
V436	138	680	159	279	31	60	183	560	35	465	239
V437	114	140	56	73	361	492	298	242	320	15	135
V438	626	236	45	325	138	169	45	154	252	411	336
V439	611	298	70	429	37	54	242	207	82	68	334
V440	156	7	139	34	42	154	37	8	130	233	110
V441	87	332	181	309	291	555	270	118	3	293	223
V442	9	208	148	178	264	3	367	278	779	218	162
V443	313	94	198	13	397	118	72	239	225	632	213
V444	176	10	36	481	342	165	278	240	452	313	203
V445	247	24	65	246	253	434	840	35	150	160	180
V446	104	210	406	298	35	124	13	133	122	181	203
V447	106	174	26	70	23	18	304	13	79	196	70
V448	191	66	67	229	13	661	403	100	4	142	131
V449	405	229	1008	214	110	420	15	225	118	3	326
V450	14	898	131	159	15	70	42	48	31	253	188
V451	283	167	20	147	450	642	16	217	30	81	231
V452	570	424	851	935	67	190	101	35	9	468	571
V453	104	268	303	117	18	97	294	96	202	737	179
V454	67	127	8	93	542	50	251	363	197	182	177
V455	187	113	40	20	32	101	374	217	37	52	103
V456	303	68	377	362	180	143	136	69	68	195	238
V457	201	538	134	273	292	93	132	127	2	26	227
V458	317	328	46	42	163	49	77	26	219	63	190
V459	165	78	90	372	5	53	263	495	68	249	161
V460	94	98	162	9	184	160	61	301	74	338	122
V461	112	509	56	505	86	104	191	137	137	76	217
V462	77	137	8	39	267	265	257	647	88	264	114
V463	470	78	360	344	19	52	75	101	295	440	279
V464	117	33	223	265	156	145	47	281	35	25	160
V465	435	757	225	209	29	330	85	49	129	428	316
V466	148	119	169	544	452	214	111	103	367	166	280
V467	114	420	26	598	43	174	130	373	260	341	250
V468	58	54	3	61	81	251	107	284	46	321	81
V469	134	6	80	232	169	330	314	93	347	39	140
V470	58	499	429	40	90	101	282	80	244	450	170
V471	206	100	37	682	26	95	278	608	202	279	243
V472	112	2	618	138	697	8	274	15	33	208	220
V473	31	459	22	525	447	255	7	488	837	57	253
V474	260	483	5	458	339	159	38	139	44	2	280
V475	172	63	161	44	32	203	669	450	373	179	111
V476	180	217	371	8	270	211	40	220	29	268	179
V477	319	77	17	1	4	172	187	7	106	57	102
V478	63	126	56	29	37	238	163	169	23	112	60
V479	41	189	0	397	163	74	180	136	253	93	159
V480	738	33	89	653	61	26	179	204	269	278	417
V481	5	348	185	856	381	493	127	159	89	656	366
V482	159	7	207	8	143	90	106	188	226	72	99
V483	302	226	291	2	123	76	173	35	253	402	189
V484	126	761	279	197	43	5	115	169	94	40	226
V485	338	135	66	246	111	38	301	62	231	11	202
V486	41	146	159	164	169	404	55	115	259	166	106
V487	55	339	41	521	281	225	231	90	104	185	257
V488	186	188	178	65	489	126	282	308	151	50	197
V489	112	464	197	145	201	231	141	345	23	261	209
V490	124	214	114	196	99	328	39	63	272	373	145
V491	71	697	350	137	78	162	140	125	225	34	175
V492	89	71	273	52	471	37	37	82	38	472	185
V493	156	958	198	18	227	49	46	24	382	89	242
V494	150	121	187	154	537	140	287	210	130	186	204
V495	176	124	246	38	568	19	33	65	3	337	226
V496	145	146	233	32	224	112	31	391	35	346	153
V497	250	139	610	199	189	408	158	517	64	95	298
V498	42	14	741	18	198	27	9	22	67	84	129
V499	91	32	330	609	384	161	400	2	37	50	226
V500	139	575	105	784	365	224	29	42	251	179	314
