Source001	Source002	Source003	Source004	Source005	Source006	Source007	Source008	Source009	Source010	Sink
V1	47	252	200	73	279	51	707	132	7	173	151
V2	177	57	384	1290	48	235	16	481	500	478	446
V3	348	38	105	322	165	247	238	24	174	16	225
V4	146	206	40	93	48	6	221	484	77	340	108
V5	118	864	8	15	210	160	5	149	252	164	188
V6	37	333	320	197	8	28	278	166	110	122	162
V7	180	344	14	255	1	85	58	314	294	23	158
V8	358	146	226	227	138	98	165	112	252	56	237
V9	141	115	122	676	162	99	488	145	627	453	287
V10	255	952	14	63	203	14	674	203	262	71	242
V11	361	36	127	23	10	360	611	40	380	372	139
V12	189	58	141	301	85	299	44	265	177	221	181
V13	9	79	205	138	31	171	347	7	190	261	105
V14	98	53	50	322	33	112	36	23	86	24	136
V15	153	215	596	4	135	408	55	113	224	18	204
V16	162	19	202	14	645	613	889	1	134	197	213
V17	318	77	214	389	22	186	39	337	32	250	236
V18	139	379	76	24	96	96	140	73	273	17	131
V19	490	88	22	101	269	55	252	25	371	108	194
V20	77	587	226	56	307	326	0	23	32	131	194
V21	141	487	172	108	7	158	33	18	109	13	139
V22	37	8	246	337	70	175	229	327	357	154	188
V23	15	565	156	104	299	52	191	56	7	283	195
V24	274	238	421	246	112	106	342	189	104	31	233
V25	84	240	43	74	37	50	821	683	42	497	106
V26	287	161	989	171	61	278	33	123	74	1617	302
V27	2	89	98	43	18	16	231	375	93	482	49
V28	206	30	1004	182	21	20	275	194	40	698	253
V29	194	2	173	580	128	121	95	361	89	374	245
V30	428	94	74	216	23	163	200	238	163	459	197
V31	34	123	379	29	143	100	238	315	143	96	114
V32	102	243	42	16	130	4	130	512	464	69	109
V33	40	406	115	85	7	117	893	345	319	164	111
V34	32	58	725	299	123	330	746	37	148	28	220
V35	337	58	455	132	96	402	488	317	14	866	236
V36	685	215	88	203	235	222	120	566	165	167	332
V37	27	222	114	411	189	254	252	215	205	68	222
V38	397	459	21	318	70	100	68	432	772	171	280
V39	28	36	140	340	37	235	464	500	53	388	143
V40	44	78	20	25	15	190	46	63	154	202	38
V41	113	239	3	85	11	532	74	104	80	168	99
V42	427	801	154	206	164	269	851	159	559	131	303
V43	41	247	242	387	110	31	59	345	465	126	227
V44	264	303	58	386	104	24	162	262	8	162	252
V45	151	50	704	395	30	196	59	580	14	11	311
V46	445	185	15	91	132	261	72	531	438	947	229
V47	159	279	221	328	262	86	562	15	129	612	253
V48	216	41	404	136	34	4	184	125	231	117	180
V49	137	724	663	300	494	331	932	99	165	196	445
V50	126	56	21	21	6	145	34	107	113	102	60
V51	413	287	261	60	209	256	3	215	556	67	224
V52	14	176	47	209	254	17	29	137	78	732	134
V53	418	38	79	166	79	147	140	80	54	49	188
V54	45	8	168	100	160	36	85	540	376	494	94
V55	333	352	291	33	18	86	64	215	67	290	198
V56	18	211	100	495	27	31	25	23	135	357	232
V57	106	349	287	78	198	454	184	818	50	53	197
V58	258	25	18	142	30	149	134	16	124	494	110
V59	38	157	59	8	109	120	192	295	519	13	74
V60	351	17	11	253	94	181	26	86	325	73	179
V61	16	266	564	120	43	124	272	146	153	608	192
V62	204	14	25	340	384	631	47	752	458	68	264
V63	183	1	66	47	95	73	607	619	288	26	115
V64	600	60	371	37	433	395	257	448	19	365	324
V65	345	184	264	293	249	252	102	103	34	364	295
V66	46	142	436	249	135	110	55	132	120	240	146
V67	16	601	187	224	138	24	537	47	220	631	176
V68	69	221	138	117	464	458	271	465	127	167	200
V69	404	146	326	139	6	272	287	175	71	406	200
V70	113	322	175	10	190	153	12	37	1308	20	138
V71	334	37	56	166	675	272	118	96	482	68	261
V72	75	45	26	39	617	90	188	24	880	1084	153
V73	114	298	247	476	7	86	99	42	272	757	252
V74	176	186	6	109	33	141	391	151	68	31	110
V75	118	210	185	102	259	316	40	209	26	8	169
V76	312	25	41	95	1031	41	106	475	184	606	268
V77	196	193	174	296	78	90	3	173	454	122	194
V78	314	581	700	50	222	549	17	173	298	55	349
V79	168	117	151	216	277	44	44	181	334	91	170
V80	82	100	477	62	10	139	138	72	73	37	104
V81	6	381	80	252	512	107	49	0	11	394	223
V82	134	286	183	207	168	11	16	348	75	510	193
V83	158	246	309	84	191	109	343	597	7	281	172
V84	47	68	198	60	146	250	144	77	33	847	128
V85	24	213	329	216	225	51	77	425	245	283	202
V86	124	156	41	215	99	54	19	170	121	104	123
V87	499	5	895	243	134	131	246	291	115	213	356
V88	182	42	9	215	1177	22	592	102	269	224	308
V89	515	519	10	186	103	292	9	0	286	208	254
V90	245	120	135	530	359	46	174	82	17	212	307
V91	73	111	21	47	102	483	199	308	80	96	92
V92	1201	6	24	170	268	184	63	89	346	44	400
V93	142	119	152	135	23	28	396	5	863	178	91
V94	228	247	503	190	442	69	40	709	57	84	296
V95	43	40	225	260	100	139	598	128	88	100	150
V96	57	82	135	9	292	29	6	58	42	563	106
V97	73	384	41	30	1	334	24	372	63	310	89
V98	156	141	37	238	77	13	306	124	3	253	161
V99	31	698	294	77	113	90	534	22	80	175	185
V100	73	38	174	19	273	69	0	57	128	656	112
V101	578	138	141	493	17	199	157	107	171	255	316
V102	34	80	63	400	533	105	54	61	280	773	247
V103	29	44	136	14	438	303	522	52	345	373	147
V104	144	222	633	93	26	140	37	203	264	290	178
V105	186	90	56	42	304	23	471	45	151	334	119
V106	12	220	138	73	160	37	27	82	27	79	100
V107	156	108	31	38	515	163	219	63	73	338	143
V108	98	207	146	195	24	250	659	12	196	189	118
V109	526	64	124	3	765	1	369	527	115	79	305
V110	1270	1043	378	10	186	3	260	202	96	297	499
V111	555	95	247	457	31	292	9	245	145	386	321
V112	4	172	5	36	120	292	82	342	53	2	70
V113	227	186	73	81	36	102	40	92	159	94	116
V114	5	131	81	52	141	11	106	18	163	34	66
V115	130	23	6	99	87	291	164	166	34	11	95
V116	292	23	147	1158	249	12	200	285	46	16	476
V117	39	458	314	154	157	8	399	10	12	84	156
V118	34	70	260	42	259	375	57	4	182	6	148
V119	52	317	66	281	16	456	122	2	313	15	150
V120	162	6	51	75	163	50	28	107	520	306	119
V121	25	111	232	2	20	201	67	124	158	255	79
V122	190	385	494	793	61	217	577	162	578	271	377
V123	28	210	139	68	208	64	15	238	0	94	113
V124	88	270	582	78	166	18	402	258	660	10	207
V125	101	1015	419	99	204	51	9	69	259	276	226
V126	412	71	25	302	21	92	109	277	171	20	223
V127	70	315	105	183	23	80	449	16	154	224	104
V128	194	92	333	190	111	97	117	192	147	0	206
V129	57	304	44	47	107	248	75	194	156	4	106
V130	196	164	53	123	62	429	136	32	87	20	132
V131	263	253	137	160	64	9	594	14	92	261	173
V132	98	128	88	39	334	376	774	254	74	145	152
V133	99	77	102	224	35	47	95	196	47	3	141
V134	81	24	279	120	36	203	0	125	26	4	95
V135	298	155	635	14	113	684	406	93	84	43	214
V136	229	63	79	190	511	0	325	548	10	168	208
V137	177	9	1	340	65	387	298	216	179	44	166
V138	129	48	57	83	63	349	1	268	193	113	80
V139	226	84	214	10	302	263	2	571	4	58	160
V140	46	233	233	263	317	129	368	55	416	161	185
V141	49	37	379	220	96	162	139	49	102	129	151
V142	217	293	101	473	111	26	57	309	454	55	238
V143	34	430	54	191	169	404	30	10	94	5	153
V144	392	5	77	104	221	3	118	21	47	102	165
V145	375	216	62	386	225	30	121	766	61	39	293
V146	268	173	486	186	87	816	28	50	51	126	243
V147	247	586	119	147	103	29	240	104	266	7	188
V148	397	69	1	435	72	419	38	386	61	106	239
V149	296	350	39	89	784	263	95	56	75	264	318
V150	332	138	182	137	350	365	33	9	94	63	214
V151	189	187	82	67	4	427	237	311	141	4	147
V152	283	58	225	21	195	44	92	301	190	272	139
V153	53	157	390	84	64	507	59	284	163	14	145
V154	654	669	162	220	154	232	139	51	576	91	360
V155	23	510	338	115	506	56	4	59	210	100	218
V156	33	5	122	453	178	85	65	16	92	179	192
V157	1	106	234	397	515	29	492	546	170	160	263
V158	24	24	142	28	8	500	176	31	249	20	62
V159	167	92	232	90	51	476	125	96	42	164	151
V160	234	113	211	12	61	589	200	185	131	0	140
V161	344	250	24	152	181	16	510	524	297	15	208
V162	61	103	6	487	176	41	57	348	9	270	182
V163	14	88	0	356	101	260	37	330	92	31	137
V164	92	162	16	20	237	237	30	223	54	41	90
V165	266	183	46	217	105	79	189	180	281	39	167
V166	176	913	213	194	14	189	128	353	1	364	239
V167	569	45	599	19	116	195	93	136	886	25	264
V168	53	52	512	41	49	784	360	194	524	56	132
V169	35	141	55	29	321	204	320	39	18	489	109
V170	143	595	177	23	197	290	142	221	330	38	187
V171	389	36	361	79	179	52	359	106	236	17	194
V172	224	175	113	227	432	256	98	26	79	59	208
V173	347	160	146	120	74	178	119	161	102	187	197
V174	180	32	295	85	119	96	159	587	686	14	153
V175	2	77	40	265	251	349	23	11	488	62	147
V176	361	399	0	108	75	155	340	348	1133	141	206
V177	43	37	116	113	38	244	179	441	220	373	87
V178	53	433	92	192	72	9	178	14	432	53	147
V179	65	9	71	187	281	118	516	119	68	108	142
V180	124	90	178	26	513	26	158	161	32	257	170
V181	420	127	76	358	29	131	37	5	83	51	220
V182	353	17	32	12	53	68	394	521	99	202	123
V183	198	367	24	209	105	169	123	11	53	393	193
V184	77	47	109	65	392	246	60	251	89	39	133
V185	75	165	345	119	5	33	53	208	72	120	100
V186	74	240	202	203	99	131	59	2	83	149	162
V187	116	799	32	824	30	10	299	29	1	1	343
V188	604	161	16	267	34	128	100	350	23	186	234
V189	21	169	571	691	207	83	59	406	257	75	320
V190	267	132	55	93	326	60	424	395	614	257	182
V191	276	799	186	40	49	398	448	54	65	479	234
V192	97	206	575	127	3	63	37	440	247	156	200
V193	231	439	295	24	97	217	331	218	219	550	200
V194	186	722	105	3	338	52	202	15	17	324	189
V195	22	170	48	207	111	18	106	280	70	397	104
V196	11	106	182	716	204	6	192	353	355	21	285
V197	100	334	1	160	33	204	231	242	264	391	140
V198	373	36	26	149	17	165	53	561	393	24	172
V199	57	214	129	27	8	18	117	127	61	125	84
V200	395	86	317	93	31	15	201	219	57	352	182
V201	297	236	130	492	156	107	10	167	128	117	285
V202	81	97	283	71	135	29	390	321	212	171	127
V203	34	238	764	131	265	166	47	100	394	35	253
V204	353	8	515	132	153	5	187	49	746	24	204
V205	3	20	88	10	168	782	119	535	98	657	114
V206	46	228	166	47	208	63	21	166	69	137	123
V207	200	511	183	388	100	183	2	0	613	78	221
V208	16	473	390	375	50	309	214	43	672	12	246
V209	351	138	181	495	161	93	658	88	139	863	293
V210	55	348	17	77	82	98	152	116	127	684	134
V211	4	59	35	474	306	451	38	252	164	344	225
V212	112	172	49	435	15	79	101	100	14	35	186
V213	116	45	83	311	129	206	228	208	51	85	160
V214	410	777	27	103	44	12	29	57	202	63	241
V215	335	489	155	246	21	213	322	132	99	36	266
V216	29	877	582	108	218	6	271	46	244	522	275
V217	186	96	26	32	657	152	83	90	120	143	193
V218	83	288	336	83	210	254	81	72	324	175	161
V219	139	220	405	146	63	302	150	198	25	107	196
V220	130	72	20	372	614	206	263	75	37	9	243
V221	311	46	131	414	106	165	93	251	451	119	251
V222	251	271	23	1	64	100	69	93	91	543	116
V223	561	78	35	180	52	24	77	204	93	47	223
V224	129	115	78	422	860	375	272	8	3	143	331
V225	195	153	677	218	43	411	722	92	54	93	283
V226	154	111	122	88	606	353	54	59	255	58	213
V227	22	62	45	28	116	7	529	127	105	110	50
V228	105	35	143	36	129	46	117	11	255	79	77
V229	38	82	48	277	61	95	450	115	149	76	111
V230	219	327	369	9	186	74	129	31	516	206	165
V231	606	163	141	273	49	127	142	240	327	617	280
V232	313	177	182	34	364	79	27	156	93	64	202
V233	380	280	348	13	116	125	214	343	225	58	193
V234	159	88	62	619	286	82	7	49	550	145	244
V235	75	183	169	46	857	375	209	5	310	33	253
V236	413	350	335	391	155	143	365	8	644	357	311
V237	9	109	396	214	154	670	472	10	39	0	189
V238	25	336	425	180	119	425	271	194	397	39	230
V239	207	214	32	310	46	225	130	74	120	262	176
V240	115	145	832	72	148	127	933	112	354	164	184
V241	76	25	61	153	74	85	272	33	545	1145	102
V242	44	0	63	358	1156	46	39	236	113	123	338
V243	78	145	96	102	180	78	9	32	84	95	118
V244	47	291	107	457	224	39	1095	52	255	637	220
V245	73	432	11	68	40	32	149	152	33	42	91
V246	3	21	208	86	107	275	457	464	9	13	104
V247	435	661	52	291	21	174	168	294	10	356	268
V248	226	533	10	95	56	23	82	199	98	206	145
V249	412	130	6	293	689	13	14	240	129	227	317
V250	139	37	103	220	337	52	77	48	50	53	181
V251	87	352	449	61	304	486	2	254	112	128	233
V252	632	194	51	140	4	37	94	0	32	33	207
V253	231	1776	206	9	943	4	256	212	491	251	470
V254	479	182	552	155	133	56	348	102	167	504	271
V255	466	196	187	141	624	189	404	247	15	27	298
V256	100	23	757	137	402	242	226	375	71	23	248
V257	284	244	12	434	182	415	157	254	256	27	249
V258	138	155	98	196	204	567	127	16	15	84	180
V259	385	12	142	351	8	464	115	110	24	25	227
V260	170	323	320	394	468	208	163	47	119	1237	342
V261	74	103	721	9	154	428	185	605	97	79	184
V262	133	367	212	268	49	37	239	11	272	46	184
V263	24	30	337	22	234	314	17	97	324	459	111
V264	60	531	49	55	432	301	153	99	11	133	196
V265	238	148	660	604	316	76	232	198	25	118	400
V266	114	140	214	713	104	0	234	377	293	27	296
V267	20	82	140	3	781	113	112	223	83	323	195
V268	148	170	62	38	9	51	36	841	25	34	103
V269	6	306	37	1031	272	253	137	111	246	264	354
V270	303	208	412	40	286	81	61	514	303	389	214
V271	202	197	33	157	224	110	95	207	235	160	166
V272	225	109	11	37	148	64	499	196	7	201	136
V273	345	48	310	180	4	101	830	53	434	291	173
V274	702	64	695	46	210	558	161	107	31	209	347
V275	276	100	136	47	550	138	62	5	24	209	198
V276	319	305	225	115	31	867	83	48	47	262	235
V277	147	137	232	295	462	61	158	73	123	161	240
V278	3	7	20	210	138	117	77	37	54	823	98
V279	367	504	205	238	349	50	274	201	26	74	281
V280	62	176	428	268	967	147	95	103	287	53	348
V281	118	200	11	112	151	265	169	161	162	4	131
V282	20	114	21	27	540	20	80	585	67	57	145
V283	189	121	515	294	129	492	178	163	47	30	249
V284	78	93	86	204	111	65	47	47	372	84	116
V285	84	252	319	111	144	153	81	280	332	51	156
V286	4	218	228	797	510	428	19	305	46	183	387
V287	126	189	196	317	136	663	130	78	261	200	227
V288	4	173	367	53	93	214	1299	110	6	23	141
V289	293	120	680	99	127	356	131	758	93	408	270
V290	359	4	72	230	116	2	312	52	122	169	160
V291	351	140	84	243	250	99	34	56	99	124	204
V292	2	51	584	637	633	53	61	995	85	255	432
V293	638	57	66	413	272	44	130	276	397	106	341
V294	62	59	65	786	14	161	32	309	309	155	225
V295	328	91	119	250	48	0	133	82	209	53	195
V296	195	212	31	131	45	91	169	124	209	52	119
V297	476	140	198	285	81	1	758	297	112	174	270
V298	606	195	265	49	260	51	214	290	817	325	237
V299	940	106	43	151	67	76	225	54	36	233	259
V300	28	36	439	237	3	68	437	190	347	22	140
V301	15	97	340	58	884	138	191	232	112	17	249
V302	48	261	142	46	129	338	220	27	94	353	114
V303	437	12	285	128	248	468	276	122	134	87	246
V304	188	70	18	91	104	57	113	317	260	153	125
V305	194	8	74	371	2	605	22	67	606	136	193
V306	47	42	499	6	384	374	25	198	271	0	171
V307	232	113	517	558	447	101	636	7	164	12	385
V308	361	55	310	204	204	105	2	614	169	378	255
V309	168	136	124	120	298	258	51	1	19	95	177
V310	172	37	304	22	150	346	39	98	215	72	118
V311	41	68	34	5	102	78	217	131	11	118	57
V312	293	48	153	474	469	606	365	56	200	46	311
V313	438	221	29	287	259	219	327	218	180	535	284
V314	212	82	13	12	396	17	103	149	256	25	148
V315	160	199	473	244	267	25	159	552	134	50	245
V316	286	345	240	33	458	93	75	255	40	771	235
V317	98	181	1081	418	252	366	137	298	364	54	360
V318	139	91	52	142	474	204	112	296	200	25	191
V319	136	114	537	428	399	604	86	81	116	56	324
V320	202	373	65	185	361	44	78	407	90	48	218
V321	40	37	410	107	415	137	152	97	45	91	194
V322	247	191	182	350	134	656	89	44	2	40	207
V323	309	61	101	680	311	78	405	6	48	140	315
V324	576	560	245	41	180	774	109	209	269	65	287
V325	6	214	102	55	104	140	86	145	38	603	105
V326	10	140	113	383	525	79	86	122	225	79	242
V327	259	140	100	337	170	242	14	236	157	498	252
V328	584	7	378	262	9	79	68	129	171	77	255
V329	125	372	16	133	168	32	142	496	869	73	143
V330	146	785	87	449	392	396	291	49	487	380	367
V331	183	158	646	562	414	48	95	171	67	1296	380
V332	44	209	65	78	126	366	412	170	11	438	126
V333	306	16	74	12	217	52	158	415	71	261	129
V334	151	409	52	65	214	136	13	110	589	117	154
V335	143	31	11	21	230	172	148	285	33	18	96
V336	305	44	382	1345	103	19	31	3	38	190	499
V337	130	142	177	152	8	207	45	299	82	501	119
V338	1151	75	92	213	367	174	267	140	194	394	441
V339	120	13	30	363	13	27	48	74	41	335	125
V340	74	155	76	1	330	44	54	94	45	88	105
V341	136	262	0	344	172	264	326	121	19	287	179
V342	213	308	840	10	3	73	178	190	331	78	230
V343	107	82	10	20	31	42	29	506	7	322	68
V344	86	133	105	30	303	126	441	20	61	287	116
V345	82	52	12	61	241	46	174	133	16	87	93
V346	22	165	94	61	107	278	281	236	44	501	94
V347	32	49	186	105	34	71	612	397	65	99	82
V348	88	44	241	108	134	155	189	251	226	43	106
V349	220	137	26	438	565	378	49	174	119	50	298
V350	215	157	114	717	43	218	145	223	225	66	326
V351	2	179	19	13	83	552	97	176	98	212	68
V352	148	8	165	211	307	108	111	307	3	596	170
V353	184	568	135	23	1	332	210	95	252	69	154
V354	486	340	148	464	113	411	867	29	473	45	318
V355	465	310	425	341	82	229	183	57	581	566	303
V356	63	70	118	161	57	7	77	990	7	108	116
V357	126	147	52	66	302	122	125	454	190	4	137
V358	76	30	6	158	189	12	333	410	84	229	117
V359	474	42	100	403	43	79	342	60	266	56	225
V360	187	436	55	121	160	144	459	45	330	417	164
V361	103	170	492	9	649	134	229	49	2	442	259
V362	240	427	69	299	353	328	57	95	3	370	290
V363	489	359	13	135	302	277	0	586	249	109	264
V364	520	11	262	174	998	468	237	230	231	250	420
V365	305	140	268	399	495	353	330	34	10	336	326
V366	405	516	272	343	25	50	174	419	107	286	307
V367	127	219	64	176	61	130	168	71	62	22	111
V368	342	2	166	175	213	206	0	85	14	96	182
V369	163	144	309	117	80	380	401	3	123	21	162
V370	58	431	221	459	890	401	14	242	157	44	378
V371	44	157	26	10	233	228	148	342	166	571	106
V372	29	58	26	263	528	94	23	57	6	154	159
V373	126	83	307	378	4	288	265	86	61	108	205
V374	184	3	246	150	8	120	185	461	162	77	130
V375	271	143	233	105	151	28	72	145	73	262	192
V376	170	99	24	20	255	1393	47	23	2	120	181
V377	78	73	36	127	13	367	473	61	114	184	89
V378	67	71	205	2	351	104	40	74	586	154	107
V379	83	204	762	254	907	52	427	5	335	6	381
V380	85	17	385	39	27	414	151	516	115	155	117
V381	838	137	144	124	132	458	70	93	84	225	291
V382	147	57	228	87	1170	105	68	50	17	659	308
V383	192	54	732	300	522	408	7	192	203	109	341
V384	222	191	170	54	192	306	5	28	51	61	165
V385	35	180	686	107	117	194	54	243	35	23	164
V386	157	58	34	281	313	209	201	339	469	487	210
V387	323	37	58	63	47	72	225	705	73	55	144
V388	60	1008	173	3	423	561	172	10	430	38	245
V389	313	70	1026	384	143	3	142	67	4	88	340
V390	10	32	166	848	68	5	217	142	271	3	254
V391	153	740	392	474	36	125	115	44	368	449	291
V392	302	79	280	270	246	4	123	206	170	41	215
V393	68	34	449	512	210	3	55	367	681	104	287
V394	44	187	0	456	285	387	117	311	809	71	220
V395	75	48	268	171	122	109	123	307	217	169	130
V396	176	322	187	44	84	14	164	357	352	349	141
V397	78	37	262	115	171	471	31	47	109	157	128
V398	57	84	56	83	7	130	107	47	93	64	62
V399	30	5	143	317	168	418	91	0	171	133	157
V400	8	111	46	14	294	239	460	339	95	312	94
V401	31	74	347	494	6	269	170	132	113	478	219
V402	27	36	89	142	139	91	292	44	18	28	78
V403	121	227	183	420	79	403	657	57	213	21	239
V404	228	21	353	79	738	395	314	122	28	387	288
V405	587	475	3	73	39	121	212	123	614	104	200
V406	315	585	142	595	71	399	94	112	40	460	366
V407	893	76	5	652	218	138	148	170	90	137	434
V408	110	147	108	131	61	94	52	389	277	59	129
V409	53	231	6	84	587	181	110	24	965	40	181
V410	595	0	161	327	76	743	165	14	63	347	297
V411	2	152	214	316	201	292	214	222	201	52	193
V412	55	324	81	10	237	130	419	88	571	12	115
V413	210	3	100	316	202	214	141	151	115	225	185
V414	379	419	351	228	254	53	126	51	680	246	309
V415	48	332	113	207	30	155	684	337	187	535	152
V416	131	34	27	36	388	426	73	38	13	95	138
V417	375	356	194	29	77	74	56	21	465	71	179
V418	135	179	270	47	725	90	9	76	140	441	256
V419	146	98	115	179	39	155	157	20	325	243	117
V420	306	284	838	316	184	177	19	129	279	235	343
V421	94	646	102	53	453	764	385	266	28	100	268
V422	15	290	96	109	78	14	13	156	71	63	107
V423	28	256	279	40	0	387	112	22	150	169	109
V424	352	409	139	31	61	191	289	52	26	178	157
V425	134	100	21	123	94	173	742	897	211	475	134
V426	126	43	565	119	196	282	31	18	230	1383	208
V427	57	133	259	153	60	226	1	372	98	3	129
V428	458	139	230	13	79	998	20	634	494	19	276
V429	699	184	154	138	172	548	342	124	631	178	315
V430	551	346	43	336	82	5	79	924	141	71	280
V431	165	216	182	359	128	112	63	188	34	42	219
V432	78	262	235	40	145	8	118	19	25	194	140
V433	93	60	45	264	65	29	12	18	384	57	118
V434	232	506	1	14	182	36	356	30	66	33	137
V435	493	4	319	25	197	194	85	131	30	50	221
V436	251	318	158	95	303	295	99	330	5	42	218
V437	360	431	90	119	74	272	125	169	38	240	224
V438	22	430	195	13	66	555	149	100	154	76	121
V439	39	657	125	20	36	156	22	308	273	79	134
V440	384	75	35	172	47	268	397	33	170	135	190
V441	318	230	88	21	14	3	50	43	88	85	122
V442	152	66	45	55	46	909	175	617	285	24	125
V443	30	379	149	354	65	52	527	210	3	82	194
V444	591	277	318	178	105	479	23	327	190	146	319
V445	134	32	335	194	62	78	412	10	121	60	148
V446	77	315	265	38	646	330	347	1	229	375	228
V447	230	139	572	246	29	2	100	560	41	107	224
V448	274	538	348	153	17	99	335	279	16	299	232
V449	143	61	10	48	101	299	231	58	385	23	84
V450	271	112	487	84	23	23	93	155	750	156	123
V451	623	61	217	254	772	134	536	42	308	190	349
V452	34	199	180	191	282	582	579	324	20	84	177
V453	301	241	239	3	104	155	659	3	204	98	151
V454	67	4	189	395	37	150	28	706	16	279	189
V455	294	94	61	42	219	338	212	161	77	205	138
V456	191	368	326	490	558	1439	88	44	593	60	422
V457	211	111	112	603	275	110	209	266	31	41	255
V458	37	384	229	114	335	231	5	684	409	40	221
V459	744	51	233	17	57	55	2	277	29	178	216
V460	260	104	181	843	598	159	46	136	272	112	446
V461	35	666	29	145	73	51	142	272	282	10	156
V462	18	104	126	174	238	369	216	885	25	120	157
V463	565	285	110	463	38	576	213	69	563	315	339
V464	262	544	122	269	60	60	188	708	321	121	234
V465	21	146	424	95	180	375	91	602	314	208	157
V466	436	77	195	134	85	249	55	99	12	107	203
V467	16	22	183	133	48	588	11	105	63	79	104
V468	26	124	243	439	121	9	36	308	12	182	193
V469	6	178	170	708	11	278	139	64	21	506	261
V470	258	327	151	678	62	44	249	41	76	250	303
V471	51	520	195	159	135	95	210	306	265	128	184
V472	314	18	531	39	201	26	148	2	159	138	193
V473	53	7	271	112	8	53	1130	171	344	83	103
V474	216	128	106	27	70	37	270	40	88	58	89
V475	122	556	114	4	18	215	32	30	41	132	122
V476	151	97	11	25	38	8	310	135	1283	7	87
V477	47	77	188	2	1	27	98	40	749	59	44
V478	201	726	154	6	7	356	55	329	64	176	172
V479	82	286	200	165	5	643	14	107	172	112	168
V480	264	62	99	263	496	23	185	24	22	271	258
V481	153	39	128	203	8	100	262	899	461	65	157
V482	184	54	52	47	2	303	185	128	80	53	91
V483	303	46	6	15	95	114	4	68	184	76	103
V484	284	136	59	40	93	380	39	217	2	170	142
V485	198	195	14	138	495	134	312	219	271	24	209
V486	146	137	48	9	196	63	104	8	255	33	95
V487	445	12	204	31	25	395	118	27	276	449	156
V488	20	106	128	68	105	163	274	89	255	56	79
V489	98	184	69	24	58	169	276	686	57	234	99
V490	374	43	600	353	57	303	69	49	140	79	270
V491	45	0	124	150	359	250	471	154	4	548	186
V492	247	198	85	164	49	311	628	283	71	240	176
V493	300	66	48	135	230	2	103	253	86	341	164
V494	294	248	20	13	290	385	158	202	390	393	181
V495	64	44	130	428	303	41	10	357	139	104	217
V496	147	54	507	123	302	86	136	50	520	619	169
V497	124	102	300	495	525	296	529	80	74	528	323
V498	400	114	92	713	366	39	181	92	711	173	360
V499	39	80	2	22	120	14	161	63	494	95	47
V500	105	93	191	108	11	10	21	424	224	20	112
