Source001	Source002	Source003	Source004	Source005	Source006	Source007	Source008	Source009	Source010	Sink
V1	206	319	289	136	260	174	558	55	74	1	241
V2	407	5	44	607	8	208	133	107	88	41	153
V3	232	14	501	32	222	368	51	269	175	162	173
V4	272	112	605	647	741	495	43	159	1	707	359
V5	208	79	230	225	13	142	814	212	81	473	153
V6	19	188	263	58	120	349	0	46	307	189	149
V7	72	65	84	176	169	56	70	105	51	117	104
V8	357	37	22	135	280	80	455	646	57	1	109
V9	105	701	142	225	141	6	307	205	35	280	356
V10	371	323	12	267	209	107	160	46	22	32	245
V11	34	89	267	181	76	102	112	292	2	20	111
V12	178	26	572	82	2	90	60	144	415	100	163
V13	298	56	490	543	439	241	116	224	58	397	248
V14	275	749	6	198	560	274	73	279	355	149	447
V15	217	117	357	350	28	612	73	30	176	31	164
V16	1094	108	1123	64	180	356	30	86	603	264	411
V17	115	490	19	202	894	132	135	450	108	199	364
V18	121	258	11	151	75	7	207	50	173	617	156
V19	20	20	22	87	226	98	73	5	155	397	72
V20	105	486	94	209	193	17	297	92	110	17	275
V21	10	23	282	339	75	49	73	135	22	15	113
V22	131	19	42	126	54	119	128	80	16	618	72
V23	235	23	36	76	29	149	31	128	453	84	72
V24	97	88	87	185	294	54	292	335	137	589	156
V25	29	119	381	397	437	275	298	236	182	35	213
V26	352	61	260	27	297	40	75	165	161	135	158
V27	101	246	328	794	16	295	126	176	105	62	285
V28	250	105	423	431	32	146	32	368	575	74	224
V29	122	376	24	348	322	158	338	273	374	185	282
V30	223	21	704	420	803	25	41	476	206	60	315
V31	151	64	144	50	736	45	128	133	208	224	180
V32	82	10	50	21	169	367	19	98	6	3	44
V33	188	97	88	165	205	271	170	608	4	9	135
V34	447	383	769	56	146	32	292	157	42	304	352
V35	508	647	150	16	72	40	86	20	2	102	344
V36	41	90	99	102	75	46	53	26	60	149	91
V37	109	69	283	101	721	50	229	50	141	272	186
V38	41	45	235	84	282	201	86	135	698	82	142
V39	289	417	54	8	92	589	89	486	1731	10	299
V40	65	418	67	132	81	32	746	42	79	67	201
V41	1012	221	19	226	182	15	201	7	124	56	259
V42	59	5	69	298	167	27	12	215	581	169	108
V43	436	242	192	889	94	159	115	444	444	590	353
V44	230	346	254	825	86	381	132	328	98	17	328
V45	286	185	241	46	135	96	206	220	251	259	190
V46	373	133	121	184	81	175	167	634	92	43	166
V47	102	302	44	31	154	97	27	272	102	6	154
V48	592	435	48	347	203	776	98	49	204	306	365
V49	516	118	63	241	8	0	2	296	17	170	138
V50	196	49	44	23	97	62	17	56	306	53	87
V51	476	144	640	39	1274	306	108	497	53	331	375
V52	284	185	110	313	78	298	106	33	172	174	199
V53	240	189	0	639	208	412	396	425	190	108	236
V54	14	142	208	549	140	278	24	41	201	114	217
V55	389	41	129	175	76	16	1	97	9	45	115
V56	36	110	145	106	217	171	14	11	482	291	137
V57	174	166	57	142	144	87	12	155	54	78	142
V58	93	265	19	238	50	437	357	181	341	137	174
V59	211	382	606	127	776	66	170	0	147	159	387
V60	11	22	83	183	288	208	74	157	200	724	117
V61	353	78	287	8	19	153	226	49	80	63	127
V62	7	208	43	215	16	29	249	118	1	56	111
V63	53	109	305	373	62	62	317	238	429	158	187
V64	247	0	149	673	249	9	181	53	445	28	190
V65	4	449	288	73	65	63	184	96	230	759	308
V66	376	696	7	1164	94	26	78	211	79	247	514
V67	40	23	7	262	67	5	350	143	697	634	122
V68	67	576	167	212	440	230	205	87	190	149	342
V69	85	19	242	294	432	409	306	15	49	528	175
V70	141	308	304	235	179	312	288	1047	34	318	243
V71	236	112	16	79	74	39	207	466	46	95	103
V72	191	648	76	53	422	20	270	825	307	357	369
V73	15	323	343	15	35	140	1	109	127	75	194
V74	355	36	84	547	237	224	190	446	24	107	181
V75	208	47	266	45	89	6	324	132	558	369	128
V76	101	465	234	45	29	377	790	116	173	277	250
V77	213	2	44	21	205	223	686	628	12	121	78
V78	142	22	26	146	278	220	177	48	542	159	115
V79	141	557	2	4	197	95	376	18	271	118	252
V80	326	153	162	190	225	33	152	56	329	293	219
V81	125	9	134	149	102	49	192	169	137	614	101
V82	226	380	5	82	86	52	346	108	62	129	200
V83	74	765	173	716	567	26	154	220	5	116	519
V84	842	281	404	58	327	22	339	87	174	13	345
V85	31	49	359	229	218	303	72	172	214	147	158
V86	37	826	304	51	49	235	126	1129	34	332	396
V87	87	165	17	356	76	326	607	284	32	292	150
V88	70	329	53	948	286	0	496	294	49	128	348
V89	419	12	20	150	97	72	133	362	34	382	119
V90	54	131	138	158	11	238	569	480	71	311	135
V91	239	73	60	299	70	158	76	289	130	201	94
V92	22	7	234	69	132	54	56	193	323	35	86
V93	13	90	122	181	128	88	73	160	77	9	105
V94	372	152	39	747	401	624	112	11	44	350	285
V95	72	217	116	170	388	681	311	81	84	8	197
V96	311	294	161	1	355	2	980	90	73	89	213
V97	22	121	72	1017	102	156	45	482	241	223	258
V98	254	39	60	1	85	202	374	435	249	426	101
V99	3	257	8	44	584	269	38	351	121	528	165
V100	58	406	385	13	796	143	91	59	164	85	307
V101	537	82	39	34	253	128	358	231	292	82	155
V102	331	62	134	112	528	146	74	171	362	301	185
V103	276	154	63	413	181	248	631	164	167	270	189
V104	447	215	13	102	423	103	119	340	2	756	228
V105	58	26	536	124	561	301	17	83	146	605	244
V106	156	124	271	376	386	183	706	153	315	167	210
V107	82	471	469	66	172	24	87	115	25	313	313
V108	167	249	259	182	77	224	246	79	53	41	185
V109	384	116	351	311	345	582	91	138	104	241	242
V110	189	696	365	4	99	15	260	207	138	72	339
V111	282	48	58	27	168	343	24	107	161	65	85
V112	40	31	242	31	7	283	1	132	4	422	72
V113	33	108	201	143	16	109	26	142	26	230	106
V114	19	52	1039	443	129	194	705	43	25	218	277
V115	29	162	108	161	301	89	194	80	135	39	143
V116	249	702	314	425	405	42	117	100	107	138	432
V117	95	162	143	16	104	52	170	112	76	50	120
V118	78	412	26	308	21	62	33	39	161	45	232
V119	62	221	136	342	134	10	228	13	541	108	188
V120	21	45	99	25	344	146	425	94	84	15	86
V121	193	72	729	25	17	145	299	119	136	52	204
V122	293	579	57	7	10	131	79	137	264	276	290
V123	244	233	220	28	95	595	331	17	156	11	208
V124	28	33	457	998	616	206	137	227	204	37	296
V125	55	55	245	15	354	548	103	521	28	487	127
V126	41	11	140	270	53	73	282	248	6	312	72
V127	153	207	267	305	30	155	134	0	49	168	182
V128	237	62	44	127	3	30	389	360	457	33	87
V129	397	197	58	84	367	98	417	181	48	175	209
V130	256	180	1029	85	44	124	58	198	141	315	298
V131	112	13	46	159	81	124	162	137	49	132	54
V132	53	43	90	141	75	1	13	37	3	160	75
V133	182	85	305	26	144	182	77	451	149	0	143
V134	149	13	96	47	116	146	28	390	68	183	79
V135	40	122	129	268	211	107	362	226	36	72	140
V136	77	24	67	69	305	889	292	17	40	540	101
V137	58	799	100	542	2	65	236	400	151	877	440
V138	35	623	33	63	187	112	270	288	35	206	297
V139	80	1	165	94	53	208	13	167	101	276	78
V140	368	522	141	116	4	22	164	626	63	166	294
V141	45	16	96	219	184	146	13	319	49	242	94
V142	77	126	125	273	195	111	98	445	186	137	136
V143	224	102	97	369	921	95	6	1069	271	77	272
V144	107	224	247	93	22	4	41	175	502	38	159
V145	224	41	12	13	144	85	48	265	23	454	77
V146	37	581	207	200	232	215	856	338	451	62	347
V147	35	4	270	410	79	8	3	283	220	316	131
V148	28	149	125	155	164	50	165	77	178	253	132
V149	8	269	77	45	117	662	68	56	308	70	160
V150	31	407	168	30	74	45	212	421	3	54	207
V151	157	351	448	241	276	423	470	4	188	93	318
V152	63	30	588	169	152	82	9	3	27	95	174
V153	157	134	418	27	33	361	274	30	8	27	140
V154	226	81	87	296	148	30	82	267	6	105	147
V155	11	535	67	14	202	420	393	472	339	35	267
V156	279	230	97	267	348	42	408	249	568	35	261
V157	27	67	3	6	205	83	387	11	69	66	64
V158	98	337	626	30	17	196	15	30	135	493	268
V159	170	4	490	210	21	461	47	12	252	321	163
V160	12	2	6	76	303	168	533	354	584	398	111
V161	133	133	332	70	812	135	45	10	138	34	235
V162	106	251	11	0	33	125	534	391	83	194	116
V163	197	277	414	132	217	267	19	50	64	37	239
V164	594	85	41	9	297	321	40	25	343	2	151
V165	167	5	292	292	108	130	452	288	230	224	158
V166	107	558	127	205	28	89	111	36	222	60	300
V167	111	25	106	379	587	52	46	211	262	632	186
V168	3	22	58	66	561	271	125	280	481	64	111
V169	36	341	38	596	125	796	15	471	362	270	250
V170	215	177	192	179	84	442	222	262	2	155	151
V171	27	60	307	11	56	24	344	35	35	6	90
V172	52	106	78	338	27	6	53	49	53	24	119
V173	57	130	129	31	25	35	265	387	134	978	107
V174	172	21	27	417	105	150	260	348	195	29	124
V175	318	1006	914	354	188	93	15	352	25	145	655
V176	105	208	162	115	93	38	63	387	27	175	177
V177	20	340	431	69	150	251	85	673	7	375	290
V178	24	368	483	164	172	151	257	73	262	168	293
V179	110	83	161	211	213	208	52	249	71	551	151
V180	382	54	204	159	292	121	110	104	285	77	173
V181	29	14	545	211	154	661	204	48	15	42	132
V182	111	224	250	290	561	511	60	76	67	153	269
V183	136	433	275	5	5	534	24	175	208	236	233
V184	141	204	110	15	349	599	132	466	138	166	161
V185	16	51	509	27	34	113	249	157	126	320	114
V186	252	129	152	172	182	166	764	114	285	93	153
V187	197	85	590	9	103	823	347	85	412	422	176
V188	46	318	113	23	66	182	167	204	269	90	180
V189	692	1038	660	35	357	54	17	142	201	38	623
V190	86	61	13	83	96	780	2	17	5	100	46
V191	312	50	232	141	245	34	116	77	119	38	148
V192	269	80	369	143	97	558	61	54	21	72	142
V193	28	0	512	1039	160	401	230	181	123	79	278
V194	1329	88	331	42	400	47	27	13	79	91	275
V195	687	35	142	64	29	208	404	77	44	27	116
V196	69	268	77	120	24	7	337	159	79	291	177
V197	589	550	44	591	86	363	118	8	66	343	406
V198	563	88	25	35	3	283	139	353	518	101	147
V199	243	782	40	55	70	327	166	81	46	591	393
V200	119	69	137	38	267	290	67	20	472	54	132
V201	342	95	29	123	103	1163	9	64	174	1	130
V202	73	774	158	189	12	213	206	45	72	0	370
V203	1066	207	2	215	116	279	263	149	376	446	279
V204	12	36	34	159	58	17	72	81	77	216	65
V205	46	750	189	337	8	90	366	45	63	442	432
V206	324	37	373	11	26	30	56	129	109	61	129
V207	651	344	14	167	1	124	412	126	119	130	245
V208	39	29	229	51	190	391	57	45	64	346	84
V209	185	110	64	320	21	17	281	481	24	231	137
V210	20	172	409	89	312	278	0	828	396	924	250
V211	5	23	12	67	318	44	131	119	100	111	61
V212	325	258	336	82	302	0	36	23	361	91	247
V213	138	166	95	37	306	99	92	151	347	150	181
V214	55	77	54	182	25	795	235	248	53	120	80
V215	68	290	59	2	258	642	97	241	48	140	169
V216	89	15	120	399	371	252	184	66	232	121	147
V217	245	104	23	167	39	50	187	14	202	3	121
V218	59	390	56	71	2	188	232	67	27	309	219
V219	278	424	94	146	93	448	322	223	135	14	264
V220	208	506	18	97	66	38	274	292	57	175	274
V221	31	295	481	234	327	440	6	627	162	59	305
V222	171	44	215	72	258	26	214	42	396	130	121
V223	134	277	1	156	273	48	130	154	403	28	158
V224	75	47	224	75	457	265	60	229	1372	362	204
V225	378	144	130	54	78	530	197	107	13	51	137
V226	75	36	383	391	294	275	35	487	244	47	185
V227	483	64	252	10	106	38	40	67	138	100	149
V228	812	265	43	58	96	117	220	138	60	93	219
V229	451	189	328	227	7	50	179	23	63	451	231
V230	162	72	407	185	347	22	146	271	52	235	184
V231	146	431	174	28	134	83	181	810	113	605	255
V232	151	184	199	86	66	185	290	92	24	34	150
V233	355	377	13	142	136	103	17	413	97	50	220
V234	50	50	346	552	21	112	422	121	10	354	168
V235	600	25	202	415	802	175	495	24	567	50	286
V236	383	107	118	457	920	80	16	45	260	209	310
V237	480	30	91	186	14	441	253	513	183	276	120
V238	157	234	475	142	134	52	227	181	487	99	258
V239	189	610	86	786	521	0	84	173	169	351	451
V240	161	371	132	10	312	50	23	149	28	270	243
V241	2	268	4	102	128	85	136	239	263	51	152
V242	67	76	54	8	140	73	112	194	93	77	66
V243	97	120	37	77	72	149	101	321	165	199	103
V244	11	624	12	249	287	74	9	73	299	43	306
V245	68	28	297	76	418	125	224	144	74	83	109
V246	68	6	158	532	320	41	79	98	54	266	155
V247	96	146	194	251	168	947	30	579	27	0	183
V248	33	192	56	403	338	99	515	268	472	67	199
V249	423	98	195	282	167	553	199	553	2	946	183
V250	20	327	54	8	347	86	179	121	69	239	201
V251	124	96	405	678	198	1	83	558	477	109	283
V252	191	37	183	115	30	115	243	357	37	45	93
V253	28	242	29	73	96	97	330	453	376	1	151
V254	135	72	553	32	57	65	192	123	140	413	157
V255	392	56	86	129	40	274	419	97	63	64	104
V256	0	55	485	303	264	80	146	117	183	333	196
V257	3	43	149	29	22	188	66	239	152	195	65
V258	95	241	144	190	191	88	213	48	207	87	197
V259	33	479	40	35	152	34	89	264	15	182	204
V260	723	207	202	656	168	78	378	371	250	135	328
V261	45	63	375	303	195	87	187	27	227	0	166
V262	228	27	393	117	157	198	163	58	830	71	172
V263	232	219	194	8	207	181	136	224	37	216	165
V264	21	21	588	258	105	92	9	56	168	6	149
V265	245	49	13	248	105	249	107	55	198	51	108
V266	353	75	137	259	10	468	26	48	244	56	144
V267	32	27	12	142	308	470	19	47	5	14	67
V268	73	232	301	131	5	118	221	49	277	196	197
V269	72	155	71	12	511	963	67	118	35	464	158
V270	359	54	162	61	157	314	196	30	94	176	121
V271	493	316	136	75	106	190	263	171	269	153	227
V272	486	490	55	276	578	128	184	80	13	139	375
V273	108	14	41	216	1	360	7	131	28	290	70
V274	304	231	135	98	35	149	106	155	35	91	180
V275	311	145	315	105	76	47	19	151	200	10	180
V276	168	282	141	293	207	128	57	79	396	391	242
V277	105	821	331	1758	210	91	165	52	41	66	603
V278	32	91	352	381	51	9	122	234	496	216	181
V279	21	90	175	95	322	205	428	22	279	43	116
V280	16	404	74	251	36	200	44	84	50	119	231
V281	150	121	48	102	487	12	138	75	128	131	162
V282	87	120	258	507	29	579	133	80	36	180	181
V283	403	135	77	286	2	100	196	31	119	102	165
V284	95	146	179	166	158	15	166	103	90	223	156
V285	899	35	8	9	847	485	482	194	146	89	217
V286	9	24	524	22	21	118	128	15	618	2	133
V287	608	107	47	27	8	237	96	919	57	33	123
V288	228	11	144	26	156	184	136	462	578	360	124
V289	2	360	68	86	39	349	559	419	23	1014	182
V290	214	602	56	205	64	108	364	7	55	134	304
V291	344	32	46	140	382	66	741	144	178	62	125
V292	17	656	139	41	75	350	247	93	93	396	306
V293	4	179	140	16	519	72	300	310	195	116	183
V294	711	238	203	5	9	133	24	63	78	47	234
V295	120	206	299	698	351	26	115	15	270	75	288
V296	40	655	41	72	602	186	29	16	234	20	333
V297	245	108	888	135	38	187	107	296	396	132	255
V298	8	91	265	283	284	39	40	7	145	219	171
V299	3	264	48	370	106	87	566	136	798	444	247
V300	103	161	372	93	463	57	24	146	151	38	201
V301	100	212	238	395	47	283	523	4	54	457	246
V302	29	936	245	86	472	169	6	186	333	229	479
V303	298	50	89	741	222	428	130	108	65	59	207
V304	219	67	359	536	336	89	271	171	167	487	262
V305	218	16	354	141	93	10	30	95	322	253	130
V306	707	121	181	108	456	686	15	109	12	114	240
V307	70	177	574	630	124	296	101	733	164	11	268
V308	117	204	195	211	107	95	157	117	1265	58	227
V309	305	13	832	85	384	8	131	111	22	80	241
V310	108	669	357	30	227	18	217	301	510	280	370
V311	235	139	68	94	102	159	205	469	139	164	127
V312	71	161	313	217	67	160	51	34	150	286	178
V313	263	823	348	248	12	54	450	152	58	893	411
V314	42	71	6	64	316	188	21	1029	106	105	94
V315	162	160	60	43	177	15	349	29	73	243	107
V316	647	214	368	77	154	15	111	162	448	447	268
V317	37	76	294	321	305	50	290	140	607	53	201
V318	314	293	367	171	17	36	289	61	261	56	258
V319	400	16	3	38	166	57	407	152	56	7	62
V320	188	77	354	8	602	649	11	26	258	16	207
V321	8	353	270	94	453	96	18	74	412	101	260
V322	215	41	99	104	114	170	467	52	124	85	93
V323	37	91	8	275	112	44	190	169	306	133	119
V324	1	492	219	233	149	474	668	89	84	389	291
V325	13	141	10	8	100	48	21	282	43	175	72
V326	111	73	124	238	39	473	172	15	22	149	104
V327	27	180	98	184	246	462	39	231	159	350	154
V328	159	45	217	13	398	483	246	17	240	613	145
V329	110	19	54	49	66	159	41	8	402	23	81
V330	219	270	26	278	295	423	57	92	835	245	273
V331	556	431	344	94	56	94	575	195	171	25	326
V332	21	313	232	88	192	213	61	1	226	537	242
V333	40	172	77	441	240	110	41	589	168	206	185
V334	54	30	61	108	231	84	18	66	20	11	85
V335	319	500	182	38	236	245	37	25	330	298	317
V336	50	246	250	316	46	215	105	62	152	9	188
V337	186	181	30	157	651	33	110	232	422	107	217
V338	13	145	308	145	441	397	1151	155	74	314	178
V339	353	111	217	80	30	84	46	824	58	153	118
V340	197	116	210	87	200	55	86	47	117	202	167
V341	232	754	37	181	59	166	273	88	409	31	403
V342	271	33	284	327	385	588	441	107	281	45	219
V343	6	48	278	182	232	292	89	0	261	251	141
V344	31	350	299	0	39	1	458	0	262	463	176
V345	89	135	365	17	93	358	354	280	303	146	158
V346	580	130	53	9	107	149	337	104	109	305	158
V347	51	49	70	88	43	60	252	106	37	274	62
V348	151	25	199	81	10	402	627	238	35	167	86
V349	194	79	213	88	131	87	715	371	90	240	132
V350	293	239	11	131	113	69	33	61	67	304	185
V351	205	32	64	103	40	390	121	224	26	368	86
V352	148	270	29	13	36	443	233	249	149	489	148
V353	413	16	29	142	60	95	101	112	43	65	78
V354	313	27	820	344	227	141	102	468	199	601	277
V355	160	209	181	333	142	217	496	649	20	110	185
V356	81	46	163	128	17	60	302	183	85	181	79
V357	217	118	128	532	103	1055	339	121	193	274	196
V358	155	140	310	334	108	18	63	168	273	573	213
V359	542	13	338	145	195	268	416	158	96	31	183
V360	464	279	841	56	90	280	323	320	551	269	363
V361	272	408	28	1033	40	12	55	188	235	868	396
V362	73	1256	104	36	92	494	96	193	315	444	566
V363	454	331	40	238	65	61	113	393	3	95	240
V364	616	37	52	6	0	197	394	375	73	735	149
V365	167	265	124	9	957	85	317	65	556	34	277
V366	65	292	68	265	263	80	20	158	596	30	248
V367	158	106	119	20	826	90	13	36	1378	85	272
V368	87	70	101	478	57	100	18	227	39	155	139
V369	221	50	164	184	571	138	1678	391	429	453	168
V370	91	297	35	210	212	128	374	107	413	447	214
V371	2	258	65	166	27	31	529	782	115	41	139
V372	75	339	47	179	506	119	710	17	137	107	261
V373	11	3	668	280	669	475	723	66	123	58	253
V374	20	159	87	277	70	176	4	456	45	298	151
V375	441	110	247	254	32	104	471	18	62	45	163
V376	321	383	1308	100	7	573	20	74	128	202	406
V377	487	262	81	466	103	59	358	662	163	58	259
V378	241	186	115	81	73	61	24	135	293	224	157
V379	31	169	32	201	36	164	299	153	298	418	137
V380	10	121	76	162	158	77	92	18	197	105	118
V381	417	289	485	161	273	4	616	240	3	277	300
V382	72	54	194	75	78	83	28	29	149	35	94
V383	59	840	337	100	216	17	686	283	244	7	420
V384	452	192	119	432	601	207	90	43	238	18	253
V385	173	12	0	44	29	12	100	28	275	38	54
V386	357	438	46	228	283	237	272	24	209	14	298
V387	34	274	222	323	78	34	100	65	9	424	205
V388	75	286	209	300	32	219	135	75	296	294	219
V389	75	3	64	190	11	111	6	46	254	77	78
V390	3	171	46	64	803	164	242	232	361	354	249
V391	163	99	88	228	20	409	56	62	134	33	101
V392	200	422	113	293	145	823	154	195	238	61	285
V393	138	7	133	413	23	227	22	132	150	62	128
V394	879	169	3	375	122	1565	211	71	209	68	231
V395	371	168	3	68	1	137	178	8	394	196	132
V396	90	362	214	785	99	260	164	382	47	186	296
V397	29	792	53	240	185	556	365	148	43	21	387
V398	157	345	290	40	6	223	187	67	326	257	230
V399	191	348	97	19	12	85	275	377	531	20	221
V400	147	1	85	71	76	19	62	17	87	366	65
V401	104	51	16	107	48	272	182	321	211	162	88
V402	180	14	117	145	284	58	252	134	1162	110	126
V403	8	56	53	169	56	32	499	174	132	155	78
V404	111	160	293	32	201	192	77	8	215	227	160
V405	71	117	89	267	355	55	49	93	37	192	166
V406	308	238	630	24	617	94	206	49	44	246	301
V407	62	6	209	36	34	892	268	31	17	342	45
V408	416	221	138	413	337	82	82	2	146	273	248
V409	764	36	127	982	286	80	27	57	501	45	299
V410	169	589	240	67	435	61	47	105	119	349	338
V411	28	136	229	227	102	65	150	94	708	378	183
V412	290	7	22	372	51	295	6	146	116	58	127
V413	177	11	193	116	35	119	129	270	481	95	99
V414	123	66	64	27	545	412	217	640	128	296	134
V415	28	140	266	449	86	37	391	674	50	11	164
V416	315	185	489	109	12	90	67	3	197	44	220
V417	9	292	119	30	452	151	237	168	439	98	232
V418	301	486	142	36	223	21	122	88	69	28	283
V419	24	123	299	303	69	401	87	47	92	84	159
V420	196	65	313	9	36	51	138	100	135	21	98
V421	441	208	9	278	372	147	48	73	15	24	199
V422	342	31	18	18	378	153	142	443	177	273	119
V423	17	32	227	306	372	356	256	875	177	112	175
V424	12	37	242	659	29	94	468	229	74	641	192
V425	1004	281	276	151	249	284	358	95	117	123	319
V426	74	10	3	153	35	93	134	94	103	13	42
V427	148	163	211	223	102	617	148	107	48	178	171
V428	333	80	9	51	137	607	33	108	100	269	104
V429	521	666	132	172	782	628	138	127	62	39	445
V430	156	0	105	537	54	27	107	185	55	329	116
V431	37	13	185	2	417	705	318	155	308	50	118
V432	160	14	185	45	660	89	429	355	68	27	140
V433	36	166	193	220	157	61	103	200	11	479	175
V434	57	171	163	392	54	141	25	411	91	9	177
V435	205	24	270	302	66	195	841	583	122	554	158
V436	404	414	37	53	113	198	35	478	73	122	218
V437	493	91	630	66	216	192	37	29	498	80	256
V438	37	49	553	152	40	52	127	1613	106	138	169
V439	265	14	50	275	42	215	233	53	515	159	122
V440	292	45	122	112	41	184	93	172	656	26	147
V441	173	64	225	65	406	206	418	210	187	13	147
V442	65	146	712	34	36	314	261	6	361	92	198
V443	115	267	158	349	72	402	126	155	248	14	221
V444	196	253	149	25	187	259	5	227	106	115	172
V445	576	79	167	141	117	420	554	70	21	291	176
V446	35	14	62	117	309	276	83	168	22	106	92
V447	52	613	168	252	411	6	404	159	201	37	360
V448	91	98	32	10	20	10	622	344	423	63	86
V449	96	18	1057	350	134	229	493	28	77	86	259
V450	46	252	415	286	470	154	7	67	246	119	211
V451	666	255	337	267	23	89	45	521	113	288	275
V452	990	120	303	22	5	104	370	46	96	282	249
V453	808	107	546	43	45	4	202	82	739	49	258
V454	58	151	32	750	205	250	78	144	207	571	238
V455	164	442	97	334	142	121	348	410	82	767	273
V456	257	37	110	63	9	115	9	14	318	11	92
V457	309	613	8	79	107	361	107	89	739	65	306
V458	91	25	55	24	124	214	4	3	319	93	52
V459	78	320	129	16	175	668	137	645	446	394	234
V460	291	16	218	93	110	93	46	39	287	132	125
V461	243	535	39	33	139	79	312	227	500	211	280
V462	444	12	237	526	263	196	114	29	106	11	189
V463	8	300	195	86	541	105	375	234	102	16	234
V464	182	506	133	133	32	133	21	184	311	308	281
V465	162	476	25	85	390	140	9	256	76	847	267
V466	633	1	164	103	165	50	102	191	259	204	145
V467	38	206	52	148	97	576	1	335	191	137	146
V468	141	72	148	35	176	508	151	138	62	293	99
V469	106	59	163	67	20	74	35	67	8	131	86
V470	503	412	58	329	103	133	369	1133	231	70	299
V471	26	88	89	12	79	520	189	273	233	2	82
V472	317	272	237	202	319	23	410	776	11	135	276
V473	47	33	76	155	152	4	139	213	376	99	98
V474	48	17	73	40	118	396	30	73	801	46	87
V475	194	611	43	167	33	9	357	84	242	957	354
V476	148	143	82	107	252	16	30	35	238	244	173
V477	321	38	337	54	196	9	122	26	112	213	147
V478	159	8	7	61	191	52	112	61	96	126	66
V479	68	22	163	393	84	109	33	640	420	68	145
V480	67	128	79	433	16	421	886	10	332	312	147
V481	459	170	526	76	229	373	108	10	18	220	244
V482	247	268	20	109	339	571	209	69	359	294	224
V483	414	229	519	53	80	22	73	285	291	381	241
V484	84	88	96	1762	346	32	222	285	267	146	354
V485	201	261	668	96	52	135	650	20	122	761	284
V486	32	369	163	304	264	77	269	54	201	6	260
V487	35	8	46	45	367	40	143	99	134	295	80
V488	40	109	727	110	77	485	176	101	25	244	201
V489	240	111	206	8	278	44	84	516	61	306	168
V490	250	26	140	254	45	80	258	12	317	623	147
V491	190	359	73	45	434	70	15	67	85	25	212
V492	503	119	2	226	272	86	3	2	48	212	181
V493	59	390	665	134	154	76	30	29	92	243	315
V494	154	188	325	13	226	3	150	255	267	75	196
V495	332	364	524	124	294	55	51	95	32	70	325
V496	338	16	51	647	673	92	383	80	249	609	229
V497	167	37	298	257	67	444	80	254	239	182	165
V498	84	47	44	7	29	250	63	340	92	105	54
V499	87	15	167	108	403	313	150	326	480	65	145
V500	95	105	33	47	516	117	42	204	412	674	176
