Source001	Source002	Source003	Source004	Source005	Source006	Source007	Source008	Source009	Source010	Sink
V1	79	140	283	174	359	79	182	63	408	402	212
V2	74	21	44	363	141	8	10	90	523	3	118
V3	485	231	155	409	77	104	38	6	484	93	259
V4	300	108	221	144	33	67	175	172	697	365	197
V5	3	90	32	640	514	315	221	100	113	490	189
V6	40	242	6	96	101	351	302	62	88	243	93
V7	235	65	5	31	586	30	372	85	17	25	181
V8	394	86	156	231	2	164	226	1108	231	24	206
V9	28	100	22	451	291	37	97	2	34	11	131
V10	363	8	12	62	32	17	244	305	22	143	125
V11	6	0	121	559	509	26	567	21	285	48	178
V12	11	502	150	111	106	26	56	404	4	241	189
V13	140	208	77	107	10	8	4	284	381	200	136
V14	18	238	67	92	993	122	305	120	184	102	264
V15	17	55	1	449	90	84	1	174	115	226	88
V16	62	60	17	49	25	11	15	61	12	149	40
V17	322	165	184	118	39	354	129	167	131	162	196
V18	147	39	28	372	55	38	180	212	35	44	114
V19	11	17	67	229	264	54	147	39	111	13	113
V20	215	73	76	164	74	164	426	222	606	18	146
V21	68	77	59	18	45	89	273	14	317	418	58
V22	30	177	94	70	182	102	238	280	203	29	117
V23	262	13	112	54	640	319	155	414	66	763	189
V24	60	398	29	10	526	143	208	69	143	145	185
V25	55	58	279	133	97	5	245	482	287	43	141
V26	108	57	252	230	317	259	340	101	2	39	161
V27	355	126	133	13	160	120	164	410	36	28	191
V28	442	155	550	104	185	131	201	251	268	38	330
V29	232	135	149	246	1161	35	65	39	0	318	333
V30	58	78	151	300	196	355	56	18	16	28	144
V31	89	163	375	15	64	199	290	630	103	401	161
V32	148	11	31	28	727	178	69	148	312	364	172
V33	66	81	26	177	110	3	101	25	113	367	80
V34	204	30	242	48	47	71	121	150	399	199	142
V35	85	161	29	49	169	145	28	131	14	401	91
V36	60	309	35	48	174	41	448	17	53	269	116
V37	110	240	486	17	533	137	354	16	173	250	268
V38	47	131	1093	78	10	111	126	335	20	354	296
V39	267	86	105	247	1	194	66	913	142	58	177
V40	56	32	776	260	713	613	24	537	26	639	353
V41	267	57	121	397	219	520	81	151	9	46	188
V42	42	156	42	154	341	170	16	105	85	30	139
V43	81	190	97	67	56	37	30	48	5	75	94
V44	349	36	226	726	67	333	173	545	86	285	264
V45	205	203	78	240	129	55	34	362	3	40	166
V46	161	40	128	8	49	1221	30	343	179	27	96
V47	116	217	14	283	24	172	210	241	579	161	134
V48	2	61	95	4	157	35	264	119	422	568	73
V49	165	192	60	213	238	9	130	78	92	15	152
V50	297	1227	87	76	542	68	426	68	3	196	424
V51	12	396	0	209	415	59	365	93	123	98	191
V52	409	82	192	347	217	6	297	142	210	268	253
V53	96	355	148	406	65	261	446	23	34	58	186
V54	175	164	342	303	82	591	485	39	628	111	213
V55	27	185	165	213	284	611	171	21	312	148	165
V56	637	74	163	58	275	775	93	233	86	64	244
V57	92	92	65	106	195	234	46	645	92	23	111
V58	1055	22	26	173	79	137	616	47	13	57	318
V59	136	159	425	222	110	161	277	21	113	33	209
V60	85	319	276	107	73	43	245	490	74	398	173
V61	144	598	39	32	327	59	2	761	83	40	251
V62	54	2	39	17	385	223	183	36	58	215	117
V63	258	151	413	13	50	64	439	12	495	219	224
V64	293	117	153	46	40	13	198	140	11	312	162
V65	173	38	138	453	341	715	15	99	320	385	206
V66	3	447	128	81	175	18	139	162	26	160	135
V67	58	27	169	12	109	175	154	51	138	189	70
V68	971	430	357	18	230	187	115	415	751	566	480
V69	604	230	106	111	95	10	101	208	46	394	257
V70	304	208	19	529	63	341	561	63	523	20	216
V71	21	314	634	7	172	185	55	54	177	110	233
V72	242	38	46	681	731	110	264	45	159	105	295
V73	33	82	940	13	62	65	123	46	795	109	245
V74	31	327	507	487	79	108	87	503	649	186	280
V75	249	52	22	37	365	491	345	120	24	148	150
V76	234	232	386	107	322	278	59	222	165	493	247
V77	195	10	401	63	485	228	366	485	578	220	265
V78	19	303	35	77	60	192	183	52	157	95	113
V79	7	150	96	157	127	67	470	20	104	88	96
V80	53	231	153	113	665	13	211	40	211	204	223
V81	765	666	128	327	682	131	36	242	741	0	504
V82	213	372	13	312	69	536	294	68	151	404	191
V83	232	245	71	69	99	9	138	177	97	7	169
V84	14	75	26	28	34	193	369	238	90	84	61
V85	94	186	340	241	240	379	629	127	773	114	252
V86	51	41	49	793	77	106	159	112	166	210	152
V87	136	218	299	17	40	82	57	91	628	150	157
V88	303	68	127	324	137	94	553	130	365	41	204
V89	87	181	6	62	133	455	142	697	1	315	93
V90	252	238	13	97	103	144	54	14	13	342	126
V91	73	18	80	525	967	23	439	309	122	409	268
V92	942	350	53	155	202	373	84	24	70	281	342
V93	287	136	110	85	517	41	0	171	115	8	228
V94	130	9	101	139	73	90	367	220	141	221	104
V95	36	91	449	32	8	70	301	194	65	9	137
V96	256	126	19	22	234	269	75	55	174	151	136
V97	186	165	901	71	282	88	629	41	23	78	336
V98	50	3	152	62	55	26	81	265	45	250	68
V99	22	154	135	344	63	77	91	352	260	314	134
V100	112	250	25	115	475	215	255	157	226	117	172
V101	125	437	176	377	230	3	81	1167	376	99	251
V102	81	427	53	85	817	31	364	592	6	114	292
V103	477	52	299	294	153	151	131	3	181	291	264
V104	160	313	99	136	41	153	101	188	418	249	188
V105	186	327	340	233	641	245	80	115	1084	52	346
V106	33	222	54	117	30	406	58	1	23	178	66
V107	8	377	47	23	304	1197	417	262	54	100	146
V108	91	13	281	89	37	177	96	72	156	338	129
V109	539	331	78	228	372	221	132	52	454	297	297
V110	154	215	312	362	1005	719	88	186	252	115	348
V111	11	83	330	350	74	717	242	71	480	319	156
V112	186	32	425	22	506	560	308	963	290	907	283
V113	276	146	35	53	533	1019	792	33	317	20	228
V114	273	100	113	194	271	548	300	277	416	76	185
V115	225	307	366	27	265	48	29	75	67	105	247
V116	3	435	108	24	223	7	178	135	201	28	153
V117	152	82	73	80	207	78	101	328	64	127	122
V118	422	68	336	84	46	121	36	29	52	48	217
V119	388	66	202	54	103	400	64	153	51	409	178
V120	288	585	97	254	14	226	0	31	418	512	256
V121	135	130	149	212	191	177	353	13	80	28	171
V122	3	110	341	1093	75	13	59	32	28	11	228
V123	424	223	691	140	167	323	22	17	399	220	347
V124	4	141	211	2	189	160	15	421	229	65	143
V125	38	394	31	219	368	120	7	472	81	685	182
V126	95	39	303	82	39	130	35	63	77	195	107
V127	78	22	21	50	6	9	364	41	385	25	68
V128	242	151	74	135	64	61	139	270	74	61	131
V129	236	445	34	2	87	34	148	569	212	94	187
V130	86	0	36	26	501	13	61	68	109	32	137
V131	1450	72	461	302	428	4	262	469	602	33	573
V132	119	310	128	26	103	77	225	8	322	302	151
V133	71	387	337	353	77	424	148	254	312	82	236
V134	513	342	47	0	59	14	6	480	88	196	224
V135	442	57	110	982	259	115	78	34	589	116	328
V136	84	206	139	59	16	76	169	480	487	25	134
V137	247	169	276	250	387	20	349	134	31	157	250
V138	11	284	99	269	118	181	358	57	44	44	138
V139	408	653	32	1	44	46	65	222	221	56	250
V140	41	141	101	390	21	98	98	83	152	147	103
V141	368	313	413	236	142	119	12	154	280	185	290
V142	481	190	265	253	119	304	136	113	185	44	272
V143	47	189	4	25	225	509	718	100	328	17	110
V144	417	182	128	16	290	235	375	310	80	316	207
V145	208	148	46	167	637	191	324	381	294	493	255
V146	13	521	120	673	69	66	401	96	138	171	223
V147	224	56	26	2	18	141	220	76	583	512	83
V148	268	3	111	29	68	444	148	92	415	351	127
V149	857	323	728	24	458	102	454	184	158	280	505
V150	558	474	64	160	111	307	271	354	21	705	289
V151	9	533	63	16	70	119	330	84	102	209	139
V152	89	141	21	67	40	20	509	259	383	84	106
V153	312	215	14	12	231	128	88	75	132	121	143
V154	22	75	14	21	125	9	87	653	15	226	77
V155	541	7	21	328	73	145	27	180	171	118	203
V156	39	46	63	415	33	7	140	60	351	169	102
V157	103	20	2	86	319	161	36	69	34	676	92
V158	204	729	679	70	143	72	78	3	5	213	359
V159	101	24	9	432	300	80	440	2	321	376	158
V160	177	82	531	105	53	567	160	178	288	40	209
V161	94	141	722	59	431	102	305	270	247	60	265
V162	305	15	32	469	25	111	201	105	105	42	146
V163	109	18	91	439	239	940	54	619	90	208	181
V164	103	326	237	772	41	599	70	363	583	75	282
V165	42	423	1	79	827	56	100	97	414	243	251
V166	133	268	820	6	196	54	27	189	807	7	325
V167	347	15	32	203	983	199	32	135	88	79	279
V168	34	10	82	75	111	202	264	1177	37	202	102
V169	113	437	215	23	587	88	47	503	202	183	250
V170	178	287	66	17	67	324	104	163	391	175	140
V171	125	266	163	198	276	155	169	316	459	122	218
V172	27	162	230	154	89	26	136	110	42	167	128
V173	295	179	43	107	72	100	111	110	145	24	145
V174	298	227	217	235	21	579	54	15	507	15	208
V175	60	114	106	191	44	322	4	19	328	136	103
V176	455	122	106	109	279	19	39	114	1016	17	238
V177	220	262	220	177	267	341	39	339	168	111	265
V178	43	292	47	390	1	167	212	112	90	342	141
V179	581	441	1005	262	25	29	90	331	40	79	470
V180	261	24	54	75	84	25	306	55	5	234	92
V181	29	23	6	118	228	105	61	462	141	637	79
V182	102	112	42	34	141	42	49	33	27	18	74
V183	160	88	204	72	228	155	11	26	30	252	157
V184	227	373	28	92	453	72	132	64	356	229	238
V185	184	13	106	19	32	106	140	37	64	247	80
V186	121	345	84	32	764	16	367	155	336	39	284
V187	1	54	144	120	15	260	513	174	468	40	86
V188	9	232	71	355	174	889	209	29	82	407	152
V189	11	162	286	564	30	91	291	190	22	71	177
V190	79	126	86	66	96	28	466	71	90	26	102
V191	326	68	214	96	167	116	226	239	134	48	199
V192	72	157	422	95	99	393	59	144	278	440	187
V193	91	165	113	545	64	749	133	376	125	42	176
V194	52	4	533	459	185	1	178	159	129	147	219
V195	168	422	111	339	9	22	205	631	12	270	202
V196	2	392	470	31	209	94	40	253	31	9	213
V197	48	221	218	18	306	174	435	415	333	98	184
V198	354	21	110	137	390	337	38	601	214	68	218
V199	92	219	3	252	2	53	416	441	156	120	124
V200	308	263	45	400	19	228	503	120	356	25	196
V201	138	42	110	22	90	121	14	59	165	224	87
V202	250	46	15	290	197	510	84	98	17	286	146
V203	38	195	294	476	371	15	73	49	232	11	223
V204	96	161	250	24	59	73	40	146	426	29	137
V205	350	294	304	304	149	224	125	39	222	30	282
V206	157	92	5	2	211	139	53	104	562	135	96
V207	258	16	562	256	116	174	50	539	40	134	281
V208	946	513	106	295	876	234	5	16	98	111	540
V209	275	793	233	111	50	24	199	299	76	147	288
V210	385	151	314	530	38	291	189	154	66	469	275
V211	91	364	83	470	168	10	8	208	417	109	200
V212	74	6	90	1057	313	177	411	373	128	62	249
V213	116	375	38	218	8	137	63	204	502	829	152
V214	350	16	41	206	169	9	69	353	708	4	193
V215	23	703	336	143	282	306	675	71	170	184	299
V216	659	278	333	425	23	86	135	312	322	466	376
V217	344	965	80	21	287	80	262	154	320	179	339
V218	372	37	277	74	149	42	160	191	15	91	200
V219	134	140	379	13	211	25	57	79	199	119	195
V220	138	520	315	5	25	31	60	102	57	178	212
V221	116	68	124	992	48	213	258	505	120	80	227
V222	251	894	40	59	4	1013	182	140	121	245	253
V223	79	98	145	14	34	64	43	14	41	395	78
V224	344	400	58	78	75	13	17	7	158	230	192
V225	554	45	65	152	95	322	1	231	18	470	204
V226	83	483	675	217	37	33	423	6	84	12	294
V227	452	310	156	43	2	157	45	156	500	70	214
V228	337	97	115	462	110	192	84	163	138	59	234
V229	262	282	519	245	307	52	135	8	223	126	297
V230	97	295	490	376	218	0	1082	487	52	219	308
V231	83	182	299	162	16	138	52	203	243	348	148
V232	263	196	368	5	164	299	70	3	446	40	239
V233	15	37	91	4	81	6	218	34	20	68	55
V234	233	448	53	82	304	33	431	46	377	220	228
V235	400	349	13	143	107	166	602	87	7	341	231
V236	242	41	211	644	8	128	189	111	46	93	219
V237	461	97	551	68	17	103	66	45	8	42	244
V238	132	88	512	326	191	218	292	97	264	296	250
V239	43	119	189	12	68	594	124	273	138	52	107
V240	56	123	12	127	714	127	80	200	246	9	196
V241	643	0	203	147	329	44	185	923	603	44	303
V242	306	148	275	813	20	37	658	3	15	81	259
V243	134	539	578	114	193	523	55	471	1	285	329
V244	101	111	17	110	191	212	92	255	81	141	118
V245	69	2	422	186	375	247	192	40	228	119	164
V246	193	42	597	475	179	898	46	97	37	153	276
V247	39	46	19	581	37	149	304	115	134	121	106
V248	155	53	293	121	58	534	294	9	88	237	135
V249	16	409	314	145	409	9	772	295	172	4	273
V250	472	63	57	399	251	166	37	153	101	90	236
V251	52	10	617	229	185	206	94	16	60	588	197
V252	22	3	67	191	267	46	24	54	245	162	98
V253	91	332	105	52	61	349	20	643	302	227	174
V254	34	300	25	20	64	203	60	179	286	4	110
V255	63	322	136	29	120	328	169	99	855	210	157
V256	335	110	150	157	233	132	215	118	550	8	228
V257	96	92	445	556	165	621	112	65	74	557	229
V258	11	22	558	166	59	225	177	60	638	18	174
V259	194	413	260	167	180	300	27	623	297	231	254
V260	82	169	14	117	1	107	62	121	10	197	68
V261	270	12	43	297	41	66	133	253	96	141	124
V262	34	373	24	197	9	161	297	75	101	49	124
V263	275	135	315	157	6	326	171	92	36	722	204
V264	26	484	194	104	32	4	1247	120	105	56	211
V265	83	32	342	118	493	33	771	33	76	352	226
V266	488	627	68	90	217	135	193	113	668	26	320
V267	94	198	912	103	62	501	291	145	884	358	303
V268	128	62	6	37	293	167	82	472	37	508	107
V269	204	151	128	20	54	64	570	197	205	103	141
V270	32	5	29	34	85	223	252	223	73	35	62
V271	19	104	310	497	26	157	27	386	104	63	171
V272	34	55	256	242	558	66	78	306	88	39	201
V273	807	285	703	84	50	69	29	325	220	440	404
V274	62	157	119	22	228	416	439	1	378	61	119
V275	114	126	3	280	15	170	206	28	66	287	93
V276	160	389	231	129	7	45	222	250	142	270	196
V277	48	0	51	127	36	103	2	199	526	225	88
V278	36	65	874	19	314	100	630	216	118	9	290
V279	183	177	295	202	580	431	180	7	410	347	261
V280	321	338	212	139	520	119	24	156	194	135	292
V281	327	43	72	269	115	538	186	134	68	627	152
V282	112	65	106	434	215	132	244	116	43	29	131
V283	151	170	14	431	18	294	32	227	84	545	128
V284	157	124	431	48	66	455	74	13	517	101	198
V285	237	164	46	102	54	146	190	41	216	240	128
V286	272	387	457	56	74	478	75	21	547	214	271
V287	209	173	212	165	82	279	68	66	84	133	172
V288	17	86	56	250	453	22	390	96	123	281	142
V289	33	378	20	90	128	370	159	675	113	135	142
V290	431	144	322	182	426	670	38	0	68	97	278
V291	276	34	336	210	290	152	312	140	509	133	259
V292	271	18	57	14	150	127	19	248	36	7	120
V293	84	128	46	29	109	189	12	21	0	60	83
V294	145	154	219	110	23	282	140	323	10	506	128
V295	98	136	284	279	321	36	74	198	127	14	206
V296	155	1010	136	479	16	94	43	21	180	7	299
V297	26	275	226	115	22	822	59	210	258	19	137
V298	136	27	123	197	29	91	244	66	87	34	91
V299	95	384	78	0	22	82	258	75	25	208	128
V300	39	90	270	229	409	40	44	250	266	360	186
V301	625	81	178	184	113	58	31	236	62	284	258
V302	876	259	47	147	70	168	72	149	28	40	293
V303	6	328	391	587	77	169	195	21	7	385	256
V304	39	352	97	191	10	309	127	287	420	103	152
V305	460	361	172	22	72	116	65	101	378	263	252
V306	109	10	152	215	296	4	285	168	84	346	173
V307	28	134	127	226	92	347	266	103	120	719	125
V308	40	26	184	316	920	95	429	104	2	600	243
V309	60	324	6	270	69	96	166	323	37	13	147
V310	304	201	91	277	655	931	149	11	299	222	298
V311	525	104	11	73	356	16	551	35	262	19	237
V312	9	70	104	267	475	137	162	5	276	185	174
V313	0	89	797	115	6	65	59	65	176	151	199
V314	228	336	607	39	243	52	174	416	148	208	283
V315	193	177	373	20	124	0	61	197	32	358	196
V316	359	94	182	175	223	82	17	12	1	130	184
V317	10	744	5	639	19	74	132	89	275	159	241
V318	166	82	463	166	197	340	227	424	191	24	196
V319	38	16	119	284	364	139	257	346	3	86	150
V320	388	271	32	468	263	11	93	268	8	583	251
V321	216	211	155	21	98	76	47	196	128	580	170
V322	316	18	45	143	0	73	90	73	15	51	106
V323	884	139	84	50	570	274	121	100	96	27	394
V324	252	822	339	299	109	885	45	81	192	840	303
V325	40	246	109	224	175	155	133	251	301	149	142
V326	362	76	256	396	237	70	3	465	164	394	247
V327	179	298	126	141	585	58	149	37	292	70	262
V328	220	30	112	200	71	64	65	305	20	104	131
V329	400	323	156	5	400	131	330	142	58	449	279
V330	39	386	432	94	491	126	376	56	31	271	240
V331	854	545	84	175	599	92	8	24	155	669	422
V332	150	444	202	35	74	91	582	151	11	272	181
V333	3	96	576	99	144	266	239	306	193	477	208
V334	449	3	80	29	2	203	156	84	52	185	156
V335	320	320	333	1194	139	59	46	9	67	121	361
V336	103	16	262	367	253	248	85	1241	62	170	237
V337	75	201	70	4	70	410	177	24	129	355	77
V338	329	427	68	39	129	245	158	41	788	36	234
V339	175	558	183	254	115	87	397	472	63	192	270
V340	806	146	260	147	89	126	366	43	452	417	303
V341	132	83	426	118	54	158	276	213	117	71	188
V342	65	42	31	74	147	57	92	355	621	491	108
V343	145	118	52	230	160	449	185	63	12	64	118
V344	152	141	147	37	101	118	403	5	186	302	146
V345	74	14	129	101	48	21	154	1	283	37	79
V346	29	121	6	64	24	55	1	226	49	6	35
V347	183	139	407	228	49	18	598	559	492	119	247
V348	471	0	0	15	315	958	35	391	128	233	168
V349	876	194	28	39	66	328	176	80	79	315	295
V350	141	59	366	76	69	14	601	267	40	131	153
V351	75	258	684	145	25	1264	535	57	167	340	256
V352	244	332	92	303	136	408	134	121	148	128	235
V353	241	827	1139	194	320	364	604	159	44	13	550
V354	15	102	182	539	371	105	128	68	98	226	202
V355	149	202	4	320	117	372	176	383	104	243	148
V356	390	363	301	450	47	680	121	365	171	98	310
V357	56	462	252	168	110	235	38	88	47	630	197
V358	141	193	130	51	68	882	128	818	12	143	152
V359	89	68	170	9	178	83	97	110	88	64	106
V360	74	86	74	648	100	30	454	73	66	213	160
V361	166	23	20	277	161	300	248	343	123	393	130
V362	123	77	397	115	15	61	174	79	29	404	141
V363	102	529	225	153	50	1125	427	286	38	6	222
V364	170	8	103	67	194	782	126	22	15	1051	108
V365	4	99	1676	222	367	29	49	318	13	165	451
V366	26	212	197	177	145	297	310	77	79	69	122
V367	5	211	438	82	144	44	24	283	289	107	182
V368	73	292	100	118	89	114	130	330	290	174	175
V369	47	516	112	118	524	15	1049	261	372	139	217
V370	36	86	255	791	31	94	312	357	68	531	177
V371	585	52	102	387	171	236	153	333	169	330	241
V372	17	17	204	453	233	158	211	872	154	36	194
V373	83	228	104	303	228	11	247	201	7	31	155
V374	245	1	0	1378	474	8	72	127	162	110	317
V375	184	132	136	334	282	21	268	302	140	300	204
V376	165	45	832	181	162	152	445	10	428	59	306
V377	167	539	80	85	442	30	167	44	302	132	232
V378	221	287	10	169	44	124	900	12	104	110	170
V379	219	8	17	695	67	494	8	63	457	21	151
V380	19	79	47	29	129	944	216	125	312	54	81
V381	30	53	55	397	149	122	712	69	277	269	129
V382	410	107	234	219	432	27	67	129	154	6	258
V383	47	108	83	119	156	155	92	233	559	132	110
V384	108	74	628	24	277	121	420	65	213	746	215
V385	755	89	189	154	44	257	2	36	128	16	285
V386	108	36	80	133	374	439	73	32	641	252	161
V387	22	236	52	231	274	697	129	501	63	163	161
V388	166	197	147	453	218	87	17	96	9	249	224
V389	132	191	46	474	307	256	135	260	301	120	215
V390	427	53	134	167	393	76	2	546	80	148	231
V391	53	62	111	2	65	105	37	105	25	699	65
V392	39	103	379	43	68	30	63	266	437	9	148
V393	63	15	44	121	2	41	31	70	67	101	40
V394	573	408	218	101	184	43	344	224	42	1	317
V395	311	186	10	149	93	190	289	1032	76	97	173
V396	366	44	307	292	161	150	678	47	322	5	262
V397	113	29	83	192	123	182	408	488	162	372	135
V398	340	23	244	30	35	189	54	53	41	200	138
V399	135	249	68	424	327	232	258	94	47	107	201
V400	701	487	267	453	18	158	368	126	44	345	399
V401	224	379	56	71	159	113	88	21	99	606	168
V402	11	19	107	290	349	441	367	361	230	337	167
V403	35	6	350	516	203	218	264	34	406	518	218
V404	20	156	314	36	485	81	68	37	101	88	183
V405	361	15	12	82	171	43	274	3	175	106	144
V406	33	591	339	114	183	3	151	3	13	16	269
V407	152	7	13	167	45	352	83	536	553	40	113
V408	96	649	261	412	189	390	179	266	100	193	305
V409	497	398	571	214	47	181	44	383	178	36	331
V410	372	403	31	346	562	202	88	571	284	141	319
V411	9	286	35	98	195	92	51	94	24	152	111
V412	114	192	42	474	412	63	211	232	243	284	212
V413	86	43	350	188	146	36	52	17	75	198	135
V414	161	526	148	156	40	245	322	119	121	746	225
V415	670	45	243	326	165	62	265	142	112	135	288
V416	15	207	159	269	106	217	54	72	26	76	125
V417	213	48	12	235	163	4	503	110	34	471	129
V418	323	30	235	56	107	91	93	644	236	126	173
V419	45	239	120	146	197	338	444	37	227	144	133
V420	175	86	603	20	322	50	18	208	358	52	274
V421	26	243	303	108	108	22	416	17	141	271	179
V422	118	154	47	24	41	18	545	103	121	282	82
V423	381	16	131	139	133	116	39	328	75	99	199
V424	38	559	394	191	22	267	125	211	141	217	216
V425	36	33	26	138	636	328	93	182	240	70	157
V426	21	28	286	32	705	160	156	83	237	101	225
V427	395	253	241	15	41	37	75	139	201	66	206
V428	79	169	99	54	336	179	218	4	237	22	142
V429	60	28	69	260	62	197	132	56	8	295	83
V430	349	64	502	877	170	203	86	139	55	22	331
V431	72	37	169	19	64	288	51	121	510	51	83
V432	278	403	482	266	8	369	961	660	169	32	295
V433	159	1168	56	88	21	14	70	28	158	254	258
V434	25	670	7	177	430	42	134	516	0	161	235
V435	100	283	176	230	81	72	159	61	26	147	152
V436	20	31	24	177	14	19	0	49	254	531	42
V437	1069	173	213	36	284	143	215	250	234	430	398
V438	417	288	273	371	52	143	20	129	262	44	260
V439	220	30	2	44	66	177	237	53	231	26	94
V440	125	171	69	167	9	102	80	196	122	62	113
V441	46	121	99	872	103	49	107	283	208	0	202
V442	136	139	390	254	54	405	505	13	19	422	189
V443	279	170	34	538	292	211	202	133	110	88	227
V444	25	42	89	9	153	11	480	38	72	776	85
V445	564	258	10	110	114	449	269	116	20	113	242
V446	100	37	77	94	140	131	250	186	12	177	97
V447	2	70	529	72	97	45	16	215	245	65	175
V448	84	134	606	54	6	82	326	338	156	150	207
V449	30	50	13	334	153	70	141	245	246	770	106
V450	20	89	213	41	27	13	203	13	211	43	94
V451	52	224	402	37	124	55	322	663	8	235	185
V452	600	4	104	120	337	559	156	24	390	41	260
V453	232	291	70	305	382	12	211	56	240	606	233
V454	138	133	113	520	72	106	205	247	39	104	180
V455	1	53	193	25	116	386	106	196	102	352	88
V456	267	217	502	19	207	60	12	85	59	362	230
V457	156	3	111	134	33	203	131	299	69	235	94
V458	103	206	19	837	143	23	63	46	525	1231	206
V459	44	205	323	30	562	127	368	152	136	297	250
V460	847	88	23	105	63	31	145	227	50	204	253
V461	0	215	16	54	472	244	103	100	419	398	153
V462	290	246	19	100	98	266	318	329	339	179	154
V463	80	114	0	32	926	733	97	634	244	5	229
V464	79	37	149	176	177	227	11	267	401	93	139
V465	392	271	28	10	388	26	325	358	162	264	248
V466	346	492	100	165	252	106	212	34	12	406	289
V467	439	61	0	89	81	24	113	298	3	26	168
V468	67	152	21	89	99	135	39	3	595	311	92
V469	99	78	223	41	897	384	258	72	20	324	243
V470	98	592	245	69	104	482	265	109	325	296	216
V471	3	47	394	152	447	431	33	105	452	349	190
V472	64	267	41	64	120	184	24	116	846	0	125
V473	179	794	511	523	400	329	86	63	225	96	421
V474	45	22	399	263	27	119	283	61	251	1	138
V475	30	119	275	473	170	209	230	306	210	193	187
V476	71	98	6	15	98	293	234	496	293	201	95
V477	94	278	71	191	275	58	84	965	249	137	214
V478	312	128	13	15	153	404	354	79	32	13	125
V479	18	260	222	28	122	78	337	6	216	184	106
V480	405	183	352	20	70	46	96	399	48	58	245
V481	22	102	13	27	548	110	1063	72	82	223	158
V482	345	505	419	26	204	367	129	41	82	35	285
V483	43	445	621	627	61	13	347	2	249	94	319
V484	13	97	199	77	67	58	49	50	3	538	92
V485	85	234	132	226	385	84	710	14	288	85	197
V486	32	207	1005	275	45	847	294	1230	104	472	374
V487	421	121	243	328	4	26	16	330	158	114	230
V488	351	221	50	19	73	404	172	127	39	147	145
V489	973	150	874	223	514	121	37	95	193	85	583
V490	550	657	132	7	59	75	299	539	147	108	336
V491	100	325	594	1294	356	223	2	478	366	168	459
V492	260	186	47	331	1	2	106	158	121	280	169
V493	640	300	448	15	57	626	76	152	400	611	348
V494	97	113	121	329	207	148	43	285	220	2	165
V495	798	139	12	209	275	379	79	8	552	6	316
V496	51	199	33	208	514	17	282	121	136	153	185
V497	137	397	142	444	57	242	226	49	78	233	200
V498	19	652	120	91	65	150	75	118	677	172	171
V499	497	224	51	121	176	17	526	271	8	55	264
V500	8	260	258	50	208	228	214	196	278	593	196
