Source001	Source002	Source003	Source004	Source005	Source006	Source007	Source008	Source009	Source010	Sink
V1	34	518	87	406	338	84	164	41	26	90	212
V2	92	193	0	33	355	93	32	33	2	211	88
V3	352	56	90	727	216	175	51	27	486	132	241
V4	31	131	345	16	115	350	49	101	32	17	177
V5	199	80	147	41	24	13	65	108	39	52	118
V6	49	69	29	56	78	130	412	107	224	28	53
V7	88	809	21	305	28	2	506	388	146	318	193
V8	176	191	4	19	136	190	17	244	11	46	87
V9	78	19	572	10	244	25	357	232	87	743	274
V10	96	307	260	383	244	42	230	94	22	167	221
V11	109	1	633	23	95	130	110	112	124	540	270
V12	31	525	98	343	51	306	99	85	226	30	159
V13	84	41	65	65	329	713	157	343	100	143	106
V14	525	152	326	158	363	319	62	313	113	231	320
V15	208	65	184	101	6	540	299	22	143	904	144
V16	71	6	74	210	136	295	31	15	128	365	101
V17	184	121	143	221	143	86	180	30	64	153	140
V18	285	160	87	300	496	74	29	172	222	452	198
V19	141	17	197	156	294	104	551	145	114	136	190
V20	242	0	98	162	53	480	72	5	45	274	121
V21	45	36	65	0	476	415	110	25	128	3	103
V22	60	22	455	313	576	156	105	143	80	395	285
V23	463	100	4	0	345	623	36	231	265	178	176
V24	103	216	90	261	207	172	196	184	61	90	167
V25	13	169	51	365	171	206	17	291	450	177	138
V26	8	101	452	67	373	241	23	153	174	22	263
V27	195	215	26	28	132	135	110	111	61	65	113
V28	6	96	185	268	42	64	47	145	482	57	133
V29	59	130	345	107	156	214	283	343	138	290	191
V30	149	47	275	178	47	127	218	162	202	120	166
V31	384	458	158	655	374	84	64	148	280	74	325
V32	1353	287	103	331	112	904	237	235	229	179	417
V33	449	0	15	1	371	746	56	293	81	305	160
V34	96	18	103	30	154	467	93	139	32	783	117
V35	558	211	48	409	1124	174	41	217	18	531	372
V36	77	72	21	58	3	136	215	22	23	223	60
V37	109	3	342	296	134	91	395	268	176	79	233
V38	665	33	60	79	121	88	223	77	302	27	195
V39	757	317	22	186	289	4	388	129	47	141	259
V40	38	104	54	56	137	174	7	356	42	0	67
V41	57	40	130	484	93	9	16	18	173	180	147
V42	566	264	106	114	177	77	44	283	648	104	234
V43	323	124	77	121	283	61	1	79	185	19	181
V44	109	93	678	737	89	264	328	6	439	98	355
V45	936	62	570	107	227	537	302	457	155	128	428
V46	98	100	49	47	710	0	5	151	31	506	170
V47	306	40	147	749	10	180	5	153	51	80	236
V48	5	777	1	72	73	140	135	64	265	155	142
V49	79	57	124	241	121	104	76	310	41	804	123
V50	263	71	53	331	76	268	276	53	235	532	168
V51	113	238	102	236	469	81	126	53	30	108	165
V52	96	71	406	186	111	61	205	64	117	326	227
V53	27	17	516	647	55	549	50	124	925	123	315
V54	163	484	166	131	63	45	930	224	91	1	189
V55	77	167	228	157	58	32	160	85	549	854	181
V56	27	127	139	325	26	104	357	53	199	135	118
V57	93	788	186	25	12	18	34	820	327	283	238
V58	369	67	575	2	44	229	3	319	9	95	269
V59	74	237	353	736	160	345	6	218	271	90	291
V60	698	186	333	110	864	41	544	81	549	91	407
V61	21	474	51	187	65	413	120	307	19	13	144
V62	197	312	124	578	45	86	40	31	332	28	232
V63	6	69	159	158	165	299	16	222	541	75	129
V64	833	60	2	9	621	172	170	96	628	305	274
V65	242	7	388	33	138	485	198	20	132	5	185
V66	62	14	68	144	133	17	132	276	60	15	78
V67	72	48	27	63	460	125	185	51	38	685	109
V68	242	126	144	145	187	198	16	230	257	31	170
V69	41	102	207	299	137	548	295	300	97	245	180
V70	43	437	15	244	94	280	9	144	296	200	131
V71	184	114	387	29	166	260	193	2	18	92	218
V72	60	367	738	423	54	141	307	6	501	308	423
V73	60	116	27	361	219	184	149	554	76	202	106
V74	54	122	16	256	117	185	196	652	77	6	125
V75	460	113	267	411	588	136	162	435	33	56	334
V76	151	49	154	776	200	64	124	421	233	95	237
V77	488	287	103	39	186	256	239	89	282	781	219
V78	163	191	8	262	252	124	514	58	14	153	153
V79	620	203	225	419	23	733	428	14	365	452	316
V80	162	44	115	260	86	146	31	345	23	470	171
V81	393	195	1300	266	559	358	511	497	20	58	634
V82	129	122	227	373	54	108	73	99	29	176	193
V83	78	372	136	188	98	232	313	99	217	318	178
V84	235	54	655	585	75	22	52	82	633	21	377
V85	114	119	71	92	362	164	34	41	5	480	121
V86	27	276	12	6	221	831	324	79	303	150	83
V87	252	310	67	2	186	115	241	63	62	82	149
V88	24	309	208	176	91	107	111	89	414	54	177
V89	27	241	15	155	201	170	623	3	30	5	107
V90	77	15	49	46	627	268	379	547	173	164	129
V91	206	305	233	17	95	33	48	18	177	267	186
V92	298	24	321	400	351	284	102	15	156	217	270
V93	62	21	77	314	41	263	185	461	475	403	136
V94	164	19	37	78	657	253	276	493	103	181	172
V95	115	90	82	463	93	178	371	443	262	61	144
V96	0	491	80	90	33	156	49	268	447	127	124
V97	103	268	20	65	16	38	303	249	304	64	78
V98	319	102	58	4	320	246	111	124	579	208	157
V99	42	214	30	38	17	11	152	519	627	19	72
V100	307	223	237	81	779	174	461	204	300	19	298
V101	84	113	271	149	148	175	191	4	169	11	164
V102	295	72	253	131	181	273	220	514	386	241	213
V103	18	1	417	78	15	136	5	385	1203	35	186
V104	40	2	597	502	4	18	109	265	150	22	284
V105	86	621	9	83	870	253	110	441	554	110	266
V106	175	25	1107	89	285	1024	419	16	370	153	481
V107	85	118	16	28	415	56	249	114	26	264	112
V108	30	116	385	23	26	104	618	117	146	168	171
V109	138	102	109	248	742	383	391	218	306	63	212
V110	251	314	256	189	75	50	25	60	103	396	235
V111	255	196	71	24	194	252	396	105	50	129	125
V112	291	92	223	274	49	134	260	86	102	79	212
V113	678	29	152	172	503	35	169	66	145	350	281
V114	24	884	693	220	515	5	246	244	129	56	513
V115	244	141	17	157	124	129	8	59	135	328	137
V116	43	609	249	44	36	13	146	789	66	94	197
V117	232	42	147	339	41	170	127	199	6	26	158
V118	925	180	640	15	258	145	511	323	176	451	477
V119	256	94	2	527	43	100	1700	205	86	55	148
V120	284	95	59	285	102	146	231	769	374	243	172
V121	32	55	320	29	114	233	251	140	25	296	160
V122	53	85	14	202	113	64	576	37	123	563	82
V123	56	177	106	38	9	66	131	293	0	90	73
V124	78	217	35	134	354	30	605	171	500	88	165
V125	42	316	204	126	84	252	9	362	47	175	168
V126	56	237	34	395	98	7	28	146	67	149	133
V127	4	49	379	354	211	8	330	140	59	16	238
V128	313	124	317	79	104	298	200	323	723	81	224
V129	18	476	66	90	343	153	91	380	48	133	156
V130	191	14	69	200	756	141	180	83	46	136	215
V131	100	276	82	368	206	42	724	13	53	98	155
V132	163	87	151	67	287	138	431	34	57	61	161
V133	31	108	930	11	307	81	250	324	491	179	402
V134	134	143	53	134	177	49	35	244	35	107	106
V135	0	1	202	57	822	330	78	147	332	27	153
V136	4	112	19	189	53	190	75	645	16	121	61
V137	190	19	440	535	102	380	384	6	66	64	325
V138	57	114	35	219	270	4	63	329	31	310	118
V139	286	253	67	298	50	332	96	520	243	78	176
V140	42	231	20	85	501	561	12	46	985	409	164
V141	22	148	242	42	490	631	5	107	463	54	216
V142	346	354	632	151	230	60	232	94	399	13	385
V143	41	212	293	221	162	310	170	150	0	659	210
V144	224	5	265	126	335	29	164	22	249	623	223
V145	93	178	80	42	194	170	784	681	187	197	116
V146	321	77	674	382	90	97	328	201	169	266	381
V147	7	570	26	584	152	109	57	479	9	141	185
V148	40	198	147	577	152	128	818	58	376	31	181
V149	54	411	45	291	194	39	152	206	407	48	158
V150	703	43	14	67	50	219	77	66	99	197	203
V151	59	296	149	189	75	355	157	125	8	12	153
V152	29	170	107	415	544	64	171	34	315	211	196
V153	153	306	119	256	492	200	197	169	80	246	189
V154	96	208	191	331	138	138	287	23	59	228	194
V155	81	201	41	138	85	45	26	79	127	188	111
V156	34	275	54	130	374	1149	558	63	384	281	182
V157	124	450	85	26	313	151	121	218	67	198	155
V158	226	212	8	151	13	54	31	480	391	94	118
V159	225	86	180	412	65	327	32	216	258	17	212
V160	65	28	108	87	88	28	260	0	18	362	83
V161	1029	346	58	403	194	185	457	27	121	0	326
V162	20	490	92	772	232	335	267	407	711	0	244
V163	50	159	474	506	298	42	120	269	95	6	294
V164	335	92	13	355	248	358	66	398	98	26	153
V165	954	306	4	107	45	22	179	166	13	238	264
V166	416	313	110	53	28	307	130	237	111	184	169
V167	122	148	223	4	95	1358	384	85	226	323	166
V168	261	7	388	412	103	233	307	293	65	137	235
V169	23	92	37	749	192	67	138	163	80	305	172
V170	38	38	695	12	175	62	84	232	66	135	282
V171	10	233	1347	179	152	198	138	262	550	38	566
V172	94	484	69	56	21	703	201	666	179	32	150
V173	294	210	82	135	170	101	18	378	121	182	148
V174	48	133	9	140	948	2	380	106	100	111	160
V175	70	324	296	162	96	1020	71	55	157	4	225
V176	175	312	528	9	56	83	225	221	69	173	280
V177	96	552	38	231	982	63	236	364	19	12	254
V178	276	255	131	20	148	334	8	251	174	95	178
V179	326	21	158	154	363	32	126	118	472	158	193
V180	24	66	152	137	127	96	759	515	37	230	109
V181	85	11	101	135	200	164	266	1138	314	647	164
V182	660	140	247	158	122	190	29	133	273	223	300
V183	21	277	54	68	561	9	32	1064	316	39	168
V184	152	106	401	112	180	3	185	239	80	47	229
V185	113	57	174	168	27	24	6	89	302	36	126
V186	54	577	41	406	184	191	424	17	246	4	203
V187	310	122	203	161	72	106	73	53	200	271	203
V188	106	134	5	110	34	212	107	392	362	603	100
V189	303	125	206	114	231	113	92	9	236	280	214
V190	125	72	43	106	509	76	874	6	48	132	144
V191	229	35	211	120	17	768	204	22	252	344	172
V192	558	11	332	124	57	355	8	33	83	228	248
V193	118	123	89	184	304	11	323	215	148	345	137
V194	461	277	687	9	182	209	170	73	210	12	395
V195	394	120	90	3	132	113	76	156	168	223	147
V196	227	147	243	435	544	91	185	74	309	19	270
V197	158	333	269	70	296	112	244	373	177	100	211
V198	82	107	81	119	67	189	84	94	138	33	89
V199	577	307	34	21	324	240	258	438	58	50	192
V200	111	313	326	186	135	132	110	27	343	72	242
V201	33	4	294	25	323	76	73	377	1273	59	229
V202	2	28	245	248	52	2	391	107	725	500	144
V203	61	157	473	187	105	160	48	136	596	243	270
V204	124	120	17	49	307	581	588	496	190	17	130
V205	85	127	79	81	7	308	134	481	0	413	97
V206	42	464	31	16	200	5	662	276	359	48	122
V207	441	427	102	164	106	302	128	283	390	707	278
V208	86	202	112	33	268	109	139	398	106	200	123
V209	184	118	26	328	117	593	119	192	72	397	137
V210	59	86	30	108	75	337	424	432	101	153	80
V211	61	671	173	464	242	0	357	197	426	125	251
V212	240	41	172	61	133	36	234	49	95	349	152
V213	298	196	133	182	144	250	335	25	417	221	196
V214	1054	257	81	131	179	229	166	96	481	245	340
V215	222	42	54	710	177	9	29	45	0	468	177
V216	152	98	215	66	2	0	115	2	18	9	128
V217	17	25	70	25	520	143	112	32	4	49	104
V218	40	167	104	160	168	36	1048	266	152	72	111
V219	135	407	29	159	45	6	105	203	21	0	128
V220	11	542	597	51	462	652	40	114	159	201	344
V221	173	13	87	200	77	286	240	130	268	14	95
V222	106	38	682	241	485	105	172	106	0	132	359
V223	58	45	192	310	645	523	586	34	30	70	224
V224	170	162	242	29	8	179	81	177	183	73	165
V225	796	145	31	49	90	48	241	46	9	9	181
V226	49	291	40	227	265	213	99	119	348	136	138
V227	78	328	324	875	4	25	352	11	29	542	317
V228	187	585	386	442	509	179	64	176	118	412	387
V229	170	620	579	200	78	393	177	309	76	288	346
V230	146	38	310	84	114	243	124	16	39	184	146
V231	84	467	179	108	148	245	72	122	73	141	190
V232	426	104	287	90	102	304	227	1217	278	22	249
V233	67	502	4	245	98	440	140	294	211	111	141
V234	122	55	66	333	222	248	111	79	38	77	141
V235	15	92	187	277	220	94	91	57	19	600	144
V236	178	63	13	21	546	877	126	70	67	147	144
V237	346	706	420	483	426	199	137	19	5	386	428
V238	238	153	41	20	21	145	20	116	77	87	85
V239	50	289	65	537	15	0	32	105	166	156	150
V240	44	8	223	22	736	157	236	410	184	2	177
V241	178	138	143	125	27	140	92	38	123	400	166
V242	17	1535	653	356	56	351	97	186	61	61	510
V243	123	263	77	77	178	371	223	83	251	194	137
V244	228	65	415	10	56	77	167	116	136	263	214
V245	27	319	0	119	103	28	220	180	541	197	97
V246	462	236	237	326	44	401	183	56	767	140	252
V247	41	96	169	365	498	485	403	220	100	38	168
V248	478	1	94	22	50	94	36	176	115	7	131
V249	227	149	516	12	549	148	317	226	55	94	313
V250	481	12	573	28	139	438	49	211	324	282	317
V251	33	109	47	551	332	187	100	294	102	26	171
V252	524	5	230	157	254	13	22	214	551	255	264
V253	128	24	58	101	55	152	0	50	52	130	86
V254	671	31	460	69	114	148	425	33	844	1158	371
V255	35	90	193	41	151	58	130	614	4	234	144
V256	333	67	453	140	52	303	419	819	829	34	293
V257	274	277	162	70	189	238	249	34	63	202	203
V258	244	298	77	168	214	194	528	33	21	6	159
V259	47	163	211	19	131	9	90	358	370	59	141
V260	185	376	401	29	13	18	136	83	213	20	228
V261	64	242	105	57	53	310	99	44	344	608	113
V262	249	111	243	167	519	71	521	24	398	73	229
V263	30	574	257	102	185	506	230	253	107	58	229
V264	56	243	202	264	104	189	7	140	38	57	154
V265	90	136	550	148	49	91	35	4	20	117	254
V266	406	5	240	19	0	409	120	146	495	516	181
V267	213	148	41	16	133	168	28	183	120	2	96
V268	35	47	284	189	184	165	384	113	1	164	180
V269	30	266	89	420	291	186	284	230	161	27	185
V270	403	94	124	156	740	156	150	38	65	14	256
V271	131	286	425	233	135	116	182	251	70	23	249
V272	473	349	22	373	99	43	468	173	47	85	217
V273	225	395	24	47	151	91	32	607	138	206	151
V274	190	85	225	684	344	9	187	473	33	168	253
V275	43	148	140	86	159	375	793	15	6	134	120
V276	449	1575	46	300	188	92	326	250	45	63	381
V277	137	182	123	79	55	41	100	248	117	121	105
V278	40	467	24	78	238	355	108	121	172	255	129
V279	148	197	16	690	38	128	40	131	27	283	191
V280	26	9	2	34	180	52	196	346	9	137	38
V281	9	101	210	119	773	28	130	93	854	12	213
V282	248	86	978	32	138	64	573	168	70	64	428
V283	53	430	102	19	216	216	163	104	43	40	138
V284	447	16	2	88	375	82	192	45	371	352	167
V285	41	231	297	134	158	171	153	364	141	240	163
V286	59	215	117	336	57	268	628	132	17	61	135
V287	31	443	194	28	82	27	122	280	122	121	163
V288	124	121	180	66	188	149	71	324	232	22	179
V289	14	84	25	33	715	11	919	1091	760	796	171
V290	298	16	634	8	35	32	693	201	92	664	312
V291	635	396	149	244	177	236	331	29	298	711	308
V292	380	370	42	155	53	428	350	73	161	393	194
V293	22	15	19	274	85	89	27	104	86	103	62
V294	168	23	649	301	9	169	178	15	337	54	321
V295	126	52	790	86	419	309	114	51	157	85	377
V296	345	505	408	86	54	74	5	161	22	311	287
V297	65	447	178	66	40	46	415	73	251	200	181
V298	126	309	175	129	28	240	53	54	242	157	164
V299	215	7	149	36	24	111	135	454	99	182	127
V300	126	26	65	108	220	235	33	130	202	267	140
V301	274	159	5	361	62	276	104	58	244	161	165
V302	229	53	341	75	9	198	13	606	71	29	168
V303	37	510	299	144	72	31	342	49	156	203	219
V304	365	142	90	822	255	61	356	542	267	511	293
V305	19	254	236	101	243	0	385	153	228	23	196
V306	1	85	423	176	101	359	171	32	155	134	188
V307	29	485	94	342	223	30	133	71	305	29	206
V308	54	285	400	572	214	278	282	65	162	209	302
V309	116	52	40	63	429	71	35	288	142	300	114
V310	162	91	207	462	157	106	18	345	230	345	230
V311	552	102	16	723	171	238	84	115	81	94	236
V312	88	71	8	153	70	29	35	73	110	101	75
V313	46	93	141	370	93	115	22	15	198	161	143
V314	209	79	26	22	80	198	28	465	882	459	124
V315	175	188	173	58	40	397	213	138	53	382	167
V316	828	264	3	393	105	430	296	432	82	196	277
V317	167	311	256	254	264	161	46	948	41	248	222
V318	43	422	48	211	97	316	81	52	109	202	160
V319	195	252	8	245	453	821	128	70	85	125	197
V320	70	290	154	71	88	146	40	47	188	19	125
V321	199	621	100	137	232	348	303	297	39	91	219
V322	18	31	76	131	135	305	135	147	218	176	70
V323	374	11	35	626	62	209	233	34	282	809	252
V324	58	278	198	64	82	204	95	112	95	174	160
V325	234	44	76	9	516	281	262	103	235	13	160
V326	706	1022	315	291	28	55	128	650	92	384	420
V327	21	24	20	6	63	292	152	234	440	210	56
V328	6	54	278	507	20	100	194	107	163	98	179
V329	52	169	48	175	74	39	333	361	23	101	99
V330	31	152	493	87	63	45	83	152	77	32	205
V331	82	132	5	16	41	47	125	913	59	358	60
V332	198	2	90	324	141	595	354	103	10	136	147
V333	77	22	755	61	425	464	164	164	186	8	337
V334	210	206	406	108	161	436	106	98	7	0	258
V335	131	246	126	413	513	57	93	26	51	73	222
V336	34	15	38	98	15	140	66	192	0	14	48
V337	364	0	242	248	97	20	131	3	264	82	184
V338	592	102	68	105	52	25	121	465	751	1218	215
V339	321	76	143	176	341	152	237	48	88	39	196
V340	186	85	779	32	508	43	664	59	166	491	396
V341	251	335	5	469	106	389	178	282	569	37	192
V342	123	767	64	405	573	14	10	128	174	52	307
V343	34	199	7	37	488	40	1	1	85	484	125
V344	52	67	94	602	22	537	40	149	217	393	160
V345	9	386	364	164	111	5	124	160	71	359	235
V346	327	289	144	43	64	146	2	40	137	52	163
V347	356	107	96	32	9	484	153	386	513	279	153
V348	346	14	45	67	5	20	122	5	133	84	95
V349	7	23	35	83	28	33	53	360	214	142	38
V350	441	196	88	34	448	4	126	63	316	285	212
V351	512	114	224	258	248	15	383	547	319	323	284
V352	489	50	409	22	86	202	52	457	182	138	276
V353	23	442	1	604	61	37	180	238	467	1216	226
V354	377	460	106	220	538	68	70	388	125	592	283
V355	68	79	98	214	112	214	492	103	44	130	98
V356	536	326	28	101	34	96	206	14	49	247	189
V357	107	117	60	56	169	10	41	284	337	4	108
V358	5	86	106	39	71	2	43	576	78	105	82
V359	28	55	423	298	46	62	140	223	5	366	203
V360	36	259	63	180	2	38	241	117	78	214	110
V361	547	526	420	42	33	54	26	7	105	66	305
V362	500	630	221	116	82	165	38	101	119	444	311
V363	500	260	74	398	41	162	197	311	7	184	220
V364	29	80	133	151	244	208	105	66	394	336	138
V365	81	361	371	212	282	519	168	26	198	213	288
V366	20	8	10	18	63	614	5	92	178	141	51
V367	383	576	40	102	36	60	9	39	73	116	184
V368	107	138	669	1	183	59	415	168	147	66	309
V369	9	131	62	81	229	166	629	3	219	268	108
V370	13	85	637	155	165	23	44	427	138	92	275
V371	0	691	40	255	32	136	17	18	28	97	130
V372	186	481	1117	391	348	278	155	114	61	134	593
V373	5	119	222	507	72	21	37	38	32	62	174
V374	209	625	282	72	282	236	50	83	187	409	295
V375	99	53	23	172	76	162	508	70	17	61	69
V376	243	49	224	118	242	183	13	105	270	22	197
V377	316	56	0	33	672	117	17	96	419	496	181
V378	167	83	92	198	250	306	79	328	91	54	139
V379	317	211	27	74	158	27	687	16	226	194	142
V380	53	337	57	1012	67	133	241	25	205	16	218
V381	144	223	319	220	55	22	320	142	42	398	232
V382	252	283	45	226	261	163	509	158	147	30	189
V383	264	183	1	170	261	402	185	77	261	28	134
V384	349	990	50	309	358	183	591	285	134	235	320
V385	26	8	122	166	74	327	34	249	69	116	93
V386	46	133	121	69	60	402	224	69	0	635	107
V387	109	41	76	120	492	20	164	54	319	563	162
V388	102	178	43	18	1	581	312	195	14	562	115
V389	145	262	1019	73	59	590	146	154	103	397	467
V390	510	265	223	269	139	182	16	53	68	46	287
V391	6	50	8	197	562	646	183	199	851	650	140
V392	316	203	189	169	656	46	229	435	260	829	296
V393	52	300	67	1402	162	18	897	142	138	196	287
V394	156	117	79	120	402	101	235	110	816	25	174
V395	56	128	136	194	423	28	29	208	78	55	145
V396	227	101	347	180	539	265	13	52	84	53	273
V397	975	27	45	390	2	236	78	293	481	352	261
V398	214	145	311	105	381	110	194	88	124	199	224
V399	64	13	487	357	284	557	392	112	68	11	281
V400	331	20	164	210	211	177	1342	195	77	530	203
V401	44	60	111	319	36	151	247	10	303	199	121
V402	239	74	232	93	316	26	3	393	655	172	233
V403	374	2	154	538	276	28	118	173	508	36	211
V404	777	155	425	2	309	59	61	699	72	272	377
V405	5	175	172	6	37	28	191	97	144	83	102
V406	493	125	493	474	229	149	139	280	390	279	361
V407	71	118	110	136	524	546	19	25	37	32	167
V408	762	87	317	403	359	91	6	30	210	11	352
V409	209	94	758	13	215	170	308	217	10	41	339
V410	124	21	40	35	85	28	231	78	84	98	75
V411	145	498	15	87	20	3	493	10	87	670	159
V412	622	457	56	399	364	116	622	99	210	861	313
V413	54	207	61	172	206	304	79	252	19	6	113
V414	203	79	54	297	442	53	588	193	255	187	176
V415	293	112	8	250	325	185	141	104	21	209	171
V416	39	1	336	28	133	57	58	44	187	157	156
V417	218	331	21	49	282	52	12	40	200	269	132
V418	298	156	261	662	34	40	15	57	40	430	279
V419	82	796	157	341	176	296	574	47	166	125	272
V420	565	69	116	12	650	231	176	183	49	57	255
V421	309	8	39	29	82	192	3	805	267	867	125
V422	232	398	7	28	12	267	80	27	181	116	120
V423	16	454	4	103	19	82	263	119	239	453	100
V424	270	211	162	24	178	247	65	968	398	304	168
V425	20	198	83	170	184	1	87	255	9	422	132
V426	422	480	347	70	266	413	436	342	140	170	336
V427	367	442	91	265	1136	16	113	26	47	30	292
V428	367	36	148	32	83	145	54	77	155	21	133
V429	641	119	203	26	264	26	161	279	297	105	236
V430	32	2	28	192	141	24	35	190	737	151	67
V431	152	262	2	267	103	209	158	393	104	63	118
V432	205	7	28	305	53	307	2	0	0	489	127
V433	230	123	75	343	174	59	73	164	69	47	139
V434	228	345	330	293	40	654	327	93	48	89	219
V435	79	141	88	54	60	714	225	285	411	99	102
V436	191	323	1	86	138	13	168	0	60	42	130
V437	41	298	427	21	86	580	188	584	169	311	216
V438	35	21	32	30	22	89	331	60	567	151	46
V439	499	189	84	144	38	94	21	109	44	90	170
V440	149	331	239	48	326	141	218	430	221	105	229
V441	198	131	70	22	68	272	371	81	67	55	95
V442	39	80	52	463	171	396	209	62	93	694	175
V443	329	79	384	139	2	101	30	7	198	427	231
V444	140	112	15	423	264	139	10	42	153	32	137
V445	470	65	245	203	15	72	173	6	465	40	179
V446	94	6	335	22	107	210	118	454	610	3	160
V447	211	344	38	54	250	141	350	91	30	20	116
V448	15	88	52	291	6	212	359	24	305	546	102
V449	201	400	1012	252	338	245	126	329	369	115	510
V450	138	17	149	29	214	27	321	56	605	157	117
V451	22	315	56	12	11	56	13	72	235	47	94
V452	204	11	266	300	120	166	59	12	579	190	189
V453	355	305	46	126	176	106	8	524	185	311	167
V454	329	299	311	5	148	220	291	131	155	112	289
V455	233	1521	123	67	188	525	47	177	152	29	347
V456	1048	201	212	96	158	149	139	78	30	40	321
V457	359	22	499	174	22	365	105	259	104	10	274
V458	69	58	232	103	104	1	264	404	353	251	129
V459	442	257	28	274	62	654	363	208	153	219	192
V460	336	221	411	529	58	21	747	6	654	151	331
V461	235	125	398	92	11	36	253	382	152	637	223
V462	76	333	55	92	46	156	1	101	1	56	105
V463	97	335	41	182	1	743	41	99	70	305	131
V464	77	678	71	233	9	203	221	11	65	264	178
V465	38	19	250	12	164	100	18	221	19	445	127
V466	88	123	71	80	265	117	160	82	63	52	96
V467	181	412	38	171	264	675	198	224	131	56	157
V468	32	542	72	61	7	191	6	430	112	73	128
V469	277	469	106	452	249	384	25	15	131	6	279
V470	510	29	136	66	34	357	16	184	372	120	164
V471	153	40	301	115	82	202	4	232	126	16	166
V472	89	365	473	35	226	31	260	412	51	374	299
V473	520	38	265	1046	169	141	82	672	29	40	372
V474	289	289	647	16	246	18	210	153	158	15	350
V475	150	1	209	2	292	65	136	353	12	136	139
V476	88	99	450	19	169	284	121	14	437	7	227
V477	376	202	421	487	36	184	83	67	15	611	326
V478	67	334	42	170	38	261	272	443	224	58	121
V479	43	3	255	276	98	583	63	23	87	306	161
V480	136	70	322	148	83	52	320	31	259	188	183
V481	271	54	63	282	101	216	15	546	20	386	124
V482	59	120	412	350	72	27	382	24	774	9	244
V483	17	84	2	55	977	194	151	171	447	187	180
V484	291	106	162	108	154	816	119	351	306	231	201
V485	217	140	527	72	129	65	729	38	378	104	267
V486	37	63	329	361	188	69	28	140	82	160	193
V487	177	14	100	582	106	540	2	327	106	299	187
V488	268	26	533	86	11	413	1	230	436	221	271
V489	268	160	90	27	81	35	173	194	42	59	126
V490	251	229	347	81	189	135	326	116	337	92	248
V491	199	49	64	700	124	249	541	80	13	211	176
V492	283	47	63	438	126	263	245	299	111	335	159
V493	122	509	843	10	101	79	95	21	49	85	393
V494	217	332	368	180	286	9	48	171	231	320	292
V495	197	5	301	430	373	44	95	666	175	154	241
V496	111	15	118	350	450	186	84	237	15	124	162
V497	6	63	32	231	11	306	48	358	55	117	72
V498	55	128	143	62	3	74	130	172	554	332	109
V499	398	48	253	79	244	74	275	616	34	117	223
V500	75	422	301	811	51	307	18	5	409	158	268
