Source001	Source002	Source003	Source004	Source005	Source006	Source007	Source008	Source009	Source010	Sink
V1	50	304	152	106	12	216	136	25	147	188	127
V2	136	204	4	92	240	235	443	214	463	113	165
V3	14	248	129	691	532	175	259	151	91	215	315
V4	98	115	135	114	282	98	49	307	11	248	177
V5	288	332	111	4	661	23	310	73	3	253	311
V6	39	138	124	296	127	205	31	210	142	40	165
V7	226	250	1	80	305	10	16	241	67	9	185
V8	131	502	486	439	28	23	371	69	133	87	279
V9	43	412	89	496	162	217	106	117	121	121	272
V10	179	370	22	164	216	105	56	84	49	92	199
V11	89	320	124	65	240	518	165	304	56	25	199
V12	68	92	87	171	156	203	645	323	114	76	136
V13	379	115	269	294	454	304	85	102	500	67	280
V14	412	181	14	269	35	142	406	36	400	246	153
V15	63	278	16	99	81	336	369	109	75	149	129
V16	419	118	405	53	89	91	9	31	30	475	178
V17	489	190	170	1	57	477	87	94	93	69	152
V18	106	84	409	610	32	211	148	82	0	284	221
V19	205	579	64	198	216	102	9	91	136	407	306
V20	570	180	13	876	605	18	228	200	285	22	441
V21	82	63	83	242	154	41	66	27	28	251	147
V22	33	59	104	686	89	101	12	1178	345	145	243
V23	37	33	34	19	89	60	28	24	19	97	60
V24	120	384	122	29	174	345	16	3	303	169	163
V25	311	278	224	57	115	574	245	51	105	162	194
V26	320	388	98	137	353	73	122	67	310	444	231
V27	110	312	182	78	257	74	300	109	372	172	199
V28	33	133	378	59	382	90	104	84	74	5	217
V29	48	68	114	626	131	505	160	165	147	507	237
V30	161	177	198	137	13	1043	7	374	154	49	128
V31	51	408	131	2	154	120	55	694	1	90	191
V32	230	335	155	208	67	128	90	63	26	16	193
V33	64	126	246	249	87	27	33	215	54	15	137
V34	74	564	178	302	19	213	78	22	110	369	217
V35	124	55	293	61	211	379	47	269	110	220	170
V36	326	162	94	281	430	165	346	1307	155	192	317
V37	146	448	389	190	38	123	293	357	342	64	224
V38	171	289	98	94	593	257	102	124	116	368	288
V39	92	439	42	90	313	1	144	121	11	164	201
V40	132	393	120	7	191	409	382	17	71	413	204
V41	17	46	116	186	67	53	37	71	24	494	107
V42	81	313	143	144	1254	77	190	35	202	235	474
V43	216	263	246	391	144	32	539	348	221	41	255
V44	80	321	113	318	214	64	258	19	629	159	226
V45	588	304	234	101	121	7	173	80	132	41	193
V46	6	176	337	287	60	113	10	114	155	367	171
V47	127	40	185	102	301	302	90	628	68	3	172
V48	266	85	77	150	52	388	443	495	315	113	140
V49	214	222	26	276	177	435	405	92	306	123	170
V50	284	32	605	41	352	18	31	97	323	138	216
V51	303	95	36	372	648	29	50	441	292	827	347
V52	446	628	49	38	656	61	82	373	133	32	413
V53	39	31	302	82	6	74	262	9	19	85	78
V54	228	301	230	166	70	386	808	104	964	182	210
V55	389	67	172	15	12	73	70	64	96	221	117
V56	1050	311	218	481	235	177	64	137	33	192	380
V57	6	50	66	391	657	59	28	230	106	170	287
V58	168	13	138	348	40	136	136	181	658	424	138
V59	191	6	339	335	345	32	580	175	97	298	261
V60	300	271	267	106	108	166	192	281	203	30	207
V61	36	357	1154	29	50	250	271	360	518	494	280
V62	44	990	222	1279	15	65	94	379	397	34	525
V63	227	68	715	392	246	180	60	433	270	165	314
V64	92	64	377	431	85	458	361	137	52	43	205
V65	36	178	66	137	72	22	364	132	164	430	107
V66	997	43	92	431	521	40	185	72	146	117	370
V67	61	0	194	140	36	46	20	256	183	936	121
V68	11	316	408	113	114	49	345	20	386	112	192
V69	5	44	112	742	261	19	318	252	319	244	280
V70	88	53	696	25	160	106	502	495	37	88	166
V71	140	12	81	11	15	165	4	354	245	59	43
V72	7	103	912	443	145	198	46	136	16	386	270
V73	242	215	222	245	236	124	36	531	335	89	244
V74	109	2	87	375	344	292	740	73	468	115	189
V75	14	102	291	147	68	304	225	23	132	220	96
V76	503	232	419	261	34	108	43	770	740	345	269
V77	258	102	23	201	21	8	175	95	189	304	126
V78	541	38	697	572	562	67	638	337	221	236	415
V79	309	383	451	10	25	263	349	129	79	117	208
V80	76	181	265	115	158	274	224	30	162	454	157
V81	68	119	111	251	266	8	32	13	93	317	156
V82	162	33	324	73	704	701	415	642	34	276	312
V83	436	207	54	36	26	287	159	38	401	100	137
V84	18	461	2	867	369	31	112	43	476	82	410
V85	311	230	66	329	53	26	56	496	63	378	200
V86	7	28	17	285	12	144	42	45	9	283	71
V87	82	650	94	534	3	35	708	46	201	150	262
V88	26	47	175	569	844	312	29	233	161	140	340
V89	186	8	393	41	127	239	340	86	246	1290	167
V90	390	96	27	143	114	108	32	446	189	105	161
V91	42	21	290	299	1182	41	47	414	336	832	455
V92	3	185	268	91	470	259	43	66	403	159	214
V93	892	103	237	517	203	77	862	264	716	340	374
V94	124	208	51	498	503	73	170	768	182	213	320
V95	166	93	387	133	29	8	293	566	185	90	169
V96	190	13	646	258	488	546	161	150	21	9	255
V97	206	233	242	232	65	98	159	98	32	155	158
V98	108	471	122	128	310	15	340	222	87	372	246
V99	98	85	330	10	33	135	104	0	114	92	81
V100	262	126	280	695	123	67	77	40	22	653	269
V101	353	114	48	28	169	50	12	96	34	613	136
V102	326	18	164	60	360	131	162	76	90	79	175
V103	323	71	23	52	155	401	136	94	82	292	130
V104	377	7	239	270	229	69	148	324	15	168	217
V105	140	49	62	66	382	379	135	1228	3	569	212
V106	222	250	210	140	388	463	79	105	465	36	240
V107	70	298	133	92	100	52	190	177	34	206	134
V108	77	69	372	71	34	366	163	144	11	713	120
V109	153	95	164	153	90	200	93	19	290	200	123
V110	434	244	407	299	20	596	30	249	57	349	231
V111	240	91	216	5	143	24	237	87	3	9	135
V112	497	77	114	92	76	594	175	187	439	37	143
V113	61	6	73	136	433	168	162	522	127	268	170
V114	193	415	563	82	204	148	67	501	51	607	294
V115	19	161	185	82	48	410	15	150	50	13	99
V116	47	466	1006	61	137	491	133	269	43	249	295
V117	111	68	18	129	385	4	668	64	76	232	150
V118	24	230	335	617	178	114	161	68	129	39	276
V119	407	2	144	38	12	584	16	39	11	21	92
V120	311	29	120	73	139	18	159	225	66	82	110
V121	149	63	695	88	57	139	119	392	175	157	164
V122	180	137	248	443	175	90	30	173	10	71	233
V123	380	394	172	1149	288	123	391	250	279	141	476
V124	30	21	187	322	32	66	242	109	339	165	103
V125	178	32	594	171	255	893	382	47	192	68	234
V126	247	140	1	513	297	261	497	113	200	153	290
V127	9	106	1204	141	369	38	59	79	217	53	305
V128	554	875	313	55	11	45	352	158	47	14	313
V129	16	144	256	134	13	24	218	627	81	329	120
V130	375	170	163	939	409	636	357	239	20	79	420
V131	423	12	488	30	172	56	348	652	390	43	183
V132	185	64	41	51	135	59	167	418	473	539	111
V133	28	652	60	179	266	10	4	41	270	67	240
V134	91	193	216	450	85	95	134	23	37	159	197
V135	144	264	264	51	44	79	532	122	127	253	133
V136	382	543	0	59	251	249	104	70	311	189	225
V137	20	104	255	472	134	249	106	63	176	289	216
V138	775	462	565	55	129	6	182	270	237	281	319
V139	259	132	190	289	169	105	28	42	46	671	219
V140	106	330	344	37	265	31	115	281	21	132	219
V141	251	57	1	184	84	385	24	485	175	141	136
V142	113	385	82	120	129	23	78	288	273	316	145
V143	146	224	642	179	46	168	8	16	293	108	186
V144	69	119	152	485	159	137	517	14	206	95	213
V145	455	313	190	79	98	289	178	20	124	135	179
V146	106	61	455	421	307	150	128	86	251	40	234
V147	145	207	130	39	79	94	505	331	127	509	153
V148	123	57	14	13	382	781	159	147	104	81	162
V149	301	716	301	93	0	561	202	29	56	6	273
V150	297	56	768	118	252	358	314	4	138	14	213
V151	349	43	380	36	314	181	18	79	254	217	214
V152	273	143	7	31	180	247	5	435	304	349	148
V153	334	61	122	102	58	183	56	371	80	41	133
V154	84	591	12	282	77	317	1210	101	192	16	256
V155	169	28	317	47	649	52	474	272	398	91	223
V156	103	37	1146	87	266	64	128	138	84	253	239
V157	65	98	202	174	145	813	304	536	320	342	182
V158	143	294	794	63	5	84	64	174	462	139	182
V159	93	111	201	47	185	67	45	23	210	138	121
V160	46	130	2	181	21	154	627	143	75	25	95
V161	799	28	329	58	704	435	48	44	19	130	339
V162	295	217	36	6	408	46	43	65	19	332	194
V163	106	57	32	474	49	33	421	51	112	554	155
V164	58	280	5	256	128	31	4	396	93	1	166
V165	579	30	228	108	425	5	421	427	296	291	245
V166	79	110	306	153	150	105	197	238	18	132	173
V167	185	309	80	23	192	653	1227	90	220	195	171
V168	251	253	617	184	411	499	163	61	231	9	334
V169	108	170	26	147	125	85	22	240	87	308	142
V170	90	134	95	69	53	289	191	358	29	32	83
V171	608	302	42	71	23	11	66	125	52	30	172
V172	31	215	59	5	357	56	454	609	63	144	185
V173	292	347	160	10	124	218	124	181	181	487	168
V174	42	217	194	160	43	116	316	70	343	43	118
V175	47	60	786	29	169	356	11	134	183	660	186
V176	37	32	262	319	540	83	67	9	132	108	223
V177	61	160	366	5	230	307	56	438	295	168	181
V178	120	344	248	200	113	151	69	90	38	75	180
V179	107	106	317	69	3	4	27	529	464	34	137
V180	458	34	24	93	9	721	239	279	39	218	99
V181	60	750	160	245	39	76	417	88	976	41	284
V182	676	10	89	391	41	23	14	24	522	48	189
V183	67	362	896	14	307	460	139	282	26	320	318
V184	177	107	127	47	79	445	25	10	90	68	106
V185	94	0	199	74	578	159	342	137	111	103	228
V186	43	190	68	271	456	45	4	585	112	143	243
V187	38	357	22	193	30	41	99	446	140	39	131
V188	202	123	179	438	354	144	132	68	505	111	269
V189	207	430	5	46	442	876	33	336	113	99	265
V190	865	209	13	53	52	82	63	16	76	175	174
V191	15	196	175	162	137	44	111	149	62	217	118
V192	91	1088	129	92	99	308	18	230	516	480	293
V193	81	17	3	230	170	80	22	143	567	56	155
V194	200	60	1	329	125	32	439	553	50	30	155
V195	118	280	103	438	58	380	47	115	285	50	217
V196	325	87	662	179	41	210	61	210	552	51	214
V197	71	217	937	95	187	87	232	12	216	558	265
V198	171	267	281	426	157	163	504	187	412	115	270
V199	39	161	215	139	94	205	46	128	557	248	150
V200	749	176	183	697	202	76	206	43	53	100	357
V201	369	475	439	4	14	94	66	33	172	5	202
V202	671	252	5	89	98	368	10	380	92	122	209
V203	223	188	556	242	100	618	228	71	36	204	229
V204	92	111	457	49	93	171	583	264	209	223	151
V205	66	32	56	61	7	427	31	590	265	60	72
V206	158	0	38	64	6	22	252	27	29	582	53
V207	308	289	98	118	5	467	259	183	226	43	151
V208	151	10	272	208	61	596	3	133	406	313	132
V209	79	22	189	159	222	59	152	14	48	53	120
V210	102	239	182	380	150	594	327	26	168	14	220
V211	13	120	85	1	0	147	108	11	246	456	57
V212	246	64	291	502	54	28	76	88	23	172	185
V213	298	95	286	469	539	107	503	201	327	32	327
V214	679	229	40	234	6	251	231	525	2	362	195
V215	98	226	211	318	175	34	252	224	396	0	202
V216	65	92	126	29	78	142	25	121	24	674	107
V217	28	208	76	785	44	166	24	0	117	186	262
V218	90	108	122	14	231	19	204	55	124	336	121
V219	338	340	10	340	1	89	396	27	157	265	195
V220	590	153	236	311	43	314	76	134	66	31	203
V221	395	34	24	100	276	322	74	71	648	16	155
V222	409	105	14	15	164	73	141	11	294	1067	136
V223	294	34	87	59	15	192	60	331	257	182	92
V224	165	194	796	151	119	451	40	74	28	2	251
V225	18	615	137	108	49	109	94	72	74	48	178
V226	314	2	28	26	41	248	642	99	102	59	64
V227	68	311	21	129	35	115	7	299	198	20	109
V228	37	5	92	79	37	52	184	226	85	97	56
V229	265	13	132	516	76	670	264	29	344	173	193
V230	56	8	497	199	7	83	68	49	390	260	145
V231	265	823	416	199	282	110	369	268	255	270	386
V232	190	266	116	363	37	113	0	128	439	229	211
V233	254	478	162	41	87	135	38	38	101	62	192
V234	19	198	308	525	24	168	370	121	126	339	209
V235	186	8	54	200	196	1059	125	143	352	10	151
V236	136	224	25	156	129	217	97	84	336	34	141
V237	43	128	136	67	52	277	99	458	79	254	91
V238	139	219	109	114	77	196	242	53	148	794	152
V239	118	325	537	88	20	15	196	297	37	117	184
V240	6	66	58	40	94	261	16	33	387	70	64
V241	43	118	190	247	134	776	95	118	187	554	177
V242	419	2	244	67	148	6	575	10	391	183	142
V243	22	447	111	325	419	24	159	67	615	544	292
V244	98	741	55	53	285	185	238	779	269	286	311
V245	283	228	66	371	60	4	63	55	365	248	183
V246	6	91	127	110	486	399	35	87	197	250	222
V247	236	516	148	300	12	4	725	478	79	213	250
V248	397	18	190	220	39	123	294	27	99	335	140
V249	91	146	236	370	492	66	175	21	216	70	253
V250	89	196	396	64	379	653	34	306	327	46	217
V251	166	48	270	2	51	315	342	458	39	26	102
V252	71	790	88	73	94	241	78	14	51	19	218
V253	199	786	2	157	38	198	132	67	331	42	216
V254	142	118	110	52	51	60	69	121	572	311	82
V255	107	19	474	281	219	59	147	234	289	156	192
V256	180	326	55	184	138	84	319	62	158	114	212
V257	146	277	40	8	77	238	132	176	117	316	128
V258	191	58	223	253	199	181	65	0	54	268	200
V259	377	349	466	54	6	67	374	274	204	45	176
V260	239	189	45	152	481	744	114	178	110	403	266
V261	122	892	204	124	608	61	19	131	13	27	404
V262	26	199	79	75	264	35	141	267	116	187	144
V263	73	173	36	70	109	19	794	596	573	133	123
V264	138	243	195	309	39	179	51	59	8	272	196
V265	75	167	58	73	540	18	17	107	64	648	223
V266	19	389	722	14	23	236	67	307	132	203	210
V267	262	143	507	41	517	276	2	69	61	72	263
V268	37	621	31	20	41	25	252	3	27	1057	199
V269	175	91	210	265	99	203	154	439	29	464	171
V270	159	66	69	68	231	179	75	52	166	9	119
V271	380	395	95	270	158	41	118	53	140	160	257
V272	76	17	59	251	489	158	99	239	82	101	217
V273	11	97	190	258	24	123	78	599	43	76	138
V274	198	8	230	93	79	21	207	28	116	11	108
V275	64	171	100	259	291	317	133	95	105	42	198
V276	97	99	13	167	1	547	122	59	653	37	81
V277	13	11	158	252	2	362	56	300	188	437	103
V278	62	108	152	265	266	433	15	542	50	367	192
V279	183	14	9	496	2	16	151	63	296	126	131
V280	335	142	17	6	226	8	125	291	0	324	140
V281	143	213	112	391	37	443	30	38	144	144	179
V282	9	48	208	52	251	280	155	82	131	90	115
V283	97	200	34	19	45	57	121	506	366	342	108
V284	664	775	399	58	69	4	351	386	7	113	312
V285	168	18	67	114	582	227	11	16	4	44	183
V286	10	36	422	16	53	298	85	95	335	281	86
V287	39	541	28	239	182	82	64	98	3	106	196
V288	231	191	181	302	114	312	2	3	277	49	172
V289	263	152	50	190	102	384	283	116	382	118	162
V290	183	10	79	269	73	293	249	15	15	685	134
V291	832	168	186	10	160	95	101	209	92	482	224
V292	116	96	58	29	114	174	93	185	719	84	80
V293	422	54	105	13	320	217	116	46	21	124	156
V294	403	117	492	110	53	154	344	407	231	128	178
V295	184	133	11	351	109	174	113	221	62	49	158
V296	406	127	18	116	533	106	106	77	54	36	232
V297	360	606	108	25	135	57	86	252	83	65	244
V298	314	130	214	0	439	251	188	20	109	130	204
V299	140	123	737	102	22	12	235	206	147	7	129
V300	243	246	119	129	399	180	712	202	404	142	244
V301	98	12	359	87	145	97	778	23	2	314	133
V302	117	184	310	121	17	227	187	843	157	72	166
V303	45	33	261	30	33	105	17	28	42	122	53
V304	49	254	6	413	32	877	151	173	4	196	180
V305	117	23	337	690	11	310	132	102	1	146	210
V306	243	604	302	49	169	188	604	231	45	259	266
V307	97	694	179	107	152	220	60	186	62	7	246
V308	312	77	250	326	194	203	36	30	21	575	223
V309	342	58	101	10	542	83	535	77	204	101	239
V310	284	857	221	41	406	115	926	44	344	958	368
V311	21	265	118	185	270	30	194	1	4	110	170
V312	87	17	31	147	96	188	668	95	180	10	87
V313	160	20	43	17	134	95	30	15	489	58	63
V314	827	101	208	266	136	90	23	10	634	124	243
V315	560	97	19	48	23	23	5	137	171	80	124
V316	49	41	371	405	309	171	293	248	44	75	247
V317	52	33	92	180	157	177	190	6	156	33	109
V318	20	45	5	106	784	219	54	425	876	130	287
V319	256	515	166	65	165	436	54	70	30	68	238
V320	226	62	459	327	28	2	131	97	248	111	179
V321	79	29	127	210	698	284	273	21	194	246	260
V322	119	154	264	275	186	1109	513	222	200	326	233
V323	267	35	214	408	134	265	465	357	395	14	222
V324	24	74	214	226	54	291	601	251	507	297	135
V325	669	169	144	119	223	18	57	73	161	20	222
V326	288	283	214	132	185	125	69	383	138	508	245
V327	30	668	797	401	72	65	268	60	35	618	370
V328	114	26	7	8	121	562	745	1018	156	128	134
V329	386	107	180	211	30	510	60	610	74	13	170
V330	7	21	386	656	51	7	62	70	46	38	194
V331	647	716	133	160	228	292	356	13	492	240	385
V332	157	43	198	283	553	37	6	645	63	63	295
V333	88	221	157	355	23	62	19	146	197	417	189
V334	15	6	193	85	150	291	461	480	164	293	125
V335	441	146	16	14	297	65	221	245	160	243	179
V336	182	481	40	199	101	546	128	47	100	78	229
V337	179	250	300	830	24	2	108	48	240	108	288
V338	576	399	106	338	72	546	799	416	208	104	291
V339	8	517	430	127	23	490	43	14	497	133	185
V340	69	822	3	81	135	473	635	116	89	97	244
V341	135	28	90	190	337	217	158	963	287	99	168
V342	132	476	200	95	36	55	394	145	492	17	157
V343	392	162	150	422	75	56	58	71	224	88	222
V344	310	388	103	435	43	238	21	27	67	604	269
V345	35	35	496	39	35	189	133	29	21	32	95
V346	272	202	341	62	145	59	262	40	195	284	186
V347	11	245	809	149	397	180	198	42	59	11	243
V348	36	53	218	30	218	271	249	81	21	262	120
V349	104	163	33	146	85	13	24	174	14	28	110
V350	209	106	249	325	410	74	94	445	49	139	278
V351	22	808	658	194	77	362	151	24	123	1	326
V352	78	375	8	199	25	169	326	100	81	86	132
V353	28	21	202	20	58	214	223	143	648	397	68
V354	399	326	97	331	206	66	146	334	145	105	280
V355	374	62	456	307	90	247	147	251	115	215	220
V356	294	94	200	601	95	105	224	107	378	334	283
V357	10	47	87	125	12	158	284	167	172	6	66
V358	13	320	15	132	380	92	119	159	258	425	228
V359	216	66	1	137	151	223	202	51	553	167	119
V360	170	624	33	510	201	182	285	120	108	158	316
V361	52	61	121	275	128	197	264	249	36	152	156
V362	157	526	219	515	68	182	521	92	304	388	293
V363	82	10	4	172	314	88	8	80	383	64	118
V364	60	154	92	161	246	410	8	390	299	228	164
V365	408	31	16	30	667	161	100	315	301	426	256
V366	36	251	67	444	52	23	198	245	92	92	165
V367	34	66	5	241	7	31	157	124	119	490	94
V368	57	41	319	37	43	122	69	170	118	477	94
V369	158	31	166	147	125	162	146	148	166	36	125
V370	20	12	139	284	238	251	112	358	315	435	167
V371	140	360	147	160	107	802	139	141	16	354	205
V372	310	203	6	76	52	41	334	107	323	78	129
V373	85	145	405	84	485	130	699	75	83	146	238
V374	31	489	235	132	160	48	131	31	24	182	208
V375	194	47	105	185	36	23	523	437	110	78	98
V376	21	945	183	240	93	97	714	875	1159	89	336
V377	41	147	20	75	693	470	271	251	99	738	238
V378	846	218	69	64	65	391	1	187	90	90	200
V379	45	462	255	48	34	80	26	228	105	122	176
V380	74	92	10	199	137	31	114	78	0	260	110
V381	289	143	13	19	632	86	95	638	28	165	269
V382	142	136	7	349	649	40	671	28	1	353	280
V383	25	59	258	96	912	338	274	202	240	72	328
V384	95	84	183	70	150	71	3	170	103	142	125
V385	79	13	41	17	498	14	8	107	93	461	189
V386	239	267	11	58	118	68	295	231	32	153	165
V387	69	111	203	100	139	337	515	149	87	405	131
V388	17	162	66	68	88	45	46	26	158	73	100
V389	1	127	695	94	9	137	102	114	90	125	145
V390	712	32	66	0	460	375	161	52	122	132	228
V391	215	168	43	4	310	118	451	11	602	70	157
V392	23	185	79	144	297	169	89	19	169	1	170
V393	531	239	209	524	213	149	109	568	11	159	311
V394	6	273	233	106	123	83	58	53	109	158	159
V395	29	31	242	90	290	66	138	164	59	328	151
V396	811	207	206	285	106	348	253	345	41	38	295
V397	214	72	281	12	312	211	131	313	51	141	205
V398	629	145	241	746	85	19	99	719	723	44	351
V399	119	68	86	81	758	61	16	16	10	421	259
V400	151	74	240	84	525	56	275	59	30	272	230
V401	701	220	69	106	13	647	63	16	200	146	201
V402	869	270	271	140	400	79	156	5	44	366	325
V403	53	64	156	330	273	275	64	935	153	210	240
V404	71	39	130	295	11	496	75	170	401	323	132
V405	21	69	9	28	180	42	47	20	237	592	71
V406	48	117	90	114	59	367	350	103	227	168	102
V407	68	148	18	11	6	285	111	1081	323	250	111
V408	211	140	179	203	363	88	16	247	407	316	257
V409	536	141	49	16	901	137	33	29	194	254	356
V410	178	133	62	326	324	416	57	114	382	85	213
V411	70	67	39	589	163	412	55	79	100	67	198
V412	314	99	48	155	26	101	103	14	378	494	96
V413	49	56	106	54	374	332	150	280	666	273	158
V414	175	36	16	74	158	104	470	165	416	276	117
V415	1292	454	471	144	189	100	284	9	112	283	439
V416	6	163	168	264	144	98	74	10	262	4	158
V417	215	55	192	65	43	70	55	96	260	126	98
V418	55	8	153	9	602	13	99	343	24	200	234
V419	178	452	70	159	215	36	211	0	94	6	220
V420	474	117	271	39	249	11	592	762	452	110	225
V421	57	76	401	168	218	45	236	158	190	244	180
V422	305	368	58	301	178	63	56	7	736	114	236
V423	541	45	152	188	277	346	36	214	530	279	256
V424	66	13	49	74	42	12	314	44	214	48	51
V425	244	101	74	172	367	118	204	68	38	78	175
V426	126	106	78	119	246	252	131	197	278	134	148
V427	528	68	139	442	21	336	112	54	168	5	203
V428	8	28	38	52	35	427	566	32	2	30	45
V429	156	336	216	19	136	240	35	357	8	61	178
V430	217	56	708	737	73	201	308	116	483	172	287
V431	133	128	176	30	68	155	816	7	396	211	98
V432	411	72	155	51	915	32	115	67	860	288	345
V433	127	90	278	30	783	158	62	118	130	174	297
V434	86	119	33	311	145	262	193	242	46	87	156
V435	84	9	48	85	422	59	57	34	573	168	150
V436	188	300	41	72	81	58	24	61	297	48	135
V437	50	212	45	224	281	17	357	138	58	62	177
V438	300	0	3	102	407	205	3	177	250	42	171
V439	264	69	66	441	82	14	166	424	11	24	174
V440	90	373	105	62	150	24	522	528	97	157	184
V441	134	1	123	189	46	199	228	135	52	88	98
V442	62	150	449	402	20	120	96	90	61	13	169
V443	51	439	499	139	118	295	135	203	222	137	242
V444	197	65	54	15	40	353	36	307	664	210	79
V445	7	247	2	308	220	14	55	671	405	7	215
V446	45	337	75	145	35	711	227	246	204	365	157
V447	122	752	586	166	504	70	140	508	53	72	433
V448	191	349	152	943	263	22	47	23	306	23	400
V449	298	151	823	298	822	186	181	628	300	121	441
V450	107	172	74	251	52	288	301	195	278	74	124
V451	84	179	29	167	120	301	58	64	380	102	126
V452	19	396	62	314	450	65	17	131	958	216	295
V453	16	112	74	100	29	0	130	106	74	69	60
V454	52	26	428	1	117	33	259	87	263	983	104
V455	45	52	190	550	154	50	190	90	224	127	213
V456	431	260	34	47	1	403	262	100	394	33	132
V457	68	28	163	325	138	40	308	88	184	505	169
V458	353	179	150	346	1173	160	81	180	285	19	486
V459	10	217	104	223	58	277	52	89	320	27	144
V460	10	279	110	225	64	346	188	565	178	232	167
V461	344	279	242	23	936	128	101	140	510	167	384
V462	140	438	26	69	246	149	931	341	70	311	215
V463	181	480	219	186	101	762	193	557	259	371	273
V464	25	436	46	146	432	160	251	17	160	165	221
V465	601	140	367	281	69	778	405	130	242	101	224
V466	551	168	96	115	15	202	648	717	365	691	192
V467	194	107	36	183	112	75	14	21	31	91	126
V468	31	85	247	6	172	80	235	161	18	568	113
V469	175	334	172	337	53	25	584	269	29	51	241
V470	684	89	40	34	36	216	42	228	274	94	142
V471	186	909	83	326	117	116	152	145	62	313	316
V472	34	169	240	40	113	245	6	215	46	85	134
V473	95	143	81	186	266	122	437	123	11	130	167
V474	77	197	27	62	12	5	42	253	334	393	82
V475	337	87	286	174	140	579	737	401	104	185	197
V476	63	4	78	331	343	239	30	11	248	336	185
V477	64	199	96	0	114	152	429	3	333	209	106
V478	237	112	624	15	219	26	92	96	78	163	210
V479	89	303	18	1389	116	409	284	105	49	84	445
V480	151	115	113	9	42	332	124	390	49	311	96
V481	467	44	33	239	151	54	159	79	53	4	165
V482	194	104	158	163	113	250	544	304	495	463	166
V483	121	32	172	90	76	407	130	472	45	425	129
V484	21	321	59	157	101	298	242	50	162	152	164
V485	204	29	22	81	226	421	105	93	385	7	106
V486	107	47	55	441	157	29	81	467	311	66	202
V487	699	201	0	26	1	47	68	55	401	5	168
V488	154	157	747	278	197	95	294	76	16	163	227
V489	299	223	6	485	17	81	10	610	13	297	235
V490	77	323	68	202	187	1012	108	3	170	226	169
V491	214	103	76	628	194	28	101	371	131	273	260
V492	163	230	186	120	63	10	95	29	231	40	128
V493	162	494	344	63	705	340	118	81	22	57	350
V494	71	555	238	113	273	11	502	15	34	183	240
V495	160	15	356	506	129	139	279	42	325	62	216
V496	56	86	148	238	410	113	187	10	155	63	211
V497	183	30	463	135	1	61	80	235	199	145	119
V498	744	87	115	56	867	247	412	160	322	211	408
V499	823	2	292	62	6	276	258	522	288	289	186
V500	168	195	213	241	581	177	17	139	66	143	268
