Source001	Source002	Source003	Source004	Source005	Source006	Source007	Source008	Source009	Source010	Sink
V1	95	43	141	248	44	166	303	244	1948	135	153
V2	112	122	274	306	4	32	27	375	23	507	166
V3	192	323	31	438	65	11	453	257	30	705	211
V4	136	182	53	169	65	490	799	478	238	240	140
V5	127	186	2	104	1008	388	67	160	583	333	289
V6	143	204	68	228	1	97	84	0	212	199	139
V7	104	1221	203	359	541	340	276	13	58	399	438
V8	58	40	64	204	374	51	455	14	14	413	110
V9	20	58	306	2	320	18	62	99	323	132	129
V10	4	31	40	250	255	71	88	781	258	669	125
V11	178	113	158	133	169	242	183	49	16	8	163
V12	14	111	133	182	68	228	226	123	154	298	112
V13	16	127	42	2	115	315	35	355	591	72	95
V14	518	40	37	278	78	100	156	856	59	13	194
V15	103	112	18	119	5	225	89	24	6	191	90
V16	7	17	125	82	1190	33	95	172	33	2	290
V17	73	637	3	346	346	295	21	347	31	340	249
V18	38	148	342	684	100	344	1	468	86	265	226
V19	38	80	131	381	210	700	107	378	184	46	160
V20	2	162	127	25	165	260	147	48	137	147	104
V21	1	569	1081	49	59	158	102	89	277	17	327
V22	157	368	173	58	451	26	23	226	239	144	224
V23	68	32	64	369	136	120	55	56	138	130	126
V24	156	134	115	386	73	38	79	473	27	95	170
V25	670	49	123	141	133	22	44	198	130	56	223
V26	59	607	136	65	324	575	60	114	114	51	234
V27	84	142	62	13	54	243	194	2	21	256	65
V28	87	340	287	181	83	6	662	332	580	58	221
V29	354	235	753	50	53	380	57	800	907	137	278
V30	20	88	25	65	13	162	221	100	58	103	55
V31	380	297	36	69	102	35	24	772	460	890	210
V32	205	179	68	190	345	65	436	148	230	18	178
V33	53	204	77	421	37	16	269	34	20	55	132
V34	243	116	238	714	41	299	242	120	156	130	217
V35	126	110	483	350	30	48	509	182	287	1120	205
V36	204	283	13	217	105	62	596	190	28	58	178
V37	48	250	639	166	135	35	21	119	82	346	215
V38	114	64	104	116	38	222	484	41	331	357	101
V39	119	207	136	88	84	249	101	7	147	57	123
V40	15	77	69	635	14	64	963	79	49	137	138
V41	10	289	67	14	204	52	460	1	54	291	128
V42	247	200	4	318	0	581	30	179	144	79	163
V43	129	331	79	231	98	353	714	98	233	205	181
V44	182	128	108	199	64	376	327	3	591	160	159
V45	46	170	105	373	261	170	140	136	675	20	192
V46	272	50	52	101	255	35	104	92	385	148	150
V47	13	89	140	30	140	155	47	174	672	150	103
V48	61	133	231	33	128	434	47	8	157	324	127
V49	116	603	18	31	350	464	225	8	72	196	230
V50	411	1013	17	243	78	106	0	700	94	127	352
V51	71	135	180	42	468	42	187	513	6	91	181
V52	36	81	8	1202	499	439	530	184	33	94	253
V53	2	78	241	58	26	20	107	131	318	30	82
V54	286	144	19	420	9	252	187	375	5	436	154
V55	120	151	284	209	90	265	595	66	558	164	193
V56	146	79	0	182	136	108	311	394	19	31	95
V57	120	35	72	2	123	72	198	241	269	255	74
V58	270	175	172	51	380	102	2	15	350	124	187
V59	161	106	116	561	161	41	51	185	169	8	187
V60	155	17	18	634	441	529	33	144	5	103	234
V61	224	115	21	123	117	25	193	70	102	35	131
V62	35	148	37	371	56	87	390	62	64	102	104
V63	0	100	479	131	787	70	232	144	181	251	292
V64	78	318	124	19	185	325	10	190	322	68	174
V65	836	696	344	288	141	50	432	66	232	520	461
V66	681	336	433	128	63	146	154	299	121	207	337
V67	83	619	597	431	75	65	322	13	2	105	326
V68	1457	46	171	54	79	183	247	150	369	10	406
V69	69	328	397	218	40	896	82	271	81	286	162
V70	787	77	206	235	83	414	50	83	829	80	292
V71	198	158	0	212	692	129	5	420	127	208	225
V72	179	27	872	104	83	122	144	15	101	114	228
V73	136	167	59	30	113	11	239	117	420	318	127
V74	451	351	268	80	132	50	84	387	308	28	294
V75	329	69	197	623	163	485	702	16	191	173	261
V76	322	380	572	234	2	105	828	94	42	127	268
V77	145	113	179	384	82	47	130	668	576	123	171
V78	121	83	27	4	124	391	591	297	662	114	109
V79	105	260	86	262	1	156	1	50	48	288	128
V80	257	6	97	4	78	64	167	92	73	885	139
V81	523	253	258	508	13	26	399	86	12	81	272
V82	241	499	49	22	112	122	382	108	32	183	198
V83	15	466	354	22	92	136	175	63	177	138	197
V84	139	46	29	560	107	78	9	95	50	74	172
V85	107	81	75	454	307	163	140	26	17	84	181
V86	343	77	370	308	92	105	201	45	211	81	224
V87	837	29	25	180	447	252	5	473	65	92	316
V88	63	205	42	293	242	330	110	10	366	179	159
V89	97	32	30	301	14	92	267	82	34	25	75
V90	433	66	53	322	222	60	185	70	73	283	215
V91	308	217	189	86	89	74	129	400	17	509	181
V92	380	47	74	204	197	13	94	148	289	17	217
V93	42	187	233	17	186	29	199	267	462	43	144
V94	27	77	227	180	102	932	101	326	55	177	124
V95	174	276	365	83	48	51	44	77	106	272	204
V96	137	168	98	129	35	22	126	142	57	186	113
V97	13	152	186	24	103	69	204	79	102	187	112
V98	23	185	33	53	134	124	4	111	38	140	84
V99	60	9	178	245	39	356	165	86	115	424	112
V100	7	170	118	69	43	125	75	89	22	230	110
V101	286	20	72	253	188	133	80	744	525	33	174
V102	330	43	132	89	353	11	90	8	103	20	191
V103	127	259	204	19	434	69	334	329	140	100	212
V104	43	182	646	38	144	104	39	796	97	313	219
V105	456	57	68	709	188	8	108	68	2	95	250
V106	111	309	15	51	107	309	261	38	454	13	123
V107	245	120	46	120	21	822	441	1012	279	9	131
V108	16	125	65	2	12	304	209	129	394	77	60
V109	13	193	15	0	5	413	221	309	89	257	81
V110	951	382	203	122	889	412	204	278	250	9	536
V111	115	141	191	490	196	194	13	118	12	659	239
V112	474	175	322	63	376	172	220	602	451	30	271
V113	577	52	209	927	138	51	148	115	53	56	323
V114	142	326	283	436	13	162	106	21	166	38	188
V115	272	31	188	27	444	18	581	3	492	199	213
V116	42	474	19	253	155	88	108	263	160	37	176
V117	687	521	316	34	230	250	17	181	80	322	386
V118	173	705	187	139	39	307	134	358	284	52	248
V119	152	68	169	28	5	392	137	200	704	1178	146
V120	496	199	124	51	153	148	8	265	179	784	231
V121	102	522	325	228	24	113	516	622	44	118	222
V122	0	237	105	32	21	42	212	228	228	50	81
V123	25	128	96	237	81	75	49	42	510	130	116
V124	0	161	396	19	98	17	72	240	97	492	130
V125	20	8	453	171	99	105	133	142	78	138	142
V126	3	68	65	91	72	314	2	421	74	112	48
V127	98	85	736	535	273	288	54	3	341	404	327
V128	959	898	127	451	556	14	123	203	181	85	581
V129	366	81	249	558	247	123	226	72	84	59	282
V130	95	132	310	563	778	96	151	599	20	112	307
V131	436	237	130	27	107	240	281	265	200	114	232
V132	419	11	24	257	74	662	259	131	10	435	183
V133	97	435	223	296	290	41	76	76	40	188	263
V134	38	386	337	217	116	40	328	42	187	0	197
V135	126	333	19	768	203	10	15	15	339	286	248
V136	356	40	5	69	62	301	174	27	257	751	146
V137	40	356	19	86	33	839	133	876	110	171	111
V138	1	311	71	107	74	41	474	19	129	8	107
V139	27	165	45	150	99	979	116	51	88	781	149
V140	38	307	17	140	1	39	17	82	240	84	117
V141	1143	37	122	186	46	673	92	50	606	129	379
V142	589	81	17	31	288	221	346	98	282	71	234
V143	91	585	179	17	36	120	91	212	32	417	174
V144	21	35	182	816	80	548	142	70	15	132	179
V145	28	21	38	547	340	603	236	68	100	53	158
V146	348	57	3	154	59	104	136	210	645	127	151
V147	50	195	378	70	198	157	152	102	137	400	207
V148	32	76	331	111	12	402	273	19	17	68	108
V149	87	69	79	829	263	382	137	372	197	84	222
V150	27	368	189	371	488	62	122	602	197	83	246
V151	51	155	506	11	347	78	756	92	21	121	201
V152	26	10	148	130	398	145	251	199	147	679	136
V153	47	33	80	16	324	67	179	145	194	314	120
V154	19	413	472	439	482	249	71	94	555	4	334
V155	83	48	104	3	50	15	270	417	232	268	85
V156	425	190	145	126	65	131	287	569	31	57	185
V157	46	158	114	246	146	70	431	45	284	407	132
V158	54	27	536	3	508	162	248	50	284	161	222
V159	215	209	67	171	256	33	374	123	27	14	174
V160	222	134	920	91	256	122	66	213	640	377	303
V161	260	334	158	342	230	103	457	856	136	25	237
V162	11	12	284	699	524	99	235	286	108	1129	277
V163	20	250	187	262	65	111	666	452	122	626	136
V164	12	265	320	52	48	21	79	187	174	153	123
V165	201	197	64	257	11	8	201	216	9	153	125
V166	245	638	118	271	16	144	309	143	103	69	253
V167	47	3	179	81	56	25	148	167	100	112	73
V168	102	67	127	266	557	138	462	377	244	331	214
V169	103	256	49	428	653	347	484	205	273	520	299
V170	108	0	398	6	193	116	299	134	8	527	141
V171	6	34	245	464	73	36	200	44	81	90	139
V172	69	5	25	758	69	61	259	58	132	9	138
V173	736	29	386	311	85	2	173	239	58	51	321
V174	211	208	61	24	65	111	27	714	94	60	130
V175	228	3	588	69	8	124	34	70	57	39	187
V176	79	143	486	19	1148	192	643	512	4	115	345
V177	66	306	275	255	346	147	203	14	89	70	220
V178	199	721	54	17	248	69	275	169	29	169	278
V179	52	269	147	47	37	33	674	11	175	39	112
V180	458	569	181	146	10	196	111	397	118	98	278
V181	213	72	48	153	60	86	19	202	24	142	113
V182	546	212	96	118	6	984	7	582	522	542	244
V183	62	42	11	263	97	55	60	207	120	237	84
V184	42	440	335	428	89	147	58	59	200	21	259
V185	88	2	705	336	278	122	8	72	815	42	290
V186	235	39	18	34	229	109	254	26	214	270	147
V187	177	1156	269	3	94	71	124	39	130	195	327
V188	27	175	16	308	51	13	260	747	201	176	107
V189	286	289	67	137	199	59	62	172	17	614	239
V190	38	32	18	687	20	117	620	275	375	130	126
V191	23	66	651	97	201	210	489	643	591	79	203
V192	520	3	31	32	428	61	242	269	184	138	220
V193	393	393	245	142	250	76	86	231	220	148	288
V194	215	195	251	52	25	491	336	123	8	143	129
V195	109	183	50	466	79	105	202	110	667	65	172
V196	134	219	1019	879	613	65	176	46	176	37	472
V197	199	219	685	12	171	400	396	155	250	29	232
V198	45	35	96	26	122	193	118	74	188	15	65
V199	6	200	244	57	93	32	121	254	480	314	110
V200	1153	93	152	39	817	43	297	204	410	385	506
V201	71	495	118	219	351	370	609	25	150	708	250
V202	374	122	24	92	240	130	30	152	279	236	179
V203	20	680	100	158	991	286	330	118	4	53	374
V204	795	682	285	3	256	21	191	241	13	10	422
V205	339	146	148	92	266	36	53	323	162	165	235
V206	4	690	228	45	36	91	290	77	294	280	190
V207	531	521	303	223	213	200	434	448	629	68	410
V208	311	51	51	121	234	162	410	122	744	60	208
V209	49	51	229	396	140	153	90	251	52	168	166
V210	178	304	60	134	348	206	72	264	248	81	212
V211	6	206	348	190	36	9	218	0	91	709	144
V212	97	88	131	42	3	449	94	198	376	165	97
V213	95	71	3	320	222	3	6	325	25	196	132
V214	368	288	375	200	499	55	63	41	71	467	338
V215	4	105	352	17	51	263	485	39	46	6	92
V216	255	202	6	16	305	97	56	240	171	177	168
V217	107	334	83	227	135	190	408	75	202	15	155
V218	187	242	320	41	188	329	41	12	261	114	203
V219	429	68	168	52	249	400	77	110	53	78	216
V220	121	216	220	75	181	108	189	122	157	176	159
V221	41	71	112	168	28	284	65	163	129	65	85
V222	532	365	149	1	52	39	9	51	47	190	234
V223	234	3	169	115	828	66	376	14	521	193	298
V224	160	103	113	229	354	410	138	22	80	560	178
V225	487	105	206	142	312	611	66	462	271	116	278
V226	4	9	194	12	360	9	108	471	497	936	135
V227	120	58	203	126	9	66	381	83	61	265	101
V228	41	1	306	31	272	13	42	60	6	91	123
V229	262	31	10	206	88	44	166	725	755	160	156
V230	27	51	146	82	150	124	25	120	97	415	84
V231	49	308	159	455	648	708	233	52	252	228	301
V232	56	45	224	166	93	125	615	175	202	131	112
V233	112	161	658	31	557	258	707	84	215	248	274
V234	284	24	19	365	624	234	103	37	16	268	254
V235	160	305	21	22	224	192	250	30	170	4	150
V236	218	417	161	113	87	4	126	421	126	50	184
V237	77	28	18	349	24	276	194	218	20	275	88
V238	23	32	50	30	141	391	67	748	194	115	51
V239	149	447	142	60	170	66	20	93	30	313	177
V240	120	84	309	71	68	410	7	114	422	113	161
V241	6	214	423	524	100	312	448	494	101	428	202
V242	240	173	14	84	41	81	202	471	153	172	117
V243	167	51	308	164	79	120	51	393	146	315	169
V244	114	156	85	124	181	58	77	655	160	30	133
V245	632	293	200	7	42	524	499	56	313	28	266
V246	194	66	57	55	265	5	144	56	533	962	165
V247	169	169	90	49	438	210	97	260	147	69	196
V248	216	71	21	56	45	345	147	542	480	296	95
V249	422	163	4	103	669	39	24	118	113	31	302
V250	210	242	20	37	43	112	200	25	46	480	133
V251	259	75	955	229	307	18	349	40	285	119	352
V252	285	810	542	46	92	231	580	394	63	201	356
V253	59	85	15	30	72	32	128	682	73	28	56
V254	49	35	14	186	171	175	110	91	14	65	75
V255	65	285	96	566	608	127	85	105	129	308	282
V256	0	23	327	201	202	137	268	46	124	51	124
V257	107	17	279	114	53	13	69	4	78	232	133
V258	504	177	102	270	40	242	74	7	12	337	221
V259	419	201	125	455	19	19	6	318	442	285	252
V260	172	179	25	80	14	531	164	113	50	46	102
V261	60	156	61	159	98	363	167	272	101	342	122
V262	255	661	8	61	1079	261	184	320	22	211	424
V263	460	159	45	312	188	105	73	150	27	92	252
V264	47	134	160	119	41	40	192	397	496	250	109
V265	13	6	207	261	91	57	233	355	360	158	101
V266	385	372	19	60	166	278	144	298	29	71	220
V267	48	144	111	53	80	368	344	21	444	346	110
V268	93	206	4	111	383	89	377	351	192	114	160
V269	242	75	101	86	288	0	226	11	533	910	202
V270	996	230	77	107	130	19	306	45	4	312	320
V271	43	53	100	407	192	321	211	439	201	1	138
V272	22	294	41	714	156	207	51	135	21	103	222
V273	72	286	299	158	138	242	239	135	279	25	187
V274	278	250	681	87	106	262	313	273	6	302	290
V275	430	42	403	457	166	87	613	113	68	286	298
V276	102	145	347	318	36	569	23	92	38	59	181
V277	492	30	12	323	253	10	20	74	66	621	268
V278	181	35	212	236	308	69	31	93	379	258	194
V279	361	23	363	12	29	1	153	52	40	4	152
V280	290	81	226	178	87	444	157	105	95	0	169
V281	245	183	82	354	13	835	361	21	24	19	172
V282	3	432	164	154	47	152	201	144	139	128	147
V283	443	320	94	104	100	171	14	299	7	222	217
V284	155	58	774	136	313	171	469	20	328	13	288
V285	194	8	39	81	55	263	114	112	90	18	86
V286	53	791	122	325	156	45	184	26	143	2	250
V287	144	394	49	159	98	138	57	7	152	128	147
V288	160	281	57	113	172	117	628	185	527	469	200
V289	239	603	41	58	97	176	25	125	15	222	174
V290	386	115	556	23	183	348	409	47	133	355	249
V291	81	635	138	30	320	254	63	197	18	212	262
V292	148	268	37	112	134	220	87	474	46	3	129
V293	92	7	13	316	100	102	40	34	143	3	93
V294	285	57	19	119	344	13	46	242	155	73	192
V295	522	154	838	400	85	456	32	49	89	343	370
V296	69	36	90	135	84	22	50	456	130	27	86
V297	426	154	306	6	129	377	145	57	272	65	215
V298	122	430	42	118	267	38	567	109	7	46	201
V299	260	19	483	46	61	412	37	433	198	97	182
V300	1026	177	251	106	71	80	130	508	175	330	362
V301	122	166	40	500	353	200	117	184	89	306	227
V302	543	287	902	167	327	559	386	240	599	108	475
V303	18	277	547	717	129	493	280	449	21	269	264
V304	160	145	16	155	338	53	117	239	46	505	133
V305	3	1	30	17	41	26	98	13	82	135	18
V306	50	51	15	181	493	126	29	229	234	275	151
V307	292	12	18	69	284	367	604	21	211	28	137
V308	142	498	121	202	15	33	135	20	273	198	182
V309	149	188	181	63	200	1049	356	453	45	253	198
V310	50	51	111	147	32	347	218	841	27	457	78
V311	25	470	109	164	243	79	205	29	254	298	201
V312	152	85	67	82	259	247	98	24	180	176	141
V313	266	13	34	57	23	37	25	160	34	83	71
V314	41	303	384	132	281	222	57	71	717	8	207
V315	11	73	36	43	55	225	468	26	171	11	77
V316	169	109	97	313	321	201	15	198	498	250	223
V317	542	51	110	434	157	723	182	87	39	14	244
V318	128	285	122	539	181	234	73	219	752	4	211
V319	145	20	127	306	0	195	64	722	285	829	150
V320	103	420	392	348	153	91	473	94	21	73	292
V321	152	117	23	687	272	441	65	120	81	55	183
V322	165	365	237	230	73	117	1	25	116	187	192
V323	159	87	78	201	513	43	134	1	265	59	181
V324	300	54	163	88	269	48	52	218	164	104	171
V325	18	333	67	86	228	118	100	593	95	268	162
V326	756	44	146	659	408	13	80	309	37	262	401
V327	87	312	157	118	255	635	351	11	175	222	222
V328	187	373	27	604	123	132	146	103	90	183	211
V329	98	93	134	172	32	359	5	41	9	549	121
V330	185	245	388	62	483	93	223	86	148	55	276
V331	110	35	12	27	303	84	147	8	459	25	120
V332	28	12	30	41	321	32	106	150	56	208	109
V333	191	234	16	359	54	55	115	121	857	104	179
V334	285	369	252	159	420	197	308	312	7	442	315
V335	262	246	203	248	42	167	124	33	46	456	173
V336	55	164	473	130	672	212	216	508	1	8	290
V337	875	40	1126	335	68	185	0	75	11	50	457
V338	104	36	137	201	383	278	101	11	37	101	173
V339	55	105	164	26	658	129	122	36	231	171	216
V340	102	50	34	2	12	154	85	547	81	237	56
V341	33	485	28	230	11	539	176	21	593	97	153
V342	129	1	461	43	141	588	13	2	26	626	168
V343	139	59	384	150	34	10	30	334	144	66	146
V344	197	125	322	543	707	2	118	307	114	23	355
V345	172	127	249	217	263	337	381	174	113	244	202
V346	94	159	360	568	830	365	130	262	65	21	393
V347	106	26	31	168	882	97	225	689	222	141	208
V348	247	102	275	221	252	75	66	64	116	55	208
V349	734	164	657	296	517	174	335	375	32	363	492
V350	71	575	60	74	39	35	25	118	30	2	164
V351	40	116	25	534	165	302	45	53	27	27	150
V352	25	313	195	507	1075	75	16	5	55	187	414
V353	151	176	109	122	351	492	74	389	165	47	175
V354	347	60	574	257	77	51	21	522	247	67	259
V355	26	96	7	184	45	134	935	100	2	20	67
V356	500	12	1	171	37	637	83	141	405	253	193
V357	8	39	69	255	61	35	236	34	122	473	102
V358	671	35	103	113	126	510	12	127	140	198	244
V359	617	48	80	560	593	14	243	223	416	90	364
V360	355	323	3	252	99	87	57	84	125	275	217
V361	215	616	453	97	140	26	128	91	55	322	330
V362	208	57	284	219	8	75	71	83	348	286	173
V363	435	100	12	71	2	59	1129	823	667	150	181
V364	463	105	88	124	109	310	589	22	30	865	228
V365	84	47	116	223	92	337	668	448	522	62	117
V366	665	192	75	13	61	718	1	767	11	128	215
V367	43	306	63	9	601	98	199	120	11	197	200
V368	219	57	117	682	421	223	184	117	64	240	270
V369	111	84	41	623	261	78	111	111	131	240	215
V370	73	546	377	239	11	142	383	38	250	324	227
V371	307	83	116	510	330	375	24	73	501	147	262
V372	3	36	333	52	40	373	160	75	227	630	107
V373	43	195	177	63	680	16	833	54	60	281	237
V374	158	115	660	4	87	43	411	65	304	58	230
V375	609	10	57	101	223	211	39	105	26	37	213
V376	129	641	6	14	38	36	18	556	456	24	197
V377	102	62	227	396	32	3	129	50	284	499	172
V378	105	60	156	63	1	211	165	29	272	74	97
V379	26	95	437	62	275	695	189	191	273	69	171
V380	274	214	13	127	55	117	265	692	135	213	130
V381	28	346	10	103	385	61	25	98	50	135	158
V382	303	348	93	203	61	0	189	102	11	15	194
V383	227	524	102	188	77	224	40	40	84	181	228
V384	26	350	3	43	103	151	10	417	71	364	105
V385	68	131	207	279	57	8	85	18	878	81	162
V386	719	355	153	188	2	748	52	46	186	27	303
V387	268	19	336	117	29	424	108	203	568	884	200
V388	239	9	260	12	487	303	58	109	273	181	222
V389	305	82	113	141	100	466	65	72	18	36	171
V390	28	170	169	11	15	79	8	124	320	329	94
V391	117	211	166	645	96	803	122	81	165	434	218
V392	319	23	62	15	67	99	23	497	313	378	141
V393	149	410	327	37	137	37	18	253	778	10	230
V394	353	211	10	20	4	6	249	378	709	67	143
V395	159	212	79	2021	98	382	141	367	17	300	420
V396	2	209	317	106	74	43	29	25	750	444	166
V397	260	376	155	152	50	366	327	27	19	393	185
V398	81	150	97	6	226	317	6	164	146	189	118
V399	384	174	537	16	83	221	154	490	1107	130	243
V400	120	188	227	25	16	16	539	125	29	81	116
V401	160	1021	351	130	138	214	300	11	360	324	338
V402	54	26	19	1285	41	317	97	80	207	633	202
V403	101	237	546	45	54	376	42	69	61	585	181
V404	59	264	61	95	154	292	151	1	32	13	160
V405	275	23	187	83	477	5	130	229	186	286	180
V406	99	537	108	436	97	454	127	183	42	467	223
V407	311	168	139	68	431	6	105	202	317	18	260
V408	159	40	74	166	132	55	489	179	92	79	125
V409	41	60	105	417	461	16	163	101	215	302	199
V410	18	73	92	3	22	327	142	45	202	469	64
V411	391	407	149	3	1	407	16	46	156	104	203
V412	141	87	341	50	59	473	310	200	28	48	135
V413	41	195	225	389	257	134	706	191	141	107	201
V414	167	167	97	27	42	163	267	717	109	438	133
V415	115	14	473	88	272	483	38	182	24	61	198
V416	416	323	223	228	201	374	243	295	118	378	316
V417	136	393	331	31	107	72	100	424	183	226	196
V418	506	92	102	162	730	10	401	67	400	231	351
V419	182	27	267	156	3	55	237	181	268	368	144
V420	9	469	411	114	365	51	182	500	18	148	278
V421	543	745	302	71	22	476	228	194	19	47	338
V422	143	78	203	220	572	44	8	0	100	133	208
V423	322	59	485	27	77	121	101	110	12	214	189
V424	317	219	114	138	134	274	129	482	148	324	193
V425	36	405	325	0	6	3	31	721	144	54	155
V426	109	496	120	179	561	1137	147	315	52	141	297
V427	1	64	241	232	2	219	149	100	95	47	83
V428	8	210	431	123	103	211	215	34	69	91	160
V429	324	556	530	1006	102	19	64	198	733	74	444
V430	438	732	480	15	301	38	19	25	83	199	419
V431	489	110	317	259	94	35	20	198	304	22	276
V432	90	193	165	95	39	42	211	557	109	498	109
V433	299	136	418	258	113	71	81	105	69	354	242
V434	245	403	293	129	78	82	468	55	20	423	221
V435	56	94	86	40	446	475	107	133	102	159	153
V436	133	0	267	235	100	19	40	174	354	19	144
V437	307	41	197	227	10	42	223	181	123	72	165
V438	287	333	183	198	10	90	187	132	68	76	169
V439	141	23	67	177	2	533	87	146	124	148	86
V440	167	316	9	171	436	310	452	161	366	62	230
V441	238	79	775	59	16	109	202	274	48	54	225
V442	371	128	530	444	209	69	642	60	44	294	333
V443	54	79	163	0	8	58	12	355	351	147	75
V444	5	187	6	119	22	701	77	1311	344	112	94
V445	34	51	318	189	157	17	232	120	33	140	133
V446	152	60	381	158	27	60	68	206	285	49	160
V447	133	154	245	59	40	156	32	7	214	314	145
V448	62	25	734	115	359	27	892	317	185	684	268
V449	119	19	92	102	67	98	99	58	16	208	108
V450	189	116	76	108	20	490	64	66	3	252	119
V451	327	233	527	11	4	40	34	15	61	102	211
V452	42	7	22	112	149	85	78	124	415	28	75
V453	61	728	131	280	17	18	0	243	174	46	195
V454	129	100	103	151	48	328	10	33	59	376	112
V455	395	258	442	286	185	25	252	227	106	72	306
V456	245	158	57	30	45	458	50	44	134	270	130
V457	21	68	28	190	376	49	74	6	66	85	141
V458	394	688	338	45	498	151	87	82	261	0	401
V459	1110	298	124	393	47	193	61	49	243	62	441
V460	22	145	42	184	517	61	117	535	203	172	187
V461	104	15	180	42	69	333	63	52	240	126	91
V462	27	99	180	260	371	54	60	101	70	92	152
V463	28	565	710	22	130	185	129	149	194	239	272
V464	596	329	170	24	962	19	226	3	56	92	407
V465	171	492	77	242	215	153	426	200	41	159	261
V466	116	64	85	377	104	216	144	19	4	122	126
V467	149	251	25	117	540	922	425	93	15	89	208
V468	510	582	655	513	757	19	977	511	40	144	579
V469	1377	146	721	356	49	427	256	154	171	376	557
V470	275	180	69	119	192	230	219	106	127	190	181
V471	78	201	1298	84	408	152	147	34	73	82	375
V472	321	163	179	50	344	22	27	499	115	251	243
V473	132	98	101	94	616	161	35	12	35	46	194
V474	111	28	672	24	31	348	990	327	13	396	186
V475	139	16	676	60	386	70	134	116	29	82	252
V476	8	462	788	107	42	1383	101	237	74	74	252
V477	54	6	266	48	42	242	1	25	267	40	94
V478	394	263	121	148	7	23	137	125	738	64	228
V479	168	393	281	280	286	18	573	91	152	50	260
V480	132	98	51	322	292	23	17	43	49	44	163
V481	56	31	31	101	313	228	63	51	217	220	113
V482	224	365	51	217	89	96	93	168	521	43	216
V483	43	303	442	75	69	12	37	235	91	194	201
V484	105	13	262	13	102	236	300	32	166	33	100
V485	80	303	215	241	325	137	255	52	123	25	202
V486	36	183	31	217	107	61	340	48	295	296	99
V487	22	114	44	144	354	0	2	104	52	65	139
V488	475	57	17	217	59	202	164	28	516	8	189
V489	369	175	125	2	148	69	197	139	768	219	207
V490	60	183	739	163	300	238	387	26	15	103	264
V491	5	213	121	273	63	74	335	98	203	93	123
V492	103	163	86	114	619	450	20	589	144	201	248
V493	67	115	95	92	190	106	368	46	222	78	128
V494	49	22	56	4	0	587	267	83	271	597	58
V495	64	38	0	520	19	332	242	288	140	178	120
V496	149	11	14	54	1023	81	101	263	247	58	274
V497	25	26	102	18	158	21	75	348	796	68	88
V498	105	641	140	174	263	413	299	35	70	82	251
V499	27	154	54	374	237	213	1012	3	796	97	191
V500	22	77	71	68	166	196	343	147	533	542	115
