Source001	Source002	Source003	Source004	Source005	Source006	Source007	Source008	Source009	Source010	Sink
V1	813	142	110	84	215	57	182	573	777	230	357
V2	239	27	104	276	335	69	107	110	75	34	228
V3	160	84	140	288	90	811	213	4	1	307	143
V4	202	443	66	185	264	558	274	164	62	1107	224
V5	471	342	505	107	82	89	352	892	47	454	344
V6	189	156	169	18	46	71	75	5	52	71	114
V7	113	746	566	109	75	431	144	249	142	159	252
V8	351	296	46	81	163	16	23	67	275	559	211
V9	167	276	56	472	12	11	255	292	139	107	231
V10	23	803	313	119	19	166	60	281	69	123	190
V11	451	32	10	167	93	196	66	252	45	20	242
V12	61	496	135	667	107	75	53	163	52	85	276
V13	152	208	207	69	7	264	639	150	142	302	121
V14	140	100	388	27	112	151	103	708	35	8	155
V15	85	20	31	53	14	201	29	484	270	139	95
V16	217	231	17	218	46	250	156	10	176	17	161
V17	210	763	255	162	214	311	222	11	153	466	249
V18	912	471	162	302	486	99	461	68	270	539	528
V19	72	2	108	678	12	111	558	248	96	198	232
V20	62	160	236	99	169	86	393	212	232	33	136
V21	30	26	7	357	12	111	361	41	22	625	92
V22	210	200	20	269	97	11	231	197	214	72	205
V23	123	25	677	428	671	147	24	49	275	120	304
V24	72	481	30	167	130	126	114	16	9	186	148
V25	114	45	44	37	7	42	53	46	103	46	61
V26	453	664	519	54	107	56	104	40	27	108	323
V27	101	328	4	213	112	49	380	513	390	126	194
V28	129	256	242	64	313	306	95	118	61	156	150
V29	12	10	773	190	21	37	255	72	217	13	125
V30	6	130	49	823	279	410	16	103	79	460	240
V31	121	309	192	15	131	427	26	87	187	63	133
V32	534	56	167	137	83	27	37	143	130	113	284
V33	222	70	385	224	362	113	422	15	108	315	214
V34	358	160	60	4	140	138	172	90	60	173	171
V35	417	79	98	523	86	217	12	510	476	34	321
V36	70	185	442	131	404	274	140	263	117	34	179
V37	115	442	75	411	87	89	56	506	29	15	272
V38	1	139	149	279	142	245	19	230	176	49	131
V39	67	319	186	322	68	51	779	549	5	52	204
V40	530	32	300	336	44	61	27	0	89	239	296
V41	47	3	68	24	393	113	146	25	480	341	86
V42	212	126	220	14	71	264	77	267	128	297	138
V43	8	34	82	960	565	14	236	378	164	407	318
V44	15	25	127	280	11	66	16	263	185	271	104
V45	47	3	281	42	889	234	406	88	145	109	182
V46	111	45	221	169	32	19	193	172	84	182	143
V47	310	479	379	10	146	20	59	50	365	242	230
V48	32	302	170	403	89	238	167	88	470	41	202
V49	1	55	11	296	122	113	120	2	49	153	98
V50	77	26	218	162	278	79	75	3	158	453	135
V51	17	183	59	33	23	72	234	40	397	323	55
V52	357	568	411	111	72	134	61	23	13	782	306
V53	276	436	75	32	174	139	48	59	243	412	205
V54	31	17	139	94	140	64	438	14	70	353	76
V55	515	89	236	309	313	42	108	153	72	2	309
V56	18	240	356	247	290	342	474	59	146	95	154
V57	101	425	28	160	100	131	204	311	79	94	160
V58	38	332	379	360	97	182	211	25	59	351	196
V59	12	113	620	110	280	35	224	2	67	214	158
V60	68	622	123	19	123	377	471	598	19	491	167
V61	33	359	23	75	204	25	927	22	91	17	109
V62	29	24	207	4	664	145	485	27	167	332	140
V63	121	401	232	56	326	20	239	43	291	313	199
V64	64	96	4	398	266	258	1	322	499	337	176
V65	652	75	340	597	205	179	266	68	488	26	436
V66	141	722	463	164	610	57	9	70	120	264	267
V67	238	281	434	394	103	321	47	285	197	104	287
V68	311	81	698	53	108	382	115	33	138	8	221
V69	548	215	138	118	94	96	64	41	24	46	250
V70	172	65	414	122	319	218	235	106	13	74	200
V71	3	680	365	269	323	179	106	190	100	387	264
V72	256	16	177	504	43	583	58	339	119	79	254
V73	73	408	664	884	178	56	36	5	566	190	353
V74	156	204	490	31	424	102	115	150	107	183	187
V75	153	160	10	331	272	143	53	72	35	15	172
V76	50	659	89	34	158	39	181	655	9	55	195
V77	40	86	118	266	49	323	486	89	215	114	116
V78	149	82	271	223	13	49	445	124	136	34	152
V79	104	33	534	197	14	83	80	113	92	76	165
V80	85	276	374	46	180	180	61	77	217	48	144
V81	126	41	113	91	208	81	724	85	65	268	127
V82	369	175	12	7	174	54	58	63	185	282	171
V83	35	168	42	64	583	87	23	103	447	78	130
V84	26	136	39	48	39	46	176	147	351	108	59
V85	42	135	271	57	230	25	142	21	158	156	117
V86	253	167	1064	233	169	89	28	243	28	178	299
V87	114	424	267	107	117	326	801	141	48	160	167
V88	224	470	41	133	95	106	282	142	41	602	194
V89	114	183	62	862	308	404	639	77	83	86	295
V90	66	19	49	344	26	274	5	483	69	700	159
V91	106	282	643	10	308	92	206	29	10	413	189
V92	43	279	316	285	27	25	112	21	172	151	142
V93	15	36	95	629	160	50	766	167	101	300	246
V94	208	2	108	205	26	208	182	358	347	128	128
V95	97	274	210	37	349	169	9	73	183	215	154
V96	149	356	302	96	32	384	99	78	193	84	168
V97	122	435	71	288	503	209	162	307	100	34	216
V98	763	103	265	484	312	206	274	89	722	99	423
V99	209	166	170	218	32	111	690	58	143	393	166
V100	235	129	155	431	170	4	166	356	21	111	265
V101	264	159	181	134	5	579	14	177	8	6	139
V102	134	1321	4	10	177	85	456	84	9	170	241
V103	126	54	105	16	66	3	4	19	401	11	86
V104	102	38	9	35	5	26	57	22	235	41	57
V105	145	97	267	52	83	46	121	80	367	948	119
V106	86	15	181	15	10	32	119	60	147	50	70
V107	575	83	113	39	92	135	34	333	257	337	279
V108	151	151	268	140	1757	71	34	6	24	79	313
V109	89	203	158	401	336	301	227	380	111	91	222
V110	46	423	9	758	30	312	41	228	20	427	241
V111	59	210	170	97	201	163	158	218	558	330	140
V112	5	164	17	33	57	268	339	60	89	10	61
V113	136	6	218	15	38	45	13	34	64	299	97
V114	122	12	842	7	103	54	121	4	157	292	153
V115	12	40	139	31	2	135	250	643	463	83	69
V116	477	0	61	12	317	246	80	3	104	46	227
V117	123	197	28	113	114	206	34	738	65	520	171
V118	169	125	115	289	231	61	26	4	382	433	199
V119	67	54	35	9	263	676	630	17	379	1033	75
V120	1302	134	16	14	171	164	356	160	148	651	490
V121	211	452	206	95	299	147	119	75	119	151	198
V122	191	32	98	160	69	201	359	73	450	299	150
V123	111	135	308	53	433	278	165	135	299	45	157
V124	556	102	98	1	502	26	158	151	164	7	245
V125	29	86	85	91	25	25	67	145	91	39	65
V126	109	548	177	654	8	204	170	520	38	120	338
V127	223	36	815	7	557	251	434	171	208	320	230
V128	134	354	94	30	28	81	128	729	337	20	134
V129	162	14	107	101	213	289	92	75	183	386	129
V130	164	7	59	97	187	45	27	79	61	446	99
V131	42	61	96	466	41	336	45	1071	150	117	238
V132	762	74	439	65	338	258	183	28	216	3	361
V133	88	96	232	66	211	50	101	701	302	189	155
V134	74	32	27	22	331	329	114	116	203	19	67
V135	34	64	398	82	147	146	30	11	188	372	139
V136	36	111	362	95	1	11	118	130	49	47	98
V137	313	380	140	354	24	71	284	20	36	85	250
V138	491	12	165	257	1105	72	161	165	227	589	382
V139	19	344	215	47	2	532	50	104	85	250	77
V140	242	360	75	339	107	69	103	104	126	46	217
V141	141	415	59	237	9	554	18	79	195	46	156
V142	72	303	111	95	374	116	24	324	119	57	174
V143	153	698	83	169	259	37	75	84	593	151	239
V144	74	200	368	233	235	373	40	59	655	780	187
V145	12	61	41	532	340	58	91	80	233	98	208
V146	6	195	217	34	382	120	4	48	253	192	99
V147	99	2	103	414	28	51	89	86	165	193	151
V148	71	237	154	10	206	102	400	745	212	460	157
V149	164	10	214	71	26	574	130	5	1078	23	101
V150	177	367	82	188	254	84	272	124	210	369	202
V151	321	48	107	14	354	590	112	135	522	1	191
V152	294	807	308	429	67	8	411	338	620	6	321
V153	55	11	70	637	291	20	146	299	352	108	246
V154	143	57	362	115	79	0	13	178	125	414	141
V155	303	144	152	27	103	146	103	532	54	36	194
V156	198	67	18	567	111	178	24	85	71	342	241
V157	68	222	275	309	287	40	607	125	140	20	216
V158	120	653	238	117	87	507	325	245	147	170	211
V159	561	23	98	192	202	362	67	230	173	257	333
V160	165	34	18	83	92	16	49	15	305	285	102
V161	15	48	594	60	248	246	85	103	673	134	136
V162	326	1147	254	168	404	411	126	17	105	366	359
V163	567	327	132	166	64	265	513	152	127	39	284
V164	53	156	166	268	160	167	388	274	8	26	169
V165	211	91	388	121	222	383	50	453	38	160	199
V166	479	697	67	191	232	335	432	266	10	332	337
V167	860	166	78	0	61	141	43	403	20	192	372
V168	369	195	228	86	0	33	77	51	89	1773	246
V169	110	100	158	713	235	203	391	215	27	295	268
V170	178	252	214	33	181	117	34	16	178	125	147
V171	253	241	292	38	94	62	58	18	63	343	166
V172	153	125	136	71	71	193	46	2	51	107	128
V173	388	125	62	235	209	736	2	498	290	119	259
V174	4	104	474	117	139	638	27	18	134	344	124
V175	36	163	228	174	375	336	117	345	133	95	181
V176	233	11	146	213	348	46	58	505	70	745	225
V177	255	161	231	19	208	357	224	69	24	60	163
V178	122	310	281	49	317	40	4	28	59	141	154
V179	187	53	155	226	329	225	198	153	93	213	186
V180	580	523	783	81	263	232	145	824	52	165	444
V181	365	330	81	351	154	56	82	53	18	31	284
V182	129	34	102	6	199	121	58	280	19	118	107
V183	7	40	18	146	98	43	342	517	76	350	98
V184	306	147	214	410	206	5	130	147	46	43	266
V185	543	145	1084	22	100	133	91	416	203	297	344
V186	156	45	0	92	115	95	341	34	230	539	100
V187	113	14	4	17	454	260	228	608	27	55	156
V188	26	428	93	422	115	249	215	119	27	671	182
V189	243	42	302	13	562	125	35	27	113	179	229
V190	447	47	97	288	173	199	422	125	825	102	248
V191	84	333	11	30	35	568	196	39	168	240	98
V192	2	64	53	196	164	68	40	105	70	324	93
V193	91	8	85	420	83	0	130	186	31	735	162
V194	74	253	146	20	487	76	133	25	2	210	152
V195	57	33	263	303	400	3	126	386	7	203	188
V196	153	5	40	201	40	473	170	1	314	239	104
V197	336	357	101	66	26	112	68	201	180	66	215
V198	121	621	1	439	44	0	144	49	6	207	225
V199	132	523	145	62	240	198	259	146	12	141	170
V200	305	37	109	147	40	218	52	117	176	224	174
V201	84	333	391	4	79	123	62	129	7	140	136
V202	191	53	158	335	175	406	129	415	78	204	208
V203	53	436	50	44	135	314	60	45	18	35	94
V204	200	55	42	143	112	53	59	708	21	192	157
V205	41	520	346	127	314	144	335	47	9	152	206
V206	327	112	63	288	77	86	122	377	126	163	239
V207	155	496	255	170	239	287	138	136	270	144	241
V208	18	255	59	243	36	182	68	359	460	90	139
V209	159	177	37	73	134	185	145	239	338	32	136
V210	123	132	335	327	344	217	12	76	263	56	240
V211	736	607	662	203	23	643	469	35	514	182	428
V212	10	174	239	168	158	261	425	34	60	29	114
V213	240	532	23	142	361	31	68	109	52	134	248
V214	122	416	127	120	179	178	262	78	5	104	165
V215	56	62	475	123	73	360	67	170	228	73	132
V216	54	171	172	252	234	179	630	73	320	227	158
V217	76	53	1	52	245	55	460	204	65	154	91
V218	143	118	148	1337	178	225	67	129	365	14	371
V219	226	16	172	143	799	177	144	217	105	13	242
V220	429	27	47	139	51	166	233	235	225	29	200
V221	71	62	48	350	117	79	20	122	148	300	151
V222	96	522	20	3	22	777	126	177	181	119	111
V223	313	379	307	201	6	130	153	78	82	447	232
V224	354	112	227	517	51	85	60	639	386	19	302
V225	387	198	62	38	560	241	75	186	70	51	260
V226	422	64	298	0	6	72	82	273	370	403	211
V227	243	36	333	200	276	2	301	71	10	72	189
V228	132	1031	88	350	266	270	274	354	349	174	315
V229	267	772	137	185	108	213	286	939	250	437	312
V230	95	15	284	153	323	122	310	25	260	104	147
V231	194	258	78	662	417	24	8	430	806	48	342
V232	142	354	459	222	13	239	49	398	170	6	199
V233	8	462	170	30	464	65	215	31	494	16	178
V234	52	488	88	20	353	106	110	221	306	740	173
V235	657	10	71	37	567	189	3	9	11	18	327
V236	97	14	15	454	318	45	18	276	523	174	212
V237	135	58	19	25	80	159	1	139	99	189	87
V238	51	135	787	47	158	50	85	741	35	48	183
V239	268	105	72	145	92	127	126	263	137	79	178
V240	52	62	253	131	169	130	199	250	16	338	123
V241	207	61	85	247	141	113	142	156	317	191	180
V242	139	181	535	302	13	388	548	250	81	197	230
V243	532	270	0	290	34	40	63	619	15	188	298
V244	1085	387	13	314	544	305	738	48	3	319	538
V245	355	100	36	52	711	423	28	99	25	138	239
V246	271	301	14	15	20	50	350	124	35	3	146
V247	17	302	6	232	75	320	139	127	173	101	135
V248	222	6	30	206	511	28	115	77	36	438	198
V249	201	198	823	211	791	48	86	169	308	262	311
V250	268	183	132	1111	6	168	106	9	201	189	389
V251	99	83	221	51	506	339	176	38	236	109	144
V252	333	58	235	35	237	3	109	274	185	442	209
V253	371	214	346	203	73	127	158	88	425	368	279
V254	54	109	307	7	32	171	94	29	33	324	73
V255	122	262	228	203	61	114	60	198	30	202	164
V256	56	215	535	301	107	49	114	100	235	12	190
V257	44	34	25	502	224	44	149	214	88	103	190
V258	73	218	141	0	154	154	26	25	56	70	98
V259	189	18	194	112	210	12	5	36	235	33	126
V260	18	79	16	45	531	56	18	379	447	134	111
V261	284	11	49	8	265	6	83	162	60	44	139
V262	185	412	113	165	268	296	11	147	240	43	205
V263	19	113	41	215	12	345	295	7	142	37	78
V264	237	80	662	70	312	226	76	478	54	732	264
V265	111	186	70	146	11	190	73	361	137	447	133
V266	122	24	229	253	17	19	172	151	178	351	138
V267	116	126	80	152	716	374	207	95	386	193	211
V268	79	308	303	955	25	157	305	232	57	41	354
V269	247	424	64	64	63	20	90	10	1467	30	152
V270	17	107	408	9	236	527	529	237	112	52	118
V271	197	12	342	82	133	5	359	161	258	79	165
V272	206	514	176	54	22	190	247	276	172	531	174
V273	199	429	152	104	153	117	0	388	47	10	194
V274	250	79	115	21	15	182	219	6	197	53	102
V275	88	137	288	407	372	901	550	176	620	30	235
V276	284	260	354	61	195	108	32	116	722	277	192
V277	244	27	24	16	150	34	581	169	274	11	121
V278	214	121	178	213	25	213	1111	436	363	425	174
V279	44	187	81	674	36	278	414	56	251	553	203
V280	7	0	5	120	217	344	507	714	165	57	97
V281	97	1563	122	76	362	36	78	138	202	410	295
V282	476	355	269	193	199	39	142	200	142	59	318
V283	74	23	511	195	242	276	442	560	431	318	179
V284	90	14	150	45	134	117	74	73	70	853	106
V285	77	94	525	192	99	105	207	34	216	490	143
V286	487	71	12	36	23	130	15	158	256	55	208
V287	106	77	1017	127	196	65	42	62	181	121	222
V288	243	342	350	51	6	29	30	184	323	69	186
V289	63	32	19	316	32	214	150	324	97	41	115
V290	17	63	15	154	1288	329	325	128	50	117	211
V291	463	131	78	174	236	270	568	104	209	410	258
V292	5	406	85	447	1270	0	91	25	342	721	312
V293	264	156	249	40	71	752	35	364	238	47	187
V294	418	459	197	320	344	505	51	206	37	287	379
V295	296	18	93	163	209	529	144	0	318	137	180
V296	208	638	183	42	57	84	18	5	97	192	236
V297	64	59	25	255	218	1	157	148	140	286	151
V298	256	370	17	398	215	709	222	376	92	276	263
V299	231	11	320	20	147	609	792	2	321	143	136
V300	179	166	207	46	5	687	147	65	159	70	127
V301	352	36	281	20	43	241	355	250	140	13	175
V302	47	132	907	356	122	94	32	126	18	122	238
V303	257	327	670	299	102	107	110	63	67	127	270
V304	684	96	49	49	104	485	222	92	155	151	275
V305	181	150	179	332	53	8	87	297	79	100	216
V306	429	151	90	550	64	461	330	66	369	98	350
V307	202	40	81	397	98	307	9	601	500	159	251
V308	113	39	287	135	109	228	149	192	205	333	128
V309	54	69	3	161	170	219	20	36	198	300	92
V310	25	219	112	296	745	58	68	182	31	116	219
V311	297	223	64	480	235	290	377	62	119	50	289
V312	280	157	226	125	120	26	32	295	343	448	208
V313	14	121	527	152	56	519	520	131	153	210	140
V314	9	174	123	127	63	121	213	374	80	192	111
V315	214	39	23	384	27	7	83	47	317	29	183
V316	59	84	204	571	196	117	242	335	362	550	257
V317	243	195	56	15	30	326	296	222	84	78	134
V318	200	104	148	39	161	19	59	633	332	146	158
V319	191	143	51	1635	589	315	69	47	415	520	516
V320	92	392	1	376	176	209	708	330	69	128	197
V321	4	35	18	79	141	514	136	585	106	23	72
V322	13	466	226	19	726	377	619	140	149	9	222
V323	5	401	150	48	285	118	232	525	123	2	129
V324	66	19	34	148	765	32	89	366	88	483	182
V325	240	333	236	88	226	164	44	46	30	98	195
V326	69	919	203	249	380	245	163	20	87	91	247
V327	110	184	340	289	351	84	383	462	215	419	245
V328	193	60	48	101	138	305	362	60	34	34	146
V329	27	33	319	157	64	784	59	27	39	143	104
V330	697	84	196	183	114	237	26	6	279	74	321
V331	367	5	21	444	316	140	819	2	297	56	284
V332	52	52	353	31	260	80	60	30	76	90	110
V333	163	27	60	98	100	466	208	82	208	116	123
V334	282	183	164	317	84	428	42	31	216	130	215
V335	440	9	13	265	167	47	35	268	74	93	259
V336	140	42	64	0	377	276	38	467	182	3	135
V337	4	54	235	156	74	17	375	38	29	70	88
V338	7	90	52	89	123	862	135	253	14	316	75
V339	49	207	471	338	396	297	24	164	261	117	243
V340	412	403	85	35	191	440	296	119	586	568	222
V341	228	14	127	305	15	14	180	21	314	241	155
V342	310	381	335	74	40	97	179	202	230	147	195
V343	86	295	173	207	689	199	338	241	54	75	214
V344	105	41	187	528	95	18	506	392	695	98	254
V345	9	231	91	124	82	102	305	1107	88	77	138
V346	519	508	279	291	617	39	151	143	56	25	442
V347	125	17	112	41	200	394	25	570	247	344	131
V348	162	30	283	471	95	280	79	244	261	138	224
V349	621	59	71	1	1	25	83	2	241	209	226
V350	119	4	576	877	136	353	715	49	15	278	312
V351	57	170	548	129	7	225	61	335	0	38	163
V352	379	3	21	60	95	169	205	51	105	36	131
V353	83	526	250	310	0	68	133	356	396	125	218
V354	134	102	183	48	697	60	182	109	1	676	208
V355	137	422	264	65	25	138	296	277	676	83	168
V356	2222	47	46	30	63	286	163	11	26	126	735
V357	317	50	35	80	468	12	325	514	262	13	212
V358	31	68	120	1	138	720	35	88	399	258	52
V359	391	323	195	190	64	9	249	117	158	118	262
V360	475	117	223	7	493	167	678	65	1279	3	286
V361	39	204	35	249	57	423	8	20	624	96	113
V362	132	674	25	146	95	495	28	740	411	77	246
V363	185	79	362	625	142	70	12	36	137	187	281
V364	4	12	88	257	406	68	23	186	144	45	121
V365	53	136	121	16	89	151	192	39	179	110	74
V366	212	148	43	122	179	547	569	858	94	463	213
V367	101	459	48	595	30	8	136	412	63	312	265
V368	307	36	73	43	22	230	37	19	57	26	135
V369	47	322	215	81	118	35	450	1174	517	516	180
V370	608	94	345	465	117	246	506	100	58	287	353
V371	39	884	111	340	646	90	217	155	265	135	326
V372	94	22	265	257	647	200	109	171	192	756	204
V373	287	306	712	438	43	201	86	194	1463	380	314
V374	432	175	54	4	153	601	1043	122	326	184	206
V375	14	217	42	55	21	79	225	109	27	7	54
V376	106	77	254	17	97	8	217	100	326	255	81
V377	94	2	159	117	115	143	241	75	179	137	114
V378	241	345	293	51	14	262	57	454	118	54	181
V379	149	40	153	107	65	374	13	312	42	526	133
V380	18	128	47	256	75	57	470	106	40	156	106
V381	21	344	394	132	278	26	283	175	148	264	191
V382	112	134	83	128	0	345	50	111	74	165	113
V383	312	178	79	30	2	171	15	42	209	143	152
V384	17	22	17	16	66	225	280	228	684	93	40
V385	143	70	226	13	83	177	31	40	639	465	108
V386	77	393	25	876	427	67	113	92	40	334	373
V387	308	171	287	35	18	117	32	408	12	27	177
V388	35	118	35	316	89	325	167	87	41	50	138
V389	94	431	21	68	25	12	10	2	17	4	111
V390	257	412	20	173	108	64	33	406	43	75	225
V391	85	159	148	11	30	132	81	38	568	66	59
V392	22	89	259	15	260	298	49	180	107	23	86
V393	0	251	185	278	1146	287	456	826	223	19	323
V394	363	274	210	11	61	97	83	96	625	122	210
V395	497	310	593	80	104	126	559	138	6	293	296
V396	320	100	134	233	6	230	611	250	530	297	207
V397	97	52	132	134	307	120	660	156	306	133	150
V398	180	168	26	6	264	37	51	251	349	236	130
V399	269	155	23	249	660	121	773	153	72	75	249
V400	166	361	69	270	101	384	182	631	73	42	210
V401	548	145	121	151	68	51	246	120	228	28	304
V402	169	70	282	101	227	85	415	445	142	11	172
V403	1439	365	89	242	2	422	150	50	465	14	603
V404	287	80	135	56	196	85	101	560	51	701	213
V405	203	152	38	119	176	131	345	47	187	11	136
V406	19	60	396	18	370	55	222	214	5	22	142
V407	87	157	277	192	188	220	222	76	615	238	176
V408	88	576	1	55	328	33	640	17	166	305	175
V409	72	43	39	485	196	83	31	79	577	35	209
V410	1	140	93	253	2	312	34	23	920	13	95
V411	47	524	78	31	175	394	612	44	117	307	128
V412	246	189	162	81	157	430	144	12	9	75	166
V413	6	45	344	360	174	311	51	591	13	150	207
V414	126	258	1105	264	207	50	604	102	22	96	280
V415	434	20	108	144	296	15	39	154	125	29	265
V416	210	173	81	181	184	214	85	449	301	70	192
V417	81	126	123	233	48	194	315	144	320	519	132
V418	40	70	32	565	83	322	50	19	24	29	162
V419	289	125	237	470	146	560	270	70	102	15	260
V420	43	3	163	163	113	31	198	6	141	100	80
V421	6	275	112	253	211	1055	478	66	10	4	151
V422	222	107	27	14	327	140	1000	163	52	75	158
V423	448	285	143	180	342	551	41	110	69	18	296
V424	199	314	224	318	131	166	21	425	376	164	259
V425	199	453	165	68	195	967	25	283	208	284	210
V426	254	22	265	7	484	2	270	354	36	297	208
V427	20	9	434	125	396	18	386	418	633	10	164
V428	98	172	34	433	38	102	207	78	251	145	188
V429	162	51	44	34	105	607	84	238	202	429	117
V430	287	103	452	62	243	274	88	63	264	359	213
V431	145	5	93	435	98	354	318	530	16	33	199
V432	88	27	175	290	124	12	41	334	142	66	141
V433	526	689	93	11	365	491	734	275	626	305	333
V434	380	105	299	147	189	479	38	38	40	464	235
V435	236	52	30	314	25	295	128	160	543	394	191
V436	180	94	291	15	140	160	153	202	20	26	151
V437	224	218	135	397	10	100	25	614	52	18	263
V438	308	70	100	15	362	116	140	231	4	84	193
V439	443	393	23	129	199	110	232	20	516	634	266
V440	699	36	114	67	493	298	194	107	580	142	322
V441	91	285	109	881	11	39	602	5	74	96	287
V442	307	1	1299	293	79	0	23	342	34	78	321
V443	561	66	87	84	301	10	71	65	1285	373	280
V444	275	404	18	17	292	316	75	475	66	87	233
V445	181	434	547	33	130	410	392	25	42	595	224
V446	163	416	775	215	239	137	9	468	39	215	313
V447	158	218	103	128	44	176	695	50	167	385	134
V448	205	69	233	54	241	72	141	290	118	225	183
V449	118	73	170	177	41	65	47	299	4	77	124
V450	262	66	23	343	458	506	227	128	393	0	219
V451	99	120	633	33	180	235	123	252	210	336	167
V452	55	162	153	157	16	31	63	159	322	102	91
V453	142	147	212	75	108	203	4	230	43	493	132
V454	271	82	154	737	0	45	121	17	11	36	291
V455	81	147	121	213	127	260	622	938	18	419	201
V456	504	243	196	266	211	63	192	42	304	469	287
V457	96	67	454	41	104	90	788	72	650	208	114
V458	2	247	172	253	108	11	639	23	45	26	140
V459	142	168	69	326	76	53	261	169	128	112	170
V460	401	55	264	69	179	287	18	105	200	310	226
V461	525	216	416	842	87	61	137	674	13	792	464
V462	381	86	26	367	45	213	152	107	22	45	242
V463	501	154	97	760	334	200	33	19	211	0	430
V464	305	132	357	5	602	327	226	149	140	308	255
V465	642	410	464	80	329	104	137	363	57	137	412
V466	15	179	137	112	172	415	255	187	141	204	103
V467	167	178	62	387	334	107	149	228	389	112	229
V468	845	15	86	120	39	838	355	0	163	233	374
V469	221	69	554	190	77	472	28	151	23	399	188
V470	52	67	308	378	24	448	82	237	54	96	178
V471	16	35	46	25	110	6	120	128	226	113	48
V472	32	96	427	18	581	143	260	201	268	19	139
V473	185	44	183	283	91	270	159	37	152	164	169
V474	41	224	48	17	176	116	239	55	48	95	69
V475	180	283	294	484	76	155	15	664	192	49	285
V476	194	30	38	629	267	424	16	56	78	153	250
V477	43	48	130	50	83	42	34	230	602	362	74
V478	154	61	82	100	217	83	23	248	164	6	137
V479	44	237	515	175	179	244	11	102	605	35	190
V480	53	263	207	45	417	88	77	61	121	127	152
V481	281	22	56	66	31	381	153	149	73	8	146
V482	226	81	35	314	166	158	430	57	230	53	186
V483	64	167	98	178	429	212	255	221	117	145	172
V484	228	156	268	370	86	136	104	91	57	521	244
V485	27	69	20	3	183	360	94	11	169	36	77
V486	167	275	428	41	2	86	33	250	33	431	156
V487	196	11	140	3	309	368	83	308	375	29	146
V488	46	159	27	138	169	87	286	253	851	11	109
V489	133	19	43	255	87	481	708	615	166	145	165
V490	119	274	425	227	71	306	231	25	354	48	190
V491	101	501	130	52	4	200	135	595	464	87	146
V492	71	57	448	326	368	124	97	257	38	105	213
V493	252	188	534	137	345	65	72	402	111	501	261
V494	64	269	42	62	686	43	332	193	135	4	159
V495	96	520	485	163	119	604	936	76	3	137	192
V496	391	157	175	529	480	648	68	285	509	249	354
V497	552	65	102	47	71	12	249	90	22	22	239
V498	345	274	306	96	317	281	333	314	118	113	278
V499	106	179	37	421	24	215	11	150	23	451	186
V500	75	347	94	25	340	300	180	52	112	445	167
