Source001	Source002	Source003	Source004	Source005	Source006	Source007	Source008	Source009	Source010	Sink
V1	56	194	74	266	75	162	349	743	313	443	199
V2	331	46	58	538	404	105	711	459	68	136	354
V3	98	173	457	73	64	51	0	89	30	57	129
V4	254	66	71	474	378	151	18	741	263	105	321
V5	61	215	47	109	55	32	106	48	36	151	90
V6	54	163	107	155	99	17	22	71	161	347	117
V7	55	276	37	127	76	12	193	272	261	329	146
V8	89	171	118	178	119	123	74	203	166	189	152
V9	156	22	128	65	211	147	60	73	2	107	107
V10	174	8	28	75	131	400	841	142	6	370	121
V11	268	28	548	114	128	28	466	64	116	76	180
V12	336	126	134	8	272	396	1	75	79	508	142
V13	344	309	25	136	62	120	57	125	405	244	163
V14	21	32	147	92	80	541	18	30	169	52	74
V15	5	89	11	291	68	96	40	47	256	109	139
V16	34	152	106	409	206	45	687	33	425	274	255
V17	306	72	332	338	319	87	25	259	45	75	256
V18	77	3	485	156	480	45	87	217	40	18	205
V19	685	652	221	123	325	42	411	136	183	60	284
V20	165	165	51	117	327	88	234	858	60	242	166
V21	76	448	61	224	452	89	123	637	165	52	232
V22	140	4	85	101	55	221	67	119	50	115	95
V23	372	303	66	383	167	9	242	3	398	25	302
V24	114	857	199	289	448	186	334	8	514	116	346
V25	419	58	440	542	321	765	120	155	116	134	371
V26	773	94	106	60	47	120	845	1	528	202	204
V27	140	539	0	41	94	690	117	69	207	616	122
V28	96	36	11	2	121	211	153	18	100	101	37
V29	241	335	105	460	111	145	205	217	61	69	301
V30	158	111	354	74	93	91	142	22	184	2	133
V31	60	101	279	105	344	204	313	385	40	191	179
V32	354	116	68	61	216	59	108	429	303	149	155
V33	189	826	27	167	124	48	238	429	98	237	213
V34	19	382	114	19	321	89	34	468	336	98	135
V35	350	853	14	118	53	330	177	444	5	180	215
V36	115	65	114	376	85	170	124	46	37	107	203
V37	45	124	203	421	88	494	155	583	77	66	231
V38	517	58	84	481	20	34	161	39	37	771	261
V39	121	78	171	153	12	90	49	92	149	539	126
V40	223	459	117	7	132	91	85	85	398	753	143
V41	211	70	132	139	3	40	29	116	3	399	121
V42	16	208	70	72	15	3	19	382	245	102	75
V43	103	140	933	730	45	34	150	98	156	154	423
V44	215	158	318	981	41	77	305	56	109	341	470
V45	40	28	575	99	334	166	834	712	30	58	251
V46	51	26	236	669	607	98	104	300	23	233	399
V47	689	85	71	250	171	168	195	18	115	227	238
V48	418	279	41	377	70	248	267	99	221	158	244
V49	380	107	221	67	111	306	0	363	64	498	164
V50	121	111	12	167	64	64	18	156	306	45	118
V51	330	106	305	77	12	536	41	252	865	13	161
V52	196	123	447	318	109	177	391	13	128	391	253
V53	291	287	86	165	25	118	106	85	57	140	154
V54	170	111	96	33	68	274	3	41	210	279	63
V55	292	24	552	172	81	7	21	565	183	99	206
V56	147	352	203	299	1	389	831	542	1063	163	280
V57	238	244	720	52	111	48	67	119	129	17	205
V58	416	20	425	52	30	156	155	90	34	33	139
V59	811	603	112	11	463	735	215	316	162	70	271
V60	147	32	55	110	133	3	93	117	15	190	102
V61	59	453	106	49	100	205	47	124	124	104	122
V62	60	77	453	106	219	45	319	20	49	111	136
V63	277	128	72	101	43	42	136	14	78	458	124
V64	28	42	56	334	1056	32	108	13	185	64	345
V65	204	63	63	207	280	27	261	371	112	309	186
V66	110	229	900	107	395	17	106	215	428	269	295
V67	233	133	973	220	461	549	129	539	280	58	392
V68	269	252	115	39	31	79	546	365	120	239	136
V69	81	666	128	386	13	353	264	599	479	276	263
V70	77	22	139	128	11	3	455	348	373	34	122
V71	94	234	80	4	195	12	330	382	218	92	112
V72	108	70	57	356	16	238	55	91	271	287	169
V73	128	259	118	169	160	133	54	135	127	131	167
V74	167	22	91	44	115	476	20	5	145	468	90
V75	19	186	145	95	126	12	240	363	45	81	123
V76	319	1	126	219	11	369	509	73	285	132	140
V77	48	183	125	355	1744	468	11	12	331	113	506
V78	153	41	9	180	113	466	57	250	547	192	128
V79	69	259	579	466	17	694	337	40	110	147	318
V80	483	46	104	409	353	598	296	186	269	138	294
V81	179	230	1	494	84	387	124	69	21	25	289
V82	140	373	333	1	526	460	127	82	0	126	171
V83	121	268	105	166	98	103	696	104	26	93	143
V84	261	15	571	135	263	488	138	161	10	12	223
V85	697	69	112	8	95	268	393	20	18	5	139
V86	110	85	72	217	282	2	75	195	496	510	194
V87	338	550	494	91	313	410	356	16	114	94	269
V88	284	145	35	32	340	128	23	52	3	129	112
V89	75	164	127	584	40	246	271	52	692	1359	281
V90	331	104	8	143	174	57	229	401	54	548	149
V91	130	487	83	272	11	144	60	197	272	279	208
V92	142	400	107	209	147	12	42	71	126	81	167
V93	331	120	138	99	175	136	79	42	220	28	169
V94	86	24	91	364	37	100	43	138	228	312	205
V95	353	643	74	150	283	278	65	418	96	196	249
V96	77	89	57	60	11	238	271	983	138	563	100
V97	498	130	5	47	178	132	49	109	66	198	135
V98	276	30	49	957	350	67	363	64	53	135	455
V99	280	175	661	60	10	274	191	25	43	301	169
V100	103	322	232	18	113	17	219	32	258	44	109
V101	7	27	104	151	5	133	48	356	429	40	117
V102	16	18	673	392	239	272	1174	460	169	334	355
V103	226	236	51	136	29	22	21	61	73	467	134
V104	123	1	156	42	305	75	651	100	106	193	139
V105	306	387	81	106	154	224	76	79	69	76	185
V106	155	92	44	10	732	47	22	134	68	115	161
V107	185	2	216	218	44	71	97	592	7	32	144
V108	10	54	263	245	18	659	136	72	189	175	151
V109	103	198	37	54	72	6	52	19	219	59	84
V110	278	452	26	99	126	183	132	93	12	434	155
V111	1300	180	72	499	51	311	23	24	1223	15	407
V112	77	116	77	263	23	49	672	34	43	273	177
V113	701	96	320	11	733	160	14	200	48	160	291
V114	79	149	302	349	62	651	277	283	34	92	183
V115	15	128	74	329	90	210	18	98	243	34	193
V116	156	387	330	3	907	9	47	383	580	51	309
V117	31	128	280	271	176	279	24	40	71	606	209
V118	147	127	287	378	22	135	499	451	63	460	283
V119	8	60	8	568	33	179	167	21	217	175	215
V120	100	144	221	70	21	92	392	37	156	113	101
V121	45	40	128	10	62	226	313	151	15	23	54
V122	302	101	46	976	0	589	162	136	99	143	424
V123	271	125	136	400	217	67	274	57	100	111	236
V124	3	18	34	25	160	56	397	276	84	294	70
V125	639	408	555	339	8	385	785	115	147	205	398
V126	220	327	5	507	91	276	71	198	16	110	283
V127	137	79	113	154	49	15	6	374	556	93	126
V128	335	165	134	186	135	9	111	162	141	106	210
V129	387	255	438	18	343	89	50	89	763	216	213
V130	7	48	198	187	136	252	160	258	253	65	145
V131	202	118	55	309	560	262	50	45	176	210	264
V132	614	734	304	13	337	52	54	334	36	75	269
V133	81	9	122	136	82	15	20	211	360	14	95
V134	37	169	80	94	34	173	313	138	205	388	87
V135	204	629	21	152	1009	12	205	72	6	102	326
V136	173	84	26	44	112	183	378	313	607	47	114
V137	97	48	332	62	26	133	72	12	157	192	115
V138	145	406	290	187	23	125	16	264	46	737	159
V139	251	76	42	242	148	84	21	933	206	37	173
V140	40	4	608	121	120	54	206	111	351	94	161
V141	79	680	241	78	242	38	160	59	42	424	178
V142	418	179	172	69	302	32	353	123	235	489	217
V143	80	59	50	182	258	4	184	45	297	92	160
V144	99	73	78	60	154	347	85	319	290	330	103
V145	185	159	226	30	760	379	112	26	59	77	223
V146	443	196	307	417	345	1320	888	55	150	222	425
V147	20	47	40	76	199	200	179	194	236	192	80
V148	82	485	121	107	119	156	560	51	147	64	164
V149	77	397	170	48	211	849	187	677	320	90	149
V150	88	78	4	119	422	534	0	779	130	78	156
V151	47	54	82	255	132	37	94	6	161	198	141
V152	663	45	344	33	49	202	164	129	67	375	175
V153	103	75	40	36	67	125	477	136	729	50	99
V154	182	159	443	233	46	343	271	233	142	255	230
V155	328	213	540	293	47	95	159	791	77	287	297
V156	43	401	431	45	74	19	108	211	36	123	135
V157	129	72	351	10	304	401	313	765	67	270	170
V158	102	447	228	4	76	10	138	118	175	359	139
V159	50	314	214	117	108	360	508	610	331	187	156
V160	163	4	67	17	119	400	232	21	527	250	91
V161	28	93	145	4	146	305	96	191	689	317	82
V162	345	332	992	431	47	336	190	220	11	120	394
V163	218	298	452	161	786	125	91	156	420	39	311
V164	181	529	306	57	179	110	391	350	37	46	162
V165	64	207	191	183	480	162	85	40	16	428	214
V166	367	11	69	85	252	65	5	87	137	458	140
V167	137	695	20	148	237	137	104	63	743	61	233
V168	85	897	395	394	412	82	383	162	97	309	422
V169	1466	124	183	164	489	100	251	174	174	505	399
V170	355	51	47	72	34	191	26	60	247	164	103
V171	108	54	734	84	501	396	22	21	124	328	251
V172	365	340	10	342	38	67	51	87	164	187	229
V173	67	187	108	172	43	112	460	63	52	152	125
V174	312	151	167	219	19	37	178	184	361	128	190
V175	273	105	165	258	124	92	83	25	1036	312	221
V176	50	27	356	0	36	12	382	203	93	239	74
V177	147	40	125	65	202	218	206	216	168	76	100
V178	227	948	19	308	156	105	1119	35	24	15	311
V179	23	91	144	2	91	168	196	136	321	389	52
V180	13	475	210	12	525	7	275	219	100	335	199
V181	98	394	60	330	36	32	381	23	52	271	208
V182	462	511	529	147	155	326	243	396	21	17	258
V183	181	12	22	165	113	55	52	454	19	122	120
V184	43	190	221	117	61	305	213	173	324	216	127
V185	73	25	113	449	312	24	172	215	0	2	274
V186	98	356	289	50	48	304	378	272	34	298	155
V187	34	179	131	277	146	16	665	195	28	23	187
V188	167	403	32	622	5	837	581	233	596	68	356
V189	592	26	318	0	714	141	55	162	325	264	272
V190	256	92	201	628	230	70	88	6	361	210	391
V191	82	72	377	587	33	125	15	12	361	343	278
V192	8	33	646	215	77	12	392	224	129	67	196
V193	149	529	290	26	62	40	138	337	111	164	139
V194	515	179	51	443	144	254	29	312	150	65	283
V195	105	80	231	89	56	269	479	139	69	293	113
V196	4	6	179	334	395	73	77	71	107	91	223
V197	71	165	202	5	18	245	128	362	35	64	69
V198	122	80	82	121	26	149	67	110	25	347	93
V199	149	6	63	293	60	7	276	503	44	30	163
V200	589	69	64	604	187	82	457	353	8	256	409
V201	112	54	20	39	173	534	707	1022	79	65	129
V202	374	413	348	606	9	154	345	4	295	282	385
V203	188	9	1072	59	1205	52	0	105	108	293	408
V204	68	404	192	296	389	61	349	66	127	235	276
V205	226	208	79	112	197	11	109	15	7	41	141
V206	66	70	69	69	743	0	18	544	125	157	209
V207	59	19	247	700	356	28	129	43	43	47	364
V208	214	121	89	259	492	103	67	46	151	216	232
V209	16	4	293	154	73	115	35	61	978	26	134
V210	127	360	220	97	58	43	568	176	9	432	150
V211	180	6	12	27	120	231	40	100	66	77	63
V212	41	73	35	35	113	115	97	383	270	29	68
V213	43	115	626	55	98	225	287	191	87	436	143
V214	1139	118	36	107	66	51	1062	148	39	576	289
V215	321	171	435	29	445	311	36	269	358	218	229
V216	11	136	208	47	60	205	165	74	90	20	80
V217	21	556	35	162	579	106	162	54	236	243	243
V218	959	636	255	624	168	462	27	581	140	150	514
V219	2	118	18	1	223	28	283	51	118	238	71
V220	48	193	317	661	0	107	68	267	403	52	332
V221	692	211	292	226	164	292	145	65	723	127	293
V222	54	269	17	17	298	240	597	104	228	15	115
V223	633	34	236	31	74	546	39	18	521	1	172
V224	277	41	46	333	283	138	60	30	86	227	248
V225	185	194	97	24	45	443	588	3	127	111	89
V226	32	190	192	42	197	85	3	29	82	36	90
V227	213	498	316	131	141	230	16	262	166	149	201
V228	8	545	5	297	127	85	747	119	187	211	223
V229	36	125	382	270	437	223	314	206	31	228	264
V230	22	108	216	68	3	95	29	537	162	330	86
V231	236	230	267	396	80	84	102	189	17	323	233
V232	183	142	121	208	130	33	70	768	211	154	184
V233	74	92	327	176	305	36	309	531	2	368	200
V234	67	178	104	66	103	147	44	13	523	8	90
V235	300	200	337	193	62	72	60	347	151	89	203
V236	407	39	153	87	11	17	57	59	54	241	110
V237	118	7	353	114	11	31	52	73	328	172	121
V238	304	292	54	52	49	150	85	76	158	68	102
V239	203	25	231	253	399	341	107	604	0	22	230
V240	54	142	7	33	461	271	123	129	99	29	124
V241	8	199	795	47	3	227	240	262	661	13	185
V242	71	335	670	29	12	58	323	285	275	557	176
V243	319	380	42	85	307	5	44	161	314	399	184
V244	20	75	27	167	81	166	388	489	140	16	112
V245	330	23	64	123	262	205	425	166	8	345	175
V246	340	193	213	24	136	966	91	90	170	279	138
V247	6	225	166	205	277	116	67	526	266	349	221
V248	212	54	521	272	173	726	14	20	146	57	242
V249	35	242	67	81	124	136	239	218	75	238	112
V250	39	105	21	71	227	38	301	35	20	57	90
V251	235	73	493	445	190	602	350	815	122	26	333
V252	48	438	143	205	59	200	119	40	110	58	153
V253	53	246	106	148	281	167	47	44	280	65	160
V254	4	28	561	94	1	605	71	20	68	57	127
V255	227	351	158	147	1021	366	343	75	10	268	314
V256	41	61	55	25	73	0	376	272	356	68	59
V257	19	229	136	651	313	5	129	183	66	403	333
V258	240	66	107	145	38	79	270	421	384	213	143
V259	201	22	170	94	407	96	365	62	163	66	180
V260	1367	99	632	267	353	89	179	41	70	405	448
V261	161	122	133	46	88	89	452	200	113	146	104
V262	231	126	433	307	36	241	182	219	313	46	256
V263	64	140	223	145	246	213	214	49	89	30	159
V264	45	64	191	13	52	228	0	314	189	364	71
V265	268	292	158	292	281	42	153	156	948	815	249
V266	366	12	401	84	800	289	53	190	476	256	269
V267	361	109	95	145	37	44	10	337	348	742	178
V268	430	80	405	5	344	33	123	16	263	120	173
V269	92	169	399	243	77	424	218	38	74	226	185
V270	242	215	110	177	47	17	230	36	318	39	153
V271	240	555	0	13	393	226	54	90	443	289	195
V272	161	499	4	22	113	253	409	288	93	196	142
V273	72	41	68	39	346	12	23	17	166	334	104
V274	355	350	164	332	313	124	223	36	167	74	287
V275	57	94	312	462	262	81	196	99	321	348	277
V276	98	244	69	271	198	280	69	265	124	196	186
V277	203	54	89	18	736	22	321	220	145	39	210
V278	332	299	59	79	217	340	226	5	450	48	182
V279	41	312	11	57	193	177	212	309	367	80	94
V280	47	150	259	32	18	11	618	8	232	60	96
V281	498	137	636	215	102	267	175	171	461	322	260
V282	24	429	251	366	263	64	30	287	86	47	254
V283	689	0	140	10	94	153	150	260	1	336	141
V284	106	57	96	532	64	80	373	68	153	337	267
V285	0	280	8	27	159	30	150	273	287	86	81
V286	100	518	193	381	570	114	381	585	270	239	364
V287	94	648	31	5	149	182	25	207	112	289	126
V288	123	194	14	47	192	53	230	794	172	13	107
V289	12	1210	235	121	126	288	206	133	67	147	215
V290	183	100	10	448	151	103	49	130	62	96	215
V291	49	27	213	162	246	151	131	24	41	109	155
V292	813	40	495	119	284	256	261	152	2	59	290
V293	252	517	901	134	73	17	324	723	333	57	269
V294	515	196	366	521	22	63	164	124	9	803	363
V295	139	682	223	143	456	453	290	53	159	88	260
V296	153	346	196	94	294	151	481	5	123	53	197
V297	62	161	208	113	720	63	98	273	79	128	217
V298	271	86	13	36	171	326	212	30	50	69	103
V299	40	279	300	70	29	206	208	61	184	26	127
V300	94	33	129	297	6	11	17	144	173	29	157
V301	282	5	307	185	112	753	198	232	185	4	207
V302	92	80	32	103	229	15	729	769	2	115	138
V303	23	71	211	33	128	3	28	166	148	436	69
V304	97	41	219	9	18	536	48	140	175	162	69
V305	196	265	11	76	394	90	33	35	463	109	166
V306	120	275	46	141	82	43	1122	38	87	15	139
V307	44	255	80	209	3	359	237	21	196	660	146
V308	107	53	154	756	181	366	57	591	223	119	368
V309	22	303	242	138	75	391	238	266	24	20	147
V310	238	456	243	107	25	291	40	48	65	21	170
V311	427	713	21	554	190	16	214	564	383	280	387
V312	156	152	89	137	118	394	82	117	16	31	128
V313	624	576	247	331	359	3	61	2	192	152	370
V314	129	50	486	32	94	19	143	54	42	355	120
V315	446	138	191	105	124	200	382	12	181	212	167
V316	204	89	258	275	97	62	21	359	475	816	222
V317	635	112	566	12	19	12	53	59	319	6	199
V318	223	104	268	1142	289	219	340	263	8	1503	546
V319	380	387	893	598	410	880	252	283	158	0	516
V320	1084	84	59	396	233	296	192	327	334	25	369
V321	308	310	177	233	1013	202	144	374	224	526	348
V322	109	138	2	181	7	267	29	118	412	160	104
V323	234	87	191	377	580	28	139	306	79	94	294
V324	150	95	75	171	146	5	102	247	26	324	151
V325	32	53	110	406	159	589	103	1	317	41	244
V326	170	352	144	103	136	169	5	483	738	163	163
V327	262	138	347	268	301	200	126	48	336	51	247
V328	7	99	825	554	157	682	51	258	97	28	352
V329	300	156	82	140	247	241	132	629	83	28	180
V330	204	232	154	54	5	93	5	214	70	139	105
V331	603	9	540	4	285	125	200	143	251	125	223
V332	218	17	252	159	99	46	210	384	164	117	168
V333	35	87	367	66	412	519	59	365	15	110	174
V334	48	283	545	785	283	434	177	89	622	34	496
V335	325	583	287	5	72	51	371	374	575	564	202
V336	308	118	244	148	618	195	579	387	182	255	300
V337	32	102	63	28	116	109	280	432	612	112	104
V338	428	42	438	37	80	90	294	180	0	21	163
V339	102	51	70	337	205	216	99	498	331	34	189
V340	34	231	445	14	0	340	198	115	263	104	122
V341	164	40	217	59	45	261	223	56	169	138	88
V342	82	82	66	143	180	16	3	65	3	7	126
V343	253	176	116	310	265	214	196	122	70	208	242
V344	278	105	148	277	356	257	429	136	61	493	251
V345	378	336	161	96	305	29	42	328	76	152	196
V346	401	4	93	22	86	220	64	367	590	43	117
V347	5	124	473	72	128	369	88	479	246	220	165
V348	576	163	4	83	30	25	4	153	24	11	150
V349	271	199	59	71	4	111	187	257	53	32	109
V350	337	13	344	91	0	298	41	32	218	161	148
V351	138	757	197	63	168	269	88	281	137	134	184
V352	1	219	476	12	94	19	113	231	406	635	122
V353	10	384	5	359	9	431	37	49	127	667	189
V354	133	421	105	18	118	238	274	218	213	68	135
V355	387	3	775	812	179	162	53	77	164	147	488
V356	204	150	743	198	12	295	482	567	59	550	248
V357	383	64	181	47	173	127	153	81	104	465	136
V358	17	12	41	467	924	179	7	410	20	79	348
V359	150	32	627	251	22	346	24	233	70	14	222
V360	509	51	189	138	162	521	709	63	118	106	213
V361	67	209	293	26	32	76	85	146	293	120	89
V362	175	195	523	283	89	321	321	7	334	37	245
V363	493	186	22	298	42	48	147	76	565	28	225
V364	286	37	98	401	149	465	12	192	547	237	252
V365	937	0	650	82	112	208	60	194	180	382	266
V366	212	67	201	53	74	60	281	44	14	27	104
V367	110	283	50	61	231	156	6	318	79	1261	123
V368	347	452	51	37	13	9	224	15	167	181	125
V369	92	122	27	114	89	0	292	425	47	336	134
V370	83	255	224	49	41	238	909	55	803	43	115
V371	393	229	381	332	1	635	66	233	316	116	293
V372	71	93	112	58	68	35	502	24	264	134	94
V373	270	67	44	9	250	98	455	29	107	263	122
V374	236	1047	358	859	64	924	114	96	313	253	549
V375	243	75	263	185	339	247	151	102	59	172	234
V376	182	69	30	80	0	270	0	221	65	150	83
V377	114	479	124	10	2	225	225	584	27	431	91
V378	97	547	94	146	32	276	35	250	174	2	155
V379	13	10	355	221	143	24	36	27	142	453	179
V380	17	373	12	625	294	234	470	55	511	122	350
V381	60	177	120	336	228	58	318	400	508	192	245
V382	51	426	173	21	213	180	178	713	30	141	147
V383	91	190	17	824	19	811	140	74	336	141	318
V384	408	146	64	616	115	73	111	149	1256	48	402
V385	131	251	35	249	1652	228	339	58	175	156	450
V386	203	13	97	166	14	837	41	224	69	235	120
V387	28	23	85	33	466	768	146	69	195	206	126
V388	46	226	193	543	509	520	325	79	98	12	366
V389	209	51	93	428	262	83	324	116	415	335	252
V390	58	511	106	113	315	306	40	159	113	196	187
V391	272	159	54	35	246	210	51	75	35	17	111
V392	278	174	55	95	36	225	440	85	169	266	117
V393	34	4	620	270	28	309	415	123	294	21	223
V394	1	231	319	178	108	451	329	306	305	323	188
V395	33	9	43	33	46	405	304	10	31	117	44
V396	288	170	85	25	9	278	65	380	281	55	90
V397	234	7	264	199	1178	217	159	8	204	93	362
V398	309	71	64	80	71	170	76	217	49	127	104
V399	406	94	48	70	382	177	54	36	696	138	193
V400	142	12	201	42	306	30	231	35	228	326	130
V401	372	316	155	106	142	94	115	43	259	95	170
V402	77	120	72	92	32	160	86	176	5	335	76
V403	309	57	33	6	30	187	49	603	432	60	98
V404	159	667	84	66	81	64	71	46	282	105	146
V405	262	47	109	88	211	724	277	760	26	129	148
V406	140	84	140	48	94	506	79	31	11	191	95
V407	34	58	156	189	48	44	249	200	122	336	117
V408	77	35	17	369	165	126	19	49	118	146	213
V409	254	164	65	108	72	560	6	89	108	214	145
V410	215	80	73	943	66	142	7	86	41	255	413
V411	60	28	534	790	225	147	93	27	55	67	466
V412	301	422	249	459	386	140	66	19	55	792	374
V413	26	54	131	32	179	70	197	116	16	221	81
V414	43	159	8	318	53	144	307	214	327	463	195
V415	223	338	199	239	75	39	100	246	70	242	211
V416	174	51	453	95	197	160	369	50	168	338	196
V417	53	170	53	511	120	29	29	121	63	359	229
V418	14	577	118	267	122	136	286	40	455	160	198
V419	7	471	44	71	13	173	492	98	52	521	110
V420	92	115	40	96	195	379	308	45	54	256	109
V421	41	422	24	132	55	187	26	314	97	33	125
V422	104	147	5	159	23	135	134	292	408	54	108
V423	506	39	242	80	153	51	130	169	35	358	164
V424	51	26	43	328	32	501	119	27	214	24	148
V425	79	21	76	216	84	21	448	1082	340	194	171
V426	124	97	116	311	14	275	74	202	43	237	143
V427	53	122	533	211	643	231	184	0	58	314	288
V428	44	264	117	202	250	221	150	286	183	249	203
V429	67	25	45	172	80	23	1	219	6	2	87
V430	18	305	174	325	317	51	311	343	96	4	249
V431	11	46	31	425	95	133	32	36	594	97	203
V432	253	511	14	74	132	306	53	377	227	55	161
V433	242	297	157	36	2	93	24	25	38	96	98
V434	111	180	46	166	94	55	17	241	160	260	146
V435	34	133	536	33	33	183	109	526	140	227	124
V436	84	96	337	87	99	74	6	221	234	32	126
V437	111	46	61	14	565	537	755	285	747	124	205
V438	169	293	235	19	131	152	142	98	431	517	135
V439	56	166	122	301	681	205	43	121	9	136	266
V440	221	160	554	0	51	142	116	46	26	400	128
V441	28	294	155	10	75	126	65	41	301	582	90
V442	29	197	98	232	251	563	165	134	167	72	176
V443	27	118	492	21	122	66	4	126	311	29	117
V444	43	134	337	95	110	31	108	467	383	170	128
V445	300	582	41	27	41	278	258	116	463	70	148
V446	547	829	397	250	58	1092	169	43	168	479	362
V447	76	138	78	389	0	33	875	257	147	305	222
V448	66	269	62	173	52	482	161	163	296	253	144
V449	72	509	518	343	169	16	276	87	78	117	296
V450	40	101	62	256	244	23	172	200	0	184	166
V451	23	4	67	43	65	347	547	71	398	241	71
V452	14	875	130	204	70	122	127	431	363	183	230
V453	41	162	38	38	8	225	288	74	228	51	63
V454	283	27	245	109	204	323	397	61	2	96	161
V455	105	100	332	43	129	101	261	469	43	17	128
V456	8	142	58	108	9	137	159	75	97	46	73
V457	277	16	92	1393	41	52	62	194	72	157	595
V458	25	111	27	347	242	220	110	127	105	169	213
V459	297	115	90	400	221	430	209	607	188	443	280
V460	163	26	100	234	51	210	147	53	299	351	132
V461	177	61	378	793	153	135	123	156	388	332	425
V462	593	106	19	58	235	163	139	47	101	607	169
V463	222	855	96	150	40	6	218	112	4	169	219
V464	360	70	172	158	124	56	35	418	78	141	175
V465	68	8	72	304	82	151	110	97	32	39	148
V466	38	249	85	149	324	107	126	305	20	42	193
V467	267	210	354	264	25	226	16	137	74	202	213
V468	301	463	245	156	358	25	300	84	462	25	250
V469	347	94	124	13	340	113	23	134	302	40	166
V470	114	288	3	55	318	210	37	693	196	74	145
V471	30	27	123	248	134	234	211	319	13	169	152
V472	35	289	678	146	80	0	157	76	185	693	218
V473	840	180	19	395	216	58	84	594	70	61	344
V474	199	28	5	159	539	252	123	65	8	121	207
V475	275	53	60	133	109	168	293	118	585	140	149
V476	322	149	43	563	445	94	2	207	188	16	369
V477	207	63	29	71	896	61	41	133	24	14	228
V478	119	408	337	250	1390	145	15	44	26	365	452
V479	154	85	121	172	800	109	556	5	103	140	247
V480	416	74	56	97	26	331	154	112	156	3	127
V481	44	45	188	12	205	162	72	11	289	23	89
V482	134	253	30	130	791	133	215	0	20	147	208
V483	142	57	28	183	75	163	339	112	320	111	152
V484	241	36	235	17	161	89	85	209	150	243	109
V485	213	817	69	601	41	419	132	21	519	115	357
V486	218	134	156	202	450	126	24	113	119	148	213
V487	186	103	199	40	250	394	68	210	289	128	148
V488	123	83	75	245	645	203	536	348	356	576	296
V489	19	108	242	50	116	47	132	141	88	758	124
V490	247	169	38	810	68	11	3	10	114	325	402
V491	3	130	414	25	245	204	182	241	48	285	123
V492	93	192	350	77	66	212	882	191	34	29	136
V493	201	702	25	350	380	56	1	86	19	191	278
V494	179	189	13	17	130	537	57	188	85	33	93
V495	993	212	45	5	1	142	303	5	100	230	152
V496	235	290	92	49	444	102	4	145	164	326	170
V497	48	291	219	425	202	155	200	12	457	115	314
V498	23	328	448	181	31	350	179	183	824	35	204
V499	84	192	200	144	818	99	53	38	488	554	298
V500	62	645	1071	473	29	569	7	158	203	357	388
