Source001	Source002	Source003	Source004	Source005	Source006	Source007	Source008	Source009	Source010	Source011	Source012	Source013	Source014	Source015	Source016	Source017	Source018	Source019	Source020	Source021	Source022	Source023	Source024	Source025	Source026	Source027	Source028	Source029	Source030	Source031	Source032	Source033	Source034	Source035	Source036	Source037	Source038	Source039	Source040	Source041	Source042	Source043	Source044	Source045	Source046	Source047	Source048	Source049	Source050	Sink
V1	105	90	173	481	90	79	64	3	26	307	224	125	71	71	57	271	54	571	163	582	338	116	183	316	436	57	532	139	29	136	307	45	36	355	9	174	365	28	123	621	24	416	183	261	210	120	74	138	30	251	105
V2	117	284	188	397	1	90	365	201	217	391	92	187	57	183	29	9	62	80	172	275	179	238	30	324	136	4	153	317	197	136	15	67	112	73	508	47	245	288	132	305	323	160	61	74	92	291	280	15	261	416	129
V3	145	451	597	217	4	528	158	76	203	246	119	245	261	417	97	50	14	16	63	161	312	218	143	183	30	10	131	840	340	305	39	120	4	42	196	344	202	131	12	84	8	15	248	501	167	76	135	19	196	264	171
V4	295	42	74	40	275	646	118	506	175	31	279	292	248	62	159	442	162	40	81	842	470	29	895	89	239	30	208	93	522	189	144	38	165	152	29	58	911	329	229	99	72	150	28	2	712	65	191	69	327	650	260
V5	37	287	164	31	190	77	252	188	352	487	22	211	506	2	232	13	29	102	143	112	30	13	119	199	236	312	82	78	145	654	92	22	400	203	421	235	286	63	4	482	214	40	122	286	146	32	31	316	110	107	82
V6	140	215	172	100	227	1085	94	31	412	23	581	353	196	46	62	423	17	365	74	459	189	287	63	69	209	503	794	443	158	54	72	391	426	40	209	148	2	11	24	134	293	489	412	244	106	159	62	158	14	405	155
V7	69	568	439	330	1064	43	418	189	348	112	380	107	27	8	29	101	284	55	20	23	41	77	282	171	345	464	101	53	52	244	135	356	119	39	353	551	3	327	64	13	235	17	215	5	26	176	5	465	45	274	133
V8	218	195	660	239	1333	81	398	120	330	108	33	16	35	55	12	235	24	247	89	145	59	101	332	108	504	473	89	115	127	503	8	320	58	317	101	182	77	188	290	191	291	42	151	75	42	121	275	82	120	41	195
V9	52	616	287	113	51	46	166	396	234	256	273	203	90	234	30	173	95	9	224	111	95	370	43	99	299	14	23	39	97	76	92	84	716	162	559	120	115	545	998	59	98	26	257	829	185	63	66	516	81	65	115
V10	142	192	127	70	121	285	146	245	723	547	345	193	81	125	104	208	7	160	67	450	187	103	37	233	235	356	55	244	46	41	100	108	27	92	101	75	107	413	164	482	121	18	42	48	69	288	98	19	66	82	135
V11	101	619	526	41	313	24	45	791	375	52	279	77	190	16	225	92	15	41	203	690	121	22	57	50	368	33	41	151	18	128	329	40	123	38	497	138	117	24	285	197	183	90	218	84	429	131	75	523	390	94	156
V12	206	142	126	443	74	74	473	7	285	50	258	219	108	112	39	308	119	67	190	448	198	117	895	92	23	373	229	84	395	21	59	27	273	78	126	204	86	670	91	31	22	67	486	274	124	430	143	832	55	116	192
V13	16	123	199	147	134	465	436	181	8	413	68	135	110	636	15	8	26	196	112	176	8	600	106	65	57	71	457	361	461	81	221	294	46	112	52	164	546	33	75	181	81	254	295	96	137	51	65	488	39	17	57
V14	49	29	13	331	18	193	269	322	16	276	633	132	133	132	179	243	262	79	81	302	67	43	45	156	148	117	412	34	318	356	26	276	12	500	95	90	141	14	161	377	14	262	481	98	128	290	307	464	111	156	58
V15	4	100	151	88	407	207	150	163	42	18	145	8	238	368	201	117	345	193	72	75	395	207	219	729	31	376	2	38	113	748	82	146	627	74	300	13	706	0	388	541	601	497	218	121	91	288	118	204	173	44	39
V16	66	97	522	205	1	232	56	1013	123	46	5	111	234	493	522	53	0	43	34	34	42	28	299	235	995	616	77	478	36	183	27	113	70	24	78	118	87	597	246	105	136	235	170	27	126	65	219	309	371	220	98
V17	148	19	55	41	21	33	74	525	169	252	53	156	260	676	42	230	247	60	196	123	432	1	95	40	164	175	115	278	80	185	96	213	208	166	12	43	531	486	637	159	66	59	97	392	758	312	302	52	142	253	147
V18	111	127	379	87	577	243	236	28	180	330	27	46	86	560	195	87	28	111	463	19	366	609	569	14	169	129	226	22	11	40	5	18	114	300	581	84	56	38	23	77	147	94	440	4	344	75	32	149	167	210	116
V19	115	122	224	81	90	604	318	39	36	68	146	5	193	41	163	169	435	22	66	26	245	1	440	194	235	98	167	80	15	324	418	7	40	128	223	338	151	247	312	62	121	96	230	318	53	12	101	186	54	175	135
V20	15	3	20	181	181	106	2	102	207	817	93	688	222	148	386	264	60	84	512	405	151	126	25	151	131	243	110	40	42	85	65	375	194	195	63	272	254	546	106	28	392	642	1	2	215	71	132	97	193	77	21
V21	538	87	15	287	58	120	34	426	561	2	51	447	163	181	444	777	124	148	319	259	43	78	21	233	16	126	280	230	3	39	385	10	251	1	101	32	206	214	149	14	13	1047	718	321	18	195	244	451	289	82	474
V22	154	895	377	204	27	8	750	165	427	56	61	132	37	369	130	64	160	102	72	90	8	85	27	202	74	145	368	17	63	143	22	10	416	83	131	555	105	400	202	77	171	7	153	167	420	353	75	17	682	58	267
V23	85	110	34	52	63	22	292	30	632	235	58	535	23	550	207	10	158	0	211	260	9	112	104	118	233	16	104	93	21	243	1158	335	230	242	321	24	57	4	281	12	178	152	207	196	95	411	213	6	130	51	116
V24	84	47	574	124	422	188	10	316	247	8	166	31	507	44	13	72	297	269	440	399	744	146	82	19	531	375	84	169	359	20	194	39	73	113	91	20	27	195	114	148	11	136	153	87	0	157	64	29	2	357	67
V25	432	154	332	195	379	198	4	174	72	284	98	0	768	221	270	60	588	21	35	500	25	110	189	378	5	78	222	116	241	190	232	56	15	131	112	40	117	242	68	223	18	20	113	963	65	370	126	157	866	109	355
V26	178	201	820	17	90	117	308	0	377	159	674	364	219	89	55	635	182	149	95	168	12	327	155	89	189	217	189	95	254	35	226	72	4	332	37	152	2	94	354	281	305	424	102	104	205	10	506	471	186	11	187
V27	115	43	362	510	496	27	121	942	65	297	700	166	67	70	1	46	27	83	40	15	44	178	96	371	338	311	129	436	14	270	139	97	23	311	247	310	10	176	73	52	51	473	126	5	37	86	34	385	160	181	99
V28	357	100	116	37	395	13	27	150	183	45	319	81	41	34	117	373	632	128	48	275	225	181	16	102	606	398	349	465	752	207	364	105	315	14	227	39	87	180	98	103	16	76	205	199	246	284	4	200	160	154	257
V29	240	545	330	573	231	42	2	20	36	194	189	338	492	9	343	414	84	75	287	18	346	418	238	43	71	35	244	85	409	513	269	41	136	622	534	32	536	4	762	9	46	309	599	55	199	203	182	295	6	276	275
V30	141	36	78	22	112	333	223	307	501	78	500	119	502	2	75	171	28	342	133	64	584	181	132	197	196	119	556	105	342	66	83	877	64	400	10	22	191	6	563	162	237	348	30	564	0	627	59	871	31	24	130
V31	288	429	81	48	156	54	102	12	309	644	8	16	185	1061	16	2	8	118	16	61	87	76	489	523	243	134	30	233	78	102	244	2	42	702	66	26	41	92	8	3	237	139	109	96	249	235	312	51	798	243	284
V32	51	32	292	330	41	151	190	481	39	6	142	294	368	86	225	118	299	159	215	26	14	47	56	732	403	65	145	78	6	87	91	262	70	259	122	238	30	499	237	34	34	19	86	370	194	309	106	439	25	341	61
V33	187	51	173	592	626	92	196	163	757	417	469	96	24	65	593	401	48	381	203	231	165	456	26	287	44	378	75	33	265	364	121	730	383	457	139	111	24	51	204	64	240	297	15	16	732	667	11	50	355	152	182
V34	39	382	391	191	106	76	36	53	37	406	596	791	59	635	290	60	31	38	403	322	256	335	414	409	89	184	184	85	166	14	211	234	114	221	248	621	202	13	74	530	947	130	1	382	736	26	84	62	423	170	88
V35	343	61	443	652	26	6	83	105	152	6	66	85	394	116	154	25	0	26	132	240	157	6	452	245	242	75	260	133	33	149	197	309	24	143	24	606	77	264	289	377	371	160	215	279	323	57	299	23	386	145	276
V36	298	125	392	911	226	8	220	65	183	394	59	150	226	53	106	441	37	51	107	249	168	344	88	265	111	100	245	63	128	542	101	129	43	212	508	6	127	26	5	77	80	376	117	167	15	17	315	279	871	298	259
V37	113	372	148	268	665	23	4	438	376	41	114	164	556	68	118	46	179	3	53	177	215	91	105	252	72	90	34	1	150	22	320	226	770	105	25	4	10	227	233	360	43	298	466	290	142	115	72	78	443	178	153
V38	5	123	47	79	276	180	543	330	161	440	241	424	224	41	517	146	118	237	115	26	152	95	134	58	669	10	133	10	315	437	296	52	64	217	69	3	170	97	285	61	305	268	181	39	552	234	292	249	324	320	30
V39	296	161	134	202	59	293	393	82	39	82	694	51	108	54	6	62	406	366	583	74	125	18	136	168	67	148	98	597	164	203	520	85	67	433	88	232	89	578	223	152	954	144	241	52	16	105	35	185	237	762	282
V40	164	211	61	110	27	484	176	14	457	483	16	16	181	152	27	370	406	234	109	244	47	49	233	75	146	271	432	192	7	95	30	265	122	388	154	42	613	83	1	800	128	16	4	80	27	50	8	186	395	110	152
V41	223	7	161	16	392	111	480	109	27	346	41	445	82	14	277	161	258	165	67	314	126	324	81	214	211	324	160	201	642	369	393	54	453	25	10	144	133	337	314	619	188	72	112	870	287	60	6	128	481	75	223
V42	21	621	87	85	269	152	452	124	2	363	178	421	316	42	25	6	281	84	49	716	52	195	20	476	157	534	82	251	15	104	176	44	133	33	112	147	768	166	507	330	68	184	34	166	478	43	42	245	92	25	96
V43	134	183	101	71	226	59	240	216	199	284	133	101	131	86	4	315	368	33	7	75	187	239	72	412	675	144	1	14	92	472	138	112	24	118	73	244	31	106	231	36	87	185	10	440	92	382	223	113	165	39	168
V44	577	334	208	69	328	55	564	68	244	259	247	167	9	335	11	105	134	383	267	102	86	250	0	80	85	189	487	148	193	90	179	22	26	307	42	22	360	155	190	12	136	56	702	77	1875	88	987	64	137	184	541
V45	120	866	137	657	122	8	65	589	734	175	175	207	309	485	272	101	97	575	163	76	764	790	142	583	355	204	14	175	114	1	118	59	161	58	554	23	153	80	264	128	47	121	479	322	202	259	64	101	192	34	211
V46	87	28	479	448	57	274	46	118	253	58	816	431	201	24	40	41	161	121	63	186	159	32	28	36	298	323	270	193	8	33	43	206	1446	4	424	306	754	1	19	141	23	7	163	85	694	7	30	190	160	276	88
V47	109	82	453	311	271	334	20	19	4	52	173	16	746	21	608	143	108	90	888	589	663	818	374	410	29	156	306	37	15	146	135	214	145	443	43	350	307	294	0	105	273	317	192	1053	298	39	418	23	104	40	125
V48	650	29	112	7	96	91	44	236	97	49	250	275	161	151	501	159	43	145	66	90	363	463	200	365	15	144	84	22	204	178	108	72	60	31	80	490	477	19	95	65	183	89	13	60	198	104	282	531	222	27	519
V49	222	569	94	164	61	105	236	176	38	69	180	379	154	13	31	375	620	466	102	53	84	444	525	74	146	122	20	418	347	69	19	152	293	214	620	57	131	41	95	8	229	423	112	94	233	534	1152	29	323	362	258
V50	262	350	198	26	52	411	242	347	377	85	141	605	600	387	79	10	197	168	653	275	152	105	85	65	233	250	313	6	95	152	161	23	128	175	278	507	332	394	217	239	10	28	372	493	586	25	357	202	188	123	282
V51	106	415	238	245	474	24	110	73	317	128	541	376	26	399	318	607	304	95	471	436	794	495	787	14	47	110	52	532	450	396	219	115	388	446	42	331	45	700	211	2	43	87	27	42	235	143	64	47	663	104	179
V52	77	137	70	70	63	535	447	174	34	223	72	223	265	61	199	2	345	225	610	5	379	40	140	438	180	4	473	390	331	16	18	664	864	291	63	309	970	103	75	71	48	39	97	152	215	56	99	264	16	34	108
V53	276	27	472	152	81	183	115	50	131	199	260	177	99	127	76	97	29	38	64	240	488	221	52	466	58	53	127	119	180	25	219	104	270	122	217	37	103	71	10	162	107	149	34	57	342	272	90	5	86	18	249
V54	746	191	647	25	69	159	183	202	531	261	39	27	440	86	55	1035	573	262	204	157	291	283	113	76	179	371	320	280	634	219	12	22	111	116	281	474	118	90	196	458	112	154	108	80	100	478	66	94	9	425	622
V55	330	88	255	79	107	38	127	72	151	164	146	51	414	96	172	144	203	320	84	79	70	123	586	48	56	69	247	171	143	501	373	391	162	27	20	4	61	288	20	203	35	36	92	301	126	462	739	107	338	59	300
V56	238	549	33	64	10	285	107	119	357	66	86	761	184	107	314	256	120	159	10	212	226	369	20	44	41	485	185	130	93	7	12	147	211	835	201	395	61	167	237	82	285	416	370	376	120	56	54	205	30	61	254
V57	252	87	450	4	57	138	260	65	190	80	32	69	173	44	149	29	156	8	169	17	47	585	175	178	371	743	297	213	401	155	96	139	67	574	844	60	266	109	24	52	47	129	37	454	174	65	302	176	143	368	226
V58	3	263	123	45	197	8	528	119	23	25	417	122	92	72	355	210	115	162	72	729	516	167	29	45	366	291	219	57	61	128	486	307	64	679	12	195	87	104	459	135	0	205	206	85	102	178	65	76	0	11	52
V59	104	31	0	537	19	28	328	92	113	280	28	1	108	1280	370	1	45	111	30	9	107	64	1099	251	519	114	48	214	109	21	193	177	202	112	194	243	35	305	233	218	256	20	119	67	322	23	305	60	52	681	109
V60	295	317	81	531	14	363	161	82	21	20	66	149	158	114	111	144	60	73	289	126	141	222	39	311	509	99	169	286	128	321	611	515	24	149	14	165	37	162	71	391	523	56	57	240	24	89	249	19	327	419	287
V61	445	82	26	787	486	151	263	50	92	72	522	61	100	235	334	236	35	2	84	270	90	26	23	30	45	20	212	12	109	8	68	45	116	42	364	100	22	210	9	668	146	89	3	120	116	52	58	477	8	285	370
V62	263	467	361	261	614	35	294	181	58	96	42	569	335	524	144	187	446	151	47	195	583	94	4	180	31	9	110	28	141	97	7	269	133	72	0	37	287	204	81	83	16	55	256	76	104	106	38	24	200	44	296
V63	337	44	100	124	51	244	1066	54	556	132	568	41	71	744	161	19	390	249	90	232	57	46	143	940	33	182	33	285	214	99	5	114	141	834	470	192	18	172	52	392	321	272	218	107	6	50	12	142	81	302	316
V64	350	230	235	18	399	166	69	108	57	176	36	143	19	176	39	121	690	32	230	112	296	45	61	46	4	34	227	306	304	37	4	355	137	666	32	720	22	134	351	116	238	91	62	230	99	28	168	22	188	8	317
V65	296	307	289	24	205	409	144	124	228	128	224	258	91	105	56	55	384	373	61	101	44	574	260	99	32	132	138	1090	48	45	886	190	23	216	576	53	391	66	19	306	130	9	62	115	229	68	77	213	264	404	286
V66	288	100	106	71	664	166	29	596	167	169	138	387	107	53	667	114	365	148	401	115	321	131	378	129	56	134	94	437	93	34	167	39	230	121	67	61	556	54	286	8	71	577	236	1386	44	181	150	114	131	100	247
V67	39	226	15	1425	506	84	12	300	200	105	41	88	137	17	45	316	58	178	201	137	132	379	180	123	550	343	118	518	96	428	209	210	162	64	212	7	409	278	161	51	74	397	403	193	13	181	843	44	80	57	80
V68	190	36	443	44	142	4	132	90	278	7	10	246	86	34	191	472	99	21	29	354	139	9	83	326	354	923	52	40	8	8	3	78	230	103	438	198	189	140	7	784	574	16	107	201	460	42	196	208	13	134	155
V69	266	59	48	314	121	168	64	81	46	344	84	110	160	280	3	40	279	171	846	88	422	78	43	76	421	18	243	73	587	97	91	11	72	51	333	2	174	68	44	432	478	29	99	407	187	47	180	16	372	970	242
V70	191	235	182	122	220	25	103	1312	2	81	202	26	161	107	990	366	42	49	60	33	1	140	41	113	155	681	6	213	13	9	137	237	209	58	413	64	54	15	39	101	190	626	99	48	214	30	494	1	48	11	204
V71	99	86	86	303	288	74	228	322	763	837	126	595	317	244	91	220	37	777	31	118	589	277	420	313	138	59	173	288	206	150	838	452	192	4	88	87	88	0	530	78	806	268	106	685	256	138	91	29	23	208	126
V72	579	10	257	481	68	404	194	60	236	370	277	70	2	10	18	554	238	34	30	129	145	164	354	5	17	133	288	180	28	33	261	30	651	304	13	199	432	162	116	15	66	208	0	278	105	728	785	161	50	43	464
V73	94	99	1088	45	45	327	182	113	82	275	48	107	45	82	640	273	558	255	0	126	22	40	244	126	871	394	268	295	668	17	104	354	16	132	284	29	217	311	17	27	96	418	58	436	116	1107	420	155	251	36	116
V74	11	294	117	38	228	294	274	346	609	155	406	81	5	26	91	3	205	170	20	224	6	14	13	185	41	249	218	117	68	321	514	110	26	67	112	160	35	144	55	66	324	322	240	2	484	505	279	105	310	7	63
V75	154	51	177	114	221	240	100	11	35	52	47	84	123	378	123	281	0	226	39	199	296	323	264	112	146	6	469	5	12	63	70	31	456	126	354	15	36	10	320	223	114	60	170	46	333	94	169	63	221	587	134
V76	70	142	240	272	111	103	119	143	369	60	75	201	262	89	128	443	76	123	289	6	442	90	179	327	1	1	95	188	82	36	259	9	256	486	507	41	31	119	4	90	8	32	167	36	45	234	58	89	86	67	90
V77	164	83	55	34	474	421	223	273	933	304	39	238	30	233	545	72	19	81	268	61	63	114	90	270	76	71	38	51	267	47	92	66	288	241	6	22	44	25	186	104	9	407	203	195	132	329	138	78	80	24	138
V78	1079	163	41	530	301	198	313	95	308	116	32	249	120	214	116	44	207	243	90	139	152	195	74	200	42	231	288	88	475	97	130	645	68	100	120	143	322	634	17	108	201	44	368	408	178	163	27	134	217	254	886
V79	262	95	178	355	382	281	774	290	91	94	68	470	43	89	32	260	348	241	10	714	8	42	70	19	385	67	42	68	859	300	72	15	57	46	98	163	45	354	186	103	205	239	481	6	285	137	1052	512	103	237	252
V80	516	61	61	331	161	8	21	71	70	100	211	57	99	252	461	521	290	32	189	317	34	48	446	67	120	150	667	246	244	134	10	585	0	168	67	546	278	17	120	374	238	178	443	391	301	595	22	16	318	67	443
V81	253	176	478	170	173	114	164	70	390	31	239	36	191	134	62	118	154	265	396	75	128	221	50	80	576	55	103	78	287	536	127	5	271	27	43	308	132	308	328	136	25	48	424	312	112	204	113	23	53	131	241
V82	93	173	39	336	206	296	300	18	6	92	127	3	448	437	2	13	129	289	27	371	0	253	168	70	41	117	210	23	25	50	146	305	166	2	239	343	107	82	431	356	99	205	377	362	468	401	338	79	83	72	87
V83	336	60	524	345	49	277	89	188	12	249	8	163	320	658	87	16	63	22	838	117	280	150	58	31	409	10	108	270	55	114	677	40	644	37	89	112	247	237	935	313	346	430	85	78	230	81	133	215	1002	240	289
V84	451	387	499	233	430	174	92	125	19	42	181	103	83	146	187	60	56	26	42	125	445	639	20	61	297	85	98	315	282	201	68	221	208	1037	126	19	204	57	207	25	73	140	185	25	177	127	326	167	496	281	434
V85	10	110	198	128	171	17	137	100	145	102	162	150	173	153	130	360	244	95	78	29	681	43	147	324	168	80	184	182	543	344	272	198	210	120	745	25	59	128	130	61	8	147	238	313	51	58	155	244	8	18	35
V86	151	221	19	303	2	61	125	58	87	157	229	65	132	165	1504	27	84	59	39	86	500	20	436	194	561	178	209	424	12	123	109	74	487	16	3	385	320	595	229	374	43	152	195	37	327	71	464	260	60	2	168
V87	336	143	741	90	53	59	190	13	266	56	66	5	390	195	132	131	165	178	256	87	80	56	243	411	334	360	150	61	303	10	60	162	205	511	360	22	128	33	51	152	9	241	65	62	137	114	46	69	83	2	295
V88	729	3	237	382	114	320	270	117	219	684	3	216	25	127	32	16	102	104	49	169	13	349	625	53	253	5	38	512	81	292	239	351	122	603	4	610	233	488	605	37	159	31	93	23	229	139	360	120	35	226	575
V89	191	394	788	3	361	189	33	425	161	821	441	34	20	147	238	69	412	404	232	293	85	8	115	166	35	470	322	11	760	259	166	131	449	200	96	90	444	124	191	497	36	102	258	23	25	247	103	153	141	251	221
V90	275	648	366	42	31	226	261	215	148	88	159	30	82	74	40	35	101	41	197	207	20	109	361	82	542	298	173	537	152	175	19	353	134	371	164	249	142	201	33	2	466	461	144	427	40	130	425	357	48	457	302
V91	71	260	177	535	203	100	475	302	577	636	59	128	203	193	199	123	674	202	521	20	149	55	3	44	327	119	164	28	73	63	130	88	2	19	77	138	101	395	41	340	77	239	355	42	80	337	361	309	126	666	113
V92	82	423	116	337	404	119	243	2	25	30	17	34	24	41	310	156	127	233	201	260	338	544	34	4	5	508	78	62	66	111	201	425	165	288	217	9	451	152	115	31	39	512	31	114	239	58	53	17	540	42	151
V93	447	9	236	361	144	216	209	387	345	16	18	264	69	159	20	242	167	6	120	156	94	68	80	54	258	855	158	65	32	4	24	371	116	49	232	217	370	100	17	290	434	155	551	477	364	217	258	292	235	40	380
V94	118	13	46	197	198	299	140	43	3	77	55	48	174	10	249	875	597	101	254	107	2	416	192	379	180	19	100	170	35	66	166	89	97	315	33	11	97	139	14	416	8	29	31	47	2	242	628	209	354	59	117
V95	281	43	147	36	45	289	299	123	50	329	324	73	23	25	78	36	84	284	57	321	152	448	297	85	50	299	182	538	39	28	435	124	25	692	205	150	144	44	30	884	94	325	115	46	288	70	174	271	95	28	235
V96	5	68	42	412	130	213	36	253	83	46	409	596	52	47	199	577	171	136	138	402	289	364	19	377	81	37	71	188	38	14	722	58	186	104	154	62	132	44	148	369	84	541	22	10	105	234	301	160	371	106	24
V97	189	226	62	164	102	62	22	50	411	115	8	52	142	307	25	39	30	579	48	82	83	176	58	30	98	295	260	220	153	74	111	740	457	113	159	243	438	288	385	301	51	112	65	83	236	184	99	93	210	24	199
V98	256	338	1640	166	111	450	294	13	198	48	249	144	63	591	852	316	143	457	25	153	565	337	578	234	510	27	716	526	107	211	39	727	21	4	4	99	2	9	135	293	84	288	147	81	86	162	703	218	144	306	252
V99	321	112	232	7	38	485	5	1321	345	263	151	27	18	581	193	120	251	10	16	145	13	6	93	34	130	265	169	1	360	327	164	473	201	184	25	131	98	112	18	837	514	34	266	17	38	159	269	238	5	321	262
V100	582	424	11	26	254	513	421	34	268	375	858	158	71	227	30	172	182	296	41	31	70	477	236	511	2	351	237	216	286	132	257	207	642	571	138	235	718	72	599	69	43	116	354	306	147	288	162	118	35	79	530
V101	140	19	140	90	228	316	56	3	48	389	180	109	38	62	202	1490	242	1032	189	49	1	55	75	77	7	282	489	186	6	9	160	80	79	595	302	197	122	90	93	465	181	133	65	49	433	700	64	423	651	299	125
V102	217	157	85	292	480	240	37	81	122	602	109	6	169	91	11	221	118	182	826	15	204	255	155	549	451	30	151	95	8	389	41	60	392	352	206	186	339	92	19	77	44	181	306	163	353	4	164	67	64	727	239
V103	292	227	28	236	138	228	680	272	202	34	14	141	54	189	148	283	137	344	260	65	158	251	234	20	407	353	1159	496	125	44	159	11	125	263	34	165	65	146	125	173	361	129	194	50	538	60	55	103	343	103	312
V104	72	81	332	285	393	743	10	88	23	82	105	631	0	54	306	66	51	3	316	157	96	35	186	327	98	401	75	12	58	100	88	99	151	456	10	15	227	159	415	478	1273	290	999	85	874	50	65	19	9	277	84
V105	166	58	72	132	458	48	9	776	89	488	150	655	44	273	237	503	57	148	281	185	279	215	73	54	347	71	233	514	623	48	57	75	401	38	74	469	43	21	17	522	164	543	119	840	168	222	8	239	27	94	160
V106	436	462	75	418	75	6	255	170	293	118	173	292	341	7	64	1	446	87	412	26	112	64	442	174	150	325	379	294	85	41	2	33	394	20	357	153	71	240	45	116	92	128	356	79	33	272	51	122	98	119	415
V107	97	218	280	15	45	191	101	401	522	63	208	186	256	185	35	661	17	26	219	181	805	51	134	32	25	107	55	613	404	1261	139	124	61	117	313	197	511	470	263	1	10	55	87	286	66	131	583	187	318	84	127
V108	26	202	22	139	148	7	256	237	173	95	103	131	102	147	300	60	311	107	111	741	163	50	271	28	5	371	212	94	206	107	32	515	81	158	69	76	16	359	19	168	194	184	119	80	14	178	88	91	353	248	55
V109	481	8	392	161	49	185	47	111	183	212	850	268	884	231	282	244	42	14	70	235	55	408	66	750	254	195	17	49	1	48	431	187	148	276	88	27	27	145	351	106	53	210	106	294	52	67	274	108	316	54	390
V110	38	176	189	416	111	264	167	523	176	372	216	23	54	58	107	143	44	336	634	166	223	265	289	32	64	382	173	14	30	109	204	69	333	159	22	29	178	42	68	60	5	105	127	20	90	59	154	380	232	69	64
V111	76	58	64	99	130	30	102	32	30	159	217	78	69	159	75	121	28	274	309	238	184	138	88	177	1	210	1	42	443	77	195	19	57	654	260	89	222	9	89	118	186	197	293	318	73	163	447	45	463	401	83
V112	50	44	73	108	164	94	475	218	221	801	11	64	242	25	267	671	366	177	3	5	73	297	30	9	99	236	1230	21	21	182	58	85	18	204	364	20	89	26	165	20	87	12	107	54	74	43	300	256	19	445	66
V113	54	23	112	420	136	118	4	47	593	144	74	152	27	396	19	440	304	412	76	402	14	343	90	37	611	418	39	99	20	39	40	280	133	278	44	125	36	81	49	423	160	191	213	177	550	296	18	241	574	33	73
V114	24	159	70	520	757	40	101	75	204	7	5	30	109	27	182	460	31	460	166	785	89	37	47	15	119	38	29	43	702	376	192	300	256	315	58	198	105	200	121	413	360	18	218	419	6	8	4	109	179	185	59
V115	75	216	20	190	764	134	35	21	74	265	131	286	117	987	1	79	352	219	44	170	432	118	51	170	41	137	3	123	382	159	538	613	122	122	122	123	271	176	71	357	164	650	5	60	98	499	53	1395	109	397	98
V116	141	440	1	67	523	490	113	163	27	408	41	366	110	55	116	110	119	139	3	117	76	16	245	58	297	199	164	60	309	264	421	152	315	0	90	209	238	664	95	107	243	75	27	46	509	156	208	21	175	26	205
V117	48	457	87	122	139	32	37	226	279	24	43	102	8	57	2	131	113	109	378	189	96	10	158	106	176	270	11	142	315	164	171	61	101	114	0	218	417	143	370	514	250	34	83	67	37	32	0	260	13	11	120
V118	39	89	113	385	143	4	124	19	49	252	45	219	253	39	598	27	33	127	241	60	491	97	1	163	48	379	227	365	65	320	292	1184	485	61	15	5	402	46	577	15	98	111	26	69	221	385	89	4	38	6	58
V119	108	262	335	68	85	86	648	193	754	284	180	318	217	287	132	93	14	264	145	105	330	27	697	123	175	142	17	873	82	203	139	61	26	246	61	104	83	62	293	129	17	186	39	93	81	83	39	210	2	281	155
V120	348	121	15	33	318	213	297	113	59	584	62	56	234	138	75	326	20	270	393	127	35	178	4	60	181	51	99	65	30	56	441	271	223	352	92	613	243	111	278	125	297	58	101	171	257	208	406	31	106	283	303
V121	306	127	17	256	337	256	136	482	768	18	127	68	443	258	85	336	8	7	17	30	127	100	36	127	393	361	220	198	158	137	536	159	29	66	212	718	139	62	42	17	21	47	34	85	17	88	64	22	295	27	269
V122	35	286	532	61	681	176	196	72	38	81	104	70	95	88	5	503	463	176	151	230	123	4	330	98	794	228	506	45	124	6	73	551	153	190	150	156	447	98	29	51	111	169	331	293	237	113	109	18	114	83	76
V123	18	390	161	162	409	254	19	171	258	572	46	70	6	291	58	272	18	434	82	307	53	510	527	293	37	581	59	185	150	37	66	133	41	391	801	49	351	778	301	45	62	18	23	436	4	150	5	122	79	25	71
V124	267	147	469	132	102	271	821	4	7	102	35	363	297	450	11	247	103	445	74	89	111	57	285	216	281	141	745	81	124	67	146	56	52	274	37	148	15	69	72	333	118	113	141	119	289	145	513	758	185	150	245
V125	38	19	21	72	93	327	129	193	54	16	119	67	80	570	116	90	374	155	202	109	92	35	746	171	67	360	69	145	29	55	164	32	16	46	180	78	1299	52	127	12	329	250	153	78	431	108	77	229	86	173	42
V126	137	37	67	279	500	4	287	63	113	82	127	155	19	538	126	221	100	35	144	165	138	486	26	33	442	86	126	12	175	70	11	339	171	323	98	67	203	229	44	204	41	42	45	27	22	245	36	65	146	241	120
V127	77	239	125	28	110	263	381	176	119	470	124	195	74	232	383	60	50	57	273	813	108	610	24	84	175	37	173	211	178	425	34	95	304	326	184	74	92	503	199	151	72	286	209	74	185	228	370	463	92	339	103
V128	435	273	63	7	20	99	35	542	240	99	131	319	134	364	247	7	188	130	308	207	168	145	23	332	134	46	536	86	212	146	170	289	394	138	134	11	146	10	7	12	174	150	159	0	750	621	28	1031	60	37	393
V129	184	94	15	31	33	321	356	59	238	316	4	227	64	94	15	277	19	291	56	136	342	66	155	159	298	279	26	74	391	175	279	33	229	238	91	838	14	91	252	57	278	15	175	286	288	389	277	11	151	292	194
V130	196	248	19	515	172	456	249	19	116	435	2	49	643	51	70	132	142	99	309	880	383	279	46	70	354	98	472	547	428	542	231	207	189	26	2	79	455	141	63	12	58	632	518	60	330	414	212	199	49	461	216
V131	46	338	390	106	128	21	71	167	261	53	71	430	91	492	132	266	363	385	53	75	43	466	170	146	50	44	71	129	56	31	612	490	809	244	2	159	189	81	12	35	485	62	101	3	78	5	336	323	30	211	99
V132	55	230	34	285	572	18	8	100	67	38	193	52	285	378	363	143	228	114	1078	450	237	31	246	351	368	377	104	94	27	479	671	28	2	51	128	489	184	5	0	188	161	6	262	75	2	134	201	110	152	350	89
V133	186	159	115	2	22	5	598	112	661	3	104	14	209	35	251	124	171	1226	306	20	180	265	314	147	193	119	396	274	241	361	235	13	528	58	47	110	740	197	52	204	19	11	448	80	559	93	14	79	25	300	183
V134	57	45	225	195	66	71	328	40	5	10	309	41	36	170	140	110	586	14	368	482	9	226	346	158	15	14	61	18	242	217	349	95	13	343	762	423	33	189	465	273	250	494	167	39	373	208	210	108	15	228	80
V135	33	165	570	163	141	294	124	334	188	4	721	137	114	166	32	65	735	320	30	335	14	202	156	160	403	742	172	508	229	45	239	15	231	135	131	1274	179	57	206	206	267	119	115	324	373	54	11	58	135	26	60
V136	300	354	45	337	182	181	15	722	161	63	94	38	39	105	208	181	68	12	1133	106	87	653	400	1	469	557	414	300	299	275	156	21	252	254	45	591	3	249	213	199	46	186	53	53	456	163	19	340	22	47	335
V137	169	185	416	56	24	628	0	224	149	641	42	102	25	51	376	543	127	28	469	207	334	84	77	34	63	304	239	147	48	295	247	21	81	34	45	323	48	248	20	56	202	111	301	704	50	33	124	75	3	105	182
V138	63	1034	87	47	76	483	259	169	11	25	283	56	380	22	24	251	116	142	202	140	266	36	228	28	34	453	113	304	42	227	255	145	66	207	258	37	131	160	82	58	174	474	255	215	9	37	496	149	31	49	198
V139	371	356	100	10	124	126	17	378	255	325	275	40	12	434	189	37	174	21	329	167	523	4	177	74	441	52	7	111	393	75	567	180	2	122	27	292	130	139	451	234	371	109	445	265	65	276	4	234	231	34	381
V140	486	510	35	233	30	179	10	99	92	133	7	44	45	77	187	68	10	460	570	310	49	16	19	648	198	149	51	68	74	76	441	13	131	341	10	108	339	36	108	270	74	407	460	174	137	129	485	50	107	85	459
V141	133	15	46	272	544	49	76	95	172	3	151	33	884	228	6	504	132	581	93	78	291	67	58	25	235	123	129	119	193	233	527	49	327	122	79	141	427	81	121	307	349	162	451	41	94	87	197	444	380	177	116
V142	149	328	311	202	219	20	231	22	8	205	315	8	584	57	460	23	42	62	100	1083	197	368	29	93	461	562	146	57	66	116	270	373	113	247	143	394	202	34	374	180	382	99	142	79	196	102	296	35	408	70	185
V143	37	254	289	203	46	74	153	90	102	282	4	39	549	103	33	595	597	50	44	31	71	66	68	139	66	107	68	423	197	360	176	8	249	88	45	171	269	166	18	454	150	123	16	170	167	839	102	88	322	131	80
V144	342	48	367	6	30	153	34	66	92	316	0	6	258	361	115	851	45	177	125	157	80	603	157	330	298	808	56	17	19	142	197	143	24	185	650	375	161	299	273	0	87	145	84	74	304	1	445	12	534	94	286
V145	125	180	119	257	165	168	214	338	255	23	162	783	197	96	19	142	377	380	1400	92	335	222	44	112	279	92	138	263	83	340	137	68	117	109	113	62	362	134	814	80	232	36	323	509	74	27	19	205	553	12	145
V146	49	114	210	82	121	396	19	555	265	11	58	14	32	131	282	365	289	220	134	190	197	17	72	454	260	229	72	474	62	65	54	49	318	140	221	100	25	155	60	1037	45	629	120	115	143	113	351	89	411	166	74
V147	37	43	287	1171	23	293	118	247	244	359	338	198	162	361	54	116	269	17	60	82	440	43	82	1221	7	240	10	134	128	50	48	236	396	232	143	56	152	278	31	123	462	291	198	477	178	552	51	82	535	14	79
V148	140	8	371	169	6	176	49	38	128	185	65	0	11	215	289	114	406	118	393	14	405	107	102	148	124	14	85	139	1372	135	110	379	124	156	88	77	162	451	754	447	249	881	70	410	68	78	246	142	32	20	146
V149	191	217	163	718	44	446	1133	89	144	209	86	18	37	5	45	470	143	4	36	241	445	62	57	285	19	120	1248	356	59	138	7	25	152	9	136	87	587	46	63	4	927	387	45	50	180	124	530	34	11	132	207
V150	95	87	341	71	115	69	542	111	206	0	299	29	381	20	51	196	20	243	121	154	528	676	133	353	274	72	333	37	567	191	384	90	63	155	590	220	25	228	54	480	5	383	228	210	163	48	116	595	73	113	110
V151	82	36	17	81	184	260	18	387	277	189	89	243	410	310	101	3	49	285	273	380	18	358	19	21	203	631	87	359	888	82	463	145	39	91	199	129	62	44	353	96	228	397	60	296	0	374	11	1056	118	249	109
V152	200	30	239	129	529	219	234	540	196	182	78	1227	137	692	423	63	172	40	179	164	0	295	48	178	19	142	122	63	114	29	184	308	283	201	74	252	421	218	243	460	19	155	207	252	302	32	67	489	113	370	215
V153	95	28	213	31	456	558	283	89	260	36	901	202	46	68	15	33	200	230	261	132	36	270	499	87	13	69	151	112	129	44	34	46	182	335	245	50	68	594	289	66	135	102	84	247	104	282	33	33	7	27	91
V154	450	159	8	6	128	89	71	464	184	482	334	25	216	323	495	45	45	163	1049	7	542	219	396	369	272	39	162	1	273	61	151	115	166	30	971	70	343	87	718	223	45	62	170	16	184	261	44	402	226	82	366
V155	336	525	246	57	85	148	109	252	71	19	23	229	84	97	266	361	486	422	30	18	158	495	192	53	1	219	211	111	23	334	98	0	290	1044	237	11	2	614	279	111	99	260	58	238	220	36	412	285	307	122	350
V156	105	195	36	158	411	97	224	133	45	401	294	660	26	269	28	249	158	416	50	156	395	95	223	254	21	80	35	27	733	34	49	24	1675	328	140	11	459	32	313	309	77	253	178	35	197	335	25	5	312	166	127
V157	392	158	60	406	8	270	70	83	130	97	58	201	234	96	52	426	30	1287	94	101	60	69	43	91	3	530	126	92	220	28	376	198	273	1	23	142	286	549	78	155	51	305	132	39	32	424	133	5	157	9	349
V158	67	455	183	253	47	157	353	5	53	90	76	385	90	187	425	472	207	29	50	50	106	128	117	465	47	263	370	33	169	349	926	9	29	390	14	71	47	1089	191	58	108	122	145	48	135	80	102	312	99	177	147
V159	15	383	409	697	163	142	344	64	140	29	360	44	21	136	434	218	348	281	734	137	97	310	64	132	10	179	253	134	253	228	74	972	134	222	74	0	81	69	377	1	102	52	176	45	30	218	869	97	665	249	96
V160	70	457	238	516	293	51	85	397	109	154	92	54	401	138	422	140	194	288	33	94	116	646	15	125	1128	35	13	132	317	72	36	95	360	262	138	115	371	27	934	193	189	73	305	328	225	268	4	78	49	22	133
V161	205	28	476	52	133	241	281	134	761	431	55	990	0	189	205	448	244	301	300	93	182	301	143	36	74	132	33	208	408	241	250	947	258	12	635	490	771	250	242	613	74	42	12	66	922	296	26	361	24	102	173
V162	148	54	81	268	214	24	140	174	248	142	387	42	52	516	267	149	77	155	647	16	286	127	280	23	59	7	188	119	224	4	252	9	120	46	125	575	184	667	109	3	101	114	224	44	43	20	41	51	48	50	130
V163	733	64	492	350	153	95	26	391	57	49	27	9	42	766	68	990	25	500	183	226	208	44	44	313	61	315	12	144	215	4	336	480	333	477	168	155	433	125	332	144	229	40	114	87	143	316	474	101	122	962	614
V164	45	296	97	179	628	341	199	149	653	78	11	255	249	129	57	139	124	336	183	858	11	939	122	327	341	13	113	213	108	93	4	131	298	105	345	70	27	5	15	113	14	284	112	110	70	283	652	182	260	87	86
V165	64	767	45	417	333	40	32	31	364	1	172	128	197	217	325	613	222	73	6	59	92	249	151	50	97	3	68	101	251	77	303	146	19	30	42	259	440	525	6	25	43	496	33	273	185	807	85	173	98	683	135
V166	23	0	1	248	96	187	74	204	100	84	373	103	486	369	241	270	4	169	216	130	48	94	279	679	40	73	399	284	237	130	143	362	40	27	14	101	415	270	26	57	410	87	333	141	159	369	47	124	218	495	24
V167	344	227	158	288	141	493	373	191	372	604	185	617	170	186	36	89	275	17	655	128	293	830	150	786	101	32	57	75	217	82	147	136	552	269	122	328	751	10	41	308	102	665	593	357	559	271	226	99	166	116	309
V168	38	121	71	75	80	574	269	41	66	191	134	124	220	143	394	69	276	1	97	831	248	112	75	137	69	149	105	17	83	71	206	811	169	167	209	17	92	147	124	3	102	388	257	510	411	78	89	161	16	241	75
V169	52	37	113	27	9	389	19	121	218	128	385	133	105	89	419	364	61	1054	257	118	305	193	78	99	30	54	389	122	87	136	185	383	389	49	270	2	670	28	76	13	169	138	242	271	140	220	40	129	267	430	60
V170	50	100	366	47	41	205	5	144	80	322	105	201	105	131	121	472	95	188	4	113	196	56	41	370	0	109	73	21	113	110	24	141	118	150	160	213	193	164	108	8	193	49	300	54	12	316	47	16	190	222	70
V171	21	180	272	220	501	351	256	46	398	225	106	441	280	216	144	86	568	174	19	107	212	312	95	39	93	193	35	25	54	1399	152	33	229	25	172	207	87	81	193	209	226	147	24	10	11	274	149	7	144	597	59
V172	387	99	15	350	96	48	179	110	268	177	118	110	512	241	9	19	252	305	24	52	150	84	407	177	147	142	116	137	746	85	198	252	280	131	586	24	32	295	35	5	217	56	552	73	10	79	133	8	761	101	365
V173	80	173	270	130	23	343	130	127	69	8	100	485	92	126	110	101	201	307	358	20	12	345	302	320	147	357	309	197	40	112	0	226	66	221	10	122	177	123	44	85	64	33	619	125	37	1005	298	168	382	173	104
V174	11	258	22	144	48	296	28	64	232	137	14	181	0	159	170	384	122	345	332	140	34	114	361	103	124	104	311	163	56	399	122	304	429	478	10	132	53	369	17	214	42	96	442	176	202	73	115	11	1448	223	63
V175	144	383	6	64	116	418	61	294	98	63	177	26	286	266	39	307	6	15	441	259	470	557	169	60	136	507	113	135	382	202	343	194	111	76	93	186	198	75	129	32	117	325	742	57	209	195	391	152	107	457	166
V176	323	78	258	253	85	513	23	292	312	270	19	265	273	387	17	391	98	27	164	47	312	17	131	704	208	55	139	57	19	12	165	63	225	23	216	434	184	87	13	75	632	63	170	262	148	94	236	84	307	146	266
V177	385	115	40	189	36	220	5	65	544	410	130	24	687	20	48	292	22	23	504	18	168	903	98	390	264	549	538	33	180	117	547	296	12	35	194	626	737	76	206	234	166	176	312	166	89	368	145	58	9	29	335
V178	90	27	213	25	143	200	690	223	1	96	61	123	76	174	2	47	34	89	83	283	243	175	222	550	275	93	128	14	197	423	70	77	52	722	24	410	308	125	252	205	61	566	543	101	169	48	474	33	8	253	91
V179	155	84	17	206	24	136	196	8	165	44	113	256	581	143	4	221	271	111	36	124	18	6	40	116	120	70	523	344	151	68	85	89	218	64	67	376	84	66	160	109	284	304	138	135	263	12	206	34	328	90	154
V180	50	50	1	109	90	104	20	125	228	244	232	612	236	73	263	1014	842	187	770	229	141	281	508	423	78	30	250	35	69	962	108	60	384	124	23	324	250	515	457	123	16	174	17	334	314	218	113	12	196	169	63
V181	3	53	83	151	252	257	326	105	0	160	608	135	395	258	151	196	36	221	142	35	124	195	90	82	24	892	93	292	209	115	777	50	11	50	19	206	182	243	118	320	66	114	24	76	284	273	63	71	132	121	19
V182	205	435	488	51	501	58	33	400	156	371	227	586	65	352	841	861	39	247	89	233	609	344	92	336	174	125	289	207	27	109	131	158	637	57	42	83	247	424	328	392	25	74	87	91	424	42	43	53	235	393	231
V183	312	16	28	183	80	57	609	825	192	71	51	228	303	116	470	416	337	421	231	141	418	200	542	506	283	12	57	99	7	45	107	378	149	26	678	680	155	207	750	754	79	39	133	181	137	1	16	449	401	17	265
V184	219	121	362	209	54	298	704	172	170	160	9	602	358	552	9	134	21	48	480	206	103	58	418	27	47	70	179	95	443	97	1413	277	67	167	251	11	163	186	65	87	158	6	215	30	739	39	143	214	172	17	233
V185	263	154	1	305	12	133	103	68	68	166	1	28	292	8	389	126	14	235	2	8	127	91	257	18	69	128	219	51	64	78	57	14	243	94	41	527	432	98	193	191	101	107	65	189	49	94	208	119	605	342	258
V186	91	37	29	298	451	438	311	117	3	223	384	91	52	777	64	81	5	435	212	144	85	247	233	216	128	253	432	154	40	154	414	311	55	21	171	16	447	273	20	2	882	97	119	136	38	220	695	283	152	4	95
V187	337	339	235	186	118	240	56	551	172	168	112	183	543	12	34	86	218	364	50	242	262	836	58	211	1043	16	118	102	113	84	19	42	338	327	226	484	202	145	217	27	81	141	228	13	180	329	51	190	93	38	354
V188	12	17	48	80	144	463	191	532	473	8	415	109	432	558	10	60	504	23	27	295	15	123	19	43	190	180	561	11	669	38	69	221	19	41	332	104	88	39	17	328	38	231	403	372	608	630	65	92	219	19	32
V189	256	52	456	48	201	293	109	25	249	37	478	470	201	44	10	7	127	225	200	171	89	25	49	140	192	64	21	122	32	878	38	126	28	362	10	113	22	970	358	148	336	572	122	89	47	233	147	28	40	36	203
V190	232	257	139	312	29	51	2	51	35	53	34	160	103	19	343	76	15	85	225	648	224	270	104	144	46	131	301	284	245	16	136	4	81	394	468	662	19	310	31	59	98	61	155	23	4	366	317	76	264	194	222
V191	552	372	353	341	22	464	22	212	103	458	175	156	1310	588	130	0	621	303	164	80	26	230	259	12	326	34	51	715	121	37	23	131	155	236	232	83	221	567	42	13	8	309	234	28	515	896	430	756	82	95	517
V192	40	262	618	204	265	131	109	288	122	57	392	125	127	506	160	544	12	160	14	417	106	198	418	90	72	143	44	47	503	278	14	621	4	18	188	120	6	29	24	374	116	15	659	18	54	134	165	403	70	109	82
V193	299	16	99	338	113	56	21	184	117	428	75	230	60	360	64	129	18	673	250	61	161	108	866	163	616	125	61	9	598	260	410	158	112	375	48	22	105	167	350	24	93	189	5	78	25	59	114	117	156	97	255
V194	173	164	111	53	349	405	40	271	0	696	97	358	312	90	102	129	10	5	110	89	148	525	99	68	3	11	207	296	526	274	43	584	180	162	226	54	466	961	217	247	172	346	265	15	35	431	376	294	453	74	170
V195	175	486	9	217	835	584	678	179	545	379	24	240	121	480	189	85	122	100	36	143	44	770	23	109	455	1	39	52	202	86	247	530	17	80	138	342	234	367	190	51	100	117	63	93	201	25	280	32	151	340	192
V196	247	33	282	17	118	252	161	304	412	9	150	416	231	89	338	49	256	75	570	431	11	23	52	188	15	780	104	66	97	386	30	260	52	535	611	39	150	5	14	487	62	14	895	106	36	51	132	112	557	18	224
V197	86	240	567	49	34	135	91	73	370	106	95	150	231	238	242	331	135	319	123	92	162	86	143	596	65	0	369	145	11	456	108	138	156	23	59	1238	4	87	221	136	47	565	378	634	358	82	67	135	278	136	127
V198	58	129	453	187	25	56	133	69	473	86	402	9	171	328	218	0	320	438	146	270	221	74	9	45	206	469	548	328	152	53	115	31	368	306	212	90	85	139	73	98	141	49	225	49	167	128	26	71	14	150	72
V199	125	31	79	149	94	268	192	76	176	103	264	275	0	67	25	20	372	100	389	557	90	80	138	112	155	151	19	130	210	131	66	45	14	62	28	74	204	83	209	188	517	56	59	15	6	250	253	44	32	788	129
V200	194	51	37	840	95	134	521	420	201	26	730	110	54	152	48	106	637	216	21	4	67	33	152	38	13	7	19	579	44	733	265	107	237	125	81	97	71	141	10	516	13	98	217	76	4	683	166	198	11	345	202
V201	66	1132	616	586	259	97	677	181	246	137	212	31	403	3	3	161	593	129	152	3	6	68	77	147	279	204	269	405	388	17	141	379	116	393	14	501	20	27	286	259	89	204	2	205	128	22	179	143	67	146	206
V202	235	170	91	231	192	49	20	168	331	140	86	143	46	17	165	135	20	129	170	320	429	676	20	47	261	78	79	92	46	223	265	411	174	153	34	141	130	118	144	30	160	294	32	121	249	44	136	133	526	350	233
V203	230	228	78	84	153	558	167	42	245	410	121	109	222	258	40	199	5	45	355	39	80	804	526	101	304	52	85	34	23	23	28	176	84	273	26	405	151	119	227	502	289	119	209	17	206	1	246	187	16	40	220
V204	63	31	268	13	726	12	535	552	107	237	273	132	147	85	492	25	36	204	138	259	207	361	39	57	508	44	149	508	318	944	781	98	25	225	646	70	65	536	61	653	315	128	399	7	350	65	15	149	224	57	97
V205	261	82	189	61	107	427	17	120	906	164	77	172	141	73	51	183	60	440	130	23	123	135	597	523	23	343	194	5	296	174	498	117	12	15	51	44	238	93	344	583	204	23	88	246	42	24	40	383	48	306	228
V206	64	235	6	120	383	87	191	198	2	119	453	256	78	17	51	33	246	21	517	261	133	514	272	313	307	163	525	81	91	127	17	1088	320	481	516	12	197	76	36	207	52	150	79	396	347	118	464	219	0	296	75
V207	94	41	257	53	617	166	348	90	276	164	159	231	52	20	441	358	4	10	630	65	178	83	131	11	106	235	278	50	58	4	79	238	121	137	1009	25	281	608	72	119	207	383	248	186	717	154	274	104	162	508	101
V208	287	386	82	17	24	132	115	45	514	126	254	63	181	28	380	125	149	63	31	846	20	372	8	265	71	180	42	95	70	37	423	160	12	86	7	151	155	438	195	172	24	365	138	144	263	74	118	121	138	35	305
V209	95	238	205	44	9	249	210	165	217	252	80	131	89	187	242	28	467	15	19	127	152	160	185	158	57	104	38	909	35	9	17	57	261	131	418	608	118	60	346	1	775	103	34	224	347	67	139	415	72	469	112
V210	787	280	59	70	15	66	388	4	344	282	132	33	50	334	34	53	61	245	156	714	396	375	157	713	139	128	156	446	347	129	18	257	595	81	0	337	83	117	19	52	118	8	78	131	21	6	67	90	65	41	677
V211	22	97	67	91	44	172	57	105	115	307	75	144	189	81	53	12	30	3	69	39	576	156	48	65	18	411	68	179	200	6	331	5	1484	34	28	528	89	103	271	399	35	184	259	122	98	24	50	30	35	267	52
V212	158	253	235	14	385	86	198	291	296	776	223	313	127	120	498	30	225	194	78	194	587	85	97	144	175	140	37	38	14	85	39	219	441	620	246	3	135	34	32	147	5	214	629	1	66	121	12	285	5	144	155
V213	447	192	19	26	9	383	133	615	312	160	714	593	271	233	430	120	328	4	105	390	259	84	185	95	140	55	24	157	236	153	803	44	244	144	91	692	274	7	90	36	80	96	342	289	374	396	393	201	681	38	399
V214	722	479	65	114	897	90	37	81	9	27	215	89	202	98	3	88	413	438	138	61	92	86	240	102	283	901	52	81	109	285	32	185	45	379	707	460	128	228	167	3	39	48	380	637	79	181	174	65	283	55	600
V215	9	270	13	104	16	223	729	354	95	58	67	275	255	268	90	114	92	190	530	310	206	220	27	170	82	179	19	19	104	169	51	152	89	41	275	587	141	48	84	92	169	462	109	104	382	86	1	449	200	19	64
V216	41	93	63	112	88	200	551	110	146	118	49	168	100	466	157	650	231	174	14	207	455	142	3	282	33	610	24	50	137	41	46	7	104	264	232	233	608	71	131	87	390	89	433	228	13	40	80	67	78	193	73
V217	369	292	254	325	86	14	50	414	225	313	57	149	343	357	52	60	946	32	14	233	109	135	26	70	238	166	556	288	393	300	74	37	4	111	266	508	46	35	615	120	259	63	67	8	27	129	380	178	350	140	359
V218	317	358	224	102	42	370	224	18	110	2	243	293	164	180	81	347	249	148	111	206	583	55	386	171	104	73	22	1	529	734	471	397	50	276	72	323	160	220	36	121	61	173	287	72	59	310	196	80	206	511	307
V219	0	386	26	360	253	135	59	90	268	7	14	546	236	137	281	246	165	167	751	236	61	31	131	19	120	298	1	616	150	263	304	258	230	857	43	40	274	173	85	195	132	129	172	215	13	38	47	25	238	171	56
V220	12	497	38	152	65	567	230	218	26	405	520	11	37	225	439	134	39	725	152	70	84	642	138	425	289	239	18	39	80	289	0	89	67	136	207	1668	96	170	32	32	68	126	84	55	78	107	129	128	3	221	96
V221	21	80	237	21	455	91	134	59	129	331	68	3	300	184	526	255	252	30	572	206	5	107	37	281	17	140	110	343	357	20	150	542	285	214	12	51	50	566	56	135	16	67	228	1040	145	268	439	309	150	135	41
V222	70	186	0	51	423	2	89	27	2	884	28	161	126	140	120	305	167	532	16	53	143	157	15	180	32	7	6	93	15	292	35	200	77	381	484	193	234	36	225	102	125	7	2	481	9	33	565	251	857	413	110
V223	207	48	591	117	371	5	95	447	196	147	156	146	538	231	18	77	74	32	0	58	143	169	451	42	59	177	1248	177	51	535	96	228	102	136	486	347	54	150	738	49	999	836	141	6	890	176	39	35	184	126	168
V224	140	554	4	81	374	516	22	36	542	382	183	30	52	41	324	57	308	17	241	1	9	397	14	998	137	156	53	77	95	42	171	258	307	170	109	9	160	533	47	87	377	264	106	92	109	3	114	262	144	118	179
V225	31	61	205	19	248	6	62	7	117	26	8	192	37	256	288	94	177	0	206	424	78	33	82	22	61	99	597	224	393	123	215	78	29	87	26	126	154	121	31	321	235	621	890	176	73	80	1	1119	67	20	44
V226	47	147	162	69	209	252	187	139	60	282	254	9	47	13	46	178	73	38	92	348	64	162	469	67	101	246	537	46	337	141	20	71	2	75	299	279	7	25	116	118	5	171	68	235	137	360	354	77	630	423	72
V227	20	412	62	197	182	56	160	714	514	233	1	13	161	123	27	192	418	120	449	98	72	422	10	31	181	0	69	109	207	81	262	424	104	43	226	161	101	286	436	109	136	71	213	129	425	88	39	303	88	121	68
V228	256	808	276	45	61	488	212	422	145	229	80	68	143	321	71	139	130	10	218	4	46	87	156	592	46	356	149	269	496	263	45	229	282	119	387	135	255	222	226	186	211	77	88	97	155	55	417	89	136	115	327
V229	559	37	170	63	243	379	21	137	95	170	38	153	191	97	655	72	898	39	56	406	141	294	330	329	66	209	24	141	389	51	336	202	169	162	51	18	204	127	118	469	66	10	19	75	25	95	230	19	119	104	447
V230	77	357	47	16	210	68	66	391	245	246	259	80	158	460	111	90	451	43	4	161	376	62	14	107	185	432	75	86	170	26	300	213	70	644	86	179	237	262	446	48	289	131	62	137	41	29	300	201	7	197	112
V231	355	84	311	7	56	0	38	68	35	147	14	141	213	277	76	33	104	20	101	523	21	199	205	303	359	184	294	175	383	955	89	159	230	209	93	245	96	8	20	185	112	332	376	435	7	202	16	206	661	191	286
V232	184	279	97	12	0	24	653	23	109	120	325	170	243	485	5	108	228	88	8	182	140	70	203	83	229	260	12	97	102	106	15	265	308	221	44	361	104	141	210	48	487	39	86	5	96	749	167	42	42	115	187
V233	214	130	431	28	170	2	2	107	34	40	298	281	274	315	298	19	12	148	28	186	219	65	69	548	81	63	240	6	64	203	201	39	12	259	25	11	143	16	182	11	110	49	68	90	161	343	227	123	266	97	217
V234	174	294	327	491	161	171	442	505	126	64	66	783	127	309	44	31	155	449	476	465	137	92	30	183	23	10	268	72	170	61	15	268	208	38	8	195	118	28	3	336	12	45	219	458	118	46	199	13	338	76	188
V235	250	242	339	214	2	93	141	304	72	263	35	91	333	53	216	499	47	120	437	167	136	285	41	253	299	42	182	118	415	63	268	13	202	132	104	611	226	65	248	61	58	5	305	132	5	189	1	187	446	292	229
V236	193	113	197	124	96	15	280	70	105	583	595	666	171	266	13	55	292	418	3	5	432	229	116	456	121	114	465	261	49	155	46	658	468	46	44	500	63	73	191	77	394	232	294	79	48	175	53	72	60	116	199
V237	126	776	54	48	511	195	449	305	73	19	28	48	110	447	54	43	53	332	30	147	270	211	51	373	38	44	66	330	771	73	138	67	309	177	730	531	80	509	228	679	499	314	83	13	55	52	564	263	69	89	195
V238	85	532	16	40	68	614	116	25	135	10	474	11	18	185	460	263	147	77	40	385	31	287	147	833	86	24	103	710	512	306	89	477	186	613	64	150	212	373	314	90	81	310	457	389	62	56	25	4	133	145	160
V239	1	171	128	116	319	42	1123	188	146	180	49	356	189	169	162	29	105	323	171	40	45	108	48	68	327	77	236	605	51	6	16	264	64	0	110	3	206	13	0	1058	18	197	40	195	222	62	263	366	222	2	49
V240	1065	291	689	269	89	224	211	365	343	19	159	304	259	213	4	393	256	29	5	485	409	71	516	144	147	13	223	34	115	234	116	57	233	33	53	240	94	125	408	143	83	51	188	239	240	25	291	215	172	503	935
V241	68	206	14	308	69	292	258	310	135	35	115	6	120	44	366	77	241	141	39	169	117	601	398	25	33	45	166	6	371	284	293	151	252	38	87	13	6	90	316	157	26	217	430	401	2	646	759	89	19	34	93
V242	55	138	403	162	24	248	64	176	112	116	32	17	24	187	5	356	213	206	603	324	180	74	5	155	599	100	576	19	27	457	154	269	408	7	26	59	81	310	38	107	24	1142	83	123	135	7	70	27	584	70	99
V243	23	90	151	56	175	42	214	48	17	47	409	194	12	15	259	80	364	32	110	69	60	9	220	50	226	71	299	31	227	131	9	403	31	127	487	704	171	209	905	101	16	124	551	295	45	3	147	83	102	471	30
V244	21	139	35	260	137	23	118	258	314	70	315	92	402	92	219	11	730	186	31	11	66	271	88	6	36	28	4	458	208	57	1228	401	50	275	359	229	142	89	602	228	258	144	314	83	373	62	22	123	256	272	49
V245	181	36	40	41	288	410	247	602	264	9	73	18	125	187	87	469	168	88	19	552	136	33	801	508	38	560	157	45	138	353	195	232	104	9	25	27	149	106	69	39	390	280	78	39	347	169	87	374	122	242	182
V246	982	292	324	5	191	4	144	153	148	379	546	303	90	314	137	154	251	353	117	943	348	140	177	75	67	120	57	13	544	148	153	292	41	110	59	128	670	575	123	145	150	360	105	327	85	145	77	135	118	545	792
V247	311	419	110	8	164	12	277	59	32	524	8	45	90	210	316	210	191	808	147	184	609	435	254	132	42	18	7	94	50	317	309	46	125	137	299	103	119	257	91	25	168	1020	109	320	116	11	445	0	333	643	331
V248	80	856	81	4	18	115	11	66	1218	95	205	35	73	249	228	145	120	128	18	67	15	649	382	27	12	78	54	49	122	764	8	2	128	34	210	281	171	115	276	73	287	88	399	75	371	187	155	100	372	207	217
V249	125	75	6	81	89	210	216	189	100	274	30	81	528	400	118	12	135	344	78	271	82	46	130	340	441	278	70	101	161	473	189	181	161	121	235	150	300	92	557	270	236	310	73	459	74	217	588	173	47	30	136
V250	97	175	107	284	195	123	19	206	184	30	109	35	333	1	208	178	5	488	570	132	122	83	8	18	6	29	275	32	414	140	615	321	109	78	441	202	18	267	487	395	6	65	216	44	44	61	14	176	56	512	102
V251	207	570	224	54	56	141	228	231	29	250	50	93	23	621	199	2	209	40	37	96	397	108	313	12	221	414	243	20	322	392	217	69	83	68	525	351	79	143	185	99	146	213	171	92	446	167	388	40	24	179	282
V252	70	44	76	56	49	54	354	220	325	354	13	61	562	875	21	1071	63	70	249	36	654	50	334	5	862	188	140	29	773	191	239	381	139	71	12	175	113	148	513	310	41	32	28	191	282	54	463	40	63	535	86
V253	0	243	173	27	250	21	126	363	195	282	224	439	615	1485	192	370	32	422	281	344	139	47	173	188	506	87	5	13	218	64	5	246	91	65	73	214	23	478	409	625	156	85	41	337	62	371	116	162	402	194	56
V254	24	101	334	105	219	259	3	618	297	389	586	225	132	186	482	40	249	159	709	203	157	49	63	114	169	350	214	235	82	246	188	136	66	280	146	157	71	89	140	15	6	84	199	520	523	191	273	80	338	877	45
V255	237	43	115	275	161	338	288	141	2	204	155	285	127	194	27	192	98	25	439	322	173	335	38	146	126	6	403	686	151	785	88	158	40	4	325	44	56	96	148	161	223	32	57	675	237	452	20	74	427	42	195
V256	29	434	203	365	26	142	530	137	43	41	314	1	25	673	512	531	206	261	328	30	39	10	171	169	115	148	267	62	127	21	31	60	362	158	38	27	10	294	348	316	367	95	568	81	61	993	495	267	418	112	107
V257	75	320	23	119	361	30	465	179	20	17	130	441	305	127	3	179	7	64	160	116	22	47	36	207	167	0	125	172	142	344	26	250	112	185	426	68	224	103	556	91	77	225	483	279	622	451	6	379	187	355	119
V258	247	183	121	50	175	425	8	68	104	860	29	110	84	441	351	416	701	247	327	265	26	46	42	72	215	123	321	119	280	153	18	463	288	11	84	3	203	1	30	46	408	131	17	237	186	61	689	125	120	62	250
V259	53	70	166	312	544	379	16	76	718	344	71	62	5	52	244	42	133	132	83	234	107	36	34	249	59	26	15	20	403	18	182	232	167	56	131	2	245	88	133	232	62	150	660	92	62	46	245	242	69	298	71
V260	669	532	104	52	59	22	137	141	117	33	36	300	40	167	40	17	207	168	116	40	162	335	645	17	154	245	947	174	558	70	21	1	185	39	262	115	105	45	271	16	564	30	266	207	69	183	9	204	250	388	588
V261	243	76	24	99	390	11	269	28	32	122	95	138	695	266	317	65	56	438	60	45	387	104	100	308	146	0	63	114	207	40	410	66	249	119	62	343	287	30	281	43	1101	475	64	238	177	67	206	302	61	443	231
V262	76	71	200	68	64	96	86	61	168	180	286	305	28	49	45	127	1113	110	97	193	39	2	122	23	52	93	50	45	183	164	100	2	99	8	285	80	27	49	34	69	122	64	345	68	101	49	290	8	245	228	66
V263	34	51	233	263	183	324	264	14	379	282	237	602	223	279	48	74	92	104	310	88	234	18	115	213	343	474	152	15	188	82	37	299	90	746	37	99	157	9	6	375	415	8	369	43	74	966	187	11	164	114	60
V264	216	52	272	306	195	10	365	122	159	264	80	20	167	38	808	81	212	50	5	305	28	75	300	167	221	463	85	150	143	345	381	634	21	210	59	163	284	87	250	654	156	375	39	27	327	225	191	301	197	299	176
V265	145	257	592	372	80	977	428	341	139	41	185	190	148	80	35	142	219	311	116	76	104	4	29	20	64	80	112	155	11	282	34	108	8	595	474	239	130	186	104	197	52	32	52	194	91	308	15	109	11	42	155
V266	358	387	135	49	426	1005	3	320	336	81	1031	5	92	128	363	61	23	45	108	313	49	170	109	113	134	307	94	524	304	15	380	90	337	58	91	506	89	25	1	159	62	20	5	260	78	65	57	401	5	298	327
V267	66	195	249	64	17	53	237	520	250	233	22	122	127	23	51	66	54	549	113	133	129	73	232	59	26	37	100	143	552	257	279	306	61	142	64	133	95	215	216	8	451	320	77	24	383	414	4	204	315	235	84
V268	157	367	365	79	191	72	30	262	4	39	194	412	229	77	215	137	185	250	216	250	18	323	167	39	36	23	167	112	61	152	116	25	345	522	71	18	111	29	78	17	95	3	38	16	91	153	110	50	623	68	195
V269	69	448	251	115	33	293	137	182	63	95	59	259	142	192	24	21	602	353	300	64	7	94	503	201	599	446	55	294	322	132	85	37	32	170	37	8	26	225	9	1021	97	359	127	57	215	48	68	52	151	49	128
V270	173	487	12	297	89	72	628	73	241	2	26	19	168	21	21	115	71	484	322	73	69	214	115	270	557	242	549	129	108	39	84	35	88	392	570	19	130	23	198	57	149	313	307	125	459	331	236	184	3	1152	210
V271	47	72	112	11	74	276	427	561	107	33	49	170	358	237	169	184	528	261	178	88	367	53	169	314	818	121	30	66	29	184	255	111	202	443	87	132	133	443	92	136	208	50	27	61	784	95	6	24	97	79	60
V272	1217	53	97	42	51	40	160	222	211	92	201	297	103	9	391	150	337	388	78	138	168	26	418	395	23	401	17	546	81	4	155	16	72	273	185	107	126	155	100	48	81	152	147	186	694	0	34	39	320	25	1017
V273	17	214	161	91	134	61	7	112	381	5	82	333	71	161	271	589	93	177	389	29	97	260	98	28	584	72	260	767	427	42	137	246	88	105	11	269	39	283	113	37	84	62	72	478	554	585	226	172	427	38	62
V274	427	105	156	34	79	165	323	673	37	295	293	1	205	276	175	238	367	149	110	38	266	54	393	89	370	77	53	791	396	121	60	97	192	205	151	193	22	467	120	271	241	68	30	159	17	200	61	109	280	229	375
V275	126	128	206	83	69	167	375	1	1336	8	258	49	478	17	40	566	28	133	140	403	216	87	153	447	6	174	130	177	142	61	9	102	12	293	285	123	225	39	267	83	62	376	996	123	2	89	197	257	76	12	143
V276	100	92	34	387	34	259	45	231	9	322	410	48	197	247	353	9	123	93	664	10	22	84	293	213	0	194	160	397	278	206	97	49	60	258	5	133	95	345	257	20	25	58	30	181	542	37	4	58	273	436	104
V277	60	14	207	277	59	20	181	32	43	9	156	102	160	0	82	230	147	274	538	19	236	236	98	118	307	723	62	119	70	109	49	22	265	673	194	292	429	41	201	428	0	779	42	416	78	54	17	115	464	128	82
V278	93	45	263	204	243	28	102	78	216	34	321	7	90	175	459	532	134	13	281	36	36	417	268	406	52	81	430	67	20	68	94	396	112	0	77	63	161	73	143	435	610	221	51	190	379	216	295	155	277	1060	102
V279	66	154	90	105	246	266	313	160	201	57	113	5	278	405	82	96	139	264	174	720	1	2	198	40	176	603	82	54	341	28	5	193	74	309	140	671	94	377	194	74	285	151	101	788	486	142	76	161	41	9	101
V280	245	5	328	20	175	31	76	104	268	191	5	160	15	59	175	8	107	125	411	252	443	166	185	337	429	206	192	345	117	4	309	86	126	137	109	305	498	628	234	332	11	99	73	100	475	63	46	969	5	149	220
V281	31	356	5	69	330	51	93	415	102	117	308	664	64	177	46	132	61	2	120	549	154	32	14	177	140	67	160	550	14	146	524	400	203	117	190	142	39	436	31	452	620	8	151	171	22	177	76	283	82	120	80
V282	109	108	64	28	254	10	543	19	19	18	86	533	217	175	202	43	1	126	359	78	26	393	355	173	69	383	351	91	120	301	291	334	310	95	915	172	92	602	41	202	18	432	57	62	295	37	62	490	15	28	110
V283	287	19	163	176	375	98	66	181	308	286	294	656	52	5	339	66	88	150	6	161	117	87	421	165	45	52	401	47	178	253	975	24	32	82	264	104	122	88	64	3	202	229	40	61	32	77	177	57	379	19	253
V284	106	54	319	177	73	129	86	80	560	11	240	675	507	250	116	141	647	58	193	148	146	63	98	212	220	234	236	59	105	182	78	9	91	324	299	349	1	26	35	322	152	444	18	80	52	14	134	143	107	274	107
V285	299	117	16	17	29	173	215	25	16	233	525	561	235	26	469	210	196	254	135	349	140	3	67	303	270	338	404	100	191	564	751	22	350	26	125	37	104	211	24	226	158	10	518	14	76	396	433	11	19	236	282
V286	68	410	118	52	257	413	93	140	142	109	97	26	105	512	494	102	42	133	324	316	11	113	30	392	277	23	66	136	84	263	330	61	33	245	35	33	144	212	159	203	120	132	115	298	123	81	25	50	78	357	124
V287	168	1	152	82	199	398	102	135	484	178	228	24	332	291	1	51	674	137	710	129	50	176	134	218	154	188	267	689	321	150	66	16	218	85	309	16	103	190	11	76	1	164	65	94	120	139	365	99	225	184	163
V288	196	222	34	77	541	562	786	164	397	533	1085	48	374	372	85	60	193	204	89	510	329	339	68	116	71	242	215	32	55	31	32	86	289	70	173	456	30	39	247	136	28	96	369	238	310	143	258	106	218	7	216
V289	504	187	117	65	147	298	457	281	226	12	230	25	105	31	120	81	80	519	203	150	118	535	150	86	6	398	14	705	0	466	61	150	140	51	187	44	218	136	155	194	8	256	118	231	36	273	24	10	772	416	448
V290	469	246	347	87	546	48	277	159	192	313	262	10	222	30	612	24	45	129	268	149	59	172	121	458	134	297	373	350	68	52	39	57	351	77	650	123	141	70	125	479	294	181	167	123	373	761	370	249	50	235	403
V291	183	249	395	248	5	28	330	17	112	3	799	137	4	146	307	346	120	30	47	233	174	106	13	447	28	48	688	198	446	128	356	347	122	8	291	511	25	333	169	89	113	2	58	84	75	439	156	117	371	177	179
V292	212	7	123	83	159	215	117	69	119	88	6	241	554	857	688	304	216	12	131	63	751	23	426	209	320	21	13	40	402	75	220	56	6	575	84	26	130	176	668	280	42	537	52	423	362	102	604	219	69	323	178
V293	22	481	153	115	450	19	94	128	265	25	38	289	40	22	234	264	42	249	217	233	285	72	26	153	58	199	185	82	38	5	303	406	74	706	103	246	251	22	259	64	45	6	122	164	162	11	124	324	717	308	95
V294	8	77	15	227	196	122	288	18	115	168	88	111	620	103	79	350	99	71	77	4	305	221	34	140	107	107	439	191	57	161	116	21	193	80	280	150	1079	101	186	31	108	635	21	174	66	48	29	10	173	268	29
V295	74	62	479	546	1054	533	225	455	376	373	121	44	92	34	85	201	165	183	107	7	108	252	49	633	13	149	56	120	35	180	29	557	121	520	112	129	662	138	192	126	0	33	275	1	234	17	1395	67	78	240	72
V296	108	263	367	63	363	238	397	115	106	125	380	187	412	58	199	50	59	429	83	209	483	302	197	376	534	77	104	55	69	603	118	12	176	169	235	340	378	201	191	330	114	627	129	657	11	248	371	501	93	232	131
V297	112	77	136	380	133	178	129	65	66	156	729	418	440	223	382	395	318	170	258	34	60	132	50	57	34	124	268	25	105	42	41	112	196	169	37	134	224	161	405	75	128	109	225	479	7	270	51	109	105	58	103
V298	81	0	143	316	200	63	906	102	239	450	112	196	83	461	39	277	188	73	0	235	356	200	306	110	67	156	175	191	334	8	83	150	745	158	26	294	52	28	499	123	83	45	29	42	18	375	172	447	627	424	114
V299	432	207	417	442	157	127	441	329	75	291	486	6	238	353	231	98	439	298	37	254	115	568	743	37	68	234	102	35	250	218	358	85	11	507	33	358	458	138	206	73	203	313	35	124	249	3	86	387	304	191	367
V300	53	45	21	57	137	195	118	134	201	281	282	317	59	146	166	126	242	145	303	88	182	311	120	46	478	116	484	54	89	27	272	90	70	723	508	103	2	119	370	175	1	93	305	26	126	248	105	1	200	34	72
V301	200	259	406	301	259	88	99	584	96	480	208	106	150	62	278	196	85	297	94	313	259	34	173	100	146	126	315	709	85	264	227	52	63	149	199	292	43	648	273	10	473	212	300	72	306	162	18	146	36	27	197
V302	365	14	236	96	220	139	274	243	195	137	132	310	106	40	325	251	68	36	134	165	434	239	29	100	28	151	167	749	622	191	143	100	400	105	250	69	190	357	265	179	321	124	233	10	30	213	32	174	226	1295	296
V303	44	394	9	150	28	64	62	34	139	76	327	102	239	116	6	211	38	68	117	153	30	375	139	26	249	148	88	617	38	94	41	101	262	318	257	16	12	409	461	271	105	241	284	128	66	102	313	6	15	138	103
V304	53	555	119	204	62	12	174	135	644	453	572	187	73	47	349	258	638	11	142	550	166	236	291	332	812	175	110	284	40	13	125	474	888	136	288	145	2	210	0	80	764	194	18	434	216	144	408	93	292	45	143
V305	160	23	19	310	606	5	127	190	13	41	56	60	477	36	212	335	78	601	98	105	101	402	212	614	56	347	15	29	299	70	308	143	2210	123	42	100	39	39	230	292	602	27	128	659	270	59	26	62	20	136	121
V306	364	34	127	53	74	107	145	171	21	26	87	264	8	283	99	7	17	60	84	131	784	209	730	574	22	171	96	692	410	90	142	263	230	46	374	62	294	421	103	285	33	205	44	206	80	285	196	148	74	411	300
V307	45	176	68	120	109	177	160	477	104	109	1063	86	29	44	147	220	229	102	63	127	630	151	242	410	399	25	251	517	1015	9	463	127	385	47	292	54	60	156	96	488	23	291	806	379	236	153	79	261	69	5	88
V308	106	447	14	886	119	5	378	16	140	8	308	630	143	410	1027	209	5	61	184	90	254	271	160	312	699	343	195	22	95	142	337	103	330	66	5	185	765	31	91	149	643	125	141	319	63	35	179	270	8	17	151
V309	126	10	347	22	3	14	213	56	108	390	218	287	90	96	188	28	73	187	461	3	22	236	982	51	110	102	106	47	48	64	27	70	365	186	338	207	117	266	0	358	3	347	134	65	30	27	130	544	4	68	116
V310	287	17	417	24	235	903	126	150	54	133	163	63	47	152	3	61	81	158	136	123	120	63	10	12	272	153	36	128	167	291	478	141	274	397	1116	245	594	187	477	103	137	132	97	187	113	505	165	215	68	35	262
V311	47	227	2	512	234	37	40	290	66	413	1052	152	87	93	140	147	93	325	17	52	979	117	118	686	156	30	127	157	217	290	125	130	67	4	201	174	17	406	237	533	36	129	730	263	155	198	1165	3	99	47	84
V312	357	54	84	18	119	405	15	216	180	380	88	127	170	229	628	66	789	130	33	276	455	25	52	244	316	539	2	115	86	129	223	648	83	144	210	114	41	129	104	71	137	432	33	80	15	63	32	555	368	286	317
V313	218	30	304	386	163	199	57	143	14	234	21	863	132	874	239	162	27	16	2	407	458	72	115	113	337	299	40	540	32	521	37	116	455	701	227	63	105	35	205	64	327	44	219	958	13	881	58	20	275	78	191
V314	46	59	268	3	99	75	322	3	879	203	15	258	97	159	9	212	23	164	180	31	31	448	379	48	51	16	70	227	54	125	339	52	280	99	321	3	27	100	453	543	27	58	67	759	199	194	886	177	82	248	68
V315	15	1	221	404	405	238	91	53	10	767	482	317	257	214	671	72	36	150	37	271	71	23	402	70	90	162	64	11	101	346	90	421	55	46	226	264	180	338	254	200	47	46	110	480	412	72	175	93	485	8	29
V316	134	230	183	110	34	381	138	158	519	328	121	292	330	116	272	184	147	163	496	10	12	131	745	494	217	32	141	282	341	40	355	294	479	3	27	114	37	42	33	344	4	148	182	127	56	368	323	1136	0	123	165
V317	68	197	2	227	127	488	34	180	20	103	388	466	1009	24	179	24	601	69	245	111	38	32	209	647	251	26	25	113	108	278	23	643	458	697	306	350	182	241	85	315	17	123	14	394	162	132	39	333	332	110	92
V318	136	262	2	61	143	109	108	156	201	13	443	101	16	80	149	295	276	238	64	125	16	363	392	35	59	63	101	171	78	36	272	85	71	11	113	54	623	683	396	223	50	308	264	75	283	363	77	202	244	208	175
V319	346	195	336	108	289	5	19	114	253	287	3	84	260	208	142	218	66	316	104	1	41	702	6	72	118	68	42	7	342	170	227	30	150	25	263	394	222	440	175	427	41	51	352	31	284	25	26	97	450	111	297
V320	19	232	63	86	173	101	156	240	54	356	373	124	131	36	19	232	332	124	80	3	668	285	441	388	556	27	94	237	89	88	154	16	308	91	111	330	88	185	760	79	748	6	202	611	24	60	50	5	13	12	55
V321	206	52	185	100	48	425	9	134	120	153	36	750	243	1190	142	129	21	174	56	79	575	219	1160	574	34	228	261	177	101	95	188	206	252	20	124	511	497	240	155	47	33	405	371	98	305	15	146	163	77	4	222
V322	108	870	45	415	366	77	96	26	242	903	156	81	386	243	327	96	8	14	368	342	249	236	38	116	412	639	311	16	239	196	887	714	86	153	44	0	191	80	834	456	271	74	110	639	309	333	161	70	36	94	192
V323	138	12	453	56	51	11	411	340	339	91	478	126	316	435	582	458	1116	814	342	169	237	67	377	241	341	206	584	235	82	119	10	252	12	449	921	118	366	594	10	18	216	121	101	390	86	25	28	6	49	109	123
V324	175	133	251	255	228	274	447	183	115	559	169	469	285	70	91	26	208	30	139	20	235	349	646	216	482	36	329	171	248	175	422	245	163	84	101	483	112	317	344	337	486	287	325	36	16	257	818	124	86	120	181
V325	166	57	155	28	207	456	194	201	468	74	68	91	150	167	122	75	68	677	361	10	74	373	473	117	48	31	13	255	60	247	489	4	84	88	521	152	132	125	29	7	156	125	213	130	379	233	1007	415	1	131	165
V326	66	40	50	393	189	500	271	114	162	55	119	24	208	188	520	137	85	3	215	249	94	484	270	297	23	302	33	89	59	254	156	162	18	128	383	712	50	362	423	1	70	360	111	47	234	401	70	129	55	55	76
V327	6	161	245	105	473	54	413	96	148	11	127	140	119	250	428	94	24	297	152	747	41	447	42	56	63	49	864	122	34	89	211	343	162	402	25	357	72	18	230	366	919	489	1001	75	106	110	35	445	41	238	57
V328	478	405	66	57	173	900	0	10	50	143	835	339	145	160	35	24	113	269	67	190	47	32	102	240	78	77	320	141	334	405	71	319	82	30	269	60	913	167	45	411	98	60	152	124	266	108	343	129	686	77	440
V329	1006	88	351	95	230	300	70	195	110	18	121	170	167	246	54	120	266	228	4	17	7	184	290	91	476	333	68	146	64	110	455	95	149	162	95	127	217	190	41	36	17	18	23	73	112	8	15	60	58	132	744
V330	42	238	27	276	158	224	6	120	395	329	28	359	166	9	76	225	211	350	7	31	51	34	173	59	132	27	292	457	26	85	343	129	92	653	7	432	58	524	130	498	14	56	302	9	89	18	26	53	25	410	74
V331	151	80	203	96	16	45	126	63	635	200	122	234	118	124	103	193	19	536	242	61	218	8	67	184	138	470	232	44	35	389	316	184	9	286	94	164	352	10	528	130	420	422	52	484	583	139	388	2	220	673	162
V332	278	8	271	83	562	401	45	87	358	40	89	173	245	59	206	162	170	169	63	5	50	390	121	150	346	532	247	352	695	225	47	30	6	57	48	146	10	127	215	47	450	92	344	125	313	356	15	204	95	377	243
V333	10	343	216	156	97	93	73	150	0	127	34	43	178	96	155	163	201	217	35	61	44	360	25	30	24	384	262	394	21	86	191	430	11	135	275	438	202	20	216	110	410	107	310	66	226	551	271	306	70	198	60
V334	6	51	127	386	215	270	152	324	44	267	62	135	128	8	63	277	22	8	87	164	19	21	106	206	119	438	7	211	156	127	60	114	75	145	222	23	97	18	9	42	493	260	13	183	390	367	508	101	36	125	31
V335	204	683	160	711	227	11	233	208	322	16	282	447	180	12	27	236	125	804	171	28	21	157	3	5	1166	377	424	307	14	75	218	70	40	340	21	76	114	313	108	108	138	95	469	218	33	11	80	37	8	9	258
V336	64	60	498	213	7	124	179	164	203	44	153	405	24	29	363	477	81	1	53	168	133	34	54	233	39	136	7	154	426	805	182	283	575	389	7	9	1	537	659	391	227	257	22	318	86	33	26	138	52	104	73
V337	10	115	60	6	135	157	82	80	117	10	239	35	35	105	108	1	11	20	64	143	19	23	201	145	309	34	30	472	171	43	25	234	241	21	81	223	252	540	5	36	12	423	42	72	326	128	241	12	111	50	32
V338	98	627	362	290	637	33	48	121	2	393	10	495	249	583	7	106	17	460	139	135	372	392	678	299	119	386	58	68	58	48	79	212	399	408	234	7	252	300	93	350	153	268	160	411	19	158	679	49	839	292	182
V339	5	16	285	166	22	235	147	374	350	93	68	283	234	400	70	310	591	309	258	81	177	37	279	50	385	73	222	198	109	203	218	102	5	111	155	275	497	31	20	33	301	78	78	86	179	27	54	101	304	386	24
V340	18	90	140	9	434	214	7	72	301	132	0	134	458	1	355	17	196	255	233	251	6	82	333	311	46	211	92	231	172	16	18	819	35	15	85	253	199	194	57	19	132	315	32	369	120	548	372	54	193	18	41
V341	909	1043	35	80	58	147	30	55	112	310	78	212	75	322	3	209	65	474	104	32	349	71	537	55	53	213	147	12	245	77	181	98	358	909	6	343	163	34	208	176	461	270	77	346	209	753	59	339	135	300	885
V342	64	19	74	173	86	51	201	37	225	610	37	264	199	66	346	201	179	165	66	129	172	179	234	64	157	619	54	12	503	234	102	130	163	99	172	27	277	422	41	47	24	95	92	47	210	243	284	85	1181	192	79
V343	539	684	201	83	783	176	151	561	54	543	8	203	66	61	159	533	6	28	19	318	154	241	176	249	188	471	86	6	10	2	61	72	114	114	105	267	268	3	275	370	43	30	319	22	71	448	113	231	25	628	500
V344	4	54	238	244	220	21	157	88	214	75	2	15	421	43	5	114	276	163	71	293	468	9	297	9	1	256	130	16	149	119	16	113	323	59	296	167	37	17	307	154	22	266	80	489	8	64	32	30	57	38	28
V345	32	97	258	118	199	122	131	41	140	229	284	236	36	203	86	39	45	129	26	455	20	42	284	106	141	118	52	268	271	39	414	108	60	104	475	1	920	274	153	226	200	231	103	35	162	464	172	56	78	389	56
V346	153	225	40	305	21	156	987	186	82	11	284	187	12	105	635	99	273	319	167	5	149	251	94	109	299	286	751	25	93	224	103	8	102	7	529	454	146	137	91	300	211	51	90	671	15	120	107	30	226	145	191
V347	73	78	431	229	47	441	309	661	99	319	64	423	9	77	510	116	26	26	653	2	19	29	11	488	216	106	22	519	375	2	209	29	232	84	84	949	200	70	197	513	1	213	285	44	47	39	445	104	192	0	77
V348	111	263	76	156	166	124	327	433	269	192	8	373	44	267	535	483	386	53	5	44	596	289	707	165	205	86	40	122	49	101	164	85	266	163	205	197	530	64	68	251	4	80	4	148	105	475	163	81	325	150	136
V349	62	358	86	310	383	622	166	53	407	161	235	162	594	375	142	93	142	20	3	382	287	87	20	58	67	608	46	112	95	707	1170	337	44	73	240	65	90	26	88	88	186	358	12	176	239	251	214	35	147	123	109
V350	55	43	349	201	274	12	174	30	114	202	692	62	10	165	524	254	246	25	323	167	142	131	58	447	226	300	228	32	14	87	398	362	127	8	53	92	84	64	125	134	100	22	259	324	129	436	149	4	8	2	61
V351	88	261	252	21	261	65	52	216	105	6	155	409	91	11	48	61	84	279	302	323	170	50	408	342	61	59	310	742	15	42	233	14	15	132	77	86	416	285	59	24	92	104	31	273	24	119	301	741	165	171	103
V352	613	204	212	205	282	368	149	367	79	36	234	73	430	150	362	117	245	133	40	67	285	10	379	4	129	528	146	73	214	124	28	96	90	290	125	29	70	309	2	471	408	86	247	4	74	127	22	52	8	135	496
V353	56	20	246	144	359	81	38	295	110	51	290	80	194	27	26	667	333	96	504	163	121	68	141	44	150	168	335	306	266	442	3	518	78	188	534	3	37	7	10	146	226	328	135	199	67	305	68	408	164	37	72
V354	1099	14	402	645	79	17	203	524	49	221	289	27	78	52	29	537	383	422	276	217	482	56	79	90	101	0	45	418	40	183	25	676	208	20	147	196	135	240	304	86	389	94	131	20	37	236	101	297	49	297	929
V355	271	161	527	253	61	65	321	517	287	383	177	23	65	219	482	590	283	132	103	58	18	667	759	298	455	111	11	311	332	123	34	24	102	43	527	217	194	335	2	277	342	76	323	112	162	12	76	4	555	4	249
V356	551	50	188	158	280	303	329	1	109	344	50	265	282	296	18	383	468	112	52	289	17	577	138	30	155	67	103	211	38	612	254	472	10	198	1179	137	82	21	35	234	50	59	31	72	147	6	861	555	6	221	445
V357	409	717	57	343	45	68	207	233	128	228	101	328	170	353	235	215	35	5	20	61	499	2	81	4	41	67	29	23	139	29	109	226	12	167	240	490	70	434	8	182	83	176	0	263	39	381	190	336	413	160	413
V358	109	5	28	24	4	389	50	290	5	48	44	226	235	22	216	293	2	190	183	562	154	29	27	210	98	19	33	302	320	271	198	155	145	357	125	1208	268	114	0	118	92	133	286	55	273	235	309	188	429	104	100
V359	117	122	232	437	27	113	356	63	154	114	15	132	75	99	343	167	421	123	146	8	261	262	29	174	140	261	266	230	416	664	36	115	31	392	131	150	77	144	422	308	294	110	110	170	75	20	56	522	93	266	101
V360	588	107	99	144	241	548	197	169	35	89	75	187	419	26	53	27	326	237	64	24	17	148	217	217	11	126	287	96	139	166	60	369	68	122	72	33	59	162	345	144	31	323	304	31	219	76	17	40	185	694	473
V361	84	104	7	566	92	248	27	9	67	209	16	175	107	61	642	1958	143	75	262	497	326	463	138	187	863	80	158	167	643	269	4	287	324	326	123	4	211	80	10	214	284	44	400	25	85	35	40	63	281	227	96
V362	230	205	82	192	177	196	112	347	299	132	38	183	979	39	39	1	199	124	101	119	55	249	124	139	103	296	300	1	25	146	355	39	263	183	248	90	487	241	237	483	109	67	10	23	67	4	231	193	123	11	207
V363	73	55	467	147	138	640	193	423	100	65	169	83	269	53	147	99	47	27	238	10	364	15	580	288	130	113	737	29	43	263	152	297	257	71	243	1	76	161	112	101	360	294	6	183	196	8	609	7	2	42	70
V364	96	46	77	197	166	17	25	145	114	22	32	2	807	239	361	31	255	91	86	110	74	293	100	54	153	163	118	546	55	100	555	431	18	34	48	595	525	141	136	111	117	29	67	774	48	141	113	90	186	177	100
V365	145	21	30	44	405	321	8	352	446	552	149	142	384	69	200	127	337	417	979	480	30	14	28	12	54	91	366	223	5	15	13	231	94	60	22	68	211	573	146	26	364	64	59	238	248	265	179	535	36	289	122
V366	62	71	9	4	700	38	62	97	532	177	33	216	53	39	6	98	34	512	474	57	15	410	192	207	19	76	131	454	2	379	87	47	66	18	11	115	24	28	88	346	718	313	7	87	66	369	243	82	103	127	89
V367	203	26	338	76	5	42	86	94	170	77	180	212	19	613	54	104	481	108	403	25	335	32	84	268	133	459	59	235	338	353	144	1038	111	267	272	33	7	175	269	120	56	38	422	305	142	187	54	42	26	4	153
V368	149	61	83	113	18	177	19	531	119	5	72	219	25	466	62	214	118	92	81	412	153	60	0	215	213	48	682	682	56	619	138	190	773	83	7	103	74	311	66	25	164	76	6	233	181	192	238	111	170	178	132
V369	502	352	114	14	159	349	24	75	266	68	221	450	805	118	14	245	146	176	356	986	241	69	43	111	350	133	624	170	716	63	46	28	289	53	152	418	39	272	378	6	562	124	142	109	9	419	402	116	154	77	499
V370	45	374	299	383	255	110	0	125	364	165	10	31	202	48	247	13	452	209	83	119	473	264	185	30	246	97	293	237	373	144	150	5	53	674	45	71	224	0	64	6	287	874	352	409	28	388	142	207	54	35	85
V371	252	311	47	350	195	338	36	2	82	21	399	244	38	289	127	30	70	183	57	12	103	148	21	342	215	203	74	441	78	754	57	302	52	42	155	92	216	149	279	340	362	120	109	181	42	235	44	79	24	822	254
V372	100	380	310	144	2	192	136	639	98	26	217	439	724	72	394	138	32	845	689	499	79	176	353	6	71	111	21	11	495	26	128	55	32	5	237	187	219	295	20	20	142	124	1	549	205	135	25	372	82	536	129
V373	231	68	11	658	77	4	214	65	278	190	81	100	201	250	6	1	29	234	2	70	283	59	273	662	45	92	7	4	205	1008	184	56	10	396	154	335	166	434	291	300	67	278	110	44	114	16	510	1287	37	170	200
V374	257	359	73	5	36	190	111	812	51	332	75	303	53	112	210	2	111	21	163	140	75	23	29	168	202	96	50	182	116	293	148	269	307	139	519	127	237	148	53	78	122	401	184	26	99	226	26	492	50	140	255
V375	19	104	50	144	375	428	277	66	8	13	77	156	34	900	462	25	99	101	103	701	79	500	227	31	825	467	350	15	13	320	5	252	113	23	213	89	19	181	68	17	77	810	310	24	201	73	286	253	322	84	51
V376	626	187	359	243	55	137	13	119	671	25	162	61	52	230	283	429	269	37	236	69	52	147	42	726	75	483	802	76	22	546	87	161	471	41	457	329	187	214	52	32	220	313	543	35	385	36	10	330	93	212	541
V377	402	289	69	197	671	270	77	33	72	111	147	512	451	331	17	21	58	325	122	206	228	478	150	26	650	147	6	502	215	64	439	832	158	16	241	242	280	66	322	690	182	128	493	92	581	226	26	316	32	0	385
V378	31	29	78	327	9	317	135	573	40	92	82	186	244	210	79	83	62	18	81	41	374	60	96	166	118	199	39	54	4	454	288	236	15	7	409	2	499	310	87	8	472	0	97	86	310	86	590	146	92	795	44
V379	36	136	112	183	494	297	60	50	15	15	55	36	62	200	66	668	141	161	302	260	97	124	303	9	34	443	188	152	30	31	2	2	191	173	188	187	196	9	7	84	580	10	75	13	404	138	160	273	184	180	67
V380	291	38	48	500	89	138	284	80	35	196	364	220	12	33	32	111	52	52	103	16	83	56	352	56	15	382	569	100	5	228	51	141	116	446	59	13	6	231	6	33	8	106	335	299	42	447	243	140	316	100	244
V381	633	279	199	200	15	92	62	294	32	160	756	249	18	96	401	116	184	291	169	80	19	279	98	121	471	401	680	233	101	448	546	99	42	224	89	323	35	38	107	29	55	216	262	88	349	98	9	559	123	43	550
V382	30	256	99	380	208	121	224	1	116	128	112	207	227	91	53	98	113	76	181	14	21	77	339	19	86	360	379	211	334	974	180	161	66	270	17	162	209	226	102	8	119	43	46	230	25	40	604	196	55	162	67
V383	72	319	622	154	366	39	51	42	121	776	46	636	115	4	2	636	49	653	490	254	360	54	237	42	365	5	258	90	250	47	571	436	189	243	6	293	7	88	108	243	236	608	32	413	96	12	13	201	160	324	123
V384	663	15	19	314	234	242	184	5	105	257	215	313	114	222	456	12	114	38	80	18	688	655	34	136	97	13	363	75	140	116	231	234	391	38	234	501	82	29	187	293	127	424	163	96	234	12	264	470	35	139	505
V385	58	14	44	147	321	339	63	107	14	167	113	104	36	379	367	189	28	148	90	517	366	59	132	31	192	435	14	308	212	518	25	133	565	110	480	74	5	209	123	90	475	663	63	306	164	63	50	602	68	479	75
V386	235	200	339	345	119	32	411	64	172	14	174	521	82	73	89	48	378	74	188	72	47	198	363	66	37	192	123	17	11	450	93	44	43	25	200	52	434	356	166	43	270	243	575	451	166	185	211	248	416	522	216
V387	56	166	3	48	32	97	174	36	340	12	379	423	206	57	271	313	571	378	431	72	50	99	258	29	270	100	118	25	413	80	180	147	62	137	58	112	257	79	144	100	245	440	316	444	84	22	186	283	168	110	93
V388	68	348	686	45	213	52	1029	328	39	429	297	109	121	442	285	59	183	119	13	319	241	332	60	83	16	22	392	249	64	38	179	187	249	203	111	133	93	83	54	113	46	489	413	427	16	119	64	4	4	273	123
V389	817	160	64	353	87	129	402	160	6	55	300	4	0	7	33	30	35	42	78	75	19	4	459	255	65	296	432	402	472	90	262	163	194	152	246	259	254	129	228	124	127	86	1044	69	139	1728	46	233	646	32	718
V390	205	102	585	558	345	70	238	144	245	106	342	483	123	70	263	20	25	7	52	110	203	102	251	469	251	57	32	556	77	95	346	140	58	62	137	536	29	362	93	962	143	1	159	194	60	11	252	13	160	123	203
V391	252	101	45	498	119	187	208	17	67	204	742	1	154	99	660	629	33	10	327	801	496	242	39	267	104	12	308	91	107	41	727	4	52	168	625	66	9	27	416	125	281	30	66	174	88	43	596	77	155	136	234
V392	240	461	273	116	88	699	156	261	207	422	368	109	234	25	250	114	154	44	119	77	79	430	0	104	92	218	434	323	109	42	136	15	119	440	50	64	149	125	240	116	202	34	460	163	93	49	0	67	192	91	276
V393	110	174	322	190	88	11	476	153	185	17	231	42	218	36	527	66	29	181	659	168	79	15	115	295	245	477	341	196	55	291	51	311	104	118	68	12	543	60	13	154	441	575	458	477	180	78	100	91	112	274	127
V394	104	366	175	216	59	125	120	204	513	19	45	315	78	20	19	101	153	681	16	262	161	252	163	2	469	1	190	299	433	142	331	340	113	77	453	5	245	321	338	130	443	322	23	432	97	79	95	3	310	160	152
V395	283	93	317	406	455	1100	53	26	40	403	234	104	105	135	141	300	454	166	169	309	249	0	5	235	444	116	89	83	257	63	22	30	164	163	13	14	44	62	380	568	263	52	371	74	207	261	459	290	167	156	277
V396	7	451	106	347	618	511	36	110	468	34	76	101	105	336	29	252	84	378	29	199	184	27	39	81	183	238	81	222	540	769	173	596	142	25	77	88	294	76	401	97	256	68	10	5	17	24	149	176	142	17	74
V397	200	82	158	289	64	706	56	39	54	6	75	9	10	143	80	216	17	64	31	407	533	21	42	121	385	30	297	208	181	211	239	80	54	204	84	99	2	101	169	5	366	48	1	537	242	100	42	86	425	74	175
V398	86	59	92	710	204	9	110	230	75	360	108	23	123	789	316	30	106	23	382	288	188	180	83	2	659	151	4	247	118	107	276	98	25	156	313	30	59	601	76	29	14	216	27	90	7	90	318	97	86	298	87
V399	49	206	277	174	445	24	75	246	49	132	278	476	144	385	288	108	215	47	495	226	63	170	158	24	11	550	18	165	164	39	74	40	274	96	598	123	215	569	520	308	149	543	79	446	82	185	1	180	85	95	76
V400	169	687	200	657	317	179	155	35	390	256	677	133	103	601	172	132	206	56	20	240	91	63	240	473	3	134	445	9	171	1208	348	279	195	17	18	12	10	101	766	43	57	62	44	196	107	112	20	102	612	314	247
V401	462	940	397	168	140	32	332	18	115	450	144	186	438	54	26	129	110	456	5	676	219	290	66	40	29	145	126	55	75	183	239	46	475	298	45	467	39	49	282	436	16	72	207	30	32	231	213	334	109	12	496
V402	41	50	474	119	30	565	246	136	19	52	97	315	275	390	414	164	34	457	213	66	18	386	172	336	55	227	632	756	105	146	106	312	123	10	37	478	240	222	301	52	789	65	328	134	190	289	75	76	243	71	54
V403	335	157	177	265	144	186	24	113	413	278	575	20	81	306	465	73	253	59	415	12	112	131	46	286	62	1	5	140	26	64	239	587	188	290	75	259	251	149	80	11	135	118	28	141	63	48	51	361	115	306	306
V404	104	15	187	27	100	276	79	101	159	111	207	145	315	322	21	809	193	46	13	11	87	230	37	468	20	124	104	416	34	225	743	88	78	93	13	27	23	21	59	395	51	1	285	49	273	94	781	177	190	168	120
V405	24	300	166	364	354	53	200	13	189	77	405	30	199	438	175	51	91	20	78	100	64	461	60	317	228	942	195	97	60	14	4	12	114	138	47	42	195	239	119	213	553	93	75	104	1169	189	49	226	160	43	79
V406	119	206	90	363	166	67	5	423	49	240	188	20	201	2	384	180	250	133	24	0	330	45	262	478	286	131	185	101	63	463	172	52	18	299	19	457	36	489	88	762	85	142	344	57	116	32	50	60	407	123	134
V407	187	375	70	8	29	31	60	38	18	371	35	236	256	57	308	195	68	747	495	290	45	1182	113	258	76	31	566	218	35	981	46	229	197	84	124	262	171	205	739	80	95	100	57	84	33	183	352	296	162	106	207
V408	128	31	198	244	13	40	72	90	346	135	218	454	271	90	67	88	79	122	51	82	14	111	45	330	538	371	30	204	56	29	205	18	48	279	110	44	35	21	195	98	111	28	76	150	50	631	43	75	7	85	109
V409	53	23	371	3	97	470	9	531	27	437	215	137	5	117	90	246	204	216	7	144	13	35	67	333	35	10	256	164	39	22	639	184	500	206	327	126	132	29	129	200	149	73	248	258	275	34	4	30	815	486	72
V410	318	95	81	40	77	372	108	292	28	2	434	461	27	296	368	742	602	353	48	950	811	726	104	8	47	151	68	30	109	318	27	618	136	168	244	30	333	70	234	7	161	139	169	7	55	22	427	24	140	331	295
V411	41	950	183	418	104	178	2	352	24	74	169	18	41	259	1	150	113	9	122	190	76	235	493	56	218	170	285	332	180	151	115	273	556	14	345	38	5	43	172	126	90	5	154	230	228	37	68	88	86	196	177
V412	162	399	232	418	5	495	9	225	28	118	505	8	95	30	7	70	292	217	116	543	315	184	6	68	95	31	18	253	88	152	193	184	119	143	414	280	41	29	464	29	32	53	75	316	21	119	73	61	42	12	176
V413	139	109	196	441	5	140	312	374	549	143	56	32	65	3	86	35	125	274	44	20	511	125	260	37	80	295	42	85	8	86	75	26	140	114	14	17	122	105	264	38	390	638	559	383	1120	87	43	108	92	26	164
V414	162	54	37	137	35	66	125	100	324	559	616	56	149	268	29	69	193	100	245	25	71	26	263	77	144	218	6	26	287	51	373	139	479	147	53	18	74	143	173	248	438	154	363	455	195	158	392	58	432	1491	177
V415	566	275	20	5	86	155	217	49	11	101	170	139	101	4	121	23	11	848	29	18	510	721	238	315	18	167	344	452	572	12	47	155	66	308	7	51	936	268	67	259	110	88	211	97	34	84	47	76	37	73	463
V416	62	4	40	268	74	255	153	11	25	0	120	181	390	96	152	170	759	98	121	227	35	434	229	988	21	43	112	150	534	89	417	142	1265	267	44	594	371	77	1	66	185	77	31	278	413	551	72	396	277	214	70
V417	185	23	218	92	0	101	92	196	66	455	18	452	408	16	326	164	339	88	185	303	552	169	236	54	24	12	207	161	546	35	379	100	43	114	67	54	78	58	749	556	468	31	35	762	348	613	56	387	212	200	166
V418	235	351	747	126	177	263	48	69	47	36	347	9	103	59	135	123	160	186	144	3	6	563	309	68	531	431	192	163	411	83	196	29	141	43	18	27	147	89	66	56	166	203	608	52	26	134	91	173	76	327	253
V419	62	300	0	710	85	107	189	107	13	279	31	380	213	226	294	306	223	991	665	363	350	17	180	267	14	194	60	108	87	149	12	146	114	148	8	648	294	149	5	191	113	72	1287	98	160	22	33	96	34	585	114
V420	5	307	1644	70	282	148	138	407	45	222	397	64	270	60	209	125	59	63	26	126	263	276	105	37	251	595	112	0	48	188	55	434	136	82	455	23	102	23	77	8	242	226	212	40	87	184	292	283	50	156	53
V421	411	5	141	116	140	379	53	180	116	157	40	208	33	108	25	295	344	143	101	119	40	53	72	40	37	48	8	72	210	570	412	34	171	61	422	4	258	284	5	51	10	29	351	25	179	57	7	7	172	437	327
V422	284	46	125	109	0	195	143	199	41	49	177	83	226	145	132	110	49	160	139	47	210	274	21	179	66	83	217	46	92	137	337	191	32	146	765	358	31	140	325	260	100	37	418	176	86	200	234	341	28	376	236
V423	0	7	51	37	341	20	547	375	230	507	123	17	138	184	65	48	238	202	484	47	102	124	43	201	181	27	556	134	290	67	99	283	297	40	141	168	288	696	53	29	59	56	101	7	293	46	288	324	64	38	27
V424	415	65	775	19	61	157	122	41	570	371	2	417	204	101	113	9	165	82	434	1316	7	60	285	159	305	124	200	199	851	131	39	167	125	53	298	280	117	104	14	654	425	186	305	527	106	214	45	213	198	96	336
V425	231	67	234	428	236	96	585	338	552	216	391	289	616	215	440	84	67	119	19	75	81	895	1413	3	133	197	288	253	242	49	0	50	347	79	258	75	2	6	408	87	326	15	10	84	52	139	101	80	405	273	200
V426	75	23	5	54	401	384	0	225	30	401	119	9	155	190	74	67	32	45	555	1043	200	22	108	109	317	131	163	125	42	300	280	132	508	779	88	39	1189	41	233	165	114	85	413	235	99	417	32	259	37	196	76
V427	222	18	117	537	54	148	135	741	199	616	617	88	137	151	465	131	179	106	183	98	77	568	25	22	533	0	51	590	65	684	156	252	689	377	636	42	86	586	196	519	654	503	26	88	116	690	562	92	211	70	194
V428	50	170	69	228	95	77	266	175	109	6	38	45	31	550	314	305	108	107	4	36	730	436	542	499	201	14	326	295	427	198	35	493	576	74	127	36	333	182	123	16	258	182	185	138	183	164	124	236	3	163	90
V429	121	186	140	139	293	94	84	203	601	198	327	29	161	536	273	39	757	70	52	204	170	116	363	267	52	128	200	162	570	23	140	480	94	101	4	278	614	27	140	37	383	424	531	353	506	338	289	1076	382	102	152
V430	246	144	45	227	53	35	567	78	213	59	14	289	226	210	60	13	27	196	625	61	49	173	49	39	367	331	32	225	12	149	195	76	130	358	372	54	93	262	635	727	41	4	23	376	252	280	98	100	178	123	242
V431	448	7	444	179	171	193	87	15	17	159	329	360	586	6	609	229	243	182	52	31	69	11	82	413	26	367	282	0	18	147	255	83	31	8	34	54	39	514	52	38	239	1109	118	69	183	224	139	180	185	108	382
V432	49	75	71	42	117	61	173	72	448	173	21	120	239	323	490	285	283	411	6	170	0	7	147	93	17	53	98	122	19	379	244	56	15	76	104	114	99	137	287	245	220	701	85	1406	32	94	107	119	28	9	70
V433	123	330	37	299	273	204	24	83	89	409	222	444	274	104	23	536	44	177	205	106	234	195	177	252	364	122	359	178	273	322	881	548	658	29	56	7	206	16	155	62	87	222	70	0	33	2	118	78	47	249	139
V434	503	20	269	100	172	27	242	98	74	116	120	265	45	212	252	22	548	165	441	195	127	95	35	206	10	208	108	26	325	6	581	103	113	915	193	240	101	183	81	92	180	39	77	8	123	202	264	237	220	131	459
V435	28	146	217	162	249	284	357	417	249	122	25	186	153	15	431	103	125	240	32	57	83	245	49	286	177	13	277	799	155	399	274	157	59	12	616	248	38	660	39	191	879	419	55	19	66	32	37	120	360	265	43
V436	384	471	49	137	148	774	202	89	370	10	18	39	1256	715	288	154	265	202	731	259	50	331	1214	88	148	77	88	199	17	74	184	35	210	278	74	21	83	166	205	265	6	307	4	218	515	129	8	74	4	378	378
V437	376	222	148	90	162	118	80	103	54	353	235	307	247	173	72	7	365	226	448	70	519	34	252	633	44	37	416	56	188	345	289	198	339	402	88	586	31	199	223	954	69	595	627	122	18	271	122	458	38	140	342
V438	125	173	224	203	75	0	132	420	94	173	94	441	187	319	23	81	9	181	397	321	12	432	172	305	106	485	231	212	178	472	154	412	11	208	17	312	785	127	31	43	365	102	574	819	152	39	258	567	318	181	133
V439	795	104	175	30	331	89	507	88	395	203	620	139	574	13	200	178	67	148	125	306	214	109	472	29	20	43	151	57	49	146	45	224	7	15	220	324	90	282	19	63	9	286	111	130	119	173	99	262	216	174	610
V440	48	393	78	2	62	228	33	40	979	67	383	243	259	117	50	170	68	13	2	75	9	258	467	239	184	359	70	186	168	37	160	319	483	179	691	154	31	114	207	82	211	476	365	231	199	82	198	840	4	56	113
V441	134	88	230	309	104	100	389	329	12	119	131	191	237	186	233	279	336	418	155	1117	215	56	203	132	221	46	676	57	157	66	110	81	464	20	93	291	451	16	151	1	799	190	129	215	209	749	482	343	427	28	150
V442	168	69	264	38	149	50	32	0	17	110	164	20	69	189	465	76	59	61	225	69	291	68	249	200	675	24	68	658	151	11	252	279	14	274	488	135	25	747	67	25	131	314	88	13	148	108	79	340	120	341	155
V443	324	18	434	278	65	126	159	40	83	225	142	1	138	74	93	104	371	62	596	712	2	48	84	258	60	62	555	79	155	4	23	185	527	4	40	9	330	237	17	11	115	62	119	0	2	136	13	123	235	80	273
V444	99	249	898	599	74	112	588	563	184	104	438	46	345	412	981	158	1181	215	62	122	97	82	561	254	90	134	354	175	153	108	59	88	44	25	30	48	81	30	61	586	76	172	287	80	385	120	387	52	15	68	150
V445	114	21	175	79	372	123	84	833	220	13	86	36	195	32	4	22	35	148	134	50	331	93	331	316	76	154	467	24	540	154	10	371	344	92	46	113	9	238	612	242	235	574	101	74	525	79	280	2307	143	220	112
V446	343	171	2	525	242	338	502	117	41	32	215	230	12	201	265	187	80	13	94	339	59	225	504	120	393	394	156	95	581	88	75	47	40	286	268	162	352	334	163	181	501	29	270	253	213	224	199	370	365	5	271
V447	740	172	46	5	175	189	539	31	14	171	143	204	188	384	81	168	415	246	92	14	267	85	50	693	296	210	342	61	345	89	77	58	6	339	61	412	334	279	79	308	131	123	120	5	111	81	201	96	5	378	616
V448	67	86	26	13	108	263	192	57	96	496	148	56	302	22	279	55	77	193	207	113	746	63	63	24	354	18	190	124	318	51	246	371	387	154	66	62	241	12	0	19	97	128	458	194	275	13	262	121	279	21	92
V449	42	25	320	16	93	235	150	381	104	25	79	570	30	61	3	17	90	302	368	40	43	8	137	147	473	262	101	381	236	114	230	90	208	299	41	76	80	167	273	588	339	53	137	182	336	1320	55	212	160	83	47
V450	503	40	109	99	115	93	465	186	312	127	106	184	62	79	170	26	627	72	51	419	31	81	36	277	72	8	123	346	62	170	38	76	493	163	170	24	54	124	421	79	245	192	301	140	944	434	12	44	23	217	404
V451	294	155	100	56	1096	108	88	10	35	540	174	276	266	228	40	307	179	241	190	118	35	447	220	104	76	198	106	57	193	48	6	632	0	9	76	842	11	864	493	972	63	104	109	123	245	300	193	36	130	300	257
V452	310	4	71	215	1403	13	25	465	12	176	25	63	0	27	199	560	240	89	323	26	113	60	226	259	41	489	75	125	29	24	413	92	317	123	179	280	179	56	301	317	22	512	116	284	311	259	146	47	587	594	260
V453	634	85	314	44	31	185	69	80	275	273	79	248	191	82	27	304	832	400	237	84	21	223	436	142	64	100	229	107	189	274	45	108	36	3	292	237	209	421	35	129	128	192	171	47	350	209	9	35	1526	36	509
V454	161	16	386	162	133	258	70	686	280	180	196	27	28	282	19	286	235	86	468	103	727	129	546	24	233	128	35	104	134	20	338	66	99	212	146	104	117	74	230	52	86	89	83	47	573	164	76	673	209	116	139
V455	195	199	174	302	4	253	175	28	188	0	314	206	86	104	92	84	25	474	97	244	64	91	780	276	6	621	83	51	240	55	181	2	265	59	14	2	8	224	280	0	3	293	73	73	229	68	323	89	262	78	202
V456	234	97	227	167	75	91	164	1	29	83	125	108	320	18	34	55	186	30	108	5	24	14	22	109	174	316	322	73	115	168	107	130	144	88	547	9	23	103	302	792	39	577	78	309	358	77	154	855	292	310	204
V457	54	182	251	144	44	615	562	75	1029	299	192	62	127	76	14	275	108	55	60	49	335	108	56	23	37	170	35	270	559	56	85	152	57	37	180	438	13	833	470	403	187	66	161	51	118	306	40	166	66	250	89
V458	369	208	37	3	79	103	52	173	274	37	23	85	455	30	85	567	0	792	105	279	221	288	67	165	86	38	340	12	449	138	158	19	795	134	30	30	262	197	2	397	148	64	167	112	229	196	130	2	16	204	352
V459	640	20	157	326	42	251	27	149	42	544	380	50	144	102	67	282	91	349	83	11	58	351	447	178	438	67	111	131	127	758	432	99	49	29	147	331	245	421	110	765	110	19	91	219	480	132	171	90	564	34	517
V460	93	189	135	36	65	617	394	83	45	809	72	143	16	51	134	262	80	11	805	590	788	112	198	328	124	93	3	49	71	73	208	43	136	181	72	42	34	159	123	82	140	160	403	318	233	185	819	764	549	99	127
V461	141	556	55	250	274	9	163	355	210	507	135	443	631	111	41	199	23	230	413	308	619	32	82	88	330	24	32	460	117	53	249	246	148	211	34	139	725	568	461	54	4	313	19	225	28	459	50	210	216	41	195
V462	34	252	125	82	334	173	463	1227	242	193	112	39	328	15	86	196	108	222	68	54	365	101	633	45	23	67	421	145	67	59	76	14	29	94	118	147	183	43	110	250	423	112	191	214	41	67	569	163	138	77	70
V463	188	39	523	242	252	55	23	34	4	570	80	377	598	113	28	215	1020	279	109	10	168	41	37	92	443	312	4	90	195	489	400	11	778	739	321	250	136	32	58	232	315	44	106	57	71	35	42	129	216	1	183
V464	83	534	24	281	10	4	94	258	67	374	801	204	273	171	462	129	138	22	291	187	246	1	72	165	320	35	97	883	367	7	470	236	411	12	116	104	46	202	534	80	17	325	339	44	330	164	62	216	362	151	148
V465	124	498	218	298	531	12	37	100	75	762	8	9	475	53	112	298	38	91	192	76	296	16	84	77	328	9	28	102	66	640	228	174	43	252	16	227	462	333	97	645	622	50	63	262	312	40	68	143	68	77	172
V466	48	75	203	57	186	174	427	16	280	71	379	3	86	528	47	168	203	264	404	234	560	464	195	72	324	172	112	520	125	286	92	163	158	230	817	79	11	12	178	111	593	36	452	182	800	836	107	766	212	585	88
V467	0	219	277	84	173	176	2	324	70	71	15	31	69	232	150	63	168	202	124	371	56	41	387	216	361	38	113	362	198	100	46	186	2	34	98	65	261	35	68	27	233	21	54	341	630	316	3	278	617	604	51
V468	331	29	384	115	152	100	227	7	8	110	140	413	67	77	110	86	604	28	150	106	121	225	655	6	158	253	27	11	144	155	50	494	126	175	154	301	84	427	890	170	84	442	67	11	328	484	223	218	94	386	261
V469	580	56	59	65	138	132	314	513	441	198	209	120	128	38	340	90	448	65	107	53	79	8	162	149	393	90	433	263	74	435	48	505	249	74	243	87	182	126	124	606	196	34	14	14	155	102	129	88	134	222	508
V470	161	41	17	236	21	68	94	7	67	63	287	150	643	259	441	362	219	47	304	407	135	140	154	92	60	324	244	1	193	177	98	38	69	663	215	404	211	118	468	250	190	387	698	108	203	78	460	392	138	110	125
V471	276	44	128	353	175	413	4	233	291	347	506	242	434	429	200	92	909	382	301	34	51	399	597	102	248	360	397	177	104	332	7	19	69	189	134	760	184	384	12	190	271	352	247	243	63	11	99	253	22	59	231
V472	122	150	138	158	77	13	6	37	446	706	376	362	77	35	207	23	125	18	48	32	288	810	2	48	419	201	28	51	430	7	34	593	646	796	130	36	324	153	216	49	135	268	14	119	108	162	65	80	171	483	124
V473	136	71	305	9	39	272	110	78	91	40	17	30	134	69	706	100	71	280	354	111	72	37	151	365	62	348	364	807	183	327	96	221	340	126	230	355	13	191	302	198	231	92	10	116	76	173	414	73	21	0	119
V474	47	344	28	100	83	288	184	260	169	85	376	99	517	118	157	43	580	16	21	269	408	65	23	40	169	101	184	427	11	765	315	94	51	489	8	6	599	38	167	11	464	119	87	2	54	12	55	358	38	20	91
V475	29	96	172	283	74	242	98	239	508	183	98	519	16	106	67	111	77	115	335	41	270	523	26	173	5	432	174	355	62	452	0	345	329	58	69	114	297	621	18	8	439	152	198	68	59	248	49	515	610	29	58
V476	426	2	112	263	46	26	7	84	140	283	25	247	531	30	269	274	319	282	47	19	10	185	49	724	489	43	435	17	65	281	251	71	52	316	421	104	27	66	572	85	8	16	204	155	26	4	18	202	4	1143	337
V477	131	34	50	28	67	97	255	142	47	132	119	242	278	109	11	257	54	815	132	127	93	82	22	153	70	161	83	438	106	233	77	412	194	577	164	84	114	241	0	92	64	207	380	123	447	3	540	74	36	18	121
V478	327	22	64	221	399	208	171	107	51	217	46	90	104	53	244	225	84	37	3	279	70	24	11	833	268	61	77	13	62	283	312	586	180	313	28	211	214	94	325	10	261	123	47	553	50	613	37	23	301	20	285
V479	556	54	109	500	108	345	61	232	167	164	408	255	144	75	524	162	152	231	26	247	439	85	372	167	0	141	78	327	92	183	169	37	154	108	112	608	172	540	297	154	1156	18	161	42	25	205	362	32	3	710	472
V480	36	58	8	34	260	275	97	62	179	309	614	124	184	225	403	333	185	131	439	13	1298	150	378	79	222	138	383	610	30	900	42	0	324	37	791	377	50	1122	4	13	69	244	177	930	1252	260	108	186	17	42	65
V481	216	49	29	469	290	42	744	1177	75	17	95	62	85	470	184	156	156	171	27	167	93	245	33	135	49	169	66	568	159	58	165	129	204	481	202	115	302	0	155	36	95	189	8	193	12	73	192	166	235	2	215
V482	89	57	516	422	141	0	104	5	242	163	256	310	220	0	183	124	46	104	198	43	265	278	52	10	0	382	9	311	198	40	516	718	211	362	710	269	15	154	456	10	56	87	3	45	207	105	618	309	192	167	93
V483	4	197	49	4	280	253	34	149	206	242	300	489	626	145	386	250	57	504	95	278	334	186	33	119	315	511	169	10	142	28	16	427	137	89	175	270	625	42	416	57	106	140	15	162	98	374	177	5	17	301	41
V484	85	132	11	283	390	516	361	377	22	294	69	194	200	60	225	34	419	243	137	9	342	20	322	278	375	120	285	0	93	202	123	9	650	466	245	98	366	197	330	55	677	53	23	105	3	359	50	534	75	40	105
V485	212	36	174	237	222	87	492	2	257	64	51	271	160	221	456	139	320	79	71	100	465	59	432	101	57	188	632	225	476	22	126	21	174	319	161	90	304	160	211	353	638	275	28	64	25	275	19	6	40	251	173
V486	526	656	146	128	216	52	316	125	92	72	62	52	173	197	263	565	14	23	218	5	118	306	442	54	164	90	825	1	20	169	164	264	48	113	103	243	79	301	171	0	731	35	257	578	123	59	174	78	489	283	503
V487	192	4	21	282	2	22	265	333	200	98	52	231	78	334	92	155	87	456	99	207	459	292	42	1	301	70	65	926	69	64	6	47	233	188	0	87	350	430	231	329	62	455	211	59	555	113	82	364	1	173	185
V488	42	166	105	18	90	110	78	81	100	508	53	60	39	671	131	290	365	346	391	85	65	3	61	94	111	168	79	58	130	548	102	184	177	28	149	513	132	29	72	281	95	110	36	462	646	351	284	67	378	6	73
V489	139	801	166	587	281	37	479	338	26	511	46	10	162	157	635	1	30	3	164	8	40	15	11	14	255	506	69	104	229	41	146	44	15	675	8	604	118	244	164	210	201	386	271	391	101	257	8	11	85	443	222
V490	444	327	301	391	86	98	37	11	79	170	288	108	1	147	100	62	25	25	201	108	216	361	4	489	296	292	25	280	113	316	278	23	102	164	273	417	167	68	153	73	70	66	309	28	152	383	102	48	34	27	424
V491	428	165	282	93	353	204	367	333	111	8	46	449	185	308	801	331	16	102	70	9	174	1	28	479	205	112	157	213	333	286	192	82	42	64	429	133	5	125	334	69	85	125	49	172	26	203	42	200	239	73	375
V492	237	321	171	454	337	119	709	311	76	153	439	334	282	148	209	80	72	441	50	182	486	18	112	34	36	69	37	344	322	3	296	23	8	153	165	32	104	369	96	106	19	320	304	327	16	230	1	528	12	219	242
V493	129	199	257	784	3	326	27	109	9	153	245	315	58	53	18	8	142	150	171	105	148	2	94	6	40	263	312	52	357	148	17	63	288	94	317	41	26	288	226	335	20	310	422	221	41	65	62	72	432	55	122
V494	151	225	314	70	17	596	98	53	176	51	512	485	232	74	44	101	918	1329	104	88	99	102	136	726	265	911	297	84	16	260	549	670	46	360	30	136	548	5	142	52	1119	11	446	75	75	40	213	406	819	67	194
V495	167	476	36	227	318	431	25	145	173	254	489	74	13	75	307	117	327	151	76	239	326	254	537	177	56	209	5	6	56	78	176	303	325	68	291	260	617	24	241	75	128	505	207	14	146	407	14	9	27	39	211
V496	517	36	486	515	536	54	166	197	49	127	34	30	201	158	39	290	186	460	179	322	191	253	394	854	72	82	145	599	113	431	121	232	200	5	199	177	18	32	1084	365	381	618	107	15	13	261	1070	523	401	266	458
V497	20	203	283	23	375	319	15	211	337	188	249	40	105	26	202	275	206	205	7	156	1	8	75	259	282	727	49	247	59	96	457	53	151	135	211	11	233	95	234	196	224	265	69	86	13	90	162	79	113	298	57
V498	15	218	371	451	130	291	372	305	106	65	3	90	86	156	14	93	78	195	8	194	118	162	28	72	27	404	49	54	407	32	50	397	254	224	87	51	203	132	392	182	320	51	370	236	186	33	183	58	287	520	52
V499	16	308	66	18	362	209	338	95	107	78	47	358	165	116	268	2	184	19	73	348	14	4	65	119	95	82	65	516	305	804	5	90	215	184	466	128	114	52	249	12	363	81	111	113	93	421	953	180	114	625	75
V500	16	87	341	146	328	79	63	214	310	154	393	692	54	42	6	43	113	58	145	64	465	235	169	10	831	62	131	16	351	310	160	410	29	199	998	93	66	202	109	402	48	363	339	203	81	366	78	220	17	29	34
