Source001	Source002	Source003	Source004	Source005	Source006	Source007	Source008	Source009	Source010	Source011	Source012	Source013	Source014	Source015	Source016	Source017	Source018	Source019	Source020	Source021	Source022	Source023	Source024	Source025	Source026	Source027	Source028	Source029	Source030	Source031	Source032	Source033	Source034	Source035	Source036	Source037	Source038	Source039	Source040	Source041	Source042	Source043	Source044	Source045	Source046	Source047	Source048	Source049	Source050	Sink
V1	86	81	289	360	491	105	149	433	199	255	734	0	651	392	70	373	103	169	214	93	6	221	568	370	0	263	49	192	148	491	126	31	252	2	36	67	190	389	168	8	16	157	98	199	563	338	16	68	121	143	76
V2	106	352	26	342	115	163	886	78	92	47	395	393	590	40	51	220	73	17	575	170	221	292	396	68	289	36	41	2051	231	49	82	36	155	90	381	170	29	766	131	59	594	376	134	108	31	341	35	399	43	18	239
V3	34	233	157	858	4	189	640	254	379	334	10	94	422	872	122	145	424	276	16	122	113	334	112	15	190	83	59	301	114	364	104	273	107	122	54	87	79	33	550	74	186	364	143	182	334	2	235	3	194	9	145
V4	277	3	11	120	107	80	179	34	77	69	242	34	45	46	8	36	21	33	10	463	305	25	10	240	14	84	133	29	145	220	230	58	117	31	781	59	228	15	333	130	210	63	160	31	15	158	115	73	158	736	123
V5	569	602	72	101	101	449	58	117	9	385	145	25	64	393	302	131	680	235	121	149	554	35	215	38	6	30	128	282	447	250	6	5	145	230	44	27	628	619	48	218	469	134	530	98	296	88	312	87	256	129	551
V6	637	377	177	40	133	536	89	163	316	18	67	45	31	39	210	150	13	447	17	287	38	63	40	520	266	83	156	152	117	91	62	345	67	96	184	675	425	255	212	280	191	111	184	350	78	42	135	49	295	266	449
V7	168	226	361	544	43	152	5	460	36	29	431	347	29	196	120	340	280	97	219	592	14	118	454	63	47	443	33	310	109	348	15	144	76	46	240	49	40	514	113	536	47	72	22	85	107	70	111	375	44	21	202
V8	7	203	528	253	138	435	221	60	152	254	39	342	25	5	67	155	207	134	14	188	1	35	281	126	15	134	265	86	161	8	298	130	299	134	47	0	256	11	186	469	65	264	40	51	97	59	71	12	29	114	110
V9	61	99	371	15	496	114	375	9	128	51	47	634	36	149	167	178	260	451	127	222	102	24	245	53	413	192	208	735	15	117	13	13	150	89	81	20	415	29	85	336	129	113	263	225	151	183	40	0	174	245	98
V10	152	115	138	494	163	191	263	126	176	17	27	19	48	12	131	449	22	667	1087	569	427	122	156	364	219	26	194	16	392	264	350	23	24	425	298	655	143	142	168	78	181	211	343	210	27	473	42	220	32	284	144
V11	89	122	405	206	38	163	94	53	489	480	178	259	38	60	808	363	116	27	1296	7	59	286	263	380	29	86	41	188	65	15	60	65	80	168	406	249	65	130	290	317	127	156	292	1457	436	53	367	336	113	273	124
V12	16	122	133	118	65	948	168	263	179	236	343	127	216	81	235	46	44	200	115	91	100	609	3	254	135	154	164	55	296	219	579	182	40	154	77	422	34	157	971	102	685	19	58	189	286	213	5	76	471	145	74
V13	113	235	67	2	177	92	64	355	83	849	149	645	245	254	1230	234	79	241	31	37	94	433	117	102	22	51	77	64	73	20	54	99	35	3	16	6	375	9	49	395	216	280	108	55	69	224	126	21	693	185	179
V14	54	63	259	63	48	0	387	402	584	195	1015	230	8	674	18	1	107	86	68	388	291	451	3	169	10	92	77	94	520	40	154	10	238	277	360	777	25	250	365	12	20	181	76	1	151	74	186	68	41	128	72
V15	97	24	90	59	66	294	273	127	44	292	105	16	432	108	71	65	194	110	357	168	337	1320	219	56	99	94	86	179	49	447	154	68	573	191	53	358	333	66	35	93	216	28	43	159	226	472	100	47	63	531	69
V16	96	18	189	46	140	71	114	77	378	850	380	131	8	20	93	96	354	165	9	218	126	75	27	79	77	47	5	278	316	6	32	61	108	210	17	52	127	13	159	139	39	10	219	453	17	238	502	135	198	78	53
V17	6	100	326	6	510	760	1464	23	52	92	2	92	326	13	123	163	36	186	328	338	223	100	180	30	9	49	12	174	70	502	65	77	99	106	579	295	94	77	388	343	224	14	265	129	465	17	239	271	32	429	69
V18	15	243	120	378	188	246	186	7	59	231	144	148	54	529	38	5	138	49	360	28	214	642	13	389	12	11	514	181	79	601	120	912	180	379	31	103	24	61	177	482	58	70	684	11	98	781	45	163	171	432	147
V19	68	187	133	514	15	206	457	31	27	714	320	39	87	90	460	55	24	22	39	243	245	126	248	154	20	41	87	52	105	303	2	24	54	11	60	16	189	83	4	52	303	271	455	273	116	57	359	486	343	25	127
V20	20	615	1325	626	16	43	56	284	218	53	354	39	406	151	59	159	7	200	35	27	305	406	378	86	414	57	287	88	61	29	307	1	42	449	65	519	180	31	119	169	100	38	23	140	56	312	87	147	33	39	375
V21	223	112	295	145	145	148	259	149	36	189	119	141	138	89	93	111	86	108	339	138	89	197	179	319	58	209	15	54	206	146	330	88	44	7	16	62	183	33	269	437	37	29	70	96	351	26	93	74	11	267	177
V22	250	61	68	59	35	46	142	39	729	20	37	18	153	54	46	124	468	146	181	98	101	51	23	72	96	153	235	619	330	481	557	92	118	12	5	136	111	118	166	251	33	445	31	14	233	510	70	541	139	5	139
V23	183	8	317	31	216	380	98	84	303	555	42	451	692	86	13	67	205	234	56	199	112	167	82	86	211	16	242	1	226	119	590	101	46	267	365	50	209	188	530	511	360	374	342	76	172	48	232	19	72	202	102
V24	411	158	65	197	105	6	77	478	10	844	63	21	29	216	67	173	320	250	43	499	270	459	283	802	110	408	153	192	325	63	67	259	188	40	355	129	97	67	376	251	97	1002	552	51	145	294	448	51	332	68	283
V25	92	12	647	27	414	586	45	531	312	268	46	52	58	264	323	107	319	132	597	315	134	24	167	172	468	31	46	67	224	240	50	335	180	10	100	318	394	20	391	268	206	163	54	324	495	106	393	46	305	149	72
V26	208	254	93	68	86	224	30	220	228	40	51	161	139	434	205	10	122	186	9	90	604	24	58	252	163	31	23	43	65	824	160	91	2	36	90	841	7	60	225	286	137	34	44	42	114	270	101	192	132	74	229
V27	115	43	362	170	44	69	4	1	201	233	293	167	116	220	173	415	53	126	108	338	27	93	32	173	560	441	266	48	339	118	250	24	81	163	191	227	349	11	542	62	261	252	109	50	4	90	669	119	131	232	87
V28	92	54	154	65	154	151	50	76	64	106	612	59	766	675	44	339	259	324	45	120	19	177	92	239	127	252	94	588	245	155	190	550	269	699	81	18	356	9	241	79	266	270	78	186	358	350	514	122	130	248	80
V29	284	292	22	53	228	59	170	221	170	41	10	85	135	51	86	265	175	126	597	45	74	174	253	0	258	219	400	5	192	156	213	220	279	13	178	562	2	147	10	94	287	76	234	134	374	176	163	81	25	116	265
V30	41	608	284	417	59	440	206	23	61	69	192	1070	81	99	100	3	225	24	110	210	136	208	186	24	556	584	231	58	125	10	202	109	7	101	16	117	127	50	451	209	1136	459	40	75	31	25	103	241	286	159	338
V31	474	161	244	67	263	660	115	177	116	287	46	15	170	34	169	438	23	578	560	151	340	109	76	421	72	198	377	13	41	239	145	60	45	139	61	406	316	112	309	103	91	4	66	51	36	176	120	399	58	167	311
V32	118	28	280	336	210	127	97	541	330	469	160	42	3	801	151	79	139	187	115	82	200	125	167	421	202	6	98	136	732	82	218	316	72	883	97	66	103	302	225	94	582	229	21	158	114	367	144	105	477	71	87
V33	274	103	47	197	206	15	715	2	213	255	26	552	2	304	171	19	182	21	167	770	150	855	93	130	151	486	150	449	267	42	193	338	27	263	408	124	95	241	215	67	169	318	204	48	229	65	18	383	675	72	177
V34	302	61	119	89	196	218	396	161	458	121	310	289	136	19	8	324	139	444	3	145	11	47	210	50	211	103	574	3	75	59	171	169	26	24	30	64	88	1019	102	240	6	157	237	24	574	97	141	38	71	200	165
V35	571	29	6	51	337	55	380	35	329	47	36	26	98	134	14	311	501	374	7	250	197	90	551	75	367	242	272	3	28	150	358	136	100	304	14	171	159	213	37	204	265	98	215	176	3	123	476	521	62	6	247
V36	92	42	45	87	107	9	7	115	22	33	545	9	239	31	172	502	271	267	160	944	95	84	12	1205	33	112	318	183	14	11	542	434	150	20	741	21	36	673	99	3	26	148	402	423	93	216	62	130	581	19	70
V37	27	3	95	2	22	15	67	136	110	105	168	25	77	10	330	181	205	398	61	59	150	55	208	424	133	290	69	386	150	421	16	23	1	115	506	80	51	90	148	642	20	90	590	106	489	4	76	283	447	257	28
V38	464	138	215	83	4	10	90	785	156	585	227	34	98	229	14	79	108	34	388	130	419	155	45	3	97	304	218	61	111	547	332	133	40	154	3	649	306	501	315	78	265	23	50	314	104	3	120	1048	159	323	256
V39	295	124	252	217	256	70	260	43	77	218	118	63	357	30	343	48	108	320	52	54	309	298	140	334	370	152	254	684	171	614	146	79	98	149	462	104	496	386	16	161	112	2	73	131	172	182	234	45	447	238	179
V40	12	124	12	386	565	149	224	77	281	416	52	40	44	100	329	233	433	97	9	122	116	1	213	403	209	16	109	703	577	41	364	286	186	169	10	212	91	11	366	146	80	132	267	338	57	236	19	116	359	39	79
V41	67	1116	148	13	94	83	226	380	207	406	29	182	52	188	102	222	173	274	8	29	36	593	241	9	214	257	89	127	90	60	4	27	263	137	939	120	508	157	14	21	81	32	203	431	246	115	76	193	241	296	619
V42	26	10	342	284	319	408	194	17	50	521	18	40	1	149	161	334	411	16	554	39	2	86	210	34	105	290	37	38	170	116	11	22	606	354	331	7	623	106	135	301	118	0	28	137	303	62	107	229	1252	197	30
V43	291	4	110	48	336	69	1371	266	221	347	157	1008	36	27	244	264	120	15	96	1315	226	52	84	671	17	288	31	211	249	58	59	678	537	26	299	176	447	106	528	670	116	463	392	146	465	220	9	209	68	162	146
V44	41	120	573	115	217	128	504	585	315	75	493	52	93	35	262	133	245	98	84	656	231	24	69	169	86	37	813	424	352	174	129	117	34	226	82	370	32	269	129	192	673	99	258	94	224	85	204	187	44	96	112
V45	17	305	104	47	36	546	69	665	95	1	35	212	90	626	141	219	5	626	272	240	194	37	185	279	262	346	222	21	433	238	6	117	30	490	47	351	230	9	59	282	35	387	124	197	31	154	235	149	290	20	201
V46	172	210	62	435	442	232	0	333	562	250	303	203	52	503	634	273	258	50	27	216	101	736	135	251	22	221	307	117	117	15	82	57	116	349	644	750	6	342	11	394	281	195	225	246	8	455	329	11	25	209	186
V47	22	1	595	59	97	106	464	416	216	73	99	157	54	131	885	5	166	133	50	163	134	199	304	1035	115	9	588	23	164	174	28	53	95	9	16	230	55	11	457	104	474	16	295	508	143	145	43	42	167	8	19
V48	103	305	230	54	146	61	147	130	153	17	65	182	877	157	19	104	50	153	143	45	2	66	329	127	232	217	508	87	5	85	92	127	301	4	540	388	273	158	12	202	11	354	0	122	111	161	172	275	42	111	211
V49	101	276	394	84	32	194	6	109	72	19	213	155	138	2	631	105	303	526	260	72	316	70	102	55	572	432	247	203	574	21	366	447	133	298	24	66	0	338	206	13	54	22	18	59	7	123	51	283	110	309	188
V50	318	37	242	71	109	83	5	209	196	219	122	199	35	45	22	4	43	73	124	104	315	88	33	212	7	35	267	59	58	94	222	119	792	325	8	15	315	63	5	120	262	255	69	5	171	24	96	263	98	154	166
V51	154	256	74	9	121	101	270	6	149	31	235	9	689	108	45	147	500	766	169	209	862	104	628	316	35	105	332	161	452	471	768	19	442	54	248	88	1076	324	50	28	56	128	43	719	606	6	41	374	261	236	215
V52	21	49	34	139	117	189	170	304	7	94	67	52	90	371	320	53	82	44	83	58	32	195	841	271	2	141	233	88	64	242	32	1023	24	316	4	155	202	478	332	365	6	122	574	19	411	314	102	0	303	13	61
V53	864	443	129	281	153	167	200	42	531	7	30	217	98	242	254	489	503	586	139	259	69	106	1	8	33	329	22	33	197	56	477	44	55	22	65	319	137	7	450	45	362	335	825	30	107	83	167	67	45	52	573
V54	73	1	47	235	42	115	177	51	351	320	500	93	143	499	444	30	276	470	49	437	11	275	61	54	639	1532	124	117	435	155	297	405	107	27	515	86	111	163	145	45	167	380	252	186	48	24	212	45	311	172	51
V55	566	48	3	361	23	532	369	195	83	328	297	684	162	226	56	5	76	132	157	28	46	257	2	106	3	337	42	3	316	36	21	170	232	471	121	128	53	435	52	467	114	393	0	320	166	163	216	557	152	279	248
V56	193	26	98	157	121	277	71	117	27	4	105	144	39	79	295	10	302	363	22	285	119	306	58	113	38	82	24	268	164	218	211	723	313	111	217	53	374	462	430	21	697	367	204	416	235	123	93	611	16	510	119
V57	4	42	267	126	162	151	101	407	41	80	2	36	116	12	237	7	89	667	424	62	51	10	5	2	928	441	49	9	254	567	88	34	23	156	2	105	216	71	112	283	337	154	470	155	259	144	41	326	69	2	59
V58	77	336	34	30	460	327	183	201	404	527	666	65	236	47	139	68	23	118	266	162	38	21	28	61	97	94	462	378	101	300	99	20	765	143	18	205	777	50	305	213	115	68	84	14	268	549	332	446	70	14	220
V59	294	91	63	56	72	8	283	256	329	11	200	84	151	44	8	39	1	602	342	75	165	520	64	365	457	600	107	191	43	2	87	19	281	253	132	305	355	151	79	235	13	146	563	96	149	119	276	96	215	183	191
V60	44	677	124	119	882	415	102	141	121	499	83	121	266	8	235	459	244	332	279	1487	46	41	1169	185	63	325	458	22	20	476	198	10	78	10	261	159	483	73	216	65	478	58	12	19	176	373	105	62	394	815	429
V61	66	17	15	275	344	88	67	115	213	404	161	4	34	95	120	48	527	137	166	142	143	7	466	370	914	142	52	199	793	186	3	43	26	145	98	270	58	335	309	141	142	152	256	106	170	63	148	488	336	60	58
V62	470	795	120	55	207	293	1146	229	179	306	7	138	26	243	240	39	21	212	335	285	137	76	18	105	66	459	483	106	149	271	178	190	88	354	58	77	24	17	317	220	96	131	9	113	881	911	78	310	102	45	618
V63	342	129	298	99	247	41	25	61	256	437	38	202	58	87	408	500	677	15	606	91	200	48	64	23	254	57	70	39	236	407	184	8	325	556	660	478	30	507	93	3	93	518	29	94	10	137	179	68	9	291	203
V64	46	7	24	252	330	25	435	78	494	22	18	168	62	339	184	54	111	144	156	101	472	68	187	232	422	74	175	37	64	216	111	2	302	49	391	17	29	174	50	633	26	20	35	178	159	301	402	456	737	90	50
V65	32	7	70	25	88	38	358	248	285	602	427	315	196	50	212	527	62	41	3	71	142	23	43	236	984	28	142	363	0	161	7	271	20	338	275	6	181	298	449	137	70	36	147	43	77	54	178	339	68	180	28
V66	384	138	588	139	686	33	3	50	271	46	170	218	280	255	28	413	0	19	455	44	241	170	110	50	109	399	466	360	353	13	179	186	47	444	904	2	67	2	212	349	119	23	44	4	314	284	90	277	36	181	232
V67	48	76	530	436	24	396	93	309	820	1293	24	24	234	51	210	140	54	35	94	181	84	45	150	2	84	151	390	2	57	331	254	46	261	115	444	422	363	222	117	67	487	332	72	24	18	288	235	304	260	123	95
V68	63	83	459	231	507	158	9	34	86	73	303	151	483	148	274	693	119	110	74	58	448	594	332	229	47	50	56	554	117	6	263	364	167	172	92	63	48	20	53	70	88	62	22	42	351	3	117	338	80	156	91
V69	309	143	31	14	42	40	225	162	62	91	127	91	814	26	71	303	186	376	84	295	378	260	119	286	62	124	780	60	67	172	169	130	251	176	21	374	83	163	254	121	479	121	1389	1096	195	180	3	101	51	175	212
V70	374	5	152	139	208	92	104	146	39	5	548	119	692	348	67	62	142	161	71	156	367	261	672	108	143	85	53	318	295	727	85	75	203	29	173	85	28	309	32	128	99	5	89	127	32	62	99	77	113	220	153
V71	104	40	81	50	57	244	121	233	443	180	43	239	132	365	49	8	25	223	328	527	703	26	99	129	160	339	88	399	18	95	110	42	71	319	264	501	137	108	571	31	167	17	44	2	369	126	315	398	265	258	79
V72	1013	111	162	416	260	411	494	152	3	65	188	196	271	259	152	29	136	178	86	699	271	147	224	231	124	31	229	15	27	16	52	186	205	227	371	164	719	62	160	467	130	10	600	10	437	452	199	198	87	21	442
V73	47	428	86	245	250	156	92	361	151	220	37	90	165	104	153	376	4	409	28	38	376	1	322	194	161	443	11	50	393	52	352	108	62	622	48	404	155	434	120	76	252	152	47	921	223	285	109	135	37	157	277
V74	16	55	45	700	15	38	232	539	89	109	176	83	144	34	316	24	289	572	31	59	346	309	338	446	89	27	45	58	410	158	171	265	344	180	533	140	411	28	19	88	52	433	224	33	144	341	95	7	69	218	58
V75	75	343	67	197	144	330	8	117	116	71	252	102	43	142	56	364	67	111	26	277	13	219	219	199	190	324	319	420	70	40	15	235	262	566	465	182	3	195	140	543	92	54	152	141	318	47	5	348	442	17	221
V76	58	124	232	173	140	105	1	129	191	184	62	186	64	107	53	95	79	313	149	318	160	118	146	6	164	72	322	290	238	393	227	80	0	119	145	248	347	26	172	236	245	141	374	0	469	59	608	105	236	72	109
V77	142	259	22	171	106	0	266	35	459	270	382	126	20	270	191	210	52	293	50	99	24	37	351	239	440	323	166	83	1088	249	26	288	19	191	62	224	226	9	335	284	24	753	267	562	67	140	695	40	150	169	181
V78	19	139	645	80	1	230	364	273	24	274	363	245	50	319	240	28	76	132	106	45	597	46	52	424	74	274	99	311	108	131	29	156	152	51	27	42	99	186	49	343	94	74	80	273	23	180	224	229	111	6	106
V79	422	166	89	287	106	559	79	21	281	48	227	27	180	115	332	130	67	96	6	343	59	144	40	72	195	159	192	103	510	259	127	29	231	75	132	23	129	22	639	98	172	203	120	99	16	145	177	94	75	539	255
V80	123	28	78	134	496	64	156	470	218	24	114	108	57	295	42	58	56	313	126	304	476	215	416	0	47	0	275	203	40	102	7	244	63	148	133	291	241	81	179	30	67	223	925	28	47	61	67	396	65	286	97
V81	215	56	30	32	93	526	350	17	56	69	26	225	3	192	22	232	191	1	389	360	60	122	96	77	132	482	660	349	33	131	198	69	442	482	133	22	94	106	140	101	487	23	143	42	161	538	61	40	557	373	119
V82	36	266	260	154	416	368	217	290	163	16	72	11	47	70	345	66	293	423	122	15	49	271	374	343	51	13	332	44	189	139	113	35	301	205	141	187	163	63	253	181	33	75	397	109	371	270	61	110	125	48	177
V83	157	527	21	242	209	198	48	273	59	465	365	266	208	255	323	198	279	159	187	138	17	191	53	55	215	158	59	245	57	138	106	65	40	47	365	233	217	490	6	42	153	393	229	90	214	14	230	1	112	4	347
V84	188	445	202	378	44	52	57	355	131	456	270	243	276	49	22	111	658	10	94	199	147	249	244	110	31	26	5	306	55	124	204	38	101	242	148	151	136	687	132	99	232	31	17	99	379	409	308	87	278	62	348
V85	209	4	333	171	0	640	179	153	314	64	2	105	459	256	23	185	4	754	36	32	235	19	209	365	243	80	181	174	143	24	145	60	300	210	650	107	19	448	111	145	126	184	244	4	343	44	56	462	133	16	115
V86	98	91	108	185	90	123	478	198	202	486	9	103	577	247	480	53	50	2	52	236	165	0	464	45	43	44	44	17	32	268	3	102	102	44	166	49	207	511	129	8	17	166	269	35	124	266	159	33	146	375	117
V87	117	189	218	179	16	323	180	129	165	479	118	162	55	106	284	147	648	112	605	160	162	18	55	306	205	18	285	148	84	26	468	106	31	103	112	171	164	1035	152	103	318	259	2	10	396	43	125	37	670	240	169
V88	197	332	1	13	306	15	67	540	218	293	117	454	15	66	72	449	312	120	175	104	864	107	88	137	44	38	65	234	92	262	70	31	87	480	893	479	68	90	180	426	147	396	132	35	251	218	17	124	142	319	285
V89	25	105	2	21	98	80	103	66	321	25	149	226	555	365	246	618	481	72	1	119	69	273	269	154	3	6	121	194	148	60	2	535	264	203	76	500	185	117	16	279	700	152	204	89	227	76	64	236	42	125	87
V90	103	57	58	43	106	49	54	100	332	12	137	92	253	338	131	146	432	1	327	412	47	19	29	32	1	173	409	1347	300	7	63	55	141	284	113	696	227	139	180	271	155	33	166	128	42	29	13	21	68	16	78
V91	169	60	17	161	184	92	1008	126	101	208	6	64	150	12	3	14	940	63	27	36	119	304	19	133	27	70	80	432	3	10	29	114	44	480	12	110	77	438	261	147	138	377	192	95	87	41	450	53	52	9	114
V92	205	8	55	19	269	100	238	547	143	35	74	202	1	47	602	269	726	266	171	10	291	276	580	149	14	289	109	95	311	515	329	616	199	144	73	149	8	89	35	309	19	184	124	30	67	14	56	74	65	110	100
V93	155	22	97	137	787	19	328	14	90	363	91	25	105	213	96	66	950	29	190	513	261	132	42	223	18	422	578	85	45	48	96	174	176	158	16	369	100	44	16	3	157	203	345	34	155	356	225	93	111	177	79
V94	72	239	173	638	91	149	45	193	206	162	92	67	370	89	326	70	18	18	199	27	353	211	58	33	6	323	204	214	109	487	644	200	47	201	197	134	15	242	85	50	1005	499	367	135	85	141	95	18	7	156	198
V95	248	646	388	152	13	250	49	374	11	31	275	156	51	412	374	25	9	281	607	234	222	66	402	111	441	214	260	178	184	239	363	395	119	340	309	173	73	431	383	439	105	834	423	10	65	214	9	1021	510	6	455
V96	55	32	412	155	932	134	368	988	219	650	4	185	38	282	166	0	76	405	550	89	3	81	21	98	38	1295	52	141	160	524	228	37	9	208	392	391	36	671	181	251	773	21	74	599	107	90	178	268	584	127	66
V97	47	43	876	59	153	36	38	265	227	42	42	136	66	204	130	82	95	70	22	78	18	34	245	179	107	375	297	114	304	60	256	61	62	196	1	105	142	154	448	53	285	39	332	9	148	37	150	157	203	74	50
V98	206	120	73	490	171	6	182	270	534	67	131	386	197	33	223	12	137	0	5	81	197	249	314	25	422	230	62	2	746	56	350	399	68	17	11	40	367	76	781	80	87	40	337	139	116	512	108	113	898	227	150
V99	18	54	40	87	0	49	23	622	25	19	380	130	482	43	16	126	357	84	560	179	44	17	212	35	387	301	274	336	62	362	74	116	176	89	147	722	238	137	92	4	136	27	278	200	1180	10	212	34	206	31	65
V100	136	202	470	452	971	1	116	40	100	159	76	209	346	582	2	185	43	207	227	514	20	261	94	171	34	143	13	236	339	126	101	259	100	169	89	194	6	42	508	299	349	2	72	461	343	99	79	19	90	53	186
V101	129	301	279	3	799	40	33	397	128	99	156	35	110	312	96	3	671	445	316	109	125	103	391	273	254	992	306	141	31	62	60	336	9	186	31	31	24	36	145	134	12	86	71	79	623	93	436	1	26	0	233
V102	186	84	132	1108	43	136	263	559	121	5	269	82	59	251	253	117	117	81	92	177	514	19	146	461	167	209	118	272	59	857	341	37	51	141	277	362	13	5	285	245	121	21	233	320	2	100	456	90	149	29	130
V103	21	44	13	380	31	1	440	84	12	17	183	85	39	394	80	172	146	284	202	66	162	112	565	123	3	47	106	513	432	433	640	579	173	219	31	84	245	157	269	337	131	64	228	72	53	14	625	822	523	145	57
V104	302	133	18	270	396	67	181	166	122	378	284	311	45	50	242	124	29	12	302	26	26	35	137	30	90	68	420	27	18	43	111	381	32	89	181	596	49	339	523	28	140	115	725	673	429	12	726	88	260	66	194
V105	27	1025	168	688	233	104	484	488	224	33	271	360	266	140	395	30	371	49	142	30	436	345	81	328	157	51	25	58	59	12	97	112	10	68	870	48	109	218	176	173	112	5	47	27	95	59	44	3	216	589	592
V106	158	337	206	313	27	39	537	70	49	182	199	213	218	13	265	57	607	72	0	215	5	142	245	107	239	1161	62	76	119	351	284	79	161	295	124	330	5	129	258	478	249	63	93	140	309	270	247	159	77	126	266
V107	132	244	193	148	538	29	80	190	83	135	492	1152	293	169	71	1170	407	46	551	51	106	223	242	47	254	127	46	34	242	335	429	98	84	263	32	114	217	60	200	37	134	332	236	213	491	55	33	190	847	137	184
V108	910	124	3	70	222	283	61	215	86	207	51	66	87	1113	54	360	154	53	140	7	1	83	967	411	209	109	19	233	7	565	44	13	61	91	437	285	103	20	30	122	564	218	107	48	238	1002	58	355	0	67	420
V109	106	59	865	52	18	8	77	607	517	486	116	175	292	305	524	158	358	343	108	81	838	534	17	40	43	193	598	257	135	181	494	11	84	1031	124	26	313	129	25	19	206	195	491	96	51	82	274	142	15	139	97
V110	24	961	433	312	210	107	97	202	342	256	214	281	5	151	17	429	189	721	177	281	291	235	75	213	761	25	27	241	38	146	46	118	294	550	41	86	9	153	163	60	171	270	1	271	233	409	721	76	69	36	495
V111	50	485	456	6	90	133	515	3	547	4	222	125	135	115	288	147	17	92	191	218	180	159	197	29	226	178	53	190	110	37	1038	392	513	1	7	256	65	103	114	103	62	264	21	84	43	791	272	105	75	51	293
V112	505	197	657	168	230	515	206	68	578	4	329	21	123	183	81	394	5	194	321	95	85	151	61	294	37	407	29	415	145	32	91	197	1	57	349	13	213	32	452	144	122	705	253	175	431	208	117	381	46	141	349
V113	478	106	224	265	40	56	165	16	112	428	574	86	96	184	540	12	36	133	5	67	56	606	225	107	68	48	156	70	42	284	91	290	23	221	59	238	209	2	278	488	813	54	299	173	99	160	227	434	329	78	259
V114	309	143	61	1	175	326	161	111	274	34	69	38	560	184	371	636	84	196	230	94	163	245	29	15	71	408	100	66	24	374	563	299	118	103	862	61	25	464	186	54	438	167	420	10	137	93	679	172	298	7	216
V115	162	122	3	296	62	887	18	29	99	187	715	314	616	617	289	47	255	19	88	26	155	3	240	30	692	2	77	67	130	7	176	580	167	280	141	172	100	195	167	740	179	144	940	17	312	5	55	12	411	119	153
V116	35	108	789	126	618	409	135	99	49	245	181	215	260	106	412	235	330	122	110	293	94	273	35	380	58	376	125	1	68	663	227	113	430	274	483	328	397	76	95	86	42	98	100	79	0	345	8	891	115	338	95
V117	535	735	335	133	180	343	568	118	220	137	447	4	159	30	103	308	36	240	97	99	342	234	268	305	34	52	242	143	383	160	579	50	297	35	404	15	112	771	133	1004	207	210	173	15	113	175	37	293	173	26	616
V118	19	171	111	9	57	194	71	403	139	188	235	66	140	576	320	100	94	26	408	225	18	87	114	157	339	142	164	238	4	79	132	295	115	123	27	154	78	12	232	277	9	479	69	480	210	114	66	334	21	117	134
V119	239	118	68	552	304	170	240	54	422	170	263	210	269	157	31	754	435	4	685	297	101	169	4	11	57	812	76	249	546	295	52	689	81	166	108	14	31	291	123	27	28	40	44	343	133	152	219	154	23	129	201
V120	113	5	512	103	237	10	121	24	23	147	288	103	311	21	0	35	45	154	24	199	356	135	128	98	491	257	1272	128	360	191	62	113	41	372	473	61	143	730	414	47	276	98	183	87	571	86	89	31	162	141	61
V121	124	118	63	923	99	161	196	10	136	560	162	77	290	161	491	211	97	101	766	519	49	50	20	19	72	69	218	572	4	467	83	81	95	231	26	109	652	51	368	259	254	211	185	569	39	194	48	143	45	26	133
V122	249	31	33	314	108	90	428	108	178	89	190	174	230	132	311	323	644	194	586	17	17	225	216	217	306	82	159	131	85	85	166	99	158	588	43	208	247	116	312	77	95	37	855	56	135	123	52	184	303	120	113
V123	3	370	29	98	9	76	95	668	58	172	169	132	153	259	46	23	560	224	343	177	67	126	30	528	24	52	123	298	3	81	35	164	327	96	128	169	139	412	481	612	153	187	15	267	780	134	292	7	33	193	218
V124	150	296	572	341	23	26	23	131	302	191	92	98	370	543	149	385	451	82	120	97	159	61	437	189	30	182	363	53	157	47	319	311	55	61	50	10	226	396	112	449	522	497	100	150	17	294	210	210	8	133	225
V125	87	62	429	27	208	38	29	38	373	331	172	41	52	50	42	644	102	572	18	4	2	456	102	44	16	213	359	0	168	185	18	27	465	195	18	92	236	102	372	89	510	10	285	754	9	371	25	169	185	199	83
V126	192	49	113	349	189	36	193	720	74	80	178	24	187	141	472	109	65	194	1229	273	47	278	304	712	51	142	44	74	166	16	168	7	242	27	715	137	119	13	3	180	30	312	69	324	71	158	474	76	358	19	113
V127	197	223	134	9	262	678	647	164	136	125	307	523	699	265	0	0	56	294	246	284	209	78	249	31	1186	344	125	168	74	8	429	5	34	439	466	439	81	11	944	77	558	91	3	491	220	296	45	51	379	26	223
V128	145	93	169	12	260	133	694	494	187	43	131	73	31	129	409	49	186	13	21	71	28	167	63	489	22	112	664	32	98	149	79	255	441	173	36	335	12	367	224	95	410	206	387	2	43	338	15	184	23	26	105
V129	211	323	273	208	66	64	35	20	39	242	434	456	231	303	129	99	83	274	1067	505	480	51	72	10	15	192	0	71	27	22	263	38	39	158	97	389	56	653	69	159	34	98	152	1274	359	1111	59	153	263	368	278
V130	22	430	1075	275	343	702	576	325	188	78	95	34	277	451	241	1206	393	13	409	158	73	352	80	232	40	280	19	168	331	272	6	106	874	118	283	368	475	180	111	247	305	126	170	79	244	218	478	113	2	85	262
V131	3	209	234	47	96	80	299	383	140	40	214	51	348	78	388	302	271	169	148	376	116	540	196	127	692	26	34	90	29	292	105	233	127	120	21	44	284	236	7	87	272	470	470	519	1	446	5	187	81	590	138
V132	154	128	292	97	264	14	135	485	200	158	518	523	343	55	293	277	285	145	361	148	375	62	105	368	199	139	276	102	28	231	382	14	90	429	35	9	31	373	4	135	103	16	28	44	148	92	134	287	274	286	158
V133	205	40	357	58	360	126	65	238	93	177	296	526	428	21	146	140	195	33	53	405	41	318	230	310	175	181	361	11	63	124	80	165	178	70	452	601	75	88	50	34	40	346	396	72	379	146	274	96	85	21	116
V134	282	156	254	75	28	126	295	141	139	115	60	638	77	188	195	203	114	3	309	290	159	195	35	500	270	107	14	49	43	31	454	59	236	8	656	495	81	19	58	34	19	32	12	165	166	94	489	292	40	384	211
V135	27	463	324	1	38	360	180	694	90	24	569	326	77	157	608	246	118	113	173	206	188	34	216	36	472	318	187	62	112	148	253	33	0	209	191	1	236	65	307	161	238	694	61	281	41	542	60	2	577	142	281
V136	1	313	316	116	362	108	15	165	27	183	102	8	38	134	260	97	9	192	86	2	112	343	159	431	199	35	245	100	71	385	261	177	488	23	310	370	411	330	25	22	439	536	93	366	75	115	106	649	252	509	193
V137	238	194	57	122	132	32	187	295	133	692	305	8	490	408	252	31	378	185	10	165	250	382	32	32	170	22	348	829	42	18	48	9	51	160	16	353	332	28	668	163	160	54	724	4	223	214	3	72	69	343	217
V138	92	352	188	490	101	40	437	23	112	137	602	198	257	31	10	41	50	95	67	5	91	40	43	13	121	434	21	109	46	84	265	311	62	173	191	20	228	389	509	118	571	117	488	55	116	44	221	2	333	100	253
V139	183	178	9	71	281	155	137	518	202	311	48	91	697	240	403	17	233	349	18	151	77	218	98	129	223	305	300	567	305	181	75	320	279	56	161	322	151	93	102	33	51	250	459	66	203	311	36	333	123	161	179
V140	26	182	4	209	429	92	637	6	105	393	27	7	60	2	122	627	7	0	857	30	364	117	14	50	141	19	139	658	11	705	8	25	354	47	211	42	6	43	196	453	163	403	544	114	141	158	57	95	140	264	106
V141	31	8	77	511	154	364	239	768	146	263	721	195	238	341	98	5	224	114	77	7	292	7	59	79	658	105	63	136	71	154	49	353	159	198	394	247	278	111	144	10	56	25	196	91	461	79	4	168	10	46	36
V142	134	95	166	51	184	78	528	4	63	16	280	305	152	199	266	164	99	384	65	437	167	391	63	100	417	340	215	223	64	29	2	51	154	227	31	45	633	298	305	342	10	223	386	2	149	25	80	5	135	258	97
V143	288	199	130	507	75	391	284	525	158	123	100	105	189	59	2	751	24	88	133	84	53	561	245	628	15	283	347	57	59	95	230	109	88	25	198	1183	367	70	10	416	13	48	348	17	435	75	63	49	71	138	262
V144	533	174	115	402	154	45	132	217	15	220	81	292	219	89	16	370	82	585	405	330	450	201	79	126	102	43	38	210	76	1597	391	63	58	57	223	180	255	5	85	44	255	664	287	188	56	177	1361	445	302	88	322
V145	1035	263	244	22	338	349	266	50	274	133	245	311	530	354	715	492	66	308	78	159	65	875	326	120	38	71	240	67	68	205	196	208	361	188	118	35	35	28	576	350	381	115	387	17	30	209	267	164	361	28	511
V146	201	169	320	11	16	342	77	109	73	32	132	100	240	191	103	4	185	273	98	1510	161	427	501	154	20	34	329	367	40	67	62	265	21	0	77	457	751	582	182	379	16	117	26	39	140	120	574	8	22	252	177
V147	168	19	7	205	531	141	135	0	17	147	17	41	113	21	79	293	150	175	250	107	172	1012	227	105	27	85	111	271	80	113	78	327	135	17	269	57	489	9	68	205	121	352	211	9	28	24	49	274	49	102	78
V148	656	179	10	5	172	200	427	145	56	33	267	166	548	20	22	18	163	364	26	1189	162	223	47	33	358	145	150	177	21	882	508	36	30	51	65	180	156	175	27	171	358	350	240	65	368	351	407	79	1347	292	350
V149	73	138	123	211	379	299	61	132	36	365	96	391	125	234	248	25	305	34	39	94	63	188	159	702	18	546	84	606	354	230	32	150	162	513	277	67	55	101	51	80	16	154	189	18	79	47	307	95	47	102	99
V150	679	100	6	23	68	326	127	14	117	317	200	116	127	40	32	459	235	197	66	170	278	355	129	144	90	79	114	115	535	184	289	858	160	107	520	123	126	164	0	2	89	145	139	674	651	2	160	341	53	55	302
V151	197	135	69	581	258	79	114	45	275	382	126	0	9	313	4	327	319	223	202	14	86	652	57	1	369	2	155	15	210	117	109	131	58	58	328	331	104	63	400	203	322	6	4	2	323	61	887	176	143	193	171
V152	119	97	246	28	99	67	439	110	205	90	121	430	39	780	175	136	1	96	298	471	3	149	243	210	223	117	302	474	118	350	150	133	64	177	5	397	105	81	556	121	200	19	164	40	5	134	209	62	140	134	103
V153	754	32	82	208	525	402	15	96	105	285	42	212	57	50	32	129	130	93	84	75	52	8	415	3	329	164	1	130	208	18	272	266	41	227	203	3	653	35	98	313	13	142	24	147	75	1	457	257	379	80	309
V154	61	145	216	92	481	142	599	161	16	13	375	106	399	8	23	131	153	118	14	46	260	226	191	14	162	117	192	110	284	25	73	83	110	273	157	256	265	237	2	50	166	13	126	874	59	259	123	879	108	14	95
V155	31	40	3	235	32	154	1167	139	253	372	248	24	247	131	31	65	50	126	163	40	89	0	530	241	26	151	262	63	247	172	110	76	458	125	85	39	285	9	278	132	140	194	119	342	175	276	26	32	333	4	56
V156	5	353	9	7	54	118	42	54	319	95	521	184	73	24	79	53	386	89	10	84	154	171	21	326	1244	297	7	48	64	274	56	375	118	60	72	162	117	71	252	474	237	351	34	216	278	112	157	117	199	22	232
V157	108	51	343	167	334	179	166	73	164	160	617	214	30	112	123	231	90	161	324	906	331	41	274	278	296	246	13	48	426	232	382	492	130	54	373	104	95	227	20	24	35	33	382	989	74	156	518	71	6	45	105
V158	66	443	247	326	11	316	96	668	44	71	512	113	71	194	397	83	26	47	126	143	119	21	657	166	8	71	148	9	90	302	66	214	251	454	114	185	17	129	208	61	430	390	107	116	28	182	334	128	76	362	248
V159	14	126	231	372	139	51	185	38	70	82	466	283	253	80	357	41	103	364	286	173	83	182	698	48	108	126	102	244	196	24	244	57	15	67	360	82	1180	100	199	190	69	290	45	285	89	1130	51	47	201	214	87
V160	79	476	294	37	252	64	318	467	56	674	25	195	22	39	60	35	223	24	74	320	212	145	267	14	176	134	239	104	192	73	28	848	123	408	113	201	342	76	102	201	492	336	1732	62	223	26	50	554	161	353	285
V161	276	108	182	88	506	848	36	81	367	33	192	265	157	138	155	202	33	155	548	16	15	11	62	38	277	128	113	792	562	94	111	154	425	414	37	91	270	0	86	543	374	345	623	208	98	284	361	372	134	23	181
V162	378	26	36	532	427	14	35	345	942	7	405	284	524	306	428	18	295	14	39	171	90	104	264	228	109	234	235	116	229	46	233	101	5	559	124	359	53	18	1	142	125	879	307	74	51	429	24	30	0	74	173
V163	179	165	213	314	65	54	41	69	143	20	112	77	56	27	6	39	186	348	80	300	127	112	124	31	64	37	19	173	37	192	202	176	95	329	110	36	194	32	780	177	687	245	301	96	300	102	36	27	60	140	152
V164	126	421	55	243	324	182	98	191	262	597	1064	50	722	131	594	297	13	114	71	58	84	43	0	306	122	56	16	131	146	374	286	196	353	92	289	332	245	66	87	209	397	3	167	161	44	83	102	0	0	416	299
V165	35	24	3	194	10	129	14	184	97	399	414	23	41	207	247	76	501	35	92	20	24	230	64	384	69	133	234	63	12	93	12	337	5	5	14	158	419	1820	182	223	162	681	134	28	263	927	200	178	104	141	43
V166	1	701	124	162	324	549	3	241	115	295	40	401	295	199	81	854	262	77	526	365	263	61	358	44	186	103	234	166	100	200	35	215	61	75	480	306	314	94	75	9	51	287	17	490	92	199	264	121	15	185	361
V167	0	103	13	82	182	137	54	141	186	109	283	452	53	180	15	382	28	242	212	312	345	32	98	56	125	58	169	19	218	247	78	24	259	16	167	234	253	45	132	13	137	278	244	11	460	193	101	301	39	442	87
V168	312	166	113	4	93	367	225	213	239	35	286	645	679	118	11	194	601	355	80	444	117	196	28	169	562	356	261	11	341	85	100	309	143	28	23	27	637	23	22	113	36	40	109	865	123	35	147	118	318	807	251
V169	119	45	979	113	114	23	119	131	35	195	575	67	138	109	408	256	194	20	65	127	156	356	120	59	323	38	1273	10	358	21	305	50	63	59	160	141	477	161	52	94	365	178	111	189	464	5	83	388	46	3	100
V170	104	28	102	227	128	196	12	46	88	118	247	87	0	300	79	141	123	205	399	398	664	15	248	15	662	81	22	14	526	58	359	275	444	417	140	155	284	26	422	53	2	70	231	204	125	190	175	232	161	14	76
V171	20	19	21	268	56	0	20	35	234	3	584	22	193	1	4	76	35	46	168	186	382	163	79	710	89	27	379	120	230	329	9	370	214	964	31	316	7	128	127	168	3	1018	383	279	178	58	50	110	19	321	28
V172	89	189	137	455	252	337	172	339	43	221	727	486	361	178	19	429	264	9	71	242	673	5	160	685	243	71	125	252	428	400	22	70	466	598	13	97	263	34	580	60	208	2	242	293	534	849	755	151	83	478	156
V173	187	223	693	20	243	31	503	118	136	413	60	49	349	498	266	18	111	589	123	272	355	53	295	176	87	66	115	53	847	0	6	162	591	23	27	19	11	108	24	301	95	7	132	63	394	80	233	2	1126	4	186
V174	943	1	351	63	69	81	465	0	52	480	223	73	355	345	0	242	75	104	282	441	167	66	211	33	218	226	108	36	8	232	193	41	290	57	90	6	39	80	11	77	600	368	110	183	608	409	26	2	142	175	336
V175	351	162	135	68	2	239	9	582	459	14	34	134	188	219	161	88	55	73	69	699	268	129	277	5	28	176	330	4	41	112	120	410	70	7	115	66	261	141	128	44	210	28	99	14	47	284	452	31	80	234	262
V176	22	137	8	275	64	111	698	179	122	182	367	176	145	331	674	146	457	401	251	334	918	454	87	92	698	209	61	372	118	157	236	150	83	57	101	21	17	59	183	19	23	333	217	18	120	23	310	623	224	259	95
V177	295	40	582	346	211	28	369	164	85	466	6	172	11	238	108	476	101	393	83	131	258	8	16	98	149	147	98	387	587	7	406	26	47	229	584	110	80	167	226	629	35	344	130	77	63	281	263	453	19	58	150
V178	185	13	358	353	118	190	56	52	68	32	34	6	371	17	65	73	270	591	130	45	90	663	254	31	431	83	26	144	278	95	108	140	42	65	215	392	106	16	68	39	282	83	25	130	175	200	12	134	212	221	95
V179	195	141	62	13	194	23	76	286	50	191	248	38	25	18	364	261	149	255	23	387	331	561	188	194	98	288	392	268	39	144	4	190	81	125	149	147	186	207	179	207	116	435	188	61	361	240	6	142	185	152	183
V180	50	14	74	266	78	384	113	148	38	107	179	297	213	720	19	109	42	93	163	239	158	105	82	226	308	83	78	4	130	16	103	33	338	241	658	660	69	59	435	137	4	2	320	378	4	28	76	111	135	424	48
V181	201	337	170	388	144	451	26	19	408	182	154	143	461	144	51	83	119	38	180	283	383	31	622	186	298	74	19	4	28	83	49	4	253	445	332	435	169	198	114	273	111	216	89	137	7	441	26	478	186	205	296
V182	2	56	561	7	3	91	438	47	58	21	48	296	378	45	489	264	6	244	199	75	55	38	119	227	170	18	199	90	983	73	259	8	481	211	228	12	927	143	297	111	714	1	65	177	33	96	484	84	417	13	43
V183	420	59	194	304	18	366	22	21	337	252	215	697	65	398	238	306	1	29	14	26	11	318	270	37	30	374	124	32	619	105	68	472	29	735	25	71	141	337	3	272	210	258	4	125	86	892	33	20	73	248	198
V184	178	39	116	28	49	413	32	374	123	141	444	43	89	50	70	180	213	595	131	131	390	70	304	328	309	109	135	449	246	37	12	39	487	194	51	167	366	220	319	309	275	517	334	221	57	347	252	77	294	72	100
V185	613	445	49	3	513	285	29	239	255	28	717	266	199	113	280	113	216	53	245	42	181	70	464	59	356	113	166	267	80	13	49	80	124	166	125	403	14	340	3	363	132	1	68	109	478	126	207	203	380	116	492
V186	232	293	31	95	106	115	123	162	426	78	75	27	114	588	62	430	75	1	253	40	365	56	11	36	84	6	213	24	347	223	2	113	252	13	188	146	101	589	201	277	100	52	6	86	69	46	87	563	51	283	256
V187	396	57	286	61	47	98	439	348	420	183	126	124	154	140	84	136	503	145	286	142	50	87	29	622	30	217	378	157	99	19	270	313	53	136	159	126	93	46	10	292	304	484	200	134	0	20	50	310	280	440	220
V188	278	220	0	208	37	12	80	96	456	255	347	29	73	121	203	67	60	81	65	368	341	286	3	295	146	0	369	43	411	40	39	225	22	141	491	50	72	175	216	13	83	540	92	43	255	17	28	272	192	23	224
V189	114	225	307	28	162	89	564	286	21	68	4	21	18	527	115	155	85	388	439	122	155	122	76	124	54	220	211	19	18	505	53	44	184	256	74	594	183	2	41	200	25	78	40	386	416	243	11	5	207	279	218
V190	83	92	552	73	301	252	198	904	6	412	64	356	1381	24	333	76	139	72	11	23	103	151	164	3	18	85	307	47	61	504	2	138	17	145	36	78	24	177	43	128	210	439	58	192	403	297	163	847	65	244	103
V191	70	1	665	546	243	396	59	547	444	5	123	1448	15	53	351	323	839	220	455	134	44	8	926	909	239	93	173	577	205	161	144	13	94	342	307	424	36	146	541	276	200	410	442	358	220	42	380	23	136	53	54
V192	269	212	53	115	74	73	170	87	26	115	412	62	217	88	149	349	242	159	226	102	212	56	425	78	24	21	18	126	187	101	268	10	216	104	397	327	106	53	331	110	170	32	32	348	52	165	244	3	198	387	206
V193	88	9	179	180	400	572	52	125	502	374	60	64	123	521	169	244	323	141	32	159	141	19	1269	61	103	260	7	121	2	321	754	159	196	568	489	379	201	589	418	48	505	304	20	255	20	294	22	123	185	218	64
V194	342	593	131	36	242	30	24	6	76	457	81	157	50	176	92	137	111	122	3	32	16	33	170	59	16	248	21	114	222	29	75	406	82	105	149	144	188	568	8	46	29	464	311	462	249	25	159	352	305	311	472
V195	103	95	387	109	126	29	64	34	40	114	233	492	284	631	23	250	63	191	173	182	137	121	319	87	20	86	157	163	7	42	785	519	241	26	203	12	65	153	139	5	567	119	216	153	22	287	185	35	241	84	88
V196	496	168	198	730	58	109	31	55	492	274	161	122	160	18	143	206	103	111	104	344	582	513	133	361	89	4	0	208	108	5	299	66	139	388	79	226	46	94	569	2	219	461	645	257	161	367	340	393	390	98	320
V197	53	176	321	245	149	411	211	56	437	436	62	101	219	192	79	127	143	337	435	109	127	111	464	99	236	93	285	33	41	26	69	234	499	0	78	46	347	42	190	123	140	471	470	45	149	168	234	283	121	272	135
V198	33	236	869	138	37	61	45	815	572	484	29	350	290	351	132	48	170	147	396	16	522	367	29	76	594	109	373	15	30	311	55	20	29	275	77	124	33	999	351	972	1	167	84	465	1105	41	45	201	25	83	176
V199	165	539	525	165	54	53	62	326	390	171	56	200	533	104	147	129	122	96	158	192	366	187	157	33	271	158	82	264	76	38	146	433	69	0	447	97	43	176	423	196	128	97	267	4	99	297	207	178	201	146	370
V200	482	699	22	101	713	374	187	8	550	98	15	423	12	40	230	196	363	384	46	133	819	226	78	265	806	75	126	28	197	121	286	233	47	0	8	272	349	144	390	31	79	80	48	74	108	209	158	251	562	57	583
V201	82	25	39	253	40	215	61	50	159	151	14	123	218	120	200	287	469	192	16	415	98	19	159	90	32	255	558	246	17	655	123	20	38	326	105	113	20	1130	151	1	283	277	219	546	113	189	570	156	170	163	64
V202	412	355	418	52	70	399	4	111	121	38	295	24	155	393	219	134	182	323	5	178	413	532	794	27	921	153	12	131	308	299	61	117	130	245	195	44	80	53	182	374	94	262	4	26	213	321	65	91	94	92	337
V203	200	51	2	154	33	307	47	0	457	452	480	194	23	358	121	681	357	52	22	75	47	43	189	42	393	598	258	266	12	288	403	131	200	49	53	434	618	358	119	45	43	92	39	131	40	28	53	13	9	167	113
V204	456	13	278	89	207	29	162	307	131	7	52	280	462	300	1	371	90	311	776	277	370	55	248	200	22	408	18	90	16	3	19	15	145	50	422	113	804	32	1	42	176	198	334	24	87	172	86	125	73	477	193
V205	223	114	91	62	405	299	252	920	478	98	302	57	53	162	286	638	215	72	75	156	503	4	324	29	148	120	398	193	120	593	161	40	198	479	388	103	44	322	43	269	29	251	149	85	25	126	105	191	63	160	163
V206	174	110	17	184	367	84	72	99	106	24	206	793	254	222	256	21	20	51	18	75	244	76	367	107	132	55	107	135	122	82	44	332	232	90	248	47	124	66	531	227	33	329	36	109	231	54	52	519	295	412	147
V207	57	50	252	126	352	140	140	40	287	342	158	1198	40	310	229	7	108	87	18	95	185	67	78	304	45	439	178	56	118	46	105	84	218	157	121	102	390	142	93	393	120	65	96	528	212	276	98	126	15	85	65
V208	128	401	111	48	321	155	134	24	35	114	46	32	126	17	37	388	20	322	221	262	29	317	11	1376	232	204	94	116	301	48	6	661	296	117	144	37	15	84	326	54	379	341	48	46	66	325	218	50	174	591	256
V209	257	46	99	15	221	124	123	117	226	465	292	26	607	158	126	323	949	26	49	214	61	78	31	353	59	150	370	53	143	655	99	99	29	211	73	482	493	354	21	595	23	173	267	438	203	59	30	352	216	207	148
V210	3	94	220	183	83	85	78	100	7	116	478	158	29	573	18	178	17	203	413	4	27	483	97	33	335	700	347	466	138	73	169	131	254	63	231	177	97	19	397	100	80	99	144	359	217	853	206	40	208	5	68
V211	37	23	55	64	62	49	98	303	31	190	63	195	59	796	85	328	65	347	6	451	314	75	357	119	252	41	173	1	43	182	31	121	60	103	104	578	499	99	19	374	8	231	142	82	90	420	22	172	67	52	49
V212	300	77	493	34	437	267	112	36	16	520	131	60	131	169	107	179	524	90	105	28	694	12	175	160	47	53	4	10	112	270	408	95	126	69	4	51	126	58	132	101	239	332	257	83	19	504	72	94	446	507	184
V213	14	539	267	141	258	254	139	94	499	453	152	223	38	329	6	82	656	623	92	140	329	241	182	436	164	143	77	125	76	41	369	173	128	385	107	72	323	86	216	48	313	522	9	339	306	29	233	610	28	204	319
V214	56	161	68	17	294	175	49	259	75	186	362	21	41	200	212	18	207	231	471	778	250	53	89	153	100	124	329	75	254	209	144	51	46	203	36	62	98	64	634	28	183	11	118	49	387	146	76	46	84	105	119
V215	122	206	110	27	10	67	82	20	56	202	17	21	7	3	139	216	60	8	196	54	448	9	5	75	45	171	461	500	530	250	132	526	383	58	381	111	283	19	153	147	57	35	67	107	592	276	238	394	58	65	179
V216	161	84	155	38	79	2	92	155	121	397	50	12	51	51	53	62	14	406	382	395	165	47	5	83	1153	411	3	60	39	68	62	364	47	497	326	161	358	545	76	554	115	611	35	355	294	7	237	5	2	475	140
V217	10	345	41	178	180	309	37	29	97	92	145	200	851	62	1004	159	42	1137	40	60	218	399	43	2	19	158	447	249	234	128	52	903	363	188	77	10	226	26	372	132	192	38	181	35	86	574	360	467	26	43	206
V218	187	348	193	188	272	467	331	46	7	9	210	843	534	145	67	177	6	292	256	44	754	392	147	414	525	105	94	57	59	205	377	38	47	65	26	15	215	616	55	172	136	0	348	272	189	736	1	527	207	80	280
V219	424	7	334	23	165	212	6	25	66	146	428	421	157	22	186	21	312	47	100	115	32	968	673	305	7	25	396	62	134	118	7	263	296	98	455	558	43	157	55	147	218	255	49	65	62	176	117	143	183	173	188
V220	64	170	553	295	196	157	358	196	108	57	271	45	316	275	310	249	168	43	140	128	51	658	110	4	67	285	218	35	271	197	176	33	20	184	65	67	23	89	18	133	171	36	167	313	264	25	237	509	40	37	138
V221	70	241	121	68	202	235	116	64	339	408	10	292	521	468	600	76	92	104	160	133	118	44	127	261	217	115	47	103	667	166	76	136	1010	153	185	364	6	408	245	87	28	84	840	73	155	345	109	193	153	116	182
V222	70	12	22	182	265	72	88	72	187	34	226	35	38	137	53	27	162	308	77	43	179	353	229	352	564	6	46	39	63	118	21	113	381	38	391	58	73	344	144	11	215	26	614	81	100	505	597	216	131	270	45
V223	248	84	64	228	24	363	113	3	79	0	14	167	196	593	49	3	547	599	15	217	339	695	21	54	142	266	203	515	57	3	42	92	702	47	167	110	104	3	178	758	98	416	17	202	91	165	8	19	87	113	160
V224	379	879	130	86	206	399	110	121	179	225	292	83	619	53	1064	72	36	131	247	187	83	270	196	40	108	5	52	417	257	177	151	83	199	487	118	150	81	60	15	17	7	30	675	155	157	172	268	55	132	266	633
V225	133	32	300	216	136	64	184	145	305	30	267	11	338	477	22	18	272	364	202	174	1	44	24	152	304	102	197	1061	30	174	447	538	104	517	365	184	197	185	613	58	75	665	124	285	542	257	138	247	142	19	92
V226	291	476	264	301	376	281	484	12	435	285	32	383	177	24	48	284	270	112	68	11	104	51	71	132	245	187	133	265	337	360	443	247	167	89	25	259	204	179	92	97	198	115	125	167	330	62	130	18	219	26	383
V227	19	441	220	115	43	278	583	263	30	226	103	101	70	43	21	135	126	302	323	77	622	84	133	47	355	121	2	316	60	323	230	158	617	131	201	123	486	213	33	83	26	87	473	149	338	152	110	299	16	706	279
V228	168	451	61	40	73	71	155	118	629	298	20	75	286	50	33	298	120	131	28	32	206	241	112	99	17	79	122	29	315	716	84	555	30	18	54	1136	51	855	100	157	116	67	101	367	330	322	296	109	8	447	309
V229	993	509	31	82	245	62	197	93	307	56	200	33	143	141	11	330	48	6	187	425	204	306	164	143	28	67	132	333	53	77	209	118	423	75	14	659	152	10	407	64	33	476	584	61	54	23	183	149	140	149	648
V230	247	9	41	40	260	15	13	100	302	256	325	315	395	589	155	7	256	409	54	67	311	406	43	65	141	129	81	208	22	563	19	151	531	261	527	14	289	73	44	146	212	388	394	66	235	204	14	221	34	97	113
V231	42	7	66	280	89	410	74	485	104	6	107	79	371	215	128	52	486	95	71	19	326	35	377	39	440	146	79	301	194	173	78	66	389	115	92	202	90	218	74	33	201	162	251	554	421	270	130	360	300	322	44
V232	60	398	7	108	93	147	56	265	54	725	63	250	290	904	225	110	189	147	245	54	5	29	123	114	418	165	148	156	179	192	331	122	106	112	320	94	137	62	3	335	105	269	164	7	149	120	21	92	95	257	255
V233	29	124	32	17	228	622	351	321	192	8	150	507	333	241	149	78	76	129	138	127	82	58	11	203	446	315	10	568	518	73	473	13	190	40	168	50	485	42	542	304	183	66	19	163	299	15	41	396	85	305	82
V234	242	223	335	77	463	328	10	323	55	113	261	0	10	52	285	431	98	280	63	125	295	146	38	247	91	88	28	23	30	128	142	2	285	350	365	451	191	41	89	510	35	8	3	413	506	378	180	10	10	255	215
V235	54	268	551	291	402	882	208	115	371	72	221	341	21	39	124	39	13	379	206	153	92	451	120	83	132	24	75	73	167	116	29	271	42	83	149	285	37	552	19	26	101	146	54	122	269	35	58	397	32	297	187
V236	42	113	27	298	69	452	73	386	40	405	256	631	769	82	92	260	57	225	18	292	50	74	449	52	6	41	42	492	158	158	145	1001	214	413	64	308	192	2	145	296	371	516	9	108	97	97	289	236	481	116	108
V237	603	65	70	205	610	185	27	49	428	52	161	195	109	159	500	190	480	8	80	82	74	81	241	195	306	276	26	168	195	117	188	152	355	1	264	270	306	43	74	40	192	179	26	3	91	143	139	152	453	154	279
V238	312	130	118	0	10	286	97	43	93	441	253	208	32	30	32	308	105	114	96	159	703	200	261	90	240	57	209	87	180	121	22	78	776	80	19	86	11	196	191	86	36	148	108	462	88	248	189	1030	32	72	198
V239	286	180	44	170	113	239	400	396	54	83	385	135	76	115	722	237	295	124	252	447	522	54	216	73	133	173	80	114	158	56	0	814	40	179	237	183	11	52	146	84	31	138	184	337	115	12	222	32	71	139	221
V240	284	112	272	88	1270	17	110	135	402	42	258	29	473	270	81	502	576	963	196	913	103	9	712	269	115	36	94	154	220	132	63	269	231	11	808	460	24	252	532	11	226	41	47	125	7	89	427	320	22	162	200
V241	73	273	176	221	97	25	113	2	348	56	4	80	662	1	849	205	23	559	327	245	69	121	296	218	556	36	604	172	140	100	1	32	463	11	9	122	447	194	327	231	168	25	297	62	21	585	402	108	464	154	173
V242	238	126	316	20	100	62	309	223	182	94	166	52	218	87	398	182	32	312	15	7	140	24	300	15	135	0	49	205	6	308	57	168	864	160	317	234	21	17	697	133	404	148	192	65	17	113	1	16	653	297	170
V243	187	98	607	308	25	150	11	1072	78	822	740	53	192	106	413	353	62	7	342	59	104	59	56	701	58	89	77	5	178	375	328	477	196	50	329	86	65	128	244	208	27	223	622	7	343	252	99	10	80	76	134
V244	220	206	208	34	142	212	228	15	135	72	97	239	186	102	109	401	148	330	19	169	131	501	57	5	118	465	507	6	84	247	7	47	122	6	7	317	153	190	314	590	176	115	181	121	258	35	37	423	307	26	204
V245	154	72	182	134	315	62	0	193	16	234	837	50	23	13	748	14	27	198	326	2	135	230	370	156	36	15	434	76	109	15	220	13	24	536	475	313	472	274	81	12	131	123	106	531	411	0	103	950	87	9	130
V246	21	164	549	267	36	57	72	55	116	351	565	155	51	1	301	3	603	113	9	143	98	475	72	549	77	32	491	21	306	881	128	612	194	271	250	133	186	370	59	4	60	21	98	294	192	101	72	305	54	73	119
V247	245	37	65	199	118	70	130	372	9	254	232	79	12	350	580	296	239	552	97	326	209	1017	47	112	191	20	169	22	209	427	66	178	160	406	177	73	569	39	367	281	1440	472	173	347	76	136	147	458	436	732	140
V248	435	491	32	76	46	372	465	0	24	540	234	234	18	244	22	96	503	54	28	78	348	503	125	128	359	492	9	118	23	298	779	93	65	1365	219	93	983	300	118	166	153	322	149	65	276	17	538	8	40	155	438
V249	173	336	139	100	764	41	568	62	152	0	5	685	299	196	423	311	225	223	210	21	2	51	1	535	52	43	0	364	767	121	405	929	266	21	285	141	184	273	211	638	50	406	843	120	176	56	152	42	123	544	288
V250	45	111	3	783	389	4	226	25	274	242	25	646	236	109	103	9	252	314	183	178	102	268	53	144	11	7	1312	28	141	433	49	603	162	99	276	426	279	91	12	346	34	109	53	336	544	134	380	361	249	109	102
V251	37	51	188	81	134	163	310	769	275	58	564	23	48	259	98	164	180	381	28	52	34	903	0	85	48	214	66	86	29	5	424	177	92	677	469	60	346	23	100	46	45	18	294	254	235	75	213	147	51	57	65
V252	293	32	94	125	163	59	121	118	100	552	37	753	32	32	47	169	113	108	576	89	85	122	142	415	825	306	304	47	140	285	291	363	226	34	97	120	174	124	78	448	76	30	184	5	257	35	100	465	137	93	166
V253	204	46	132	234	87	11	129	23	231	193	152	192	102	88	439	212	50	174	1016	85	124	267	392	334	237	159	258	193	29	262	539	49	69	176	792	121	68	151	673	177	26	248	33	367	151	37	199	622	311	8	131
V254	735	305	113	73	236	139	123	108	112	373	76	595	28	661	119	86	355	32	264	829	472	30	61	44	73	17	68	364	142	78	44	72	463	916	295	37	280	62	21	135	127	249	120	81	240	76	163	268	334	17	456
V255	191	857	476	196	478	7	74	15	49	219	201	373	80	204	21	158	277	21	29	203	382	329	242	219	336	162	26	100	29	618	295	26	344	30	5	471	243	797	451	85	215	110	218	67	80	105	157	50	335	237	542
V256	99	965	107	144	269	396	64	407	98	364	0	350	230	156	39	122	537	349	78	61	126	26	52	332	23	148	65	196	179	426	303	335	413	159	197	1	121	128	430	124	22	284	21	20	131	40	216	29	109	173	590
V257	89	785	78	41	38	52	115	160	697	385	108	63	47	29	108	199	68	480	7	263	70	44	474	16	62	203	593	22	174	132	47	68	147	78	85	259	124	219	271	477	410	340	53	207	267	126	31	446	312	25	461
V258	274	516	10	268	161	11	36	281	199	106	228	99	86	49	107	195	455	363	124	91	14	633	79	177	16	600	168	370	745	25	24	555	47	29	540	289	66	393	85	4	417	70	278	6	241	196	416	533	732	143	354
V259	148	377	404	366	259	289	181	19	54	467	57	35	200	167	30	96	169	241	37	216	104	98	121	115	102	55	133	28	353	376	315	341	120	250	289	417	188	353	139	38	266	38	27	197	32	119	345	273	126	77	279
V260	444	110	62	172	479	190	46	22	3	233	27	1	198	8	152	307	322	64	166	294	187	551	221	111	108	240	301	189	243	91	222	73	519	7	89	32	86	610	22	125	458	104	26	15	26	3	173	77	331	8	233
V261	333	1022	199	170	243	43	36	242	48	61	48	9	106	66	0	98	35	522	139	190	207	82	82	82	176	144	15	1	11	10	611	197	1010	170	22	158	237	170	161	156	50	166	342	324	202	363	110	169	43	248	707
V262	43	252	127	225	40	209	214	12	27	809	417	307	57	64	68	74	244	149	322	608	254	2	448	779	204	149	38	92	119	705	333	96	150	41	232	31	121	49	120	209	396	699	259	141	70	39	220	369	127	89	169
V263	431	36	445	155	367	128	156	177	255	132	359	212	104	97	416	225	369	210	246	123	43	57	216	3	147	43	33	116	450	120	202	271	107	53	133	87	4	171	462	604	311	18	148	179	590	226	32	11	764	552	189
V264	102	438	14	535	501	57	401	48	209	121	10	19	282	64	531	124	1	191	21	62	164	101	217	169	156	503	389	186	107	641	102	23	437	48	584	125	33	10	186	409	614	249	9	70	40	480	204	592	70	110	271
V265	258	520	35	155	45	28	147	400	613	58	248	3	635	249	192	19	268	32	222	7	196	360	41	103	122	1132	330	439	132	163	126	108	302	62	137	379	47	536	617	1	727	46	51	185	694	150	37	188	294	159	421
V266	246	22	103	67	223	7	320	261	236	254	70	441	65	7	17	323	401	271	37	96	375	25	33	129	108	71	127	67	305	61	153	474	94	147	66	51	97	256	21	18	346	131	300	542	175	227	776	6	98	21	100
V267	110	96	54	291	339	286	159	135	66	170	188	37	7	1287	32	94	445	95	9	166	310	63	184	353	184	50	202	225	69	159	130	5	106	229	160	58	18	309	83	84	613	449	202	176	34	188	10	102	75	126	102
V268	540	27	57	485	142	38	557	425	500	133	200	16	61	9	264	173	72	277	361	181	10	238	482	268	792	195	28	227	358	21	370	75	22	339	278	222	53	27	136	22	46	592	721	142	18	291	282	487	233	213	251
V269	333	177	194	752	35	186	138	58	422	106	22	246	5	96	404	161	204	203	1	104	2	114	26	663	49	226	272	377	61	169	321	360	57	296	115	245	138	130	397	288	172	566	449	459	36	599	550	211	760	7	258
V270	120	4	451	413	72	155	86	296	60	98	151	266	235	71	43	10	70	652	197	49	174	322	432	855	381	133	190	288	28	90	45	40	369	63	1	817	79	186	79	584	409	304	164	98	16	0	412	207	4	40	70
V271	354	228	124	109	302	346	469	182	0	176	30	149	6	93	319	195	686	146	199	129	62	20	81	129	217	40	2	1309	95	269	962	216	18	376	341	559	63	364	293	45	96	193	26	547	17	123	2	3	315	949	274
V272	338	533	158	202	58	183	355	38	136	275	45	175	46	26	33	170	41	358	92	73	27	443	287	313	2	51	152	24	212	23	74	248	4	128	459	84	15	131	379	1145	194	94	15	103	42	110	598	74	163	13	418
V273	480	259	298	115	29	100	7	42	318	85	380	542	734	191	115	68	131	117	42	31	225	308	278	15	437	258	87	100	128	51	67	88	122	363	38	121	8	351	313	587	139	375	670	327	331	290	390	148	232	61	329
V274	133	602	227	112	487	29	461	5	112	176	207	22	76	53	47	839	520	65	740	1	71	4	371	60	21	351	96	214	1441	28	150	96	547	13	162	81	95	291	14	341	79	116	68	31	237	11	172	7	755	520	377
V275	100	98	270	176	60	20	2	89	106	33	115	195	139	194	320	156	768	128	51	79	165	143	109	355	359	180	174	68	105	37	69	2	614	52	39	100	207	30	145	114	467	133	305	99	20	150	347	24	64	387	110
V276	11	264	309	252	302	19	564	166	114	89	39	79	130	158	207	44	174	1	290	206	1	24	206	54	699	301	262	168	66	341	345	962	446	104	0	23	416	263	112	43	4	113	129	455	250	100	175	385	121	732	147
V277	461	429	72	110	91	244	276	492	111	146	148	13	57	126	934	41	6	55	124	566	597	85	41	285	58	8	46	13	84	146	20	199	45	15	39	145	80	317	362	137	693	580	173	181	131	522	636	11	686	61	428
V278	147	22	324	49	99	45	101	99	10	192	295	16	658	69	126	83	497	10	378	278	289	193	364	269	57	201	449	154	202	58	551	164	61	268	105	108	251	54	310	102	3	160	152	265	230	488	47	734	165	15	98
V279	84	119	91	2	8	181	288	188	269	452	31	138	524	38	73	362	130	262	510	33	518	160	28	247	35	120	136	51	42	21	292	309	80	53	227	194	117	14	45	54	224	36	83	34	251	518	212	144	173	195	109
V280	64	38	160	100	184	751	7	127	12	153	135	63	368	193	371	46	80	472	64	384	50	30	322	113	64	65	122	282	30	527	21	339	75	347	447	161	306	317	185	183	5	197	104	211	164	35	192	373	58	240	64
V281	24	104	125	446	200	420	104	347	75	81	30	93	48	451	44	239	103	687	147	134	88	45	143	329	649	347	60	218	163	894	18	13	16	300	314	332	369	112	188	122	519	28	125	28	2	250	268	92	474	180	103
V282	346	228	460	24	93	10	350	157	56	619	45	415	189	34	149	386	155	75	162	370	37	106	121	143	306	379	129	566	358	109	48	83	19	233	20	66	21	344	353	110	171	43	33	62	226	241	487	57	105	302	267
V283	70	103	199	51	350	214	146	396	138	321	135	255	27	496	175	2	368	374	594	562	68	154	62	49	117	1040	55	16	295	22	331	318	21	107	22	90	39	75	454	276	74	293	85	16	139	547	11	123	60	239	95
V284	25	374	163	13	160	27	199	73	419	213	184	176	47	197	403	81	23	186	334	60	175	30	604	301	116	132	184	633	30	134	39	222	85	87	83	95	268	135	119	226	72	603	400	31	59	395	24	194	61	571	215
V285	163	199	5	59	17	17	115	58	400	69	158	157	12	175	5	332	322	28	451	361	151	544	214	13	65	154	85	303	160	104	16	219	307	4	857	42	338	89	220	55	42	124	65	227	447	120	440	61	59	129	182
V286	696	68	276	81	241	30	359	380	3	0	13	4	187	38	373	149	88	47	29	81	54	123	154	128	87	29	404	174	181	3	179	58	490	165	286	613	298	29	41	68	11	685	116	51	209	276	360	265	505	435	297
V287	31	502	989	48	169	52	233	38	139	52	88	307	58	331	147	222	358	44	223	592	171	16	121	399	244	102	120	222	121	527	158	157	103	122	308	70	52	22	19	321	55	62	58	56	42	40	670	121	185	699	272
V288	679	52	75	87	59	150	9	187	87	623	100	256	8	129	78	113	139	3	851	75	124	2	213	214	90	26	31	73	88	146	129	48	1371	239	753	239	46	275	50	63	315	261	457	159	188	5	466	30	16	48	305
V289	84	139	506	311	106	72	122	128	664	399	154	48	461	83	128	336	130	427	219	329	175	591	357	8	176	517	220	135	190	849	58	129	88	329	46	81	50	19	51	76	434	173	567	263	211	500	261	71	25	177	143
V290	387	69	75	94	254	653	313	107	42	107	523	221	53	65	34	198	0	458	114	3	150	243	17	143	91	68	78	294	424	113	120	127	680	64	267	73	181	255	160	31	14	89	66	11	28	46	524	465	560	83	179
V291	479	161	57	18	61	346	183	322	100	243	21	428	147	656	116	201	103	90	250	38	463	135	104	362	46	108	108	648	459	207	116	78	178	115	146	358	413	110	7	31	3	42	307	78	0	445	159	21	686	37	306
V292	136	167	204	80	86	100	325	505	119	414	112	336	39	144	52	403	450	42	188	142	476	254	139	88	112	153	59	38	272	459	27	143	106	1	297	155	335	163	14	137	199	0	285	22	130	121	338	675	177	165	159
V293	192	18	3	213	7	313	192	115	47	387	107	7	80	43	28	81	186	84	183	246	21	271	76	173	94	194	113	319	503	517	715	37	507	32	336	64	127	97	105	143	90	313	468	51	164	459	108	148	89	58	99
V294	87	65	94	56	286	398	601	240	483	37	56	266	133	2	72	255	54	176	181	63	95	886	274	47	112	153	106	315	57	400	40	96	282	415	23	515	43	64	66	75	81	407	199	165	101	326	195	111	679	113	77
V295	83	125	238	238	93	24	158	377	90	15	32	475	373	30	158	63	285	102	13	35	223	573	104	19	86	12	93	82	608	309	359	91	34	358	31	157	159	36	12	104	91	1	26	34	369	391	598	206	213	332	102
V296	929	182	166	198	115	40	166	79	156	30	25	71	147	387	173	58	38	54	94	86	264	283	130	750	250	150	208	284	199	87	6	182	8	18	24	5	3	18	34	495	20	76	130	505	546	22	61	160	249	202	439
V297	326	288	694	21	286	111	517	38	171	491	14	487	270	14	14	390	808	56	58	68	8	26	115	572	384	204	75	50	56	333	267	190	67	118	329	231	4	0	871	407	552	20	57	0	214	20	176	243	50	129	293
V298	4	133	240	594	227	432	29	108	264	13	28	114	181	70	156	391	184	109	114	129	320	19	232	179	78	250	88	34	204	264	344	381	285	183	197	59	380	195	787	128	32	286	108	543	258	17	19	7	207	104	83
V299	306	80	29	1	103	125	182	34	101	66	75	36	14	20	12	331	296	87	37	88	135	215	40	65	123	92	568	321	407	51	72	688	105	135	325	37	187	49	117	43	235	12	88	344	148	35	497	71	113	372	159
V300	153	91	68	18	170	61	332	403	285	20	210	436	11	116	111	27	797	742	31	100	116	172	196	35	158	427	123	7	72	39	216	156	213	195	73	38	14	118	5	160	14	171	30	482	71	529	461	221	79	300	114
V301	218	25	201	46	451	309	154	13	348	13	145	81	229	230	362	22	236	139	161	24	407	135	176	279	260	83	125	55	31	34	187	24	23	75	58	310	635	431	205	339	110	829	599	164	138	317	5	219	422	53	126
V302	710	100	270	193	206	120	18	302	53	141	333	153	52	253	574	130	69	335	404	120	1	29	98	371	67	187	107	261	519	248	475	579	78	638	200	192	8	108	214	173	86	11	78	29	705	178	106	77	19	364	329
V303	7	117	555	217	162	40	127	206	135	111	19	51	79	57	91	202	337	428	71	284	88	277	604	90	47	206	98	337	120	12	792	155	221	77	9	24	107	293	23	10	16	12	167	24	581	96	748	52	186	553	93
V304	158	96	85	402	356	52	17	111	106	205	261	173	13	321	227	37	214	221	330	831	1	70	161	152	112	355	24	83	542	201	341	25	125	9	104	715	200	139	83	235	51	41	378	173	257	105	39	92	622	25	132
V305	229	75	337	219	39	303	716	251	175	12	126	514	259	379	236	342	43	206	172	77	81	559	381	195	244	702	275	60	806	127	231	45	132	69	199	79	334	63	250	735	379	799	10	597	127	86	301	88	225	87	159
V306	558	409	87	434	29	603	14	154	1	64	67	145	192	680	78	13	167	237	496	35	7	228	192	118	364	39	141	213	10	180	273	248	63	211	102	63	43	34	222	47	164	87	96	614	462	33	77	492	183	222	453
V307	63	255	186	388	88	22	121	23	174	38	222	123	155	562	25	212	239	38	195	13	364	150	274	174	178	226	46	70	432	306	174	34	675	116	714	194	216	106	39	135	189	281	195	157	626	14	123	228	120	89	185
V308	48	54	5	266	101	56	102	149	456	402	34	280	17	786	236	31	89	85	201	22	163	161	60	78	206	7	209	288	63	147	109	183	263	313	219	22	46	22	15	143	216	117	184	408	64	73	121	108	4	232	61
V309	145	106	375	1366	256	409	277	50	14	395	31	66	68	293	44	35	109	327	18	228	80	557	28	221	48	172	84	55	370	275	208	32	660	343	887	53	1082	189	82	218	385	123	72	435	39	278	174	34	1	584	116
V310	38	183	2	29	471	363	190	3	28	161	205	291	147	128	324	257	316	1	10	269	106	159	5	50	471	29	306	307	310	435	5	118	127	500	144	327	623	283	81	192	5	264	256	51	25	64	220	417	48	628	127
V311	154	186	304	255	263	582	62	55	67	278	428	245	66	1040	17	39	194	451	59	47	53	200	485	14	205	111	382	11	70	72	32	27	12	420	113	95	261	394	214	82	311	206	49	176	55	299	10	285	1017	183	157
V312	69	6	70	249	63	108	84	72	153	164	49	279	242	47	633	24	1	163	795	118	1	45	145	84	202	8	136	98	740	1	442	301	19	463	29	72	18	17	190	991	48	165	341	339	551	44	57	315	37	144	45
V313	78	427	385	546	269	226	20	393	113	110	417	7	138	98	257	65	184	48	447	88	211	67	113	417	88	3	186	80	26	102	513	529	3	202	141	109	198	228	18	193	18	812	3	203	33	242	322	136	205	203	274
V314	12	598	30	49	423	83	16	243	93	8	155	155	35	58	41	152	24	165	238	531	67	331	50	157	73	335	135	134	288	60	40	207	334	410	128	451	130	342	330	79	146	175	52	41	87	287	212	75	56	542	350
V315	10	44	66	33	2	266	30	53	94	125	6	230	124	211	11	260	3	52	3	46	71	5	406	301	200	909	56	407	6	9	140	395	782	67	8	11	235	51	120	15	235	754	78	587	53	100	202	553	445	650	58
V316	279	361	53	367	263	78	61	197	567	160	270	87	28	22	392	246	102	20	8	208	145	296	5	35	289	87	108	429	19	207	42	141	250	561	200	468	13	417	125	92	126	163	160	537	42	158	121	83	337	142	286
V317	9	456	142	29	111	163	87	28	33	109	43	11	108	243	50	55	0	443	541	187	50	210	58	81	51	309	99	128	269	408	563	190	167	163	54	467	103	326	345	225	793	446	734	68	44	45	239	879	0	155	283
V318	163	145	51	219	272	198	159	296	26	0	95	62	129	568	215	76	292	213	314	501	122	188	282	80	473	102	164	123	305	233	825	151	99	136	572	84	25	411	144	72	11	815	5	70	206	119	100	11	277	231	143
V319	217	231	57	300	86	115	280	257	206	224	11	11	74	153	79	17	848	82	107	9	25	192	167	17	385	422	183	628	17	267	41	28	223	168	164	218	348	372	308	66	40	72	352	130	290	27	165	41	377	21	231
V320	149	162	114	348	173	80	45	229	585	31	24	163	97	20	57	97	99	367	121	147	377	145	581	207	530	158	228	299	219	305	158	248	33	214	70	213	134	168	89	127	11	172	116	290	274	227	480	45	75	546	176
V321	25	143	34	407	165	133	314	469	20	621	474	173	24	116	235	121	244	504	238	30	505	32	136	365	104	196	41	372	108	265	9	356	28	180	278	138	252	185	77	418	183	12	35	144	75	21	67	303	170	567	102
V322	771	29	98	26	150	50	96	69	363	170	5	591	18	151	937	117	83	180	246	159	432	185	736	421	129	330	634	62	51	85	127	35	305	134	35	75	339	68	120	156	34	392	71	156	53	267	301	327	262	92	323
V323	94	298	3	192	441	321	538	288	266	365	120	360	554	157	5	182	465	82	9	235	22	283	84	260	156	181	1	299	930	69	892	26	386	53	323	345	181	398	99	1	80	316	143	378	268	70	123	61	77	627	210
V324	468	236	4	21	699	291	58	12	853	50	333	22	60	176	29	111	97	24	63	127	37	169	114	82	30	16	199	121	362	531	264	351	376	328	220	273	231	787	152	95	17	26	387	339	304	83	248	74	30	252	330
V325	169	406	347	64	310	249	135	21	306	744	391	118	275	288	938	527	94	18	102	168	297	27	672	53	12	6	79	86	51	853	96	16	90	31	37	253	854	383	140	297	74	131	2	29	678	156	226	560	307	782	313
V326	13	364	514	220	88	100	163	84	79	25	148	72	75	112	24	138	232	48	122	48	495	3	73	104	177	300	454	331	119	496	48	43	323	696	24	67	79	495	248	71	274	212	36	35	59	92	35	195	266	256	219
V327	2	96	305	68	250	55	56	114	97	78	60	101	40	592	27	166	178	177	470	164	25	68	206	161	68	31	360	12	147	86	461	425	119	177	67	130	215	310	22	429	617	37	285	39	11	358	206	25	14	54	76
V328	163	36	102	263	703	232	0	248	15	14	487	14	78	165	164	195	386	92	101	570	563	168	25	45	54	284	43	368	8	163	57	213	43	396	107	307	76	99	72	161	411	405	58	347	268	13	1032	237	54	53	115
V329	673	120	154	82	196	72	227	138	186	45	77	150	562	233	24	48	64	711	299	267	170	307	446	225	257	169	263	228	19	262	293	92	262	579	72	316	118	376	5	169	802	306	257	72	31	55	51	342	271	319	335
V330	217	455	2	107	5	73	77	401	113	137	197	205	495	51	27	225	304	175	150	284	141	688	274	127	587	94	18	60	111	152	216	46	186	259	196	22	212	401	67	326	12	148	215	310	45	869	60	55	60	159	360
V331	148	108	191	362	126	155	3	617	87	322	15	1	336	95	182	51	789	40	265	29	348	135	236	28	54	44	18	42	153	177	2	12	456	174	181	6	132	124	53	9	228	37	219	17	262	158	23	103	70	108	126
V332	761	90	276	13	120	116	7	386	168	332	498	61	153	66	202	88	199	73	455	34	182	145	25	378	652	129	51	60	34	25	26	57	167	16	259	29	428	73	89	195	356	84	414	322	69	567	19	166	43	255	363
V333	87	157	263	358	52	47	137	763	68	195	197	76	641	421	104	151	629	111	21	414	3	252	242	909	224	731	388	34	47	68	84	543	85	121	237	136	130	1197	166	184	203	61	85	41	658	149	13	106	58	48	128
V334	58	84	460	51	265	236	215	141	279	78	229	199	7	198	91	96	47	551	1	100	10	11	14	29	17	13	66	220	996	25	418	10	68	175	131	223	79	19	386	98	192	41	138	190	421	169	34	39	137	8	98
V335	43	300	27	87	60	60	342	142	224	199	95	13	340	252	24	58	274	78	169	102	47	53	62	405	93	137	16	152	243	154	181	670	408	120	91	90	363	21	45	242	153	483	75	52	13	545	21	230	888	285	164
V336	139	78	433	74	460	27	75	385	69	101	672	467	12	81	2	226	310	24	127	200	78	27	189	378	257	369	287	14	43	119	26	453	90	114	49	5	176	212	60	5	70	83	206	280	315	33	153	102	7	208	128
V337	251	146	798	23	37	292	48	92	134	13	105	249	275	70	71	964	70	230	344	56	33	17	172	46	129	235	590	722	179	105	256	43	100	12	93	48	111	152	393	281	121	3	789	162	70	106	165	296	2	42	185
V338	234	470	12	453	50	94	13	141	17	36	121	104	61	117	160	99	1	119	670	127	529	41	354	72	913	74	712	95	37	20	122	157	700	143	105	64	221	101	433	55	139	262	11	18	100	166	144	56	98	24	379
V339	413	63	271	101	125	52	217	882	247	238	89	184	61	5	313	62	55	93	32	32	332	17	19	333	17	24	337	101	185	90	66	531	823	111	117	140	643	105	273	24	20	181	98	675	39	4	294	73	24	616	216
V340	61	773	189	3	624	209	9	112	68	76	382	513	375	3	0	38	86	341	0	289	253	85	303	117	618	317	50	48	88	671	209	380	140	526	107	75	626	7	324	269	46	102	22	3	191	308	265	62	470	248	423
V341	170	154	223	195	284	91	10	10	117	367	118	38	54	651	835	287	83	50	306	4	473	352	335	116	183	367	142	16	235	41	339	32	56	5	39	231	91	112	291	12	130	28	132	105	73	32	108	7	788	96	162
V342	53	144	304	42	48	230	287	412	120	29	48	89	368	162	84	171	19	190	224	401	261	891	144	372	9	512	117	188	584	62	60	660	483	236	70	188	300	159	161	194	302	179	28	351	138	12	572	149	140	209	130
V343	112	91	144	67	245	758	342	37	87	12	132	213	33	102	274	192	6	280	327	67	211	494	40	34	147	104	23	380	37	184	312	15	286	71	8	189	37	153	314	198	7	141	178	96	235	97	143	234	200	3	109
V344	245	91	179	333	28	179	173	31	252	207	23	157	293	58	135	46	77	343	542	982	200	75	341	149	63	1079	102	4	229	19	80	176	629	42	316	489	393	73	396	4	64	597	22	141	70	148	29	75	112	196	156
V345	78	14	213	124	196	318	313	49	107	13	3	1701	128	144	98	46	34	38	50	252	110	57	125	227	304	268	157	71	23	262	335	247	159	121	99	93	159	42	48	105	664	549	171	26	25	148	31	384	111	235	64
V346	103	489	6	469	19	28	162	432	62	117	534	268	194	48	218	491	278	41	207	173	97	160	92	213	75	141	134	208	542	169	99	91	92	349	624	281	218	1068	17	300	303	15	109	356	113	210	338	234	293	259	299
V347	118	0	124	1	71	338	463	14	533	64	75	102	206	128	102	147	153	373	47	5	318	15	250	376	88	105	196	82	40	83	70	68	140	309	198	99	116	210	266	192	758	142	39	208	122	41	52	199	222	49	60
V348	2	100	135	400	152	43	87	548	124	120	343	282	162	191	17	199	60	355	209	425	305	305	55	37	65	15	1260	56	171	120	174	190	340	112	227	118	411	182	99	8	54	318	181	234	165	176	152	352	161	48	74
V349	300	11	10	223	53	41	386	74	279	242	246	295	288	36	104	30	43	4	775	218	474	258	239	363	94	41	6	141	143	102	170	45	159	14	157	144	44	1130	224	199	14	158	486	69	9	439	1238	151	321	25	132
V350	3	74	487	33	77	12	70	162	10	445	583	71	171	420	35	100	73	326	30	224	584	96	110	406	14	344	108	131	2	420	283	387	35	37	60	375	181	149	74	226	82	71	176	272	125	51	115	20	65	355	59
V351	33	13	83	687	26	14	3	64	156	9	185	23	412	196	41	129	171	97	465	369	1	72	75	31	26	59	157	56	243	62	35	93	46	182	332	609	59	52	512	69	42	32	32	94	162	70	141	290	130	83	34
V352	196	128	305	109	818	878	38	40	21	143	119	175	761	286	76	557	124	132	150	288	153	87	78	24	38	669	15	22	227	10	221	3	427	536	210	37	200	95	122	137	308	298	63	50	143	55	54	775	32	151	164
V353	128	25	463	183	165	467	161	83	164	321	46	61	236	105	615	148	111	231	255	20	53	50	613	97	123	456	94	30	344	61	754	22	37	35	89	171	145	220	22	223	2	53	183	453	781	128	98	111	6	156	94
V354	85	246	51	59	237	448	183	15	106	371	38	208	68	106	196	0	230	490	562	687	158	8	51	48	36	61	35	249	280	35	90	279	195	113	219	107	47	97	86	207	38	88	10	257	43	32	353	135	516	264	194
V355	561	24	87	112	354	317	226	1	23	140	176	521	200	27	306	336	72	2	76	147	213	287	181	243	102	475	52	491	198	43	5	24	136	152	282	10	463	37	40	53	162	107	790	615	101	8	21	81	43	90	243
V356	267	12	15	112	129	111	310	155	187	172	192	440	141	141	474	407	18	3	55	43	24	158	366	21	19	64	386	70	30	133	32	509	328	133	373	317	165	171	284	88	37	456	18	38	4	158	434	19	44	199	98
V357	15	38	158	148	52	171	285	172	404	314	324	9	255	32	35	81	122	283	229	26	90	142	37	1	51	13	72	377	22	63	168	86	600	221	99	312	4	39	202	272	429	201	28	628	193	208	119	46	53	156	42
V358	334	325	205	753	468	231	364	4	1065	164	75	30	513	254	294	76	32	1283	158	336	206	34	7	1161	43	136	48	104	176	31	57	18	388	9	237	284	17	75	149	756	152	43	209	68	159	46	70	446	47	158	342
V359	78	416	49	573	120	257	216	37	322	353	293	57	116	337	206	53	492	178	343	596	2	60	283	80	62	231	186	42	353	207	175	286	25	58	48	118	151	547	614	46	89	34	319	165	104	30	754	173	162	192	234
V360	300	110	458	704	211	124	622	65	21	34	387	36	81	12	2	62	16	56	52	755	294	68	22	92	56	84	37	37	245	10	35	191	33	9	236	357	374	60	114	41	187	238	152	260	378	14	273	101	124	6	181
V361	103	496	564	202	275	123	726	554	61	70	619	158	20	344	39	409	1301	2	85	248	45	177	452	207	82	65	148	254	721	185	84	174	65	157	192	265	549	16	579	0	34	88	32	130	41	255	23	293	320	137	349
V362	9	1032	251	39	182	281	284	212	12	410	168	644	383	274	165	35	10	28	204	377	800	253	574	185	33	9	48	137	276	42	352	306	142	91	191	13	137	17	617	131	46	43	81	129	481	309	796	51	238	96	525
V363	37	189	104	66	153	28	8	190	83	155	66	58	248	5	213	39	199	148	206	18	2	304	168	44	542	103	177	317	405	135	416	131	253	164	27	126	110	261	1	226	62	44	166	1016	76	255	39	314	68	382	133
V364	135	139	38	340	310	32	264	125	478	188	81	72	197	80	58	66	181	76	126	371	135	388	120	301	3	104	304	186	212	15	197	176	112	766	17	0	254	95	314	513	3	1001	71	104	32	81	453	209	22	1188	160
V365	584	325	494	220	6	18	589	239	294	11	464	88	181	507	119	65	14	167	79	213	701	241	101	222	135	120	108	672	117	54	46	205	257	303	114	3	1	401	77	486	232	396	51	130	236	173	440	8	19	164	397
V366	167	130	566	49	1	122	260	691	77	326	154	118	113	49	171	49	256	229	322	121	261	510	129	127	765	34	335	62	359	475	524	89	491	204	115	48	111	289	31	458	53	425	16	36	18	71	125	93	694	143	146
V367	34	383	652	137	22	16	92	106	68	137	33	1	286	23	650	352	415	82	207	124	3	173	300	629	139	313	5	523	56	226	212	9	87	109	99	447	6	512	206	85	203	297	14	74	283	142	610	62	198	160	233
V368	127	365	279	6	200	63	751	178	111	290	430	227	38	432	515	242	625	217	48	294	147	37	172	155	150	204	183	63	101	128	230	160	73	257	267	116	314	101	197	160	443	93	197	153	1191	122	20	80	67	197	268
V369	36	34	313	62	210	5	21	90	572	129	266	140	75	144	136	98	181	209	216	63	83	77	21	163	4	41	127	225	51	219	367	116	57	41	102	479	134	48	58	897	137	412	7	151	327	112	88	33	39	66	45
V370	46	36	171	42	100	95	168	311	93	132	141	294	139	897	25	137	341	272	365	491	160	109	207	22	0	37	69	96	307	442	105	805	98	94	379	413	190	228	105	92	30	215	15	534	939	423	56	19	124	934	60
V371	388	121	91	11	382	151	261	381	171	134	267	10	52	66	89	313	486	61	48	52	45	73	471	67	57	39	49	217	330	9	107	795	201	390	61	53	113	77	229	503	11	76	2	529	140	425	66	160	48	299	232
V372	115	168	130	300	30	21	137	171	147	234	132	82	17	176	283	111	54	297	200	80	497	132	564	14	624	153	625	163	573	44	442	31	30	4	10	46	17	87	35	80	127	57	240	33	111	55	58	70	82	28	138
V373	289	244	675	8	107	52	73	122	232	270	74	34	81	83	56	397	79	186	165	642	387	167	476	172	557	160	612	317	35	531	6	106	353	55	84	340	90	546	106	354	43	23	5	402	228	149	473	201	417	314	270
V374	94	87	136	265	377	170	56	62	482	74	36	46	88	72	296	146	87	176	16	329	76	189	213	140	369	299	80	41	565	241	22	118	77	124	280	611	5	173	158	257	61	137	443	108	136	190	5	244	276	848	113
V375	343	99	49	28	218	414	316	151	72	609	44	296	492	62	616	232	87	143	1174	99	189	2	377	86	226	566	144	65	85	94	180	358	722	21	89	52	43	136	379	187	27	80	76	257	500	247	6	337	365	338	218
V376	615	92	292	367	79	513	126	149	43	93	242	21	159	82	225	59	129	508	332	82	129	846	442	1	2	76	110	37	388	31	374	22	9	64	82	97	190	233	8	403	109	81	569	27	366	69	157	244	106	2	263
V377	180	69	105	5	40	300	5	153	1	373	363	314	47	5	338	108	0	107	156	285	257	73	332	108	492	16	0	428	19	179	63	199	302	43	232	291	354	127	62	91	156	471	67	80	572	53	241	54	378	236	122
V378	537	773	2	141	434	479	13	24	98	59	9	228	106	177	122	216	116	18	79	71	217	64	25	191	272	254	327	575	108	292	481	69	86	140	555	154	13	687	56	42	149	72	19	26	253	100	274	165	54	177	596
V379	38	44	147	244	78	33	121	87	190	77	390	217	87	191	375	168	302	104	82	6	80	545	349	59	115	78	136	30	345	70	178	381	352	56	223	416	239	88	100	148	48	151	325	42	203	2	26	426	18	109	57
V380	66	11	58	376	240	209	93	77	604	429	47	86	9	630	477	783	145	110	169	152	455	99	25	28	122	421	209	101	120	15	60	10	37	360	157	250	276	253	450	257	571	311	71	22	570	151	106	221	35	17	77
V381	10	364	135	166	534	33	40	250	292	194	193	130	22	83	346	215	250	268	482	116	470	579	268	487	268	417	264	116	32	772	122	20	74	13	102	214	107	262	289	146	132	232	114	125	121	259	677	382	231	175	226
V382	34	48	46	212	180	363	33	33	69	76	79	385	132	68	227	57	458	437	71	225	12	415	243	702	19	206	560	6	354	46	191	92	24	219	49	185	686	149	37	45	16	141	12	211	369	93	64	361	209	55	59
V383	414	69	178	244	218	260	27	15	37	45	215	306	51	12	54	90	318	119	76	1081	94	25	723	508	360	57	398	356	136	119	583	27	471	146	99	328	100	87	19	163	88	27	79	494	93	64	191	294	254	79	199
V384	141	162	635	66	82	47	258	422	378	230	255	371	142	72	96	248	147	161	131	203	94	106	425	12	68	308	109	192	75	481	47	701	172	65	27	131	155	131	12	68	124	24	108	79	8	68	138	117	194	102	158
V385	33	224	233	73	99	73	504	186	154	50	147	29	246	231	74	236	361	115	156	386	358	67	474	324	546	180	7	433	60	223	182	296	34	88	679	30	92	25	32	107	60	224	9	138	8	303	48	126	151	21	151
V386	443	53	138	317	173	385	17	181	104	290	507	5	110	128	433	65	72	310	287	71	43	40	217	146	35	231	62	148	646	146	94	396	859	116	544	170	48	400	228	85	426	423	99	242	125	83	157	36	496	94	203
V387	201	57	477	21	334	164	144	208	432	338	222	293	78	274	92	658	159	261	501	33	54	978	26	162	155	201	6	79	64	110	808	38	205	27	279	489	743	330	44	551	847	215	452	10	326	307	285	180	56	130	147
V388	164	266	197	180	50	152	159	109	87	1	26	58	534	221	67	175	9	344	33	615	364	219	133	92	187	260	312	403	487	10	249	178	108	10	239	82	100	1022	201	451	140	228	172	60	73	143	19	68	6	97	227
V389	406	398	355	171	490	500	54	227	190	384	61	232	342	66	479	91	105	177	338	394	537	216	294	59	799	43	0	221	76	259	735	49	131	279	22	162	215	375	147	118	243	139	138	532	543	41	177	7	69	418	386
V390	159	16	39	215	49	102	174	173	763	335	206	26	78	67	26	92	110	27	29	131	66	452	587	56	35	50	370	73	403	144	14	106	304	34	362	321	90	53	113	288	42	244	73	1047	383	188	164	285	63	90	84
V391	209	30	105	34	669	161	24	51	537	179	886	140	443	22	429	340	499	163	32	121	13	262	25	492	119	416	67	301	140	36	0	203	141	181	790	120	2	195	275	507	130	151	172	466	70	34	349	270	377	232	118
V392	12	218	121	52	96	277	94	143	242	46	44	158	450	140	69	43	100	558	37	180	70	74	37	80	6	260	973	56	117	218	315	32	32	49	319	389	337	354	598	151	288	192	378	346	72	219	478	208	323	0	140
V393	297	14	447	329	290	1	265	433	163	202	894	51	96	86	38	416	167	78	339	173	38	36	180	39	113	23	440	159	477	179	675	89	80	43	26	464	117	335	276	368	427	354	243	349	130	104	251	243	65	532	153
V394	207	220	399	74	203	340	319	11	423	98	25	346	139	153	104	510	36	462	382	306	103	54	35	87	67	13	663	147	292	81	298	74	31	61	153	242	94	610	65	620	98	256	305	4	46	86	31	16	14	105	197
V395	18	58	50	544	182	248	85	155	45	166	155	146	187	87	1	259	111	297	121	107	45	376	25	345	261	206	142	851	3	53	92	74	20	6	239	87	166	35	375	2	475	123	176	140	963	22	614	109	290	744	61
V396	382	935	1	186	81	236	19	25	477	43	347	9	322	6	538	13	64	418	409	3	266	57	160	97	63	480	167	473	316	172	474	21	379	191	582	21	229	144	181	298	56	29	270	319	45	300	40	80	92	222	636
V397	235	374	165	443	303	0	279	160	199	34	26	168	174	157	186	51	276	222	323	204	220	104	111	300	18	214	93	553	244	233	494	106	24	105	118	436	179	471	264	3	71	129	59	55	37	521	216	367	157	91	323
V398	270	276	307	83	411	59	339	102	512	10	27	217	285	121	273	61	182	257	454	111	84	44	53	175	38	5	178	48	327	27	266	83	182	49	25	107	128	17	381	28	86	35	238	593	438	79	0	139	151	287	268
V399	110	342	211	16	131	233	315	17	183	322	188	197	95	123	408	482	210	252	13	368	142	427	63	232	91	962	63	655	105	247	382	351	71	245	199	116	69	45	235	204	490	60	199	20	125	207	479	25	3	85	247
V400	211	99	83	28	231	179	185	47	416	5	114	159	78	696	162	105	141	152	63	43	238	138	123	381	35	242	230	121	359	144	47	91	36	11	287	361	612	189	260	695	35	9	216	24	43	647	280	16	21	515	166
V401	12	83	281	928	88	76	118	90	145	41	176	277	224	353	711	560	19	17	406	63	5	33	382	473	680	12	13	7	34	167	199	7	251	163	205	247	144	84	68	194	702	666	36	121	192	226	267	214	29	55	64
V402	268	217	271	14	263	1044	169	433	30	99	480	63	80	38	87	105	24	60	23	56	6	483	143	480	362	40	290	19	69	130	268	76	222	349	37	276	229	59	97	223	56	62	536	3	341	416	817	183	165	250	238
V403	65	35	70	94	48	93	872	13	75	62	23	83	103	65	135	143	17	28	142	174	305	41	810	7	215	418	106	45	349	156	35	163	75	223	220	60	615	227	238	235	605	449	398	56	82	848	271	174	277	222	90
V404	412	958	125	98	72	407	233	57	730	217	291	403	68	31	203	403	12	474	32	575	65	287	6	67	123	87	77	81	484	62	90	396	573	140	590	292	515	252	325	153	328	32	41	322	51	711	133	25	252	296	651
V405	868	231	124	52	5	19	586	47	76	81	22	87	41	24	207	236	120	187	4	18	188	213	257	780	343	62	382	90	261	403	108	631	60	0	98	212	101	21	191	6	17	150	33	42	164	189	3	401	18	263	482
V406	128	593	83	695	131	600	97	292	188	74	5	211	496	81	57	100	3	208	51	82	1012	401	555	453	364	696	167	290	124	172	395	309	242	21	0	163	43	171	49	72	43	306	108	17	100	30	56	85	403	189	400
V407	553	459	4	166	57	224	160	144	51	321	162	69	12	101	555	498	5	20	347	25	181	197	2	191	125	77	291	14	242	229	74	236	369	80	288	66	779	292	31	202	0	264	241	35	140	135	149	126	126	47	465
V408	7	219	15	208	49	23	80	137	99	473	205	449	10	688	328	59	10	353	66	34	47	291	31	186	15	540	319	370	492	33	227	390	20	408	48	294	525	74	26	44	46	294	560	35	460	751	617	130	468	4	150
V409	124	21	28	198	303	32	331	79	39	373	175	521	75	250	290	9	120	218	119	602	29	23	70	109	184	276	82	155	266	783	135	4	72	102	76	71	69	106	278	1081	539	65	56	170	154	254	229	323	50	580	90
V410	34	134	157	381	121	317	10	396	226	61	12	453	34	133	83	103	18	130	58	6	101	240	133	323	218	76	574	24	87	241	163	23	512	752	174	33	9	75	203	61	44	120	575	65	295	196	104	268	411	254	111
V411	260	13	39	163	547	84	34	330	621	43	74	217	44	159	69	242	108	178	68	59	11	290	37	141	474	115	531	419	777	252	38	325	134	286	19	205	303	61	78	251	95	280	36	269	246	87	53	72	23	173	129
V412	20	208	35	56	377	226	74	27	146	32	62	154	99	54	166	617	326	220	157	222	190	97	181	27	197	190	185	240	16	360	344	406	95	419	100	242	32	313	127	597	160	47	261	17	14	320	53	179	50	14	122
V413	231	66	90	836	90	198	382	113	320	303	30	25	78	183	207	156	421	49	147	64	147	45	24	15	113	39	189	435	28	254	90	256	371	10	78	251	638	47	333	37	48	5	55	234	84	364	608	21	100	819	159
V414	1	15	227	254	45	461	103	12	158	152	84	264	37	315	580	209	533	192	82	8	6	487	234	43	110	259	164	136	366	13	34	19	280	306	361	61	3	359	264	84	175	7	230	234	44	135	43	86	65	26	20
V415	2	91	121	212	49	41	185	286	142	115	26	475	39	137	836	65	137	200	129	198	232	299	192	57	1	65	252	188	297	60	64	32	91	31	190	111	273	53	658	580	105	541	374	19	49	904	362	64	334	49	63
V416	12	1091	124	0	271	23	161	395	16	187	617	61	388	608	513	263	224	374	93	16	57	39	74	121	312	276	70	6	180	198	281	188	34	217	56	117	77	505	16	161	366	6	98	54	85	170	23	75	132	319	630
V417	346	237	24	385	17	580	103	12	64	54	5	32	49	71	64	272	25	26	15	64	100	113	50	105	49	540	49	20	149	69	137	205	314	350	19	52	495	123	375	2	172	56	78	55	32	70	88	43	145	113	273
V418	177	12	91	138	15	93	105	108	139	9	46	222	3	240	304	971	422	87	378	162	211	46	72	123	366	604	234	88	923	140	7	771	1	36	5	232	145	25	266	459	64	537	165	619	43	34	262	472	425	445	102
V419	22	84	178	521	771	408	6	247	10	275	264	138	80	302	98	184	29	42	277	48	172	113	30	11	20	204	125	26	149	132	594	149	263	54	150	307	124	239	415	222	7	299	158	46	404	152	124	399	345	361	64
V420	662	18	114	731	340	111	311	271	123	210	546	226	216	78	0	2	96	415	247	31	893	879	68	140	109	57	23	42	87	293	91	86	55	83	95	283	36	231	11	431	281	149	98	697	144	121	297	234	142	246	305
V421	127	206	408	160	20	497	256	112	52	78	294	231	155	348	36	46	274	367	686	55	660	353	26	8	72	8	102	929	256	319	136	129	138	578	326	18	517	315	11	288	290	746	60	84	143	161	201	229	539	87	203
V422	92	176	286	113	713	335	569	9	146	167	302	930	173	127	59	56	379	21	189	136	38	231	159	128	45	11	205	125	100	951	94	45	203	194	29	1	6	101	380	414	489	102	143	331	23	20	157	106	472	9	140
V423	33	247	351	302	296	50	5	76	454	150	857	313	152	316	80	299	134	116	38	121	612	166	186	289	23	316	174	407	114	127	188	354	342	840	393	21	21	23	291	59	347	290	59	24	31	201	14	56	132	301	139
V424	34	56	270	19	119	196	83	753	90	508	54	74	364	114	202	1	28	36	45	143	486	130	41	161	173	326	11	503	331	292	504	194	95	157	158	74	20	326	219	45	331	42	256	64	46	142	232	514	27	341	65
V425	83	59	75	308	221	77	67	162	926	73	102	94	38	128	367	53	180	37	165	29	119	175	19	177	62	60	382	26	75	295	243	126	637	374	136	142	25	14	40	25	164	107	151	356	292	58	406	294	7	191	92
V426	200	49	221	150	249	255	469	226	212	92	20	51	281	127	139	477	241	328	52	199	59	40	27	69	452	270	615	215	6	189	292	353	87	23	99	24	77	217	659	102	166	107	170	516	378	177	74	273	89	158	114
V427	44	445	24	5	189	137	137	89	125	12	408	145	257	23	171	137	236	338	17	107	692	66	425	184	195	67	357	17	24	51	297	85	199	21	488	45	217	10	454	60	63	141	359	359	42	19	58	98	224	354	261
V428	1	22	246	155	177	442	51	249	357	22	59	315	292	18	148	197	27	16	35	20	163	57	88	16	90	169	111	3	107	74	55	139	92	284	35	97	328	493	168	58	11	56	6	388	21	134	44	9	931	23	27
V429	1	32	250	71	190	637	101	461	30	301	46	151	137	61	66	52	346	24	628	66	65	53	63	402	152	238	134	9	147	550	94	817	406	3	2	149	170	166	51	28	145	7	34	274	233	451	21	11	187	47	29
V430	535	32	295	353	253	76	3	84	19	386	79	10	562	9	200	154	183	40	155	7	144	240	334	41	565	96	339	542	217	83	137	37	174	91	637	280	27	72	352	96	485	82	217	287	291	276	139	41	474	289	257
V431	12	612	104	728	96	15	137	146	3	36	388	407	291	347	46	188	94	43	129	19	77	1084	66	106	56	398	536	367	42	9	164	113	25	44	142	34	355	49	289	326	407	178	204	97	78	208	75	250	466	402	338
V432	565	55	191	37	542	595	300	49	90	82	29	64	100	747	185	4	140	164	119	74	379	339	409	182	72	361	19	54	596	110	762	234	170	160	163	132	285	125	197	575	164	775	68	188	441	711	8	75	175	64	295
V433	113	39	25	11	187	85	174	667	9	112	39	75	77	348	299	248	367	31	821	89	97	164	376	98	19	269	473	324	75	54	11	518	5	596	27	186	53	71	104	414	165	16	33	654	53	479	157	56	813	401	75
V434	66	117	125	84	259	339	36	140	418	28	449	273	23	219	271	39	67	105	341	146	31	68	39	127	304	50	180	19	90	254	208	77	144	221	7	45	119	18	1	59	382	333	62	281	153	86	114	149	127	278	97
V435	106	451	224	431	257	25	12	172	104	425	36	80	33	112	531	177	22	24	96	168	66	96	60	233	75	46	181	11	55	69	280	91	59	50	80	14	179	113	262	882	165	2	14	17	134	51	240	438	122	425	297
V436	25	50	116	6	335	105	168	74	254	315	264	426	27	24	440	182	105	262	32	69	393	70	442	3	32	593	1043	65	131	325	130	178	88	43	195	126	27	27	157	51	219	82	320	60	37	156	141	23	88	193	53
V437	22	18	277	48	226	154	26	240	281	8	507	102	403	36	40	318	22	86	109	18	92	208	286	389	25	4	165	109	343	29	14	228	142	507	1	31	232	127	395	134	4	328	36	5	8	285	72	232	225	10	32
V438	116	76	12	741	45	32	361	52	200	252	427	127	168	509	73	116	98	251	321	768	112	149	124	138	29	12	143	111	305	272	65	67	159	17	313	88	87	287	426	88	71	47	2	147	123	59	29	16	327	194	101
V439	30	157	46	49	8	587	1	647	60	161	289	419	20	104	33	101	10	62	116	332	128	254	110	728	44	1055	869	564	16	36	371	1323	126	314	498	8	221	24	39	171	268	268	38	52	29	239	215	1	42	687	126
V440	368	653	189	4	23	481	266	2	117	83	854	842	184	163	407	572	126	19	61	26	1032	115	363	9	326	26	155	584	39	314	477	150	244	188	162	259	232	371	157	58	84	243	328	34	31	99	35	57	96	133	463
V441	192	160	117	103	90	29	452	621	336	482	74	448	838	43	53	284	53	176	34	445	98	314	174	206	416	482	204	90	0	381	150	116	180	367	30	49	356	13	32	217	130	33	0	130	159	491	12	838	196	213	184
V442	332	154	130	161	210	211	69	0	21	44	423	473	175	70	66	406	953	687	197	77	384	77	80	152	163	271	571	169	233	8	77	22	378	117	90	558	55	64	207	106	49	385	75	16	149	411	37	127	64	49	227
V443	996	96	223	447	174	25	220	422	185	135	67	130	30	24	67	269	488	416	137	354	139	6	155	174	631	148	82	284	66	153	88	728	616	571	44	15	79	512	227	93	229	44	323	45	51	9	109	266	29	710	509
V444	342	140	330	504	159	50	360	136	99	175	310	393	332	162	32	49	60	43	348	81	142	29	444	3	103	10	146	669	432	88	78	215	209	257	498	117	157	89	118	1	648	11	51	1	149	348	127	122	299	429	225
V445	26	953	271	21	195	547	187	157	754	29	614	376	235	100	471	45	48	107	384	216	107	207	363	179	114	118	180	82	669	365	54	254	105	416	112	259	712	0	121	40	74	27	359	242	8	489	135	254	310	79	542
V446	240	30	93	87	706	179	14	305	85	6	142	386	181	381	405	184	75	48	244	114	137	76	212	7	194	711	188	523	147	23	263	125	275	95	45	45	35	11	204	46	23	160	178	51	6	584	30	507	219	475	138
V447	14	26	107	29	423	110	583	612	110	17	423	140	312	278	242	429	151	508	174	733	182	0	185	132	283	49	187	5	58	661	66	137	166	207	44	421	78	139	115	34	400	26	774	1	182	21	38	672	210	29	45
V448	121	81	330	157	297	183	882	61	547	210	323	511	275	66	3	49	126	12	292	16	6	605	560	100	151	361	69	30	111	145	270	258	130	215	215	285	2	5	95	10	320	95	236	100	265	77	139	386	107	191	119
V449	57	22	169	199	55	149	172	104	183	281	16	10	311	18	103	147	34	124	13	667	448	519	38	328	73	65	353	62	252	293	377	122	53	112	633	199	63	93	186	8	23	312	328	81	22	354	197	485	150	204	50
V450	332	183	423	10	215	234	134	256	17	50	39	73	489	428	97	98	90	571	23	251	475	246	11	257	514	35	110	376	8	206	495	45	353	184	15	334	534	44	169	4	11	116	118	256	72	23	345	76	16	171	233
V451	138	25	271	36	208	895	213	618	236	222	63	358	239	223	157	553	20	288	6	368	55	7	126	23	113	294	591	431	22	397	392	38	228	185	156	283	50	73	488	424	235	137	151	73	141	106	48	28	320	8	75
V452	127	24	85	210	242	494	385	263	487	316	64	39	49	195	44	82	284	264	208	71	59	226	333	274	165	194	52	196	52	397	7	59	86	63	176	19	62	72	20	405	251	81	505	480	163	169	297	517	506	107	72
V453	74	389	61	628	808	451	119	89	28	156	87	96	85	418	324	46	195	5	388	1	31	145	54	1	757	12	102	15	136	205	592	6	379	1054	571	379	37	42	52	30	583	15	340	94	140	90	52	121	112	158	246
V454	51	233	84	104	314	138	53	405	404	343	468	155	219	135	56	180	5	48	222	139	160	194	252	887	174	450	68	389	767	232	120	89	119	5	51	215	458	307	21	61	140	379	217	171	110	94	123	96	141	578	156
V455	12	42	10	231	24	133	126	466	554	49	210	182	41	121	4	148	704	89	228	49	125	37	261	9	110	104	28	22	227	548	54	80	250	170	182	351	44	462	238	183	78	118	112	391	278	201	13	29	41	223	35
V456	160	25	104	347	66	229	872	7	152	180	87	65	30	190	121	350	284	18	124	89	155	14	276	317	534	183	501	384	95	63	424	301	59	302	28	51	218	276	192	140	73	23	39	33	77	135	87	75	67	130	90
V457	644	55	56	230	34	201	271	227	190	625	202	233	998	117	2	1151	187	307	240	37	60	172	123	128	15	463	66	53	83	851	65	54	215	23	184	218	92	33	92	28	317	150	25	424	117	229	275	16	14	344	282
V458	173	433	49	342	44	25	548	173	245	109	389	73	25	94	46	0	463	93	233	541	84	94	3	10	256	390	868	711	314	50	79	261	94	93	99	11	70	142	100	403	26	36	101	35	6	232	4	414	35	434	293
V459	554	258	158	58	389	107	5	752	47	70	38	150	557	538	422	247	37	25	287	27	3	273	460	325	373	553	221	81	335	123	141	35	157	234	365	266	718	258	320	39	506	70	110	418	250	234	386	337	53	207	369
V460	37	307	38	50	19	254	347	202	133	339	17	364	236	1041	90	71	344	223	74	190	387	256	45	100	24	108	24	762	578	60	153	241	92	35	63	496	232	137	100	959	485	285	14	51	8	268	260	76	24	110	192
V461	44	526	42	68	316	456	91	25	206	496	198	56	1	24	96	61	42	87	3	168	625	78	199	398	14	0	280	2	210	350	108	127	38	747	43	142	599	56	186	174	136	338	50	50	184	227	431	805	594	746	339
V462	17	227	227	374	158	393	232	19	328	158	70	87	69	205	345	38	30	26	130	30	11	2	116	3	2	576	457	115	241	67	185	160	226	22	61	342	455	468	23	199	465	126	550	449	194	215	20	27	203	179	135
V463	428	429	259	66	178	265	81	388	642	99	228	184	7	31	8	675	51	131	165	359	37	3	42	558	49	10	232	381	154	141	83	2	215	342	97	59	37	82	54	250	85	12	168	446	73	19	198	17	54	161	400
V464	206	140	102	45	48	385	171	580	252	111	300	29	77	171	110	198	44	0	288	45	22	48	17	175	216	267	155	181	71	81	196	395	56	151	27	230	289	102	98	57	14	44	305	251	106	613	7	23	71	549	161
V465	39	23	644	43	86	295	323	140	19	274	149	203	304	33	340	185	353	81	85	220	240	109	830	98	14	138	243	76	118	443	23	303	165	907	176	330	72	86	100	54	15	291	89	53	26	88	160	335	222	378	40
V466	213	95	23	239	83	104	131	19	10	549	98	54	468	89	3	169	265	104	27	36	382	261	561	288	37	102	148	55	7	74	335	262	677	248	171	109	119	4	62	13	243	244	111	250	37	132	58	41	336	167	130
V467	100	104	124	211	241	86	106	107	68	15	615	165	322	587	132	190	17	40	820	63	456	113	38	54	717	104	253	95	32	194	280	136	23	54	85	65	139	241	239	967	325	61	125	194	390	39	509	51	9	106	119
V468	218	262	298	33	54	193	172	226	92	129	193	228	180	43	714	702	273	476	112	14	175	123	63	20	689	442	85	26	28	79	237	121	350	234	13	8	19	78	184	198	38	6	220	118	103	510	207	46	478	103	228
V469	161	146	353	57	71	86	161	94	56	2	291	51	317	17	92	363	138	56	37	283	104	148	37	11	356	128	290	136	60	13	160	302	154	86	185	14	186	34	200	35	69	73	276	75	48	164	26	92	12	94	147
V470	190	1	355	551	43	171	59	29	151	294	12	64	137	286	161	51	86	90	711	3	323	478	10	222	91	61	132	163	7	221	69	60	243	180	348	145	53	173	125	90	471	33	112	60	87	173	358	2	169	85	86
V471	210	125	197	364	44	86	308	430	67	97	36	9	0	174	44	301	29	501	21	5	3	31	25	381	173	329	5	118	37	6	700	589	110	144	508	171	367	127	116	338	55	262	167	262	1285	41	242	214	75	3	163
V472	162	179	210	454	228	552	2	200	712	60	108	31	308	541	337	204	109	35	451	186	169	18	139	290	250	14	187	711	21	119	501	253	20	185	77	588	357	88	16	690	48	88	549	127	65	19	49	7	95	220	200
V473	439	11	281	370	180	142	461	41	252	51	188	48	468	59	3	428	119	183	496	99	553	107	147	556	563	1	14	70	128	173	517	3	126	445	54	321	11	31	22	51	192	445	432	629	343	155	45	265	127	370	175
V474	10	248	83	352	29	2	209	259	179	171	13	58	118	528	178	944	124	86	9	503	19	125	220	558	572	259	39	193	206	301	329	941	37	141	52	107	105	122	895	127	127	265	229	69	179	165	141	36	281	630	166
V475	220	40	33	2188	583	217	419	91	225	550	119	457	295	696	470	11	116	509	3	296	18	239	22	172	122	103	260	484	230	7	56	198	2103	240	234	0	101	46	537	12	13	73	10	228	117	78	756	160	425	14	133
V476	221	43	40	200	25	45	103	296	68	365	377	367	212	298	12	168	294	246	374	300	155	203	153	191	77	109	403	260	75	2	112	462	130	62	197	265	250	81	60	286	220	30	24	293	179	47	266	262	64	268	115
V477	219	99	333	26	157	38	3	163	141	56	287	367	269	15	9	220	197	874	456	261	172	247	360	392	246	14	58	213	96	124	29	35	87	856	50	279	106	30	246	115	250	242	273	107	14	42	258	155	398	47	150
V478	383	37	68	280	170	180	183	151	576	358	15	387	51	113	60	131	96	121	287	11	142	108	66	23	45	72	170	26	742	381	223	10	33	78	166	874	102	138	247	390	325	232	11	231	216	78	201	224	179	72	161
V479	56	20	402	136	104	181	20	281	94	23	71	214	108	16	13	88	148	46	24	64	92	205	0	429	36	206	74	16	230	373	192	20	225	76	13	6	106	123	369	25	172	89	175	154	14	335	185	330	58	214	50
V480	8	405	433	113	109	5	88	34	697	16	88	381	43	54	340	306	378	150	35	37	2	204	4	96	93	37	67	127	94	203	595	77	116	187	99	157	13	284	44	5	550	33	15	732	155	116	141	192	257	187	233
V481	284	872	8	472	52	145	176	149	275	41	68	42	115	256	72	88	336	402	11	216	72	341	19	108	15	9	400	284	272	128	252	972	158	104	172	89	64	70	335	64	384	139	105	369	323	136	385	197	100	69	602
V482	99	8	19	310	6	523	53	202	56	159	257	151	699	155	72	166	57	415	16	80	1218	319	163	146	20	246	138	157	376	66	87	150	354	104	37	22	438	198	161	32	55	113	137	351	241	84	27	267	740	285	62
V483	417	58	19	353	182	357	104	114	385	153	300	164	36	903	900	89	47	76	10	298	42	450	123	32	338	403	167	266	31	109	536	215	379	214	113	347	36	123	211	165	413	172	215	273	19	253	78	37	126	133	181
V484	67	518	14	262	356	775	49	71	110	227	150	83	930	467	53	402	26	206	49	202	7	29	366	432	337	119	2	232	152	7	426	25	37	537	27	368	71	343	351	54	175	144	2	411	276	1	83	479	26	72	329
V485	212	382	241	448	872	377	32	28	33	44	47	122	203	673	182	114	221	8	404	44	23	9	579	65	17	943	362	217	6	49	39	275	168	12	383	443	44	40	22	26	311	262	769	97	513	191	364	289	245	255	290
V486	211	49	364	109	82	20	38	267	329	569	1	123	422	626	279	398	189	286	110	159	356	278	160	110	322	140	145	409	86	210	373	13	61	236	37	564	28	19	191	126	214	43	111	218	36	270	270	314	25	26	131
V487	146	53	414	194	37	45	14	84	369	2	91	41	269	240	57	89	165	45	70	35	214	582	611	106	276	323	267	405	132	59	249	5	96	514	517	26	559	126	35	266	180	105	114	227	534	449	104	50	795	357	116
V488	364	691	259	85	141	355	153	338	197	422	30	487	200	17	472	530	87	106	298	57	583	88	171	351	279	120	28	411	188	299	341	239	378	428	169	89	189	65	99	281	270	7	24	65	349	152	430	13	277	142	526
V489	102	353	48	95	2	162	8	552	224	1152	134	554	56	18	1	132	70	3	408	3	1	69	72	30	28	50	105	156	78	322	251	216	122	149	394	58	290	18	19	581	140	195	185	81	127	47	199	37	661	24	218
V490	496	147	201	36	269	435	497	6	20	85	81	74	215	142	524	450	434	117	89	101	109	3	104	462	257	57	97	27	347	64	83	168	100	593	87	166	157	136	111	395	282	3	308	334	9	255	46	197	90	202	247
V491	211	304	56	196	174	71	135	62	150	253	91	233	20	97	10	40	42	162	103	232	64	451	282	211	509	537	39	210	204	301	145	26	163	47	22	130	120	430	352	162	0	20	281	177	112	81	189	8	109	100	301
V492	103	53	38	328	108	132	81	102	5	517	214	366	821	30	268	0	115	351	166	132	193	554	219	644	236	8	292	18	217	49	180	249	201	66	364	30	345	74	111	74	58	54	329	606	533	77	253	292	39	34	94
V493	146	308	209	292	188	100	223	26	55	74	71	68	24	89	198	636	79	59	190	124	353	65	293	185	134	22	485	99	69	155	132	124	223	42	14	5	158	25	74	519	379	303	126	452	52	102	218	261	87	44	216
V494	615	131	152	42	213	12	384	651	290	101	172	17	56	120	108	107	258	136	21	8	243	239	145	96	16	49	307	160	126	108	204	476	334	251	265	270	19	384	32	50	101	89	104	18	827	190	58	161	149	4	353
V495	30	183	24	159	526	514	93	270	649	139	318	953	28	69	120	108	274	468	351	141	68	17	116	220	273	518	997	14	221	307	20	1	315	1171	167	64	92	109	111	18	381	84	56	1	417	50	66	38	17	21	116
V496	83	169	69	483	43	33	21	92	104	60	46	71	280	124	203	59	354	11	19	469	13	83	69	528	226	95	52	644	198	55	24	322	17	226	29	223	345	631	220	180	150	180	124	457	64	651	129	403	491	203	124
V497	24	118	56	5	68	60	257	22	71	27	178	361	283	456	154	271	111	380	123	115	152	164	53	314	469	436	4	187	35	61	543	455	36	78	406	258	0	1129	334	161	22	9	891	288	190	361	124	109	149	15	97
V498	293	127	591	21	86	581	219	288	19	236	190	208	541	18	281	58	219	26	146	121	418	474	100	294	237	366	47	679	67	178	11	354	116	176	395	491	92	271	25	287	322	110	80	332	64	311	59	210	133	220	199
V499	442	37	143	25	31	75	136	3	341	9	145	328	31	24	273	589	350	62	27	0	254	114	253	371	206	259	145	72	13	27	174	399	126	60	68	159	547	398	148	11	143	419	134	114	198	6	137	40	98	15	188
V500	935	137	41	165	118	298	146	259	326	42	241	310	77	206	82	61	196	2	300	913	254	349	370	247	56	71	222	197	145	188	3	282	91	200	309	136	97	703	130	53	525	138	18	7	102	117	888	575	292	224	475
