Source001	Source002	Source003	Source004	Source005	Source006	Source007	Source008	Source009	Source010	Source011	Source012	Source013	Source014	Source015	Source016	Source017	Source018	Source019	Source020	Source021	Source022	Source023	Source024	Source025	Source026	Source027	Source028	Source029	Source030	Source031	Source032	Source033	Source034	Source035	Source036	Source037	Source038	Source039	Source040	Source041	Source042	Source043	Source044	Source045	Source046	Source047	Source048	Source049	Source050	Sink
V1	369	237	215	60	741	253	79	42	491	342	253	34	111	316	154	478	330	208	31	36	519	10	186	6	293	78	159	233	254	69	670	1281	0	2	33	247	92	227	114	31	437	447	5	362	418	31	392	2	851	182	325
V2	467	309	124	73	79	231	532	263	34	650	342	443	5	34	223	647	97	147	172	67	237	85	464	55	191	248	144	16	765	33	235	154	871	45	294	1511	141	447	181	650	18	248	165	7	545	157	58	50	36	59	430
V3	97	428	92	585	115	128	60	56	66	28	4	109	240	136	497	405	139	132	398	370	127	145	67	151	127	481	254	82	144	145	90	519	494	50	23	707	547	2	41	189	53	291	608	5	282	359	13	194	9	4	153
V4	113	34	81	91	234	305	198	51	7	105	17	26	7	5	646	286	103	218	22	124	439	111	742	107	170	101	374	23	1427	336	422	156	264	57	34	20	148	12	44	54	354	73	203	70	492	115	9	183	142	121	106
V5	223	35	16	73	2	41	36	5	1	198	61	191	457	202	30	9	4	74	341	245	183	51	520	254	87	11	127	69	239	87	208	63	94	253	702	262	124	11	180	238	81	505	115	36	27	134	191	51	175	143	172
V6	29	97	541	163	324	84	24	807	241	54	379	59	291	350	370	118	55	38	105	29	130	5	692	5	12	113	49	785	104	196	74	26	292	27	401	110	589	382	62	306	152	12	311	629	83	80	151	700	43	354	59
V7	247	107	30	4	147	72	67	5	93	163	129	43	91	750	491	112	102	338	17	22	66	14	3	2	62	183	139	24	236	12	206	205	164	120	57	346	272	120	9	244	68	115	47	186	260	196	582	267	331	141	177
V8	341	401	103	85	634	34	228	294	281	63	265	25	289	324	535	45	399	241	39	167	183	966	26	10	103	119	217	221	78	864	15	456	216	151	405	266	380	237	153	62	72	114	11	25	108	9	135	112	227	449	361
V9	233	656	390	303	137	147	105	498	41	15	162	72	63	91	22	116	94	114	75	103	193	5	166	186	174	588	35	47	240	16	109	49	776	568	138	106	169	97	102	215	469	140	382	128	159	75	27	26	43	56	302
V10	59	492	129	124	17	155	212	77	79	92	319	128	237	28	144	483	75	187	287	35	13	251	220	634	339	66	319	1065	271	16	40	902	87	403	153	410	200	218	52	25	17	107	108	300	358	111	102	240	525	180	165
V11	100	165	115	298	33	824	95	5	79	146	10	8	32	169	338	131	9	299	102	219	179	640	88	31	229	31	24	435	105	194	385	774	97	191	20	348	99	118	58	515	263	348	567	136	158	25	71	40	144	7	138
V12	83	222	74	127	233	192	19	547	130	85	418	32	174	127	256	186	835	59	26	182	8	642	29	25	237	33	374	2	398	353	137	145	9	160	84	153	63	130	46	28	182	275	85	171	307	202	36	250	319	423	107
V13	779	193	159	585	379	80	760	344	2	0	408	331	323	234	16	127	241	2	40	133	66	320	106	277	188	183	108	393	258	179	28	28	42	200	83	360	10	173	14	1237	362	122	12	77	103	484	702	5	23	260	622
V14	214	238	144	558	309	110	568	357	11	12	41	8	565	26	40	88	311	14	15	73	660	1	124	540	109	64	232	98	262	36	472	269	147	158	341	424	188	93	80	419	120	24	227	96	859	12	116	102	19	843	230
V15	171	141	187	64	374	14	1	67	288	321	15	302	10	17	258	114	41	33	6	21	152	181	9	218	193	158	17	69	405	55	85	16	31	332	99	160	107	41	137	451	274	393	248	153	38	362	10	138	77	136	151
V16	50	189	55	719	53	115	828	49	9	11	285	106	211	51	60	144	141	126	48	115	231	501	31	244	289	313	140	127	18	287	525	69	83	155	57	26	102	192	94	118	135	422	64	411	146	473	386	696	518	41	105
V17	407	36	42	450	224	5	31	368	422	62	34	451	120	494	21	27	681	46	121	16	264	131	227	34	107	36	321	115	79	59	167	104	4	337	69	864	165	125	822	39	40	245	147	145	27	36	81	145	240	114	342
V18	333	730	158	506	352	57	204	245	154	181	352	265	355	64	193	28	188	49	820	315	10	155	351	1	155	25	554	357	71	106	127	137	201	645	45	67	222	349	19	198	16	58	105	64	36	52	1036	41	51	168	393
V19	328	787	40	124	268	8	170	48	51	237	59	89	399	201	38	167	78	94	104	105	125	627	10	23	58	113	80	189	296	112	324	3	122	299	138	86	22	22	30	45	57	96	125	87	166	243	9	179	24	96	423
V20	59	35	178	110	381	113	177	312	245	99	268	0	24	171	108	220	289	72	45	129	327	319	134	221	463	76	126	663	35	30	79	376	179	624	29	405	314	186	300	293	44	46	155	88	225	63	115	87	118	22	61
V21	33	123	479	127	713	186	130	48	142	650	294	162	80	174	73	31	80	175	50	102	542	109	314	363	334	226	43	66	658	78	4	37	8	69	80	0	209	272	101	115	44	246	264	109	177	268	898	111	546	60	61
V22	407	49	21	571	94	369	948	4	256	193	59	267	235	134	10	375	62	3	4	79	16	22	9	259	258	158	59	123	60	20	797	126	167	101	96	75	29	153	148	9	216	64	531	180	6	33	267	570	759	59	299
V23	45	179	349	5	152	229	18	86	1	229	83	21	20	56	581	72	8	146	865	57	234	180	175	230	301	483	152	318	55	46	246	313	49	32	2	135	1096	214	364	83	137	76	4	1347	207	414	446	177	154	231	91
V24	406	29	63	92	252	2	224	345	13	223	95	196	325	20	31	38	175	31	106	10	802	493	256	2	60	336	107	183	10	227	743	829	29	225	92	24	276	32	609	99	73	178	55	384	524	190	199	402	223	173	301
V25	503	820	390	269	41	652	0	240	291	61	34	496	142	157	28	52	181	120	182	58	85	168	67	43	1284	962	397	69	14	88	69	520	103	119	87	130	21	389	25	479	25	343	38	266	100	9	62	426	52	50	545
V26	88	59	53	170	280	60	87	237	668	239	357	75	424	258	132	29	5	10	39	197	93	266	282	94	665	241	15	16	472	40	22	50	507	511	18	298	43	50	381	65	168	14	385	180	31	279	217	325	8	74	84
V27	540	24	61	6	191	115	296	140	181	348	218	146	206	10	8	140	26	186	164	135	62	89	174	138	681	54	213	98	312	190	5	224	13	34	149	112	93	137	80	14	102	7	234	164	352	110	16	111	173	209	406
V28	578	295	94	85	298	14	148	828	181	627	53	507	367	76	291	29	256	93	511	0	122	8	53	795	27	916	157	122	532	28	16	313	135	20	347	103	131	132	155	68	10	46	185	97	20	83	249	204	289	114	518
V29	447	399	13	428	403	12	386	4	140	795	1051	96	111	102	169	146	7	61	79	12	43	1191	100	288	117	114	61	465	368	170	0	421	143	67	33	64	265	500	266	293	65	226	13	151	124	102	403	101	113	508	422
V30	272	577	394	327	248	88	184	354	383	422	225	180	62	35	110	233	106	4	146	15	73	118	28	178	6	48	522	2	93	328	60	47	713	733	290	132	35	527	70	92	167	193	66	107	206	328	17	72	0	112	335
V31	44	442	95	205	827	4	61	161	32	134	743	215	149	9	27	227	68	68	2	664	183	207	131	104	26	204	217	150	124	136	110	78	85	144	17	121	314	610	103	14	202	766	28	55	136	204	68	428	882	39	137
V32	249	246	173	179	15	318	10	69	31	253	182	286	96	625	279	69	140	264	402	437	31	245	6	256	292	579	240	74	35	223	178	497	190	18	168	64	218	25	101	53	1	92	354	367	264	139	127	31	152	262	223
V33	155	48	44	81	21	112	165	188	142	61	156	385	38	299	449	5	317	6	539	9	24	331	79	285	684	139	84	60	88	16	471	87	133	232	295	703	80	369	518	179	67	322	1	109	46	228	176	489	386	571	143
V34	230	68	564	40	528	58	230	243	14	55	129	290	312	33	3	268	0	488	88	678	776	782	301	170	365	655	105	132	49	2	222	310	1	63	84	342	240	576	4	76	3	17	178	177	53	646	233	55	76	214	188
V35	408	59	126	187	12	38	431	178	126	82	126	597	241	76	70	401	112	208	41	150	87	96	520	20	21	12	83	2	96	64	96	147	124	153	34	6	559	430	528	72	22	659	50	45	373	45	99	17	3	32	299
V36	48	61	239	376	72	132	396	74	341	549	215	10	820	110	260	105	175	527	402	438	63	275	44	514	143	13	45	19	19	126	45	2	110	109	83	65	52	132	127	155	206	135	19	141	11	92	208	80	471	689	72
V37	99	749	225	740	238	813	0	55	353	594	72	206	151	79	629	104	87	50	296	833	116	105	1	24	207	92	166	134	744	297	207	620	26	127	177	539	32	6	78	7	17	313	146	213	249	151	68	336	173	34	239
V38	221	342	434	146	199	221	396	86	319	34	168	146	372	135	88	15	569	1107	16	308	240	42	258	240	108	68	440	95	23	102	5	17	686	744	106	36	291	146	897	161	228	88	486	211	13	465	119	1071	2	199	239
V39	22	51	33	8	5	76	19	8	586	26	23	330	5	81	394	30	66	544	334	263	574	478	600	83	16	170	99	39	151	114	96	55	274	312	117	137	23	123	932	1	40	215	179	191	317	173	183	23	899	19	46
V40	170	246	86	23	109	293	164	331	129	296	55	131	82	185	297	131	121	284	140	107	112	42	341	182	577	78	244	229	124	290	10	99	290	45	20	123	443	147	126	57	857	589	125	181	22	40	256	0	61	111	206
V41	10	512	155	138	234	787	37	222	397	34	9	17	103	319	166	154	64	421	379	54	415	516	80	15	155	144	259	446	248	168	120	89	163	289	282	155	71	625	154	334	171	175	339	431	219	101	127	113	217	308	121
V42	155	3	253	59	28	144	24	30	75	96	72	269	41	16	213	158	98	110	300	50	9	1145	41	56	300	83	80	207	213	639	719	120	9	374	167	170	41	556	46	325	20	204	73	203	10	118	58	129	26	743	145
V43	23	58	29	177	4	322	101	269	95	141	60	24	87	150	84	112	26	354	332	159	31	109	283	393	179	9	121	641	51	218	199	318	213	13	56	142	342	348	309	82	394	75	109	416	760	515	393	79	3	274	57
V44	291	262	1613	554	44	511	78	74	180	5	222	115	463	122	52	102	281	64	11	97	318	14	247	586	75	308	146	78	182	135	27	348	149	67	202	6	3	131	111	245	27	55	51	75	70	398	211	487	244	161	268
V45	125	154	603	34	6	375	187	133	316	941	111	403	31	192	76	430	240	209	604	52	30	56	163	183	87	450	179	94	8	997	381	689	301	43	308	15	392	38	103	115	7	71	497	106	5	241	286	511	31	129	150
V46	219	5	436	111	804	56	42	744	133	63	415	108	433	138	194	34	52	357	133	308	205	25	106	9	171	175	17	83	32	339	254	547	583	623	8	63	370	89	718	105	36	194	34	290	24	29	0	126	14	153	187
V47	76	159	28	179	189	143	109	53	567	16	154	108	113	228	168	506	701	256	56	271	56	236	50	433	116	8	68	567	311	149	80	337	202	105	560	886	265	52	34	58	249	15	103	2	24	1	53	161	272	177	133
V48	14	18	96	183	504	107	314	195	104	202	90	475	132	10	82	359	635	7	234	99	72	29	59	253	96	279	269	586	101	781	0	72	500	133	169	181	204	485	313	8	290	23	133	175	79	108	28	239	363	205	39
V49	221	13	38	155	97	220	66	441	167	157	141	605	84	106	52	24	75	167	14	48	14	74	115	94	6	279	5	386	33	95	77	58	403	106	281	77	506	260	29	611	11	35	331	208	246	49	142	213	28	25	178
V50	309	48	209	313	206	259	60	1049	26	45	642	264	34	153	116	141	119	546	25	150	76	194	14	29	1076	30	21	366	118	68	90	26	110	6	74	128	128	558	478	74	40	133	5	110	165	78	48	335	23	8	265
V51	65	34	50	206	60	1	69	318	103	251	177	355	324	167	0	340	80	214	121	149	289	574	170	83	4	128	310	211	207	17	108	2	19	57	173	186	87	37	44	161	328	138	215	294	321	84	186	179	352	341	75
V52	207	727	26	5	37	550	182	354	135	16	102	151	339	200	224	367	298	339	5	473	73	158	144	284	56	32	66	298	43	365	31	233	258	229	205	253	46	39	278	83	64	119	5	319	168	39	225	278	344	36	315
V53	6	231	9	266	243	328	65	76	425	23	175	401	221	51	81	235	364	170	69	319	345	81	80	387	39	84	22	28	652	620	100	396	77	288	88	162	38	247	692	294	109	3	91	567	50	256	113	78	98	10	64
V54	164	350	350	6	306	178	337	475	55	150	488	70	45	69	851	33	69	528	136	221	140	481	13	170	357	374	779	338	1	74	124	885	63	60	944	115	181	65	23	258	46	166	323	185	554	139	99	522	90	37	194
V55	119	932	489	37	8	260	39	569	1042	31	159	335	317	501	601	7	112	127	630	2	258	34	655	34	9	140	416	57	6	266	18	535	19	191	47	207	255	374	342	14	110	275	290	175	3	117	20	58	52	64	252
V56	445	502	393	193	366	207	375	560	363	242	292	98	198	50	385	0	119	291	1427	336	103	74	381	813	8	19	36	286	261	254	177	19	41	509	398	284	83	155	0	300	61	16	106	46	52	390	254	489	484	228	487
V57	335	84	265	7	56	128	104	177	88	151	875	655	786	33	116	92	149	102	41	37	199	23	3	362	33	86	192	571	177	161	84	251	304	91	526	57	111	60	257	127	68	297	72	355	344	20	307	348	79	26	282
V58	256	147	38	780	42	167	153	4	111	3	49	497	151	93	208	4	547	1	223	72	96	89	330	481	0	224	449	25	45	160	309	8	451	456	29	81	203	137	23	531	482	806	3	289	39	270	302	12	176	139	222
V59	271	240	175	159	432	255	70	90	733	160	168	692	11	687	425	494	338	203	120	1002	227	110	20	93	78	46	621	39	430	23	17	64	204	428	2	78	565	266	180	245	216	310	231	74	296	613	52	157	55	60	300
V60	46	71	707	76	337	26	220	233	440	174	632	184	486	532	729	798	433	25	597	349	290	586	226	88	103	147	1	19	176	1110	0	197	898	25	114	683	11	419	67	402	15	402	318	13	402	66	82	187	12	431	67
V61	268	455	57	556	125	186	184	23	351	68	118	45	155	267	250	45	239	102	353	205	852	37	208	543	57	720	168	24	433	31	2	77	127	114	2	237	50	53	237	114	591	25	200	941	71	358	410	69	98	127	324
V62	130	81	16	130	267	205	140	52	31	11	90	100	1198	337	73	63	79	121	174	75	369	42	55	77	351	303	83	250	237	285	25	299	123	320	22	485	269	250	48	179	245	532	39	319	184	76	117	115	71	303	132
V63	344	508	77	170	1435	23	173	12	175	374	38	3	48	358	235	82	134	176	147	89	60	59	137	213	217	161	749	29	62	60	176	265	1052	36	61	91	69	744	48	89	738	55	55	53	679	137	245	169	25	348	363
V64	307	88	117	48	121	304	6	94	46	71	118	33	238	96	46	93	148	104	271	212	21	510	139	586	26	150	37	56	0	14	591	117	9	14	205	24	95	376	14	254	358	544	116	186	110	53	174	12	43	317	247
V65	46	267	302	123	7	385	286	219	296	92	230	268	119	404	9	542	217	284	27	299	158	23	94	106	215	28	26	147	249	132	56	133	536	21	268	75	193	686	14	150	272	155	99	172	173	53	92	185	111	18	98
V66	59	573	410	446	151	303	121	50	117	81	80	80	37	24	252	140	129	7	128	30	103	566	256	269	1	96	1108	44	21	69	544	593	13	144	57	13	75	11	121	149	164	119	39	113	206	753	189	7	246	950	189
V67	295	53	63	467	77	87	596	39	203	55	357	722	46	10	332	64	129	375	115	296	0	106	17	207	142	139	71	503	223	228	73	143	89	389	352	182	26	164	317	63	42	219	653	129	425	157	11	301	112	386	240
V68	510	21	209	214	207	100	124	263	81	315	354	365	716	460	67	24	12	62	618	72	10	604	29	386	81	35	61	102	352	74	106	411	69	160	248	157	512	405	82	152	24	98	113	36	8	240	76	130	565	14	393
V69	104	34	311	728	72	21	209	158	231	291	487	278	188	132	374	68	960	237	580	182	18	107	448	558	116	107	339	96	15	93	454	58	313	180	211	661	315	34	30	137	357	182	352	304	299	301	96	64	106	432	118
V70	290	81	16	29	243	260	138	61	65	269	50	357	67	108	92	488	38	15	174	34	230	77	269	92	190	13	624	111	93	370	90	36	46	370	29	220	9	35	182	6	19	248	119	66	109	14	3	230	74	139	253
V71	126	810	5	9	267	6	113	194	83	82	80	54	1430	261	322	44	746	184	38	60	35	278	264	949	195	451	146	66	161	46	160	558	534	146	94	37	265	12	314	40	194	156	15	87	58	190	192	110	53	279	244
V72	55	132	144	96	71	243	105	41	52	9	43	511	407	138	70	260	187	282	306	46	94	699	103	121	29	38	44	7	204	627	228	120	325	460	40	110	16	158	41	96	265	663	170	446	220	164	50	52	14	94	82
V73	189	23	17	273	85	51	516	121	120	515	56	102	164	72	418	77	168	65	63	373	65	125	107	127	35	71	84	364	18	220	410	95	209	93	49	222	125	79	44	20	189	421	59	84	281	322	5	220	642	162	152
V74	364	237	379	180	416	878	322	18	10	724	333	125	303	136	27	1090	29	12	78	86	93	140	227	57	414	32	71	5	186	349	44	39	199	33	94	237	107	80	10	17	72	69	213	119	167	187	42	537	2	116	318
V75	43	124	15	101	235	0	280	187	378	48	5	91	350	96	87	90	489	155	168	45	190	166	59	33	13	138	94	9	190	596	59	9	84	23	22	248	15	753	43	34	74	561	206	4	328	65	5	69	0	36	74
V76	42	13	359	505	88	215	159	154	341	117	376	155	94	92	465	62	238	382	43	268	21	550	101	247	164	2	192	218	205	19	388	81	245	271	695	77	150	45	143	801	363	349	0	115	182	42	108	450	194	105	51
V77	7	404	28	725	174	25	130	103	49	248	63	565	55	96	157	4	260	18	272	109	123	122	52	189	73	108	5	153	255	46	534	105	128	2	269	221	82	34	114	585	179	164	237	135	29	25	64	125	64	389	109
V78	625	128	64	464	9	117	114	111	65	575	529	114	48	38	210	164	29	143	758	201	6	164	280	54	5	160	458	625	67	54	126	69	17	639	406	10	39	30	72	261	43	479	181	416	225	188	523	486	202	423	480
V79	41	748	33	333	146	141	50	5	788	110	411	183	89	150	165	137	834	249	391	112	22	24	77	289	190	526	270	389	135	1	357	26	66	249	97	172	296	173	209	117	689	127	368	639	39	1	67	10	244	275	210
V80	323	499	321	64	42	404	68	83	125	1	29	45	50	100	316	111	22	373	295	112	232	31	46	131	188	55	146	421	417	10	26	32	204	15	46	0	221	113	511	196	337	0	233	142	134	59	274	35	416	259	357
V81	29	382	208	622	29	111	53	73	476	125	277	603	197	236	152	30	16	11	252	0	222	39	535	189	289	133	94	1	102	211	632	43	99	39	23	207	640	333	1135	131	3	31	108	53	183	369	8	172	16	592	113
V82	397	72	477	147	145	157	245	4	162	33	26	149	20	47	276	84	418	145	27	116	164	49	77	150	390	621	187	27	606	479	26	44	38	182	9	117	190	117	333	1	132	50	44	601	235	545	481	40	412	36	319
V83	4	580	5	337	29	14	613	290	119	26	105	378	92	115	464	14	1236	32	130	108	403	21	99	355	123	586	5	428	165	239	70	96	52	91	257	398	193	900	50	252	7	8	338	246	174	67	30	186	69	419	146
V84	497	722	212	342	111	209	65	50	196	35	45	16	52	286	183	2	143	374	68	45	104	169	448	230	90	693	468	100	61	488	250	387	946	705	59	76	47	272	40	151	63	43	78	101	220	180	153	24	124	389	539
V85	128	84	456	2	99	17	37	12	367	13	20	130	88	208	26	25	47	275	114	141	205	343	13	17	181	176	174	12	966	96	53	480	150	118	50	10	137	294	289	6	156	29	155	10	28	69	225	129	474	8	109
V86	250	894	7	63	284	14	199	145	34	252	331	238	199	59	82	308	163	5	115	80	459	6	34	677	138	19	625	207	220	156	1	303	17	2	149	140	161	3	75	55	52	39	117	27	217	216	76	454	308	238	340
V87	204	5	225	336	50	71	122	60	103	355	93	13	79	32	139	163	16	341	83	154	390	28	68	660	250	172	15	50	319	36	26	66	22	18	32	140	34	20	80	245	162	633	621	9	293	112	85	3	155	159	167
V88	294	65	147	189	254	314	934	20	87	426	45	77	49	910	4	813	96	248	96	320	40	125	392	98	899	392	506	179	884	155	228	20	963	24	29	319	45	78	55	93	761	296	125	31	50	140	389	269	355	21	230
V89	87	436	32	318	53	81	396	390	307	825	73	17	184	158	141	404	20	299	19	86	338	119	273	279	120	51	280	51	101	108	34	152	25	1153	25	313	309	5	122	603	36	13	127	95	49	92	41	23	382	1029	180
V90	54	16	278	90	145	173	62	83	49	139	155	155	52	403	320	570	112	61	123	28	218	557	52	373	292	20	337	74	658	285	388	285	60	194	19	23	6	338	418	165	10	84	191	5	6	254	588	184	79	123	51
V91	18	182	144	0	8	372	522	46	787	99	344	120	59	99	443	165	1124	70	348	61	36	65	507	111	21	227	120	110	192	876	130	249	69	242	35	194	84	549	166	281	126	10	8	116	46	9	718	124	207	36	56
V92	256	78	296	840	100	156	216	253	214	308	170	115	35	42	57	269	6	142	19	65	418	144	42	60	61	427	22	107	212	123	53	62	118	67	219	84	169	247	249	106	174	512	1007	142	250	1091	41	71	102	10	223
V93	131	118	3	104	214	147	28	59	69	2	202	96	17	57	169	71	83	85	29	143	95	349	831	171	76	399	394	22	167	75	23	31	13	965	45	65	83	1	53	67	69	401	445	3	500	166	165	189	41	485	145
V94	121	128	78	112	211	37	167	10	31	271	64	145	60	191	178	442	543	194	73	78	266	26	216	246	31	28	12	41	224	182	2	404	13	278	8	111	337	164	352	7	342	28	214	114	59	166	804	97	218	28	132
V95	104	339	174	171	124	231	3	217	519	87	1894	121	150	135	31	94	368	233	166	694	65	0	149	253	578	34	167	213	15	120	512	251	109	86	269	40	107	125	349	137	137	305	163	516	264	63	83	287	227	237	146
V96	35	190	172	295	125	182	101	49	209	147	200	67	583	202	341	31	40	78	578	40	38	4	166	251	350	129	292	279	90	513	235	73	816	178	404	195	270	309	189	102	24	373	33	25	349	204	74	411	195	153	94
V97	6	32	238	22	114	113	84	179	68	277	251	50	44	586	123	123	22	220	47	195	139	53	218	44	18	132	421	57	115	88	71	6	108	281	251	37	85	65	47	205	427	55	593	12	367	40	7	209	131	28	35
V98	1044	52	506	293	399	132	71	206	98	206	502	98	391	76	401	33	284	353	415	45	18	389	216	109	254	433	2	141	226	109	368	168	272	38	463	124	52	39	187	734	154	298	177	220	23	240	183	178	61	66	766
V99	135	193	20	205	1033	89	170	510	315	193	103	50	105	115	47	196	582	22	1008	126	316	391	69	29	244	302	45	186	110	34	445	133	113	102	207	45	239	113	702	55	83	96	351	35	362	1	49	158	113	638	158
V100	83	175	117	141	251	63	35	159	17	201	27	77	172	124	87	737	1029	629	70	313	420	126	467	435	46	21	135	37	177	534	77	213	5	17	37	181	47	125	6	475	34	73	120	75	760	127	186	82	194	245	109
V101	17	139	142	78	96	7	218	125	207	343	157	252	158	96	224	145	40	8	22	401	92	87	328	166	104	268	154	63	637	166	149	78	145	32	414	61	92	162	2	3	110	370	277	149	145	6	270	14	168	530	62
V102	255	284	33	518	371	43	203	8	117	98	294	145	424	82	319	234	691	152	4	92	508	164	918	117	9	190	193	98	64	251	121	25	442	86	19	16	24	63	87	599	888	136	477	121	225	681	76	73	15	20	259
V103	280	12	314	20	27	309	506	34	324	47	300	6	90	170	27	199	297	90	319	233	266	92	278	78	107	275	241	4	180	60	141	129	106	395	99	204	217	450	14	39	579	55	204	80	147	116	59	237	210	71	225
V104	111	429	223	52	106	159	361	184	118	23	655	18	121	28	277	154	38	125	136	29	210	28	195	29	198	66	268	68	201	28	35	236	292	10	679	311	73	45	76	70	286	234	315	98	92	32	663	93	592	57	187
V105	370	396	28	127	223	103	47	10	15	11	76	111	20	441	203	77	364	123	148	8	118	104	56	20	32	82	172	49	576	71	362	7	194	44	53	2	91	27	47	62	13	784	511	404	57	221	38	232	217	621	332
V106	124	63	14	107	59	147	19	4	12	22	522	152	161	94	74	185	497	120	114	254	111	69	212	50	209	244	156	425	403	227	166	268	99	364	227	55	136	81	585	224	824	33	282	108	259	402	269	31	154	10	133
V107	167	321	5	298	212	198	266	87	414	5	8	23	15	131	177	86	52	188	359	555	179	643	236	525	3	75	138	400	414	0	179	75	463	202	102	44	74	56	65	58	329	590	8	446	37	63	190	341	53	339	191
V108	75	42	581	183	265	198	234	144	99	137	329	155	227	46	11	13	401	27	75	14	108	347	76	75	337	112	204	75	49	565	13	17	11	75	270	131	240	314	122	451	41	17	171	599	24	285	109	206	60	67	73
V109	219	43	163	3	24	492	19	18	174	528	370	170	410	22	83	174	106	3	132	125	44	163	395	399	145	184	14	503	56	412	259	623	1065	141	523	15	291	252	455	24	278	517	53	34	235	141	542	241	70	151	200
V110	129	128	421	222	60	121	110	161	272	108	582	17	115	152	645	43	78	85	57	14	873	361	34	3	32	181	87	47	8	299	77	33	41	46	134	463	148	142	14	179	144	290	30	267	220	181	422	225	196	98	125
V111	390	214	192	48	209	152	71	207	115	631	17	4	122	13	9	198	562	17	42	214	328	24	317	48	294	233	154	38	47	36	168	238	208	4	9	115	471	60	68	276	195	97	109	88	147	379	63	5	494	2	318
V112	337	61	13	62	130	251	81	108	482	110	392	10	8	307	12	395	116	355	92	189	116	416	238	308	57	48	327	294	239	26	104	156	297	522	30	168	352	125	153	402	174	15	672	236	235	744	429	108	71	111	262
V113	128	28	3	238	429	347	245	267	555	30	24	76	340	218	287	126	69	18	5	27	395	58	240	67	33	435	10	41	235	165	35	244	134	149	877	204	147	453	43	23	96	44	218	515	73	254	170	101	86	104	125
V114	283	4	135	0	291	565	383	12	94	282	512	78	19	303	23	95	118	39	119	359	203	186	32	43	322	314	25	129	275	120	616	144	342	282	64	9	6	251	29	130	151	305	310	223	106	419	63	142	7	172	234
V115	278	53	316	545	83	112	63	96	49	60	117	277	162	208	40	8	49	136	137	140	25	197	56	265	76	712	26	25	398	7	71	33	193	31	144	57	60	18	260	122	27	186	208	282	156	414	69	63	63	360	215
V116	42	79	163	68	253	50	364	349	47	52	63	100	609	8	29	505	49	876	125	116	82	67	11	13	380	11	605	165	195	586	79	117	40	263	1	205	77	180	202	13	82	64	30	206	779	55	541	438	317	191	81
V117	16	126	18	66	25	216	177	120	22	74	1061	191	441	145	60	529	364	147	77	91	103	56	563	360	760	83	34	148	475	245	39	4	123	108	565	125	392	84	359	21	16	381	766	55	976	91	485	407	96	1115	67
V118	82	184	201	145	128	115	97	258	139	97	48	107	156	23	4	232	262	174	32	15	153	51	140	307	47	366	54	136	47	19	224	39	334	132	86	107	34	305	21	172	1	208	300	361	393	115	257	88	456	305	92
V119	404	423	36	55	726	89	159	73	140	205	262	161	325	344	234	397	16	80	375	401	410	274	270	362	172	350	71	26	231	385	187	396	1	71	162	280	346	85	40	247	338	170	61	126	468	115	240	43	61	351	406
V120	284	51	383	18	238	131	39	445	59	93	1162	122	364	99	134	23	116	262	92	136	295	43	168	0	38	537	10	73	178	227	7	130	139	282	119	631	39	391	49	153	1	5	246	65	58	110	137	44	53	115	218
V121	436	180	258	52	364	0	286	271	83	597	162	200	265	528	423	62	66	170	47	53	280	621	227	319	52	148	10	85	40	143	210	46	53	249	93	282	4	263	55	727	551	51	73	346	1089	144	201	133	17	237	374
V122	25	942	21	18	167	436	84	363	81	216	261	67	327	67	210	95	16	222	698	939	309	241	522	411	69	164	14	130	141	137	283	102	244	53	766	74	183	562	4	61	139	95	136	288	139	46	115	36	426	299	225
V123	436	208	13	65	180	31	384	2	529	340	637	285	6	110	193	36	182	207	20	17	175	50	245	81	173	10	269	221	4	246	187	100	308	8	163	267	4	37	243	20	118	152	83	12	163	51	41	66	31	128	372
V124	50	50	55	439	152	325	108	0	148	288	301	290	388	207	34	747	103	19	207	35	460	441	173	124	34	279	543	97	231	84	141	1043	148	23	13	144	133	38	396	482	503	468	52	68	302	43	26	91	43	1108	71
V125	127	171	16	123	1	74	235	125	310	25	21	5	201	11	105	653	57	233	27	133	1	332	8	466	59	53	64	21	58	120	63	141	15	11	12	99	22	36	334	192	242	58	10	623	412	232	285	34	252	122	138
V126	460	150	97	400	198	14	155	68	34	192	31	363	253	91	258	69	43	45	67	77	288	214	250	421	149	425	348	369	116	44	12	299	555	79	533	293	254	130	405	468	5	934	683	82	74	40	112	29	357	4	339
V127	84	154	26	113	667	19	221	373	109	303	273	303	20	171	165	138	163	115	580	36	76	89	656	277	37	557	38	366	352	61	442	102	4	553	544	484	305	185	14	444	75	713	159	533	31	537	15	32	235	82	145
V128	10	85	227	108	187	199	102	324	7	139	103	169	14	135	24	32	133	446	185	162	260	106	2	265	188	146	2	16	27	341	34	646	501	85	67	237	1448	32	163	333	4	58	92	36	61	403	358	226	104	32	41
V129	359	31	376	144	30	6	386	174	96	227	12	389	32	44	566	31	417	91	69	224	418	440	29	21	114	3	356	241	85	57	154	397	118	273	122	356	513	83	11	118	471	94	45	243	374	105	102	300	156	31	300
V130	15	258	25	246	205	45	240	68	543	40	155	196	27	402	383	66	39	70	35	42	58	153	414	415	6	103	3	564	279	52	270	503	121	85	112	108	131	469	131	528	9	171	77	268	180	139	296	307	68	468	74
V131	166	11	85	177	24	87	211	246	137	653	111	214	27	10	46	249	270	230	235	46	589	60	71	33	28	3	208	20	356	245	68	2	526	76	221	297	93	10	50	144	58	284	19	493	134	90	184	59	1	48	121
V132	112	662	105	182	75	64	154	686	14	697	236	57	666	160	240	113	122	339	50	211	32	153	150	10	143	401	135	440	143	140	482	98	36	210	148	143	421	90	26	119	230	189	25	228	154	131	100	33	94	124	212
V133	162	429	777	237	155	35	329	205	416	144	25	487	179	10	384	466	43	23	27	156	17	23	159	125	341	300	391	84	139	402	20	177	31	522	392	114	270	70	89	79	125	432	122	57	105	47	860	145	403	199	218
V134	127	211	89	94	8	40	935	139	338	160	82	40	111	18	196	421	133	263	30	115	2	18	95	358	139	56	313	151	205	45	9	379	51	118	269	95	86	46	467	673	37	71	243	396	132	391	60	19	89	156	173
V135	6	382	26	360	77	234	184	371	23	55	85	120	145	99	32	20	587	537	28	130	187	82	33	309	66	32	9	664	251	233	329	245	355	64	165	132	22	104	457	285	558	104	50	21	151	270	267	324	761	291	104
V136	27	360	85	149	525	87	85	21	447	49	47	684	199	3	17	109	475	32	106	24	2	164	100	57	280	44	108	107	76	305	83	178	115	91	12	263	729	11	115	129	42	410	102	183	702	56	505	512	551	120	106
V137	332	246	136	71	292	110	223	298	53	109	167	226	95	358	104	136	104	646	590	331	170	151	122	346	177	74	50	675	48	130	50	385	75	155	147	77	146	128	144	506	66	157	355	126	193	101	0	362	17	24	301
V138	125	150	582	2	141	471	114	293	397	37	184	40	131	13	73	19	20	230	51	122	220	672	227	157	407	622	381	380	468	1005	384	211	169	101	91	57	323	199	37	88	0	52	215	164	79	482	24	210	654	43	148
V139	78	265	309	898	63	387	400	96	279	305	211	195	37	30	93	42	631	478	376	239	13	402	138	38	216	11	32	19	29	270	104	272	67	100	108	243	150	256	297	78	174	938	202	544	338	454	142	72	75	73	112
V140	109	194	33	76	145	254	209	438	171	38	29	63	108	231	1112	34	8	9	40	312	110	42	46	274	351	488	244	64	15	66	124	194	13	597	340	38	156	73	17	350	352	47	102	422	323	147	70	522	233	29	149
V141	168	114	11	142	74	0	146	253	77	416	147	215	29	68	168	54	54	371	225	19	333	76	177	172	302	438	17	123	150	4	227	11	78	883	161	363	211	125	57	244	62	727	36	100	100	204	356	212	64	68	180
V142	27	119	1532	276	218	69	505	66	99	347	208	100	46	387	86	262	388	93	465	214	77	90	15	723	223	174	83	934	174	19	69	235	35	62	296	6	314	276	111	158	28	30	273	119	401	268	552	781	71	149	76
V143	207	198	413	165	11	107	92	98	128	433	93	34	334	75	140	258	99	63	270	470	713	295	45	72	431	18	41	43	390	55	392	29	446	617	2	29	86	284	158	51	401	658	103	39	122	111	182	125	121	55	187
V144	303	106	180	505	192	251	26	83	131	769	49	203	171	68	42	86	228	4	453	45	176	37	0	101	32	129	34	188	78	16	320	64	98	56	660	103	188	288	400	105	62	253	320	148	98	17	14	136	152	11	243
V145	158	172	81	301	1187	548	131	567	506	79	147	213	229	7	78	678	781	90	304	232	122	394	72	563	1240	473	173	65	321	8	224	542	102	30	170	14	23	30	174	5	19	301	82	179	73	172	1	510	206	257	164
V146	39	80	57	93	75	348	16	97	588	214	85	609	577	187	113	80	64	66	243	108	17	162	63	139	135	368	413	112	462	293	47	294	155	35	309	538	141	821	44	604	134	194	268	184	481	319	69	138	38	108	74
V147	380	120	110	122	40	42	28	102	34	38	25	222	21	248	958	176	109	278	15	208	71	93	417	254	84	161	379	142	384	199	293	124	231	10	95	686	212	108	156	124	303	4	43	132	34	24	137	403	161	167	330
V148	217	0	30	170	398	214	80	102	227	91	11	21	17	83	412	104	124	135	67	62	774	68	216	379	107	238	257	516	103	68	32	210	236	29	282	122	270	354	141	154	134	478	269	6	51	436	667	169	101	156	182
V149	85	36	91	82	70	107	36	56	182	324	179	132	32	518	99	73	126	269	98	15	49	188	49	150	52	535	345	751	185	18	211	55	16	73	918	385	198	75	238	385	104	9	668	532	30	98	284	35	203	94	85
V150	16	4	369	28	8	119	197	288	56	358	68	31	26	76	103	4	146	151	546	401	10	321	357	402	95	104	2	153	311	232	193	89	170	310	716	7	57	218	173	397	981	136	323	21	62	230	339	60	1	254	37
V151	64	962	28	107	393	161	103	48	568	470	375	46	347	140	561	129	152	165	76	565	153	48	102	152	245	163	401	45	32	150	2	51	407	721	399	362	0	93	3	77	25	143	298	215	297	32	108	33	19	43	260
V152	115	62	40	634	155	77	38	318	267	91	16	540	340	21	41	62	38	2	104	9	44	1239	272	215	460	93	146	144	244	385	37	91	71	375	43	98	424	124	102	73	85	237	0	67	43	618	158	68	132	94	112
V153	73	220	25	157	338	127	72	54	184	99	78	288	108	24	94	152	84	141	237	705	42	0	64	24	101	37	19	193	54	13	23	2	13	85	577	26	805	99	111	185	202	183	55	64	450	120	110	114	511	29	112
V154	166	21	54	21	55	280	36	220	416	18	134	55	500	390	197	34	40	187	45	530	180	4	56	3	34	277	75	532	264	91	953	0	271	298	121	205	41	77	272	951	172	334	140	24	126	79	95	315	23	533	165
V155	20	3	355	0	6	22	5	89	262	409	88	133	51	3	216	162	140	162	140	36	51	83	43	39	327	158	169	442	109	202	258	278	18	226	184	292	13	136	246	33	302	17	124	593	10	62	111	453	780	122	29
V156	88	220	21	167	36	26	106	39	342	309	17	150	116	574	458	31	103	163	22	363	26	107	48	54	826	866	30	126	276	7	279	160	146	55	497	75	81	56	116	375	70	289	39	177	100	57	4	98	58	169	136
V157	26	137	84	54	83	46	290	218	126	12	106	15	284	90	70	78	650	924	16	26	654	259	184	185	168	251	237	34	404	210	314	186	320	113	55	54	449	309	157	41	222	7	115	386	31	327	244	61	56	63	53
V158	34	128	81	347	304	10	157	696	219	33	52	168	210	8	34	5	136	204	52	87	236	244	38	86	358	75	132	351	106	274	487	546	300	62	54	763	139	413	20	84	306	83	219	64	124	381	51	639	61	254	60
V159	360	206	60	91	320	700	56	46	173	178	137	85	69	21	256	5	13	282	202	222	36	71	274	434	11	517	42	20	81	109	233	306	44	120	384	524	11	232	614	406	670	502	175	125	1	255	375	26	61	81	342
V160	74	328	93	373	117	72	255	43	189	46	177	65	322	87	197	215	0	553	1	612	584	229	192	384	903	1	293	140	48	23	563	188	171	28	48	17	4	265	85	199	65	88	6	255	231	502	171	18	191	70	125
V161	46	75	22	74	168	85	71	288	187	377	257	332	653	192	438	115	56	75	9	23	205	516	580	145	60	116	385	39	433	91	3	343	41	70	494	82	299	470	10	219	78	168	503	255	93	721	47	131	117	97	61
V162	6	69	389	208	68	1373	133	168	456	14	133	665	1057	28	7	56	18	195	144	487	55	158	1012	425	112	239	598	219	68	114	187	113	362	88	61	130	453	362	625	116	44	64	90	39	74	538	15	98	881	133	38
V163	410	173	40	160	231	17	179	355	380	370	25	102	358	206	55	226	198	78	355	267	532	311	46	112	89	69	222	546	33	227	7	137	298	769	301	251	26	687	603	142	278	308	44	22	185	143	419	169	59	155	370
V164	0	42	30	520	305	683	249	120	129	57	50	20	183	62	0	20	502	14	17	146	7	73	166	3	3	481	400	147	55	815	63	934	30	295	112	1	151	60	104	186	101	16	108	331	432	53	70	49	115	359	28
V165	63	83	158	82	98	367	144	23	390	314	108	17	285	84	139	120	87	28	157	558	46	99	201	110	41	292	368	66	603	128	605	8	154	133	154	125	186	90	517	281	204	116	67	24	187	39	45	202	279	80	95
V166	57	308	131	335	48	257	28	1216	90	586	154	90	25	47	10	644	162	474	50	184	373	412	34	306	24	377	18	465	28	49	260	120	162	292	136	79	394	26	232	29	55	219	65	137	163	172	954	184	170	109	126
V167	326	83	304	32	294	191	206	142	598	10	124	214	257	283	478	186	45	296	62	178	49	30	15	394	145	289	203	153	165	585	19	317	151	48	412	124	79	162	160	91	41	0	372	78	57	89	109	569	58	98	264
V168	103	17	208	322	45	28	462	156	58	358	377	228	7	2	122	32	34	65	150	47	92	129	136	178	101	84	348	1338	3	283	250	139	648	259	179	333	63	110	96	342	263	582	203	131	114	2	157	47	280	219	109
V169	352	860	122	923	346	20	320	174	70	512	1064	0	65	51	31	51	110	83	162	478	11	231	344	453	744	87	13	249	300	41	230	192	332	78	162	111	681	281	674	159	16	250	11	310	84	283	61	124	76	71	419
V170	45	347	175	15	31	8	179	126	182	472	17	295	22	232	28	34	129	5	83	391	338	185	248	249	57	237	104	28	496	74	28	1129	4	50	110	26	207	24	73	43	252	242	199	135	175	11	122	8	72	87	122
V171	516	26	301	527	90	66	192	81	162	140	82	501	659	52	129	102	84	348	110	467	35	207	187	328	41	50	476	472	327	55	127	300	174	185	80	60	78	221	154	216	306	28	39	527	244	37	510	17	196	74	395
V172	175	66	337	64	38	107	184	91	117	185	83	133	116	823	219	220	136	303	21	93	20	263	63	122	192	564	19	58	81	174	153	31	385	149	214	5	892	134	378	32	275	324	313	231	196	171	774	510	186	416	153
V173	132	139	54	362	189	241	325	125	386	313	75	28	34	336	100	117	93	86	42	197	189	1	115	235	725	731	184	243	84	193	145	472	315	96	38	0	182	75	89	320	3	284	83	269	111	174	150	81	353	72	139
V174	417	356	531	294	53	156	23	121	201	126	160	150	711	246	51	434	17	7	294	35	480	120	181	981	25	35	42	200	27	0	269	28	69	389	7	561	166	29	167	573	101	994	62	23	156	94	289	251	83	109	377
V175	16	229	59	97	464	66	864	86	252	82	150	553	52	106	423	61	50	81	7	352	504	38	502	15	179	103	123	543	81	52	32	440	6	279	131	150	161	210	133	55	811	160	77	416	23	43	22	125	165	28	62
V176	98	54	81	133	669	189	372	220	192	192	232	168	80	943	467	524	399	106	175	807	87	195	330	863	75	90	182	411	38	183	27	20	258	133	45	48	69	114	112	610	173	87	1	112	67	31	228	696	413	511	109
V177	416	163	423	290	394	35	158	72	18	75	5	209	85	342	43	15	49	241	4	54	166	383	53	988	770	51	503	73	181	19	255	32	101	33	385	31	194	207	185	39	81	31	92	560	179	52	16	43	393	88	396
V178	270	8	100	149	389	399	355	79	15	330	193	297	149	5	170	18	15	238	23	428	116	20	357	42	719	731	179	316	23	217	305	258	302	211	265	15	187	174	340	326	117	272	12	7	133	59	202	43	5	136	229
V179	74	100	409	264	386	8	41	88	166	173	309	41	832	70	63	207	200	618	578	148	32	93	280	304	195	18	90	24	84	17	58	188	186	35	31	82	237	189	202	585	158	200	86	361	312	331	7	244	84	103	81
V180	96	173	22	34	71	356	348	252	16	143	23	370	361	203	84	198	113	85	247	12	109	262	11	99	135	417	526	532	193	343	248	35	9	80	289	454	312	167	72	17	232	32	153	62	345	14	22	50	43	67	111
V181	64	20	146	53	217	42	13	98	98	409	98	250	13	123	103	281	16	484	134	43	498	2	667	466	109	47	19	117	14	318	116	79	96	124	119	214	83	84	49	572	173	332	525	31	48	170	219	24	549	91	74
V182	8	96	202	10	393	23	384	309	181	87	180	37	447	427	334	9	393	166	3	74	293	114	243	156	220	33	34	98	142	114	134	79	47	21	131	394	287	82	66	187	726	77	47	109	435	101	9	10	57	73	39
V183	416	45	131	213	217	194	24	254	37	201	90	214	100	663	638	163	71	242	81	506	83	35	108	164	27	54	107	281	62	220	92	149	344	152	515	131	41	284	168	505	156	29	104	77	1114	394	152	348	379	84	342
V184	562	449	238	120	43	1	235	65	47	10	30	414	437	169	308	92	7	147	612	240	41	26	65	25	71	193	533	202	204	192	23	3	445	171	893	7	159	526	7	47	9	165	288	141	69	108	119	580	1	103	504
V185	256	356	706	90	459	2	296	57	257	20	488	454	15	29	10	65	73	258	155	134	235	403	245	237	429	56	20	50	36	506	97	49	391	133	191	209	358	36	342	68	126	366	31	88	51	441	131	36	8	141	268
V186	335	27	55	17	82	214	140	209	330	285	437	339	66	766	66	29	98	16	28	1213	244	72	249	161	29	5	48	45	487	1	120	121	15	12	78	127	229	255	147	203	562	561	96	329	1	54	18	380	86	47	256
V187	166	201	0	574	149	323	49	15	398	153	97	137	115	162	140	47	33	145	190	316	104	91	80	203	665	218	278	354	380	169	58	9	209	198	572	300	105	87	248	337	0	16	229	522	194	855	47	20	322	150	176
V188	116	11	348	16	219	40	591	126	20	75	360	11	190	25	58	256	3	109	273	58	173	308	84	250	1	520	123	192	36	37	40	357	190	17	259	18	409	112	128	197	564	407	323	666	345	211	59	348	57	223	96
V189	40	426	190	50	150	88	71	286	97	64	29	83	626	52	37	0	167	594	504	35	357	248	1183	17	317	195	336	344	82	155	581	229	327	67	414	247	197	2	90	76	65	74	94	90	170	269	296	57	124	135	115
V190	772	325	46	26	263	101	166	91	224	28	108	84	165	137	30	127	293	5	152	146	80	426	34	23	39	31	308	465	204	869	362	342	223	41	77	70	142	871	32	131	66	252	89	160	155	175	78	156	65	147	642
V191	99	163	188	161	154	216	337	613	671	190	88	155	0	537	239	68	259	104	312	383	329	188	267	38	471	40	71	151	283	20	19	217	152	105	340	293	10	423	32	324	33	94	65	50	705	715	251	25	188	197	120
V192	53	18	8	154	117	357	178	217	8	164	67	132	169	198	365	44	560	216	181	235	198	37	143	35	91	384	682	18	25	143	138	248	54	89	16	198	34	102	14	37	351	12	158	367	57	288	74	628	211	162	68
V193	55	447	16	329	647	64	228	33	212	151	255	2	234	171	44	264	86	80	109	102	122	139	39	405	57	161	35	91	66	163	62	150	149	636	456	109	281	6	131	43	341	122	114	103	387	7	142	176	235	272	146
V194	290	666	307	165	72	77	276	952	275	315	74	41	474	78	810	518	147	422	814	165	25	128	277	94	93	54	189	55	56	356	73	211	303	114	109	13	57	88	41	161	562	503	125	297	126	56	20	152	98	257	326
V195	255	460	170	28	74	173	326	351	90	290	635	301	17	119	35	23	179	157	203	84	70	174	20	225	18	274	60	258	10	269	193	243	371	59	2	160	24	162	56	102	246	207	394	130	466	102	184	2	34	244	300
V196	9	502	725	37	82	119	489	493	270	313	57	173	14	754	123	198	167	92	152	59	36	157	118	33	21	402	40	372	262	17	3	359	466	130	150	48	547	25	17	36	84	186	145	110	76	23	8	381	152	35	108
V197	20	215	275	4	180	55	91	27	24	53	201	38	54	394	1	427	40	207	237	71	10	331	4	74	16	13	686	43	165	416	39	717	449	159	321	654	52	47	295	94	151	57	196	24	294	32	205	41	146	414	65
V198	107	6	168	47	108	40	175	336	556	446	144	174	190	175	52	307	42	94	14	58	73	26	328	67	56	477	35	646	30	198	91	6	183	428	87	199	80	226	16	133	417	6	228	269	173	544	242	95	298	227	112
V199	0	70	65	301	4	43	158	22	475	365	35	64	135	158	43	331	898	105	127	167	142	85	83	318	13	265	2	17	111	109	442	253	82	59	29	25	241	220	28	460	29	11	230	62	113	715	61	182	150	154	29
V200	59	52	482	41	31	210	24	390	70	69	266	145	71	4	280	112	130	36	247	53	60	117	25	9	75	143	26	110	33	57	36	0	183	250	117	540	17	114	88	150	198	281	133	137	817	539	427	268	138	240	79
V201	269	40	214	134	176	426	297	145	140	168	67	59	658	6	246	35	548	75	124	16	207	30	20	11	0	29	24	823	485	228	64	184	317	527	220	53	177	22	722	16	322	47	8	299	42	7	45	28	581	53	224
V202	59	168	73	82	179	252	396	298	1188	104	727	46	696	134	234	215	743	499	12	69	426	398	173	759	187	13	164	16	154	88	135	65	270	163	533	278	143	7	495	369	174	138	219	54	34	64	237	94	764	144	99
V203	41	635	168	13	29	92	72	362	107	0	165	3	41	154	159	130	239	73	160	182	81	148	46	91	30	194	80	5	15	251	253	354	303	45	124	77	120	6	236	65	18	195	829	310	225	498	712	107	57	763	169
V204	78	32	613	107	136	9	408	272	11	165	255	8	13	243	373	348	37	221	12	88	327	854	72	223	139	262	36	331	46	20	428	61	104	516	59	108	271	981	524	251	390	117	101	6	13	1486	294	174	70	85	97
V205	54	625	455	849	404	851	28	177	131	31	26	123	659	16	642	168	203	415	433	143	54	369	27	291	466	189	81	274	165	55	488	129	174	12	128	150	1025	21	93	392	4	572	233	12	495	552	30	2	121	54	179
V206	769	103	209	687	229	275	94	672	128	12	288	158	175	9	79	44	621	19	86	112	337	215	103	337	291	83	655	51	400	51	158	11	354	50	278	44	1736	86	152	19	493	247	416	2	67	50	247	115	23	541	597
V207	74	11	69	101	413	37	66	217	13	162	279	162	154	214	134	46	15	23	42	242	457	110	207	235	39	43	30	25	10	45	20	37	57	45	4	423	237	80	80	317	53	348	363	396	259	685	17	334	131	227	67
V208	352	120	22	136	181	250	147	315	41	578	257	144	270	334	348	100	178	96	16	164	58	83	342	133	51	133	513	189	51	376	423	191	66	233	103	535	8	89	179	69	10	69	176	423	95	782	0	117	141	81	289
V209	6	26	277	351	412	513	170	274	169	315	19	139	178	251	62	74	50	411	199	790	110	205	193	372	542	379	137	354	518	213	314	67	39	195	634	196	51	0	39	18	992	855	37	4	232	722	35	305	308	1	31
V210	247	112	572	36	126	52	1	149	101	78	102	437	10	259	37	371	143	167	357	218	109	302	71	169	66	6	84	233	896	86	51	438	262	98	36	102	105	87	5	107	158	309	124	534	129	29	457	139	41	61	230
V211	216	23	40	176	97	68	110	146	308	134	546	403	287	7	381	47	51	78	57	84	275	210	243	69	20	59	342	136	26	229	86	238	165	1	156	133	135	595	141	215	177	95	74	56	570	407	84	382	415	107	183
V212	144	53	62	15	106	51	337	274	5	175	243	379	157	462	261	52	21	419	43	319	377	50	419	39	139	389	398	375	57	438	300	56	422	409	342	132	436	185	213	36	63	153	354	48	123	334	100	193	139	146	114
V213	251	290	38	57	736	587	76	291	88	154	259	379	54	297	75	16	37	155	233	20	109	27	111	593	39	58	6	272	215	25	323	118	126	443	120	124	151	449	131	139	227	542	58	326	98	22	36	375	109	244	247
V214	27	98	58	170	362	808	10	250	519	238	19	427	64	71	112	187	119	233	324	423	51	157	611	111	102	2	138	608	76	48	102	264	48	32	333	15	2	129	40	52	385	0	49	174	486	281	420	56	106	906	56
V215	287	311	10	81	6	182	1179	46	89	103	223	8	445	22	186	59	235	301	77	85	304	189	88	81	239	101	133	345	49	2	51	187	86	401	206	846	181	242	34	633	1214	165	222	48	221	38	205	163	110	305	295
V216	366	396	1101	71	55	21	263	714	86	165	122	43	245	300	211	116	285	46	98	250	13	389	171	479	6	4	10	80	285	43	251	14	568	110	202	152	96	171	18	6	44	152	628	427	257	12	85	101	815	138	386
V217	15	209	244	99	106	299	239	53	1230	29	103	336	218	136	87	46	59	63	625	48	463	544	576	190	13	21	101	33	269	440	347	153	88	42	674	85	5	76	0	249	314	71	44	389	158	221	287	267	93	19	61
V218	56	456	255	84	274	22	71	386	644	23	108	146	71	97	243	90	110	26	203	149	319	19	171	208	198	23	127	30	223	228	265	279	769	305	12	15	12	126	139	170	202	31	38	293	95	509	81	712	221	11	146
V219	17	31	123	311	34	691	25	639	891	836	53	71	174	172	13	307	214	111	111	457	771	33	658	322	219	100	112	105	60	23	66	0	250	130	30	12	105	518	320	442	6	135	3	198	162	57	73	301	67	242	27
V220	22	6	41	74	191	195	161	324	66	196	227	144	190	1088	357	226	70	27	261	39	96	562	67	512	176	8	223	179	161	249	247	279	341	71	1049	51	61	282	3	8	142	10	123	61	346	0	15	55	32	167	47
V221	663	365	137	93	45	52	382	125	17	61	260	908	91	44	130	532	309	17	132	374	430	99	327	349	485	575	675	400	36	1	35	32	160	488	93	42	497	220	5	697	208	102	666	389	114	79	168	1	336	127	542
V222	45	399	294	349	133	69	63	494	160	18	226	60	478	109	129	344	13	294	144	62	50	3	116	168	360	123	368	23	116	34	117	146	7	18	189	85	90	81	106	184	7	222	210	972	123	59	172	169	58	586	110
V223	340	36	192	249	430	378	55	53	17	472	17	142	123	257	565	63	17	252	87	110	39	42	41	289	264	216	99	266	375	64	92	159	100	410	116	390	634	90	520	28	8	144	343	90	735	20	459	887	142	19	252
V224	673	53	429	469	100	336	65	76	93	441	33	583	8	330	449	49	160	113	507	109	427	94	188	90	95	16	255	36	4	437	146	287	25	8	13	92	675	161	103	126	85	136	188	71	155	199	15	94	187	75	492
V225	33	13	353	71	158	15	96	388	51	72	606	965	321	42	239	122	281	384	142	74	9	259	60	13	278	88	625	243	128	87	465	136	404	283	787	29	14	12	323	106	114	497	148	187	19	172	105	10	28	881	42
V226	291	84	404	248	41	124	29	144	243	243	19	2	137	37	124	140	153	196	411	121	469	4	127	256	466	433	398	126	75	75	301	222	313	488	114	288	18	357	188	11	29	185	91	253	572	416	129	223	30	246	203
V227	126	333	224	126	570	86	103	52	371	355	53	68	83	161	303	15	22	403	410	486	59	8	397	277	207	48	159	297	17	1	152	166	18	67	42	29	35	113	654	122	577	158	13	120	117	221	85	173	1248	148	163
V228	230	249	83	209	42	57	79	4	266	391	15	19	279	159	166	250	56	359	214	809	330	86	8	8	181	78	1	185	160	459	230	190	57	617	862	89	95	185	18	12	73	43	515	198	137	220	338	336	251	146	199
V229	59	93	159	166	277	64	136	395	106	161	41	77	153	689	160	55	1	22	137	644	701	22	22	15	200	292	218	121	336	31	102	40	35	320	58	317	124	551	97	48	206	175	134	599	213	0	382	92	100	20	66
V230	31	267	109	215	361	203	315	75	914	277	375	112	16	184	82	173	104	825	82	1215	48	66	378	416	41	266	127	107	224	22	1047	130	126	129	115	68	39	121	73	727	290	381	267	514	10	152	119	512	60	242	103
V231	401	537	139	94	195	42	234	55	175	586	54	130	255	427	22	348	52	892	60	102	94	47	15	43	86	46	29	16	93	97	458	66	58	255	26	389	41	152	89	67	163	197	103	106	68	3	149	289	198	150	384
V232	101	155	42	248	26	699	31	505	677	452	3	216	552	138	185	225	69	364	41	413	97	272	500	295	394	8	230	82	170	33	91	92	35	43	122	314	151	16	428	318	235	85	229	224	13	80	41	264	442	17	101
V233	34	13	173	681	106	11	297	110	38	6	27	94	82	62	157	206	399	158	0	103	207	260	89	92	10	160	140	83	326	76	285	60	33	382	96	367	45	331	840	377	36	55	1044	459	383	138	52	300	26	21	54
V234	61	24	44	52	114	272	41	303	69	22	175	81	93	621	255	971	182	107	384	118	63	616	41	162	111	162	65	62	472	221	158	158	190	88	68	155	38	6	831	47	100	279	620	128	124	51	195	16	131	22	72
V235	52	81	52	220	18	50	243	786	179	32	205	37	56	292	684	43	118	15	214	63	60	289	104	133	89	168	68	89	236	68	19	778	399	382	15	256	145	405	542	42	39	83	190	106	32	338	31	160	540	103	44
V236	269	938	78	256	228	130	27	106	141	157	214	95	76	1	132	13	22	405	227	146	387	256	156	34	405	70	526	5	12	263	148	223	230	307	334	178	120	417	152	621	55	199	163	119	266	47	556	11	198	107	404
V237	121	454	60	23	36	414	278	22	125	108	91	216	187	18	140	39	0	2	125	195	48	22	8	511	91	689	144	192	84	30	197	254	69	1033	127	684	158	490	192	48	646	8	18	132	108	47	343	604	2	392	200
V238	18	243	99	90	45	154	46	117	200	86	217	60	556	309	254	12	96	4	119	37	17	185	240	213	19	50	116	137	238	134	305	110	226	160	42	370	87	69	39	205	246	130	124	143	86	303	19	73	136	76	79
V239	46	18	38	215	254	110	112	150	196	107	101	835	405	176	109	286	383	129	80	39	547	166	210	158	579	111	1272	41	28	590	195	296	68	223	583	199	288	204	104	6	65	139	32	24	106	199	843	199	108	35	47
V240	637	155	125	536	65	38	48	98	80	107	95	288	160	52	214	171	178	589	52	292	16	15	215	231	155	155	40	567	6	152	467	114	142	49	17	64	152	21	96	232	346	189	88	92	40	43	501	5	115	253	471
V241	32	93	19	352	54	86	180	406	19	21	180	25	64	477	586	34	75	21	114	14	192	21	316	24	639	143	358	141	9	89	415	233	50	438	447	41	96	220	18	114	30	57	49	34	189	14	319	156	35	124	57
V242	437	263	116	73	59	234	342	1043	461	9	176	387	39	85	60	48	247	621	125	245	68	55	463	454	49	307	474	682	22	4	5	44	293	202	302	31	77	156	90	21	542	16	509	451	266	112	95	91	53	489	387
V243	31	556	227	35	155	113	75	176	12	28	278	222	287	36	54	374	162	914	147	274	147	247	130	355	253	80	203	686	84	175	181	325	14	49	127	91	615	20	232	6	171	83	155	5	81	490	429	118	68	60	160
V244	45	156	146	222	260	198	114	167	452	454	46	95	10	200	169	32	20	44	333	923	577	54	205	244	29	121	43	80	55	6	126	84	3	110	196	77	1006	462	255	286	178	149	352	109	21	598	435	195	160	69	78
V245	542	672	106	22	912	197	121	117	109	291	131	34	6	163	52	58	88	198	7	40	264	122	20	105	60	140	190	72	334	565	109	83	243	155	60	68	110	214	305	139	405	149	160	271	285	19	282	54	103	187	544
V246	134	57	88	784	482	525	41	54	311	146	306	528	162	12	664	56	122	206	7	79	347	315	142	85	132	95	606	120	475	131	39	19	37	134	3	248	8	184	149	65	11	324	39	215	150	872	226	9	59	105	152
V247	246	72	274	177	658	183	72	11	229	62	480	47	1083	69	483	212	246	732	523	325	89	9	158	349	62	244	377	41	60	419	98	55	161	430	856	104	547	513	112	539	12	166	138	262	200	572	92	349	254	43	199
V248	366	87	7	202	80	99	511	266	63	90	201	95	351	106	431	33	661	288	115	230	281	234	168	219	189	328	16	15	20	155	297	35	47	164	342	406	13	125	76	182	323	56	127	148	382	21	45	124	465	663	303
V249	25	76	75	17	127	605	24	693	57	28	71	59	13	388	510	244	20	25	14	909	375	60	187	118	86	143	374	235	83	191	268	621	1113	89	1281	114	111	47	1179	135	382	280	141	258	159	99	59	354	11	948	50
V250	99	93	192	834	28	207	393	279	28	129	238	105	77	98	495	141	2	10	34	8	160	128	71	10	129	96	481	144	127	42	53	94	157	9	92	125	25	39	218	31	70	66	255	154	68	27	171	7	39	159	105
V251	353	20	107	4	236	54	237	30	7	81	36	73	9	948	252	244	61	276	35	12	17	257	106	69	511	98	117	20	179	74	101	25	733	249	354	76	495	11	3	54	202	133	306	193	181	48	284	331	59	91	270
V252	119	153	7	68	619	160	6	202	10	20	726	20	198	70	562	158	85	0	600	19	67	1	164	60	128	292	24	98	1	885	224	451	1	67	212	51	235	302	75	178	71	361	49	385	177	115	386	35	109	553	142
V253	151	145	238	27	153	88	49	515	80	1265	12	242	8	227	91	115	75	7	46	346	78	301	271	140	1	118	675	86	802	269	168	66	450	169	68	1015	79	157	54	71	28	25	302	155	117	48	429	141	13	51	146
V254	655	106	162	235	55	115	10	83	401	286	202	50	188	182	9	128	141	568	104	35	120	91	333	76	558	255	402	221	34	309	76	48	112	155	52	113	1106	525	122	72	126	373	180	244	92	38	392	9	348	166	500
V255	488	289	30	64	51	133	89	120	512	197	211	614	180	433	49	704	151	129	27	265	715	35	3	557	156	46	602	244	344	801	141	47	162	322	10	127	143	303	355	205	0	283	545	263	112	17	74	94	177	131	396
V256	34	48	321	77	110	54	251	478	1	799	40	30	671	440	77	155	48	28	19	152	167	25	90	327	758	123	78	65	36	133	55	152	447	43	368	253	786	243	121	86	67	25	118	569	3	82	199	89	138	126	54
V257	683	3	187	391	250	242	88	125	8	22	101	72	256	518	37	19	363	32	269	127	38	155	134	242	134	540	281	58	30	53	150	66	143	528	144	161	281	748	555	47	129	31	120	126	47	396	98	76	36	21	488
V258	482	259	125	280	38	115	36	194	22	118	320	100	116	331	24	127	29	81	286	176	261	341	298	570	38	222	10	288	13	0	131	5	38	28	186	2	947	22	286	88	482	233	199	45	149	285	488	21	128	15	406
V259	377	270	129	258	178	30	210	379	566	90	38	8	215	328	51	441	69	110	49	609	338	12	112	270	503	274	88	296	85	98	38	603	56	302	33	167	173	137	223	5	203	167	22	122	28	216	513	41	84	43	345
V260	483	219	857	398	81	32	4	416	9	27	101	9	50	133	180	12	40	520	60	234	278	105	301	209	1	41	36	134	87	101	150	97	83	234	131	29	283	9	304	295	308	214	5	384	73	91	12	120	351	56	419
V261	116	4	52	21	118	78	68	158	461	53	949	119	388	102	459	2	118	39	272	17	581	134	102	299	263	74	110	124	52	148	56	129	51	6	28	512	493	606	447	199	148	34	304	27	326	87	836	209	237	131	97
V262	81	254	317	17	95	57	435	328	141	180	133	8	210	292	90	453	22	40	483	45	134	25	149	365	310	223	373	720	96	50	175	57	172	117	336	484	209	306	362	129	289	169	212	4	23	126	363	99	19	5	140
V263	111	212	33	157	80	110	152	425	277	336	127	246	113	251	334	74	285	90	82	288	35	43	212	193	130	56	162	40	324	6	171	199	9	12	153	34	122	301	673	63	158	205	17	118	515	129	12	71	457	150	140
V264	773	208	656	147	410	60	156	127	53	225	383	103	10	421	639	178	20	147	44	470	258	909	702	275	574	24	641	57	395	17	136	302	148	53	181	335	315	217	65	380	40	2	151	6	132	256	259	5	58	382	644
V265	338	255	149	71	141	29	793	1346	174	23	73	16	9	348	249	253	36	300	70	303	152	94	231	55	114	133	138	13	233	35	37	489	7	13	74	102	113	119	184	212	418	377	640	670	33	59	158	100	169	424	311
V266	357	383	96	255	69	729	204	493	132	75	166	214	86	11	145	72	1083	275	489	77	49	53	24	45	24	552	86	94	369	836	190	389	158	288	61	9	161	45	429	168	489	34	43	189	22	73	249	93	33	204	338
V267	400	36	395	88	149	68	348	45	350	260	154	778	74	360	781	459	408	543	103	73	157	443	53	152	93	88	92	3	486	12	42	251	15	272	108	424	7	3	57	10	420	35	96	214	458	219	150	229	97	57	334
V268	230	37	335	483	131	346	198	29	150	189	362	133	435	61	51	811	451	364	250	118	74	19	119	160	16	281	140	286	161	88	101	466	159	64	329	263	461	29	370	120	172	276	159	32	264	120	188	233	97	293	182
V269	73	291	211	89	176	42	51	47	95	590	354	287	45	239	397	51	49	218	33	43	23	8	226	359	400	163	27	310	153	219	105	872	70	84	1	812	291	20	63	151	324	63	38	39	11	2	106	26	234	614	127
V270	44	107	239	40	243	187	23	226	180	268	18	265	305	1	131	231	291	355	121	206	803	23	469	154	131	58	41	80	30	643	181	257	46	24	150	565	138	351	90	168	28	42	812	13	15	196	232	1302	173	54	62
V271	31	38	409	3	153	367	683	255	200	194	51	304	260	53	631	198	136	501	152	50	127	241	66	167	314	352	91	24	271	320	551	401	700	288	115	399	165	173	87	381	58	84	31	187	22	54	10	198	6	27	48
V272	20	9	190	281	4	255	187	103	171	110	121	157	343	40	104	43	101	143	602	5	166	199	165	138	564	563	163	51	459	10	52	283	123	7	44	62	38	95	213	396	437	296	371	160	2	52	61	166	276	120	31
V273	4	26	59	321	282	79	249	8	148	162	296	48	489	13	6	457	200	78	1	4	263	34	3	127	165	275	263	146	119	373	87	78	55	540	196	27	64	169	433	17	738	25	45	114	321	49	303	188	146	472	29
V274	5	85	32	296	125	312	644	239	75	228	216	46	423	36	28	243	236	389	1026	504	44	73	73	805	155	142	36	74	138	99	429	177	186	392	63	60	56	97	49	176	175	223	70	6	133	224	417	29	21	160	39
V275	299	51	141	169	277	747	135	241	414	234	58	20	299	9	315	6	77	235	141	66	238	330	10	20	944	380	9	955	156	126	20	501	158	141	168	149	199	107	288	160	64	622	47	36	79	67	106	47	6	1	235
V276	234	87	92	59	34	312	143	198	108	80	29	358	131	365	153	30	375	56	137	22	57	407	1	356	93	143	172	298	696	22	203	58	92	88	17	12	49	258	169	31	503	114	70	45	223	109	96	106	142	94	213
V277	714	91	222	179	138	363	493	42	374	167	2	226	53	360	305	972	341	95	40	221	72	169	190	495	59	223	396	142	146	237	477	7	12	82	188	202	153	86	130	862	100	126	166	109	17	76	1090	328	447	242	538
V278	79	88	209	70	1105	373	244	43	256	230	334	61	22	9	179	2141	342	41	125	6	86	114	64	326	337	11	52	2	16	396	59	97	203	62	250	447	49	142	192	984	748	43	43	100	182	304	29	221	293	26	97
V279	283	67	76	51	141	348	60	44	275	31	133	405	391	311	240	32	61	304	327	5	502	57	112	112	182	61	378	124	69	363	400	60	61	238	103	477	19	407	1	142	138	106	22	112	259	107	47	407	633	50	253
V280	376	49	31	70	10	186	123	224	93	42	492	6	90	77	58	164	17	204	126	25	20	517	79	421	101	74	43	144	64	182	101	250	181	339	358	122	8	583	156	342	160	24	107	46	455	31	184	161	65	279	293
V281	144	323	117	203	224	433	110	874	333	25	487	164	234	139	114	185	140	322	268	686	73	31	125	171	394	261	47	486	988	256	10	247	241	245	294	207	29	24	47	18	49	205	24	114	279	153	409	7	262	391	194
V282	15	36	440	373	85	42	5	77	145	92	386	85	10	79	74	331	242	21	184	177	70	74	26	33	159	59	62	17	320	18	172	145	25	292	565	145	96	649	6	182	280	5	457	14	272	28	350	386	101	65	31
V283	132	25	89	68	298	97	61	118	82	233	305	274	13	580	560	71	347	88	31	5	154	472	137	241	222	19	20	363	576	112	52	310	157	16	365	133	293	130	797	484	117	49	96	264	52	12	11	343	76	217	126
V284	180	140	24	323	45	292	176	214	65	7	576	236	19	97	213	101	9	212	577	490	48	80	3	300	411	83	197	19	116	199	28	8	114	46	5	160	55	474	24	233	370	24	40	110	25	112	116	114	30	240	193
V285	175	29	75	253	287	233	4	20	116	577	285	127	72	19	349	41	201	690	282	874	358	71	58	14	161	4	462	42	267	725	128	1	73	46	167	69	151	157	44	134	471	204	64	130	486	182	78	119	47	286	154
V286	184	34	648	352	73	62	129	30	153	47	22	106	128	118	378	445	202	47	122	91	0	201	35	46	75	208	22	268	45	252	163	485	172	421	80	89	72	488	50	12	138	157	93	17	188	85	160	86	461	1	162
V287	51	8	95	167	114	224	82	0	143	57	94	154	88	125	142	577	333	31	182	58	111	43	161	104	220	526	517	31	140	238	70	8	129	428	231	102	225	249	187	33	200	67	92	41	41	26	73	102	4	266	61
V288	107	233	131	86	413	254	277	55	239	65	1	23	157	622	168	220	65	341	215	55	40	44	339	127	57	32	35	633	73	291	496	146	39	10	7	108	74	39	1	407	165	266	565	24	59	49	505	769	247	73	146
V289	84	12	191	189	10	337	271	201	436	54	24	78	603	420	99	50	11	82	84	180	90	39	213	247	286	191	13	451	250	101	672	280	315	287	29	112	1	145	100	69	76	239	74	21	132	41	218	121	6	83	78
V290	15	148	129	19	331	165	43	268	10	6	15	72	175	30	189	566	361	47	555	168	280	358	851	128	6	407	171	580	64	160	154	126	120	119	456	88	39	89	217	94	43	32	81	383	212	16	310	321	42	103	61
V291	3	103	60	230	100	269	110	130	35	290	93	143	509	3	489	18	205	123	103	6	3	81	218	188	172	159	24	385	176	143	33	271	11	196	30	86	37	42	26	72	226	224	57	133	130	325	253	283	360	864	37
V292	7	574	89	319	15	77	503	200	84	18	96	786	35	3	338	117	457	113	324	97	206	177	87	190	6	470	88	11	474	137	130	22	468	101	24	27	45	4	76	284	68	377	100	120	223	23	16	22	126	150	117
V293	17	66	56	119	31	109	32	243	199	592	600	53	156	345	353	23	181	190	622	407	45	418	282	94	136	287	134	208	566	149	86	442	251	728	262	282	540	166	148	49	146	250	10	46	199	3	806	1276	22	919	42
V294	95	213	112	31	882	9	133	175	40	380	366	259	427	112	543	143	879	540	155	6	39	411	249	71	134	4	104	225	44	156	1	51	44	268	178	31	67	247	281	278	320	7	193	63	372	292	185	770	8	141	135
V295	38	113	250	262	197	118	50	333	20	242	327	4	579	81	210	197	121	505	14	175	131	655	344	2	108	68	252	39	366	42	30	2	15	74	244	135	10	246	413	6	340	95	250	607	128	12	108	357	151	128	61
V296	70	204	79	64	205	579	279	201	169	134	85	166	165	63	417	377	93	26	30	290	3	25	68	42	142	421	365	114	359	468	23	197	311	207	139	278	575	165	54	374	306	386	98	19	466	327	193	166	24	960	131
V297	75	183	42	253	1	177	70	93	76	386	177	81	114	452	8	166	54	32	193	1	341	104	73	67	239	318	94	307	212	98	171	20	542	201	92	1417	296	23	351	42	49	64	269	6	753	652	154	544	59	75	107
V298	609	88	377	59	50	188	107	34	258	81	479	136	672	56	191	62	121	206	67	64	116	266	28	125	377	140	229	1	161	10	383	191	9	1	363	131	137	435	30	414	57	150	4	241	349	55	399	70	55	29	484
V299	235	565	131	183	91	91	371	73	12	45	100	162	740	354	240	173	145	143	47	110	60	545	131	87	1002	438	193	61	56	125	243	66	25	396	80	10	100	560	67	107	236	41	425	7	217	2	427	5	33	41	282
V300	120	13	44	271	166	27	162	0	754	5	323	210	144	176	58	120	136	508	117	70	60	131	301	254	41	80	341	48	39	92	34	195	63	258	4	11	15	6	400	32	454	203	114	245	84	181	73	566	183	46	96
V301	39	248	97	142	319	16	0	300	19	791	244	545	73	33	120	573	52	117	105	124	248	24	47	46	186	369	98	165	52	152	236	418	53	177	53	253	153	159	12	111	364	230	381	43	438	275	22	87	186	90	86
V302	70	202	73	493	569	1309	705	129	20	601	759	102	22	58	231	125	7	459	354	137	108	239	470	215	418	410	300	116	96	118	282	427	108	735	45	65	120	582	421	32	56	128	99	7	279	163	28	20	46	423	122
V303	18	8	282	206	147	145	326	270	38	76	354	52	71	328	7	15	8	62	76	51	138	43	545	9	51	198	5	55	176	104	1011	402	12	279	340	4	138	67	48	142	221	5	257	203	532	160	133	225	30	33	25
V304	10	181	511	32	240	389	170	1470	413	59	83	115	126	128	180	529	3	21	114	374	489	397	134	56	192	924	176	335	112	19	114	181	79	495	366	78	399	15	11	964	53	41	198	234	179	0	40	135	182	174	63
V305	41	130	650	42	211	44	361	692	99	131	221	25	109	98	223	782	75	13	94	50	54	4	13	114	341	67	152	263	90	74	473	18	11	49	233	80	16	132	923	28	240	64	583	284	154	8	295	22	160	448	70
V306	10	105	1497	50	105	4	176	305	130	32	4	173	235	35	58	40	248	275	22	53	113	44	70	60	164	18	421	265	106	432	574	65	201	1	26	210	214	8	897	42	64	142	431	62	488	71	142	120	635	140	47
V307	378	1056	225	6	9	448	86	226	45	481	103	17	38	7	65	421	223	457	322	10	89	448	229	87	289	183	2	151	36	52	262	0	71	202	26	376	30	282	49	17	114	198	83	188	536	137	268	500	755	297	481
V308	623	349	119	486	147	59	480	71	126	133	115	36	535	14	292	84	159	149	125	426	203	650	11	21	6	122	230	349	191	127	577	112	189	34	307	24	65	246	141	177	92	339	255	361	913	202	192	55	37	358	488
V309	92	151	0	107	87	137	10	132	340	234	14	236	233	405	171	35	217	104	8	269	135	120	33	16	3	14	203	2	730	288	184	31	419	277	11	85	292	159	269	331	201	60	309	202	220	355	74	63	109	279	108
V310	65	275	20	100	593	462	342	52	56	158	307	205	110	16	127	171	225	257	803	147	55	112	336	197	29	348	69	21	234	377	107	53	127	263	617	548	5	489	30	12	78	400	496	183	230	341	21	150	229	6	122
V311	46	560	136	577	418	82	26	0	112	11	470	133	91	79	185	655	68	387	240	115	325	202	11	49	9	217	249	30	102	152	705	415	90	275	4	371	27	84	282	184	394	21	193	115	26	233	16	291	825	243	158
V312	135	23	216	40	339	280	721	33	34	179	2	62	77	117	21	499	1100	412	517	42	116	443	568	3	849	254	10	90	14	100	236	5	126	106	69	301	552	842	155	6	217	557	392	740	267	104	210	49	220	302	135
V313	48	873	514	126	229	62	28	130	172	131	39	69	721	159	9	244	54	45	52	1	414	4	277	325	518	80	124	77	15	91	149	353	163	143	260	21	146	263	17	738	430	207	126	413	424	76	142	12	31	168	212
V314	199	399	166	60	211	165	218	647	1437	37	126	835	185	180	302	58	154	221	9	104	585	212	74	700	179	53	52	63	94	120	190	87	39	573	23	291	112	280	327	35	207	553	85	110	217	133	114	131	30	69	242
V315	5	230	392	141	31	317	113	21	32	267	600	446	812	104	27	150	55	146	9	36	52	230	93	22	59	272	706	125	524	68	109	57	114	170	57	49	141	107	103	95	142	54	17	212	5	21	173	9	93	714	63
V316	6	276	292	440	8	137	27	74	9	186	245	199	41	11	289	3	142	299	278	271	478	94	86	14	6	207	4	27	28	558	214	13	143	200	473	147	48	26	400	634	212	671	70	319	18	294	213	142	653	154	81
V317	464	51	6	31	35	733	2	156	53	0	238	34	709	76	20	670	17	224	847	125	173	498	32	51	554	51	195	159	282	67	540	239	125	552	18	67	307	0	15	49	294	0	382	1	25	141	54	314	439	19	385
V318	44	168	105	27	46	882	60	334	19	147	486	216	4	549	386	424	39	148	200	21	206	67	802	419	61	64	286	102	990	93	146	118	54	452	237	324	164	573	56	238	222	24	215	1	175	72	82	389	6	6	93
V319	56	147	295	221	63	37	250	16	54	35	7	693	96	127	10	53	162	323	252	356	372	106	3	645	293	87	256	22	54	7	59	263	72	296	12	562	416	170	348	160	23	568	101	16	59	564	212	239	263	545	88
V320	228	51	176	82	229	551	76	106	71	10	22	174	56	188	338	177	15	613	380	64	287	66	1023	362	105	188	92	354	191	56	227	300	216	586	93	239	233	13	15	672	220	111	82	105	56	238	111	39	78	420	182
V321	353	125	72	42	89	11	60	5	307	465	175	205	112	833	674	236	22	72	152	46	654	8	272	41	10	59	22	44	217	428	32	21	370	169	27	99	391	210	160	90	71	29	41	8	223	148	3	256	272	9	315
V322	344	418	8	244	92	483	114	25	66	51	360	240	209	38	61	343	12	1013	231	240	91	553	64	144	105	255	151	60	109	124	952	183	158	181	548	210	315	63	98	108	324	1	328	29	95	21	177	521	475	11	339
V323	211	7	0	197	282	35	122	183	8	110	155	241	286	103	226	7	55	46	375	166	112	61	611	183	313	228	75	39	149	139	134	25	130	57	363	21	506	61	60	390	301	195	96	327	15	31	2	291	1148	7	162
V324	41	84	5	2	10	321	83	206	246	231	191	69	150	349	31	99	18	855	387	596	603	49	18	14	57	103	443	375	154	26	266	190	584	110	19	19	206	143	515	452	227	289	111	113	732	197	3	127	588	100	78
V325	279	142	302	97	198	29	258	293	128	812	436	20	68	119	112	80	354	22	289	15	136	273	122	1	174	14	6	220	317	310	38	21	340	182	86	142	197	53	79	260	242	45	5	31	157	74	394	423	15	34	234
V326	33	6	252	150	6	67	166	78	69	170	178	77	69	48	162	35	300	95	828	126	90	10	31	79	204	638	158	640	122	19	366	111	145	55	402	189	102	63	329	154	772	282	255	177	164	241	5	220	76	425	38
V327	67	313	4	572	115	138	41	34	449	45	41	132	157	549	258	9	84	6	173	197	200	168	107	93	49	171	19	1143	482	10	1524	44	272	81	688	13	0	176	208	48	105	851	790	397	80	300	92	297	124	16	150
V328	60	5	42	613	19	94	390	211	381	61	89	77	277	268	450	5	23	730	249	161	135	45	510	392	43	177	610	598	292	452	568	54	123	84	23	71	40	40	179	221	282	15	289	102	34	736	17	115	35	228	78
V329	170	170	7	6	19	248	51	353	93	10	27	108	150	250	106	172	147	224	241	157	4	27	307	16	94	914	162	75	42	281	75	218	59	153	38	501	20	74	7	654	91	120	185	470	176	35	18	139	279	74	166
V330	26	312	610	379	36	373	257	52	37	295	420	69	482	96	114	81	5	176	235	372	404	40	110	644	124	13	653	90	487	393	39	27	250	182	170	109	41	355	146	206	223	22	148	54	3	16	303	398	242	289	88
V331	338	64	516	178	223	267	50	248	87	41	217	129	369	369	355	185	507	89	666	150	290	190	237	289	128	409	84	2	61	302	46	32	51	30	190	59	139	382	30	188	20	651	1	666	129	77	187	74	26	257	308
V332	183	81	676	295	48	69	105	92	92	124	351	367	19	546	391	324	312	512	30	116	152	158	112	356	73	869	313	6	118	113	428	59	56	93	74	120	39	133	22	10	83	49	280	748	308	222	236	22	343	96	182
V333	206	51	187	137	1023	1126	2	39	399	111	143	244	11	199	62	222	110	99	38	1018	36	162	95	79	565	145	73	306	10	184	69	106	24	30	56	36	138	237	10	383	27	1	160	147	323	137	168	71	504	20	183
V334	116	57	50	52	281	289	546	176	193	137	265	206	15	48	352	117	258	115	121	3	55	135	459	373	412	153	528	50	3	122	1	102	177	37	144	569	150	0	131	12	63	109	894	219	652	135	507	320	65	27	121
V335	20	54	70	71	460	233	772	141	109	124	286	246	171	48	94	6	152	220	53	190	85	155	269	100	23	202	279	93	29	51	73	27	42	59	54	609	88	179	284	271	245	482	312	80	9	70	171	563	193	161	48
V336	70	130	117	22	65	285	209	9	436	90	4	657	1	2	46	127	245	297	207	3	223	79	108	108	415	138	1058	50	43	202	240	81	218	234	11	342	18	0	145	59	4	56	506	401	169	98	215	18	632	85	93
V337	130	122	156	17	281	167	69	812	205	80	167	59	119	520	56	7	324	653	308	42	246	408	17	378	265	52	280	151	34	526	101	96	39	400	109	729	370	350	303	49	36	139	117	75	12	63	140	102	96	384	137
V338	104	68	1271	138	717	319	137	45	529	106	182	50	21	614	24	1057	541	290	77	810	8	106	193	6	179	15	106	75	561	241	540	0	362	204	143	176	3	37	500	226	18	200	210	27	12	509	225	323	143	116	120
V339	58	26	71	36	72	151	67	440	24	55	47	211	150	112	82	84	129	849	876	126	423	158	540	412	99	156	43	174	9	51	147	8	86	5	370	246	186	188	8	25	133	78	49	90	38	290	107	76	98	115	55
V340	93	31	319	159	23	133	393	2	51	285	11	578	37	794	196	143	148	112	214	164	110	6	161	124	335	197	6	58	275	302	26	6	155	324	91	172	29	162	89	29	758	385	102	151	119	245	664	75	38	131	101
V341	51	14	21	69	51	198	38	257	106	240	11	334	125	194	95	22	533	459	275	81	14	18	39	54	91	47	143	108	55	38	295	92	20	446	178	15	447	48	729	447	129	265	192	73	968	126	26	463	50	22	63
V342	489	12	263	46	84	32	124	205	50	63	41	251	885	52	333	149	284	40	607	549	265	640	101	187	25	23	218	136	194	16	42	11	84	187	30	395	582	223	83	57	63	36	42	43	158	62	83	11	47	141	354
V343	244	17	169	19	257	116	151	430	224	717	220	276	163	24	54	425	176	99	226	40	420	350	198	350	13	592	178	113	267	222	11	65	508	58	68	301	40	284	239	39	799	51	62	85	279	301	162	232	912	51	217
V344	226	430	26	95	146	425	201	17	306	42	163	190	5	89	53	254	181	149	132	320	572	343	112	369	27	49	286	1	417	24	285	202	163	332	50	527	238	430	20	66	31	246	106	53	38	510	88	129	82	39	265
V345	96	494	123	306	328	290	107	187	33	113	362	95	29	76	86	362	15	199	87	427	161	269	327	233	388	126	346	485	158	390	36	124	492	289	210	27	19	36	933	253	306	23	8	93	645	928	105	136	151	163	203
V346	59	89	80	84	101	182	136	134	241	216	338	97	9	11	79	13	32	84	87	236	39	459	63	318	221	36	195	19	133	73	240	256	195	408	112	148	356	11	416	478	371	20	376	143	16	45	1	50	57	177	74
V347	261	342	90	37	699	79	163	229	34	473	7	43	5	1	144	54	58	397	54	195	163	138	40	98	110	397	49	48	386	26	165	230	136	118	246	169	102	254	771	107	269	139	10	81	176	203	452	48	476	155	243
V348	103	395	116	254	260	152	147	98	204	162	313	93	136	158	33	402	142	378	403	1	148	465	3	142	31	139	279	222	106	184	83	160	162	101	135	491	72	26	204	275	125	52	203	269	205	355	15	277	151	133	157
V349	205	2	137	48	65	394	80	63	85	567	72	5	171	9	101	182	58	155	129	90	8	89	196	38	163	153	24	21	567	193	340	338	289	187	108	52	100	129	396	27	160	188	819	184	71	150	505	117	106	169	149
V350	208	404	408	131	308	28	136	296	390	15	56	77	367	23	415	24	43	387	148	673	200	64	232	5	56	333	231	178	1	596	4	50	541	243	300	332	358	184	137	212	90	55	27	245	108	121	9	467	718	211	242
V351	71	2	100	138	18	254	9	0	541	307	38	0	398	323	54	81	62	145	440	566	12	210	18	55	81	71	57	180	76	406	181	239	273	17	41	356	41	21	61	237	25	32	159	53	581	178	7	474	211	533	68
V352	235	45	254	378	121	49	113	329	309	115	6	772	23	184	200	308	82	95	196	356	31	18	9	34	220	139	493	101	217	95	124	276	96	409	324	7	6	188	112	5	34	6	158	258	351	73	16	150	84	678	186
V353	319	71	731	26	53	208	84	136	404	20	193	172	28	175	14	145	160	65	163	346	70	230	367	564	98	26	235	536	81	83	35	86	387	719	234	11	55	72	87	364	59	105	97	92	59	83	76	99	79	42	271
V354	86	12	433	17	307	46	194	264	122	32	291	280	233	503	231	128	140	607	70	38	74	188	579	287	18	39	46	714	155	271	411	132	1	147	221	48	468	226	21	51	251	123	273	362	300	110	29	59	230	482	88
V355	320	193	129	1	45	13	179	373	28	135	69	21	540	330	199	109	218	366	197	314	53	85	264	561	326	177	19	660	119	124	12	10	152	357	196	283	28	34	31	616	479	418	614	13	79	290	39	25	458	297	306
V356	225	147	22	66	20	186	216	166	14	470	42	114	311	239	57	250	251	37	51	34	63	72	28	83	116	5	89	14	387	1	258	320	24	10	174	230	499	172	187	641	115	138	2	78	409	1037	204	71	73	210	191
V357	39	28	157	145	116	735	49	141	8	94	410	116	13	339	83	119	78	86	77	90	30	333	116	163	217	83	935	95	49	88	155	1	134	112	267	185	53	178	179	216	134	34	148	85	343	53	104	44	246	198	62
V358	27	5	171	226	118	247	331	62	32	1022	0	247	306	542	275	9	586	185	104	52	24	373	384	21	405	58	67	38	165	280	13	23	635	25	128	137	201	23	835	153	121	80	346	71	491	203	9	194	152	32	39
V359	406	118	63	314	88	297	224	24	344	32	176	19	307	183	231	222	126	53	31	64	132	195	135	273	127	29	687	109	389	26	85	6	11	133	379	160	117	16	390	227	270	85	241	154	565	10	31	47	27	15	334
V360	238	499	19	192	74	45	194	139	152	404	18	40	621	25	487	13	268	179	313	18	91	28	302	75	24	368	13	136	318	53	149	26	486	432	206	67	550	249	120	68	309	71	182	271	120	152	40	54	373	68	264
V361	118	193	13	1048	276	359	701	97	55	44	189	466	230	100	202	48	349	463	306	69	137	168	40	57	72	253	50	121	212	136	7	135	12	250	0	108	177	263	59	84	19	422	10	116	9	201	118	189	22	68	151
V362	1014	10	8	68	31	59	63	110	84	1	193	230	70	104	109	168	402	636	27	227	25	41	262	882	55	384	312	97	265	384	294	95	154	314	297	250	60	218	75	243	101	18	76	91	85	228	336	237	80	167	730
V363	352	161	609	322	482	241	79	1009	399	81	29	132	134	202	155	287	5	175	294	145	16	8	388	75	165	182	50	4	170	580	117	793	549	324	109	153	130	400	13	36	19	290	224	454	265	196	26	150	475	533	317
V364	408	117	30	14	6	523	460	18	218	228	82	193	7	40	39	149	451	35	62	83	38	38	62	222	83	325	275	55	85	129	220	31	32	195	131	74	352	298	98	203	456	103	285	592	16	41	180	168	78	656	346
V365	231	51	163	139	424	267	65	310	537	339	233	151	80	167	414	171	410	102	404	465	114	447	312	365	370	11	281	289	96	354	0	8	243	124	517	208	87	281	551	79	333	161	234	127	45	87	179	201	34	7	227
V366	174	251	95	225	36	48	79	488	296	108	305	1185	35	428	212	166	251	147	232	28	276	57	518	93	279	0	84	151	205	455	59	297	424	173	508	1018	294	89	21	285	60	62	59	9	204	171	790	189	607	1037	204
V367	138	58	145	90	14	204	228	8	0	120	447	80	219	140	16	2	201	9	203	14	123	249	206	386	231	155	114	121	17	500	53	893	289	379	22	101	189	211	305	172	124	65	79	23	179	1	20	115	320	73	129
V368	87	9	304	67	0	24	198	78	19	478	107	173	102	224	185	146	384	36	192	446	88	115	326	7	137	139	309	191	253	81	126	15	164	55	16	296	406	20	4	320	21	1	168	80	133	169	114	202	1047	39	96
V369	777	403	255	24	242	79	218	330	1115	13	272	418	363	267	790	28	928	298	682	560	137	351	177	34	289	1234	105	741	72	33	182	188	13	140	397	257	31	159	258	88	78	37	62	13	167	244	127	84	64	298	694
V370	9	199	348	374	542	257	262	443	117	19	234	85	360	24	123	519	43	396	418	516	287	3	33	175	272	455	173	2	310	142	3	213	119	134	83	126	80	322	374	202	369	128	165	59	131	258	95	9	12	336	63
V371	111	149	42	40	177	81	252	50	215	72	32	210	32	188	47	14	131	150	57	78	132	75	254	70	217	174	71	438	228	119	292	13	61	346	25	308	331	54	394	158	233	82	276	238	177	3	223	3	616	119	124
V372	134	240	528	216	2	133	98	71	99	42	128	18	62	52	7	203	69	60	365	23	53	60	731	429	130	54	355	98	42	418	270	124	158	119	47	274	165	35	68	682	2	109	419	109	277	99	197	61	432	144	160
V373	28	298	403	963	15	206	18	43	232	233	19	181	8	52	392	895	294	60	102	207	545	771	9	165	88	72	376	11	677	641	230	19	532	195	27	0	277	360	27	27	160	68	154	367	15	120	150	407	73	130	114
V374	117	148	157	168	348	20	152	191	139	6	92	9	148	23	219	22	124	253	179	107	60	192	64	10	197	331	192	15	8	41	525	128	6	125	235	149	66	267	176	156	207	68	410	156	68	135	181	127	61	681	128
V375	143	193	173	396	154	412	12	35	165	95	368	463	218	27	335	676	87	47	185	38	1339	26	157	51	243	275	231	5	26	406	175	47	370	136	120	9	340	112	1093	451	59	392	87	928	184	312	37	148	185	28	186
V376	233	529	19	28	118	34	99	148	23	244	243	64	75	248	199	240	19	343	55	130	319	77	232	122	25	144	836	231	209	91	126	305	667	223	22	139	423	462	141	124	28	326	63	438	146	42	187	42	4	2	269
V377	252	97	128	79	81	451	25	9	114	88	235	54	154	36	282	643	72	158	231	240	147	173	9	134	230	348	36	44	125	97	274	36	16	155	116	32	15	38	31	356	157	33	65	615	204	309	773	18	572	509	193
V378	39	60	259	151	241	216	194	237	359	32	538	136	104	70	244	175	9	16	7	419	307	315	397	66	55	223	54	61	152	382	378	329	260	163	165	45	468	156	85	34	428	25	123	142	372	86	48	26	578	281	50
V379	29	505	349	163	17	871	305	47	92	240	251	124	46	519	435	257	55	18	43	17	361	76	668	7	56	15	123	35	176	22	170	70	496	159	344	222	129	141	13	169	203	117	1	40	318	26	110	344	21	103	128
V380	37	169	9	110	32	38	521	55	101	338	164	942	51	357	362	61	106	54	276	63	126	255	195	32	299	64	177	99	113	171	229	200	459	59	19	107	53	242	54	94	34	567	97	247	98	246	37	302	206	35	64
V381	229	7	115	306	220	90	119	127	176	8	59	472	1005	29	20	33	163	32	199	80	1	61	180	350	236	719	387	674	307	252	4	300	574	264	80	60	61	112	55	425	36	261	3	127	204	722	335	347	185	46	184
V382	139	37	429	161	106	163	61	255	143	293	480	18	14	331	116	215	106	83	140	191	209	156	144	19	24	34	212	765	146	8	121	97	5	673	1	368	169	205	22	131	143	1	509	291	427	344	102	18	336	180	140
V383	442	2	68	297	86	456	37	204	196	115	173	4	56	363	167	2	16	126	217	74	734	334	84	33	16	151	182	238	441	79	483	275	28	163	57	428	221	166	119	141	253	8	63	1323	262	49	838	156	468	37	375
V384	43	145	37	108	221	169	126	29	170	893	440	258	42	204	115	854	137	270	49	373	173	182	525	297	524	392	25	138	121	611	14	169	52	401	28	460	481	245	256	96	171	101	612	1	45	110	40	20	26	68	93
V385	231	516	313	3	41	127	121	287	269	31	32	377	322	34	497	160	652	348	75	41	499	99	95	418	78	99	647	35	180	84	15	69	112	41	76	21	135	70	420	29	56	361	77	40	310	277	78	67	525	24	249
V386	152	73	401	521	100	58	98	13	31	299	24	196	237	89	421	315	14	171	81	74	357	852	309	39	450	602	5	343	66	112	296	308	20	144	161	157	40	98	848	230	27	34	1049	239	425	80	262	134	293	79	155
V387	57	26	86	312	106	328	134	91	7	7	119	28	361	123	6	74	469	95	78	403	64	38	412	135	23	50	18	74	83	61	525	81	636	43	10	125	630	37	163	102	117	4	438	410	501	26	102	38	141	61	61
V388	1077	492	866	292	227	628	1120	664	580	2	104	278	42	129	320	143	25	285	151	42	127	180	62	53	78	73	60	36	265	181	10	101	334	76	21	174	128	154	224	130	417	10	226	340	208	112	141	584	27	245	869
V389	101	165	259	76	417	39	56	325	41	68	8	237	71	31	120	64	159	78	299	61	15	312	50	454	169	164	155	61	46	76	86	201	312	526	208	106	20	503	393	506	274	46	108	150	95	429	73	19	116	698	127
V390	221	5	1	217	47	240	193	24	95	726	106	27	434	319	42	149	632	114	207	154	134	47	79	7	127	224	199	330	343	270	224	9	27	38	46	43	53	0	49	237	4	18	336	359	4	346	138	225	252	292	164
V391	33	257	195	174	188	35	862	67	670	218	498	10	31	192	105	950	279	368	103	246	169	399	161	732	105	114	88	203	504	43	64	592	199	666	75	310	9	172	271	193	294	393	11	95	184	1	68	442	376	82	76
V392	468	0	28	83	134	147	119	92	12	173	339	417	67	127	82	15	330	26	84	82	22	350	110	38	49	190	171	20	718	61	89	113	133	62	0	649	209	16	224	84	614	246	18	81	4	21	358	2	317	128	278
V393	184	657	1	605	54	25	122	361	208	28	89	214	143	10	22	184	18	5	54	94	17	115	57	192	501	262	767	13	252	238	791	94	25	20	22	86	1	419	90	91	84	96	36	609	40	218	65	184	106	283	269
V394	95	19	635	412	58	110	5	1006	46	91	248	82	148	196	184	425	10	665	121	101	130	166	369	181	293	101	17	758	139	180	81	243	430	1005	31	108	176	64	29	30	291	3	668	163	31	67	36	344	15	205	100
V395	350	108	726	272	60	115	31	100	213	361	554	174	259	109	222	478	51	63	360	51	498	37	106	68	56	288	14	148	535	240	811	698	257	44	254	1	13	42	156	107	550	83	17	339	7	13	174	173	48	11	292
V396	352	81	157	67	29	836	172	253	134	280	77	504	21	113	17	155	580	304	78	366	9	41	29	59	585	230	5	78	58	192	38	142	193	278	146	665	231	656	353	594	34	54	1089	188	101	216	101	429	577	466	277
V397	62	60	240	133	634	353	125	16	135	14	20	65	42	744	511	257	236	9	67	433	114	32	364	38	40	16	618	219	598	6	15	65	246	16	70	122	264	214	164	31	42	134	139	493	14	644	110	107	358	270	76
V398	464	26	285	474	227	218	234	27	42	140	98	701	261	369	486	41	294	98	52	153	164	223	256	468	182	152	58	64	278	73	244	307	7	512	243	280	104	27	253	95	34	74	102	754	260	52	429	601	18	57	344
V399	66	946	33	31	15	121	87	88	173	58	44	693	118	353	93	23	26	159	255	469	1020	408	595	321	49	277	207	135	24	192	257	51	561	194	285	50	6	40	306	47	208	147	219	43	17	297	42	317	105	181	253
V400	23	11	64	161	558	53	463	23	139	496	9	644	128	206	223	237	159	1	258	201	655	258	72	9	595	249	44	174	131	40	53	608	21	375	196	272	124	40	136	487	170	314	379	73	55	65	459	301	84	195	33
V401	44	15	97	311	470	159	181	11	240	491	100	256	387	26	226	241	113	273	73	206	63	165	81	310	60	98	184	201	12	147	783	142	123	248	31	78	367	185	388	127	101	272	237	113	103	95	294	87	130	99	51
V402	44	123	334	335	7	115	587	76	162	271	19	14	45	63	5	251	854	67	215	6	143	35	69	77	894	104	201	501	212	343	3	45	29	194	8	379	14	297	143	29	105	163	252	47	144	173	227	59	430	265	72
V403	109	110	665	20	337	395	48	425	211	76	125	272	106	405	103	28	12	14	11	151	270	514	319	114	118	324	58	319	588	298	283	39	616	24	41	414	26	41	123	1	1199	467	123	47	408	161	39	39	262	245	138
V404	127	103	79	886	86	241	373	219	302	429	218	147	42	433	71	151	169	150	272	38	104	98	209	228	827	34	84	29	101	37	20	567	233	217	475	185	166	433	233	66	94	11	472	23	90	72	329	28	491	195	157
V405	446	89	99	271	102	42	176	225	73	737	179	81	71	149	371	517	10	240	44	87	25	36	11	445	134	267	115	368	89	57	109	45	73	129	38	146	131	6	4	70	193	2	391	49	54	557	40	585	32	343	339
V406	351	188	0	84	332	380	244	268	88	114	56	170	38	130	10	105	350	61	59	2	25	64	20	27	86	88	19	30	85	242	165	6	579	160	136	362	243	12	334	48	694	138	129	574	42	119	143	351	27	138	297
V407	454	194	45	198	40	214	452	113	1	98	644	130	60	62	497	67	606	208	50	12	453	9	44	494	422	9	163	258	80	609	308	48	179	64	519	383	663	122	86	319	90	261	83	19	76	25	39	306	13	19	388
V408	463	216	47	30	307	327	445	563	10	278	12	165	133	113	185	158	744	287	1	96	572	245	143	41	424	135	39	261	378	56	184	7	60	4	29	33	81	228	169	35	32	19	311	9	79	157	282	39	103	8	411
V409	121	344	62	363	30	49	953	179	245	434	201	34	251	479	510	26	327	393	169	27	289	254	142	32	45	122	275	335	16	391	196	29	41	173	256	191	207	1	514	431	165	87	20	71	176	472	456	71	688	235	166
V410	20	61	215	290	67	123	66	55	145	2	48	43	472	203	322	169	3	174	136	123	159	202	360	677	175	19	75	184	48	117	469	82	149	11	172	89	20	108	16	831	412	49	13	23	141	91	36	189	58	401	37
V411	114	52	68	95	258	121	131	3	290	51	689	28	568	106	6	105	221	17	189	277	500	7	45	48	388	116	391	151	276	87	315	191	211	10	405	418	149	283	244	329	275	776	100	140	33	76	140	202	291	169	93
V412	143	133	632	39	112	127	119	286	56	659	139	61	413	237	415	46	499	376	104	235	205	11	829	425	38	241	15	237	193	181	27	90	5	124	87	216	151	117	329	86	593	211	377	93	53	468	353	7	193	170	141
V413	342	189	276	36	89	367	51	309	8	39	159	194	83	410	68	115	58	93	228	20	72	197	163	10	58	230	53	296	30	256	40	568	37	197	429	36	49	126	117	67	101	928	132	16	72	7	181	66	2	45	286
V414	271	50	99	614	244	161	16	478	238	70	56	335	200	89	141	275	406	60	105	145	211	65	374	235	2	47	987	550	396	704	13	271	8	173	449	148	64	74	461	175	364	188	482	172	159	311	466	118	0	58	229
V415	237	559	577	234	75	75	177	101	119	348	22	15	75	16	356	248	90	142	94	77	22	114	364	153	154	56	299	33	87	201	69	262	175	135	262	175	293	70	151	68	71	291	103	104	144	61	398	1092	75	39	274
V416	74	237	69	375	136	485	206	221	61	162	143	3	48	142	403	114	260	70	230	771	136	158	625	12	198	1099	68	601	39	10	6	248	18	387	108	214	960	21	93	381	287	101	146	47	198	112	260	486	152	439	139
V417	157	196	265	601	45	10	423	109	0	53	101	573	695	296	1144	259	35	739	38	110	64	21	74	6	30	31	452	149	5	68	118	189	391	24	474	489	449	362	430	31	28	574	121	453	72	60	177	59	75	382	199
V418	162	159	88	399	139	33	364	62	516	26	248	17	64	122	111	35	162	60	464	522	200	19	221	746	271	520	48	131	13	113	236	204	130	35	13	64	137	771	206	102	136	185	318	655	296	263	88	201	318	119	167
V419	308	626	282	46	209	585	473	148	290	77	141	73	427	79	263	267	40	126	526	120	33	42	585	453	440	309	47	130	102	328	131	42	113	371	35	12	125	557	36	203	6	111	127	0	843	223	270	49	258	167	332
V420	622	250	392	4	228	526	181	372	0	163	203	134	111	239	194	360	204	237	341	191	62	151	396	47	28	282	37	166	117	203	312	31	788	11	75	46	369	218	30	148	166	103	446	387	16	172	66	121	123	140	473
V421	705	237	97	101	258	321	23	208	85	166	57	77	127	35	61	202	242	286	176	103	824	234	85	160	338	914	27	132	544	26	131	162	278	256	2	223	12	65	184	96	449	117	130	3	183	268	84	326	393	928	547
V422	233	95	195	19	184	5	107	560	133	398	111	152	132	427	576	57	98	65	1	194	27	11	177	263	191	24	126	207	35	204	123	56	291	174	59	176	400	62	101	579	39	593	1	72	301	868	256	179	191	333	218
V423	33	125	65	194	27	319	150	2	88	225	316	91	167	24	10	100	96	92	122	47	70	111	130	100	189	213	188	83	80	299	29	101	71	221	66	303	43	383	56	167	124	105	143	111	47	38	641	100	302	624	65
V424	354	85	35	133	25	56	3	136	273	32	122	27	328	210	77	12	80	709	268	0	72	10	111	283	759	188	185	519	223	575	1	318	34	6	105	1057	32	166	209	9	254	29	11	72	125	35	106	20	20	356	258
V425	0	195	418	31	439	214	354	111	214	126	168	84	134	54	413	22	235	7	189	70	25	579	595	52	222	188	662	28	414	230	75	323	69	79	389	71	24	231	62	158	1	57	4	124	114	66	557	39	14	197	40
V426	66	158	337	10	649	69	367	156	35	76	99	419	23	57	167	39	94	74	253	536	527	24	79	319	189	768	674	30	142	21	328	15	202	261	294	88	143	28	484	152	327	150	27	60	167	135	779	18	219	322	93
V427	0	91	45	11	20	101	873	14	100	115	4	312	116	36	89	83	51	148	612	27	113	373	213	362	3	93	31	73	434	433	12	220	145	45	375	91	37	300	35	18	14	413	543	54	68	779	29	277	6	4	35
V428	168	338	223	218	140	61	16	201	25	21	0	79	138	152	141	193	305	236	116	377	88	468	96	226	542	268	22	27	154	102	14	19	22	166	392	281	74	197	91	124	82	524	37	131	221	187	281	156	73	191	194
V429	30	466	45	76	370	1038	69	79	372	157	122	615	360	54	34	68	359	27	189	11	29	140	118	27	580	6	86	371	24	100	68	646	115	44	115	35	155	202	66	43	93	125	207	181	446	37	43	37	4	117	112
V430	46	135	311	16	515	86	487	22	58	264	218	47	108	16	443	211	235	235	217	60	1085	142	492	21	475	40	166	146	37	447	388	32	80	213	140	744	702	72	33	73	318	21	546	59	121	155	583	110	157	21	86
V431	200	9	22	184	301	404	712	77	82	288	338	42	9	347	296	230	143	14	177	211	110	50	255	127	26	22	185	18	40	438	61	112	45	391	546	470	4	44	84	120	244	698	49	389	171	622	231	3	122	107	155
V432	214	263	271	72	23	74	221	805	272	15	12	665	70	1544	214	351	15	23	4	148	64	688	452	642	153	11	49	61	55	78	213	336	142	10	138	102	3	215	321	556	181	252	75	306	174	340	101	15	5	63	231
V433	137	82	79	36	192	326	139	23	303	137	67	264	174	80	65	321	46	139	100	84	95	135	231	196	38	251	477	144	294	452	242	343	133	105	92	94	23	344	286	347	47	45	633	583	144	88	1	316	12	42	129
V434	177	230	90	6	171	161	162	89	47	175	554	880	196	310	83	190	185	33	489	672	13	49	143	124	611	187	412	306	199	1	56	362	335	546	35	105	146	67	230	78	27	48	107	82	51	28	45	201	333	102	197
V435	92	113	475	399	240	207	77	20	168	144	81	33	393	93	231	389	513	213	69	386	156	67	228	50	270	114	24	276	127	286	273	142	29	474	439	496	427	235	67	1180	228	64	191	101	97	553	1	70	344	344	110
V436	202	98	166	123	75	14	276	137	476	659	29	16	255	43	183	383	477	60	437	367	71	303	76	37	325	308	116	88	1	22	34	48	40	50	211	433	86	7	311	516	168	66	4	199	39	448	17	37	617	44	164
V437	39	228	50	27	19	7	212	99	170	121	118	317	72	335	175	616	82	48	40	408	33	103	188	60	264	22	100	310	44	180	57	15	428	1	218	558	203	56	205	276	912	347	47	23	44	58	256	500	165	155	77
V438	37	48	178	37	54	31	99	110	276	310	477	281	74	315	238	151	70	20	101	150	184	91	59	186	103	323	78	289	432	6	350	239	392	116	567	78	159	77	117	76	345	124	639	296	71	14	242	1	204	283	56
V439	214	45	504	62	883	30	179	0	82	125	333	240	55	906	282	256	184	18	102	91	173	279	11	113	85	228	97	222	9	678	118	376	209	347	208	66	159	797	37	231	124	238	100	107	65	197	64	152	47	35	165
V440	45	371	2	135	236	409	14	45	51	447	56	182	168	186	114	499	254	131	372	359	36	174	197	255	274	5	77	371	567	52	19	171	95	431	136	166	313	248	195	132	29	195	260	644	48	40	123	4	134	21	125
V441	395	164	93	46	174	60	425	301	58	297	150	150	5	219	357	575	263	58	57	77	1067	554	305	134	117	44	22	6	294	34	481	135	316	95	82	768	54	56	530	322	719	190	88	518	180	383	38	544	142	60	339
V442	204	87	50	113	185	364	33	1	466	147	55	302	7	162	446	9	147	101	207	236	84	895	157	228	109	3	0	102	52	473	464	387	1171	178	286	565	3	4	121	218	222	415	947	357	85	14	20	1	68	9	192
V443	117	60	182	587	35	329	153	222	56	306	36	264	127	96	330	39	260	37	617	598	218	552	95	1	161	143	115	124	211	4	77	39	244	542	96	451	54	198	82	84	150	63	144	16	400	69	287	265	26	3	107
V444	31	155	155	66	1062	250	557	158	417	132	340	142	89	61	75	223	316	101	82	70	323	200	391	138	141	154	112	137	108	11	40	218	102	658	717	258	231	287	70	347	136	45	182	40	13	62	141	132	785	306	66
V445	53	1	183	51	43	28	39	132	403	46	48	312	68	157	25	136	977	135	20	91	15	152	50	38	887	189	514	27	5	1769	8	311	822	372	7	39	9	11	612	39	9	30	226	121	83	29	252	385	862	176	58
V446	34	253	111	196	155	288	224	97	270	21	48	329	74	263	75	152	63	249	12	43	56	23	103	90	163	238	154	11	1300	26	338	153	154	76	714	256	65	97	105	419	226	156	195	78	280	134	476	51	375	25	78
V447	229	193	335	475	108	76	310	326	75	135	96	50	2	109	285	141	431	24	27	171	20	140	404	102	106	462	10	47	500	68	137	44	42	490	421	33	274	16	275	564	119	244	225	80	42	577	385	684	177	36	225
V448	208	29	162	121	157	54	152	107	122	101	672	18	122	40	146	833	207	144	215	16	7	48	148	49	41	186	0	54	23	31	458	245	503	42	555	231	882	190	421	315	335	27	544	111	101	219	225	139	370	9	154
V449	211	593	242	17	671	121	16	21	16	176	39	303	154	155	79	89	59	617	111	604	79	416	26	6	190	257	437	20	141	25	21	187	50	94	29	554	31	152	129	27	98	447	128	171	5	135	186	364	226	7	240
V450	319	22	114	64	382	433	311	13	245	43	215	1	90	301	48	129	4	16	479	142	458	106	562	179	39	115	257	120	90	555	47	396	76	62	12	95	47	215	173	488	336	283	476	545	188	169	112	361	133	485	250
V451	56	99	383	391	63	160	466	130	74	353	343	573	12	2	232	982	278	141	162	376	238	188	43	15	31	639	60	248	6	354	150	6	22	473	204	24	443	63	221	90	249	119	215	466	4	98	75	240	435	863	77
V452	121	894	246	139	502	122	192	37	223	8	1	20	182	169	95	583	16	832	174	624	380	742	43	208	344	53	316	813	289	376	567	143	451	81	450	26	130	104	305	20	392	210	55	78	52	56	699	511	473	40	239
V453	992	85	35	615	506	141	164	12	27	89	159	259	17	498	21	20	24	522	254	28	2	358	1	55	12	642	241	122	120	264	141	145	191	21	84	185	126	346	342	240	27	155	5	572	258	124	347	476	162	588	761
V454	236	98	183	38	213	5	465	855	250	283	207	164	360	472	240	337	188	43	164	488	8	260	30	85	279	53	155	281	226	37	293	65	147	298	69	153	183	416	25	8	5	41	370	44	65	9	103	109	10	191	192
V455	459	344	468	204	119	9	151	313	664	168	79	20	341	51	157	66	364	420	52	980	19	292	48	33	237	40	42	104	34	123	42	321	171	47	1	170	68	88	24	211	215	187	307	456	2	464	28	10	207	31	403
V456	91	74	47	151	65	35	437	10	101	365	94	162	276	520	2	197	22	19	142	62	66	4	57	192	86	38	99	228	35	447	372	115	375	28	134	20	439	499	288	268	559	59	221	48	510	116	73	24	158	564	96
V457	35	15	445	81	89	130	92	183	610	2	32	263	7	21	139	617	406	501	167	371	231	477	351	50	365	47	204	387	22	139	2	346	384	87	255	234	64	174	224	381	321	185	100	337	62	166	4	347	234	534	46
V458	118	532	180	368	85	140	635	114	17	255	1065	197	258	200	24	80	25	170	427	454	249	61	160	92	2	230	12	336	79	32	828	1007	119	102	406	375	7	45	335	24	45	164	119	397	20	249	193	241	215	212	197
V459	330	79	45	195	16	78	449	34	148	101	208	22	60	598	642	574	129	134	356	52	178	311	25	87	321	114	423	76	8	132	97	290	247	255	895	262	294	173	497	149	364	72	135	203	25	723	88	32	8	204	274
V460	482	164	8	14	142	248	90	110	567	62	33	376	28	649	182	635	304	141	325	9	76	122	155	14	101	217	315	103	146	46	9	39	154	135	4	116	148	63	9	89	123	156	48	15	15	14	0	64	286	15	405
V461	501	248	83	608	12	238	120	141	0	143	92	417	27	143	2	144	222	402	105	206	44	385	399	245	7	272	55	124	37	33	906	325	372	200	595	66	2	11	16	206	80	693	98	86	406	51	51	229	292	357	433
V462	316	246	127	331	170	32	516	645	611	282	19	133	150	141	227	409	4	396	367	117	22	131	16	141	77	163	182	432	267	350	153	80	292	36	119	73	539	78	285	125	282	130	109	161	183	108	324	45	18	836	300
V463	215	400	57	209	207	358	286	390	312	181	78	184	44	94	21	12	150	402	279	168	102	90	113	49	37	157	92	203	360	16	737	137	180	126	530	35	42	788	327	120	11	503	144	45	452	414	12	196	10	491	240
V464	295	25	101	43	72	22	176	303	95	17	198	88	314	198	92	208	14	83	212	175	703	228	359	450	518	113	260	257	38	94	304	436	53	37	55	869	594	503	343	39	301	40	120	384	179	371	142	211	47	283	220
V465	184	76	258	532	86	82	141	105	199	58	17	58	613	622	165	134	104	183	23	81	355	61	237	289	18	106	185	707	19	22	235	265	191	77	288	274	284	418	102	220	101	838	30	2	22	466	182	127	91	10	168
V466	366	28	73	526	45	195	286	72	9	184	475	35	181	548	29	20	753	39	268	396	287	164	50	50	220	23	238	187	63	76	7	32	451	475	54	22	263	120	463	304	59	51	359	355	240	27	30	668	276	92	298
V467	469	27	275	227	31	7	17	235	384	260	357	528	309	50	34	69	145	74	103	290	180	51	202	110	72	102	18	324	63	147	15	77	244	62	231	186	103	315	72	14	243	204	304	118	488	135	198	21	556	103	354
V468	95	115	243	25	41	207	56	16	148	353	335	158	6	139	305	50	200	26	238	20	197	13	113	32	108	519	95	60	194	43	64	569	323	210	1	41	182	157	85	17	362	9	484	17	707	124	287	66	217	44	116
V469	538	89	362	148	257	191	216	590	171	305	15	564	193	395	0	76	245	159	37	45	116	13	468	35	51	70	78	135	562	35	83	7	54	217	216	131	742	737	1	45	27	561	112	204	439	89	576	1300	706	19	447
V470	24	178	76	438	407	483	4	109	49	56	15	44	145	343	355	40	76	716	605	130	99	385	496	219	70	44	19	183	390	322	622	80	93	67	249	384	83	208	73	0	109	276	236	261	26	21	475	125	254	191	73
V471	74	153	12	342	175	88	1039	109	91	80	238	363	210	588	110	143	653	678	232	1	61	245	218	96	4	9	339	248	79	253	302	17	95	117	36	248	49	122	59	430	278	163	48	544	478	187	206	18	62	22	90
V472	425	16	100	52	201	163	287	11	245	185	462	118	99	72	23	778	254	108	303	285	1768	76	175	138	83	68	393	395	36	322	507	43	128	191	27	51	310	440	237	17	14	181	431	210	165	75	353	249	392	116	348
V473	132	91	316	467	109	179	364	141	1	78	233	456	231	91	139	815	648	155	14	797	922	89	220	64	350	291	111	259	303	33	352	211	149	414	376	99	368	39	264	25	102	269	16	176	53	31	209	204	559	44	121
V474	506	114	68	82	24	223	116	12	264	112	42	226	464	104	147	258	253	234	47	88	243	408	129	92	452	74	207	477	170	30	7	1022	272	46	330	21	127	121	239	102	134	390	29	241	188	0	134	322	285	8	419
V475	118	260	157	4	269	65	5	221	172	89	76	267	167	197	215	5	18	73	175	57	99	706	252	305	4	115	424	141	490	50	8	536	327	56	30	386	116	535	74	141	118	185	161	208	730	94	59	3	68	146	156
V476	8	95	386	152	247	82	297	10	381	113	4	562	322	538	300	7	540	44	61	45	76	398	98	244	26	113	101	68	65	280	104	33	52	118	158	142	797	484	41	142	61	88	88	91	212	155	50	116	96	288	37
V477	353	154	27	88	77	15	107	41	194	1419	815	445	373	68	68	194	85	82	424	84	89	240	179	10	226	100	376	435	464	50	68	264	462	20	269	93	144	130	559	731	72	204	408	448	254	154	222	100	118	99	327
V478	616	381	152	456	306	112	110	223	266	400	39	288	603	97	203	108	45	35	236	188	287	417	349	97	387	4	208	203	107	160	575	65	43	157	108	71	14	374	4	175	96	12	282	45	220	224	60	160	370	272	515
V479	119	773	219	197	19	50	469	12	36	98	1890	717	193	283	12	316	60	47	354	190	350	523	98	2	40	83	175	92	93	6	430	138	166	369	108	125	473	152	44	239	367	758	21	475	91	167	198	448	49	143	253
V480	141	647	189	35	179	262	71	163	91	694	0	423	547	338	162	31	41	86	450	11	274	215	199	216	22	163	306	14	166	0	77	336	88	237	599	11	58	86	207	86	116	954	25	382	170	774	20	57	132	277	238
V481	46	408	728	113	344	61	34	97	80	274	221	118	38	550	52	90	5	77	14	202	178	128	14	75	331	243	323	462	308	370	197	158	126	489	137	112	449	5	218	239	326	23	667	278	41	181	73	50	67	32	133
V482	95	37	319	497	755	371	59	413	337	160	232	435	62	57	60	488	144	454	78	44	247	149	377	161	165	124	64	634	300	573	157	121	119	35	666	203	309	27	149	323	30	268	88	105	117	194	488	301	278	166	96
V483	149	117	311	671	82	171	56	133	106	80	72	4	190	73	200	138	7	240	118	9	107	101	328	135	151	542	500	15	405	389	271	253	128	77	731	114	24	283	35	904	63	179	351	274	89	144	244	75	193	440	164
V484	201	127	37	40	320	465	80	56	25	198	120	21	190	209	11	212	27	208	855	227	284	46	71	77	219	319	78	330	238	321	259	36	207	9	122	63	335	41	90	60	1029	171	58	278	90	190	190	60	161	10	192
V485	509	172	22	7	124	1	226	156	151	284	120	352	66	21	49	170	28	89	124	343	786	219	674	521	7	112	5	113	530	377	595	411	24	259	11	169	183	839	142	92	203	109	184	23	420	305	841	97	59	341	411
V486	111	10	628	33	18	153	11	102	105	128	21	97	63	0	29	484	74	43	987	201	446	376	58	313	319	44	444	592	99	2	441	1147	351	730	4	132	161	79	253	36	465	515	231	378	79	169	60	287	359	105	95
V487	141	63	335	129	28	119	31	115	224	213	8	158	7	173	154	92	156	48	218	632	40	128	446	15	54	46	646	292	72	602	487	714	569	155	200	162	189	257	206	201	28	97	11	315	82	123	648	653	130	45	135
V488	35	56	354	75	632	3	8	11	182	645	145	398	343	230	47	51	143	86	207	50	79	62	183	381	349	153	317	10	116	636	54	203	287	54	12	13	13	127	159	196	153	111	40	7	82	117	62	503	146	303	48
V489	436	113	347	116	153	267	105	230	297	208	153	60	21	30	69	183	256	127	1	484	260	19	164	155	205	28	353	228	94	223	127	36	16	80	132	109	262	789	45	125	191	333	14	98	174	4	162	93	17	115	359
V490	65	589	112	86	388	394	408	117	52	248	843	79	20	356	18	131	534	4	51	221	267	238	50	254	12	173	71	303	30	141	61	106	570	43	381	72	227	24	1	347	98	33	203	165	34	198	101	164	185	25	191
V491	7	754	69	86	20	145	17	9	259	151	202	34	139	495	412	60	4	286	641	109	29	44	295	186	16	126	64	42	700	555	5	245	36	182	62	252	460	173	271	194	34	133	233	224	254	47	122	90	1	81	184
V492	183	371	116	447	300	705	192	59	263	32	10	198	105	444	6	265	287	44	4	341	13	235	176	211	84	335	50	22	564	111	190	144	183	46	536	1	23	47	64	26	52	89	622	452	368	1050	160	351	156	48	259
V493	246	308	21	237	132	124	281	106	32	25	19	418	151	29	636	126	300	51	21	116	65	90	59	44	844	30	81	117	148	255	330	91	323	31	172	146	14	763	660	99	166	40	29	498	236	92	492	915	57	387	236
V494	660	104	348	402	267	290	166	144	702	21	13	444	69	74	0	134	333	239	493	224	15	117	28	38	103	73	17	56	183	48	328	21	23	201	216	10	354	38	41	225	187	67	31	1	213	52	477	406	38	359	455
V495	712	55	62	20	155	216	220	4	206	377	332	76	72	735	1	23	255	104	213	114	124	81	387	8	13	49	63	64	112	924	60	94	79	10	141	178	70	145	150	39	123	374	301	12	86	592	337	322	78	176	531
V496	534	177	533	106	269	539	120	300	9	75	263	83	29	8	173	125	110	266	523	267	122	962	290	147	58	741	173	159	79	241	263	271	44	53	926	10	122	717	249	7	270	393	360	146	752	361	162	235	23	478	405
V497	539	260	131	114	153	18	334	359	441	132	225	250	181	211	62	66	765	408	323	448	277	99	140	273	122	231	140	127	89	53	72	446	41	62	542	113	119	86	65	14	149	946	80	276	740	386	717	31	268	92	429
V498	134	123	266	146	230	45	197	18	191	261	15	91	654	440	12	33	109	38	14	283	27	94	243	146	50	190	89	58	27	503	111	2	46	328	11	35	157	61	284	42	43	155	47	313	281	967	252	37	66	398	142
V499	10	217	305	525	168	320	40	152	131	273	88	222	28	341	107	4	99	58	107	20	163	319	81	173	448	116	162	371	537	298	440	357	542	708	358	158	116	3	1192	32	29	453	449	184	12	155	316	175	116	74	72
V500	5	55	37	576	189	46	160	886	185	191	146	43	264	296	36	61	404	128	276	229	132	347	74	371	25	235	90	64	5	581	585	458	31	22	125	52	660	24	18	28	202	51	236	48	20	122	118	447	319	19	34
