Source001	Source002	Source003	Source004	Source005	Source006	Source007	Source008	Source009	Source010	Source011	Source012	Source013	Source014	Source015	Source016	Source017	Source018	Source019	Source020	Source021	Source022	Source023	Source024	Source025	Source026	Source027	Source028	Source029	Source030	Source031	Source032	Source033	Source034	Source035	Source036	Source037	Source038	Source039	Source040	Source041	Source042	Source043	Source044	Source045	Source046	Source047	Source048	Source049	Source050	Sink
V1	12	337	186	105	429	60	66	24	139	5	69	471	18	811	13	38	360	146	296	250	306	558	982	171	123	222	221	29	149	190	584	303	448	75	214	8	288	190	495	247	189	20	44	400	212	98	224	257	412	149	121
V2	13	212	91	193	163	250	39	209	30	105	356	160	8	44	8	23	362	34	77	9	170	498	67	724	157	28	283	290	201	37	104	152	320	259	2	93	496	694	77	163	63	78	404	1	307	223	1308	156	256	153	75
V3	349	1	129	257	64	389	42	5	58	98	436	10	349	211	1011	103	51	64	91	115	12	2	240	252	85	281	680	14	23	88	76	1	13	239	106	4	148	343	117	18	104	229	585	852	186	84	207	105	151	61	234
V4	308	68	222	520	89	45	194	256	96	80	224	116	365	30	78	40	116	70	132	293	1189	900	77	101	22	374	56	638	60	90	10	170	446	184	243	72	94	71	171	105	184	148	165	84	28	78	639	457	332	43	227
V5	339	119	18	100	37	9	18	21	121	213	174	250	130	81	310	24	85	138	18	35	117	7	62	1242	288	6	73	170	81	10	40	613	89	147	85	116	793	252	347	179	10	287	263	49	133	9	5	69	283	935	294
V6	202	133	9	8	175	353	85	232	256	28	196	94	344	932	93	359	696	423	180	283	618	56	444	422	29	69	179	455	107	441	49	536	354	20	56	12	88	402	79	54	200	40	30	0	382	127	146	458	4	1050	202
V7	292	18	152	53	10	196	124	389	233	167	27	211	1500	150	156	182	374	305	35	28	146	55	1453	43	232	1142	158	1529	167	220	505	297	246	270	11	147	68	80	87	175	175	467	16	127	82	17	173	78	258	738	188
V8	69	305	338	261	46	501	182	438	376	57	155	548	43	33	286	80	6	303	29	59	214	47	268	534	122	179	751	132	129	47	322	90	198	64	15	497	260	155	192	41	266	47	7	174	102	705	48	78	200	50	140
V9	6	82	13	260	162	144	23	15	62	175	46	131	364	39	226	8	158	579	386	184	105	160	24	349	771	88	169	319	145	435	65	17	104	230	171	96	30	138	191	191	225	89	320	13	45	66	498	49	57	226	46
V10	126	339	781	299	240	5	61	182	11	6	326	22	221	624	94	79	2	258	69	168	89	62	103	193	147	58	97	42	3	36	534	198	138	70	35	240	32	376	404	15	623	301	348	322	349	25	11	82	214	248	205
V11	217	37	159	718	89	106	197	185	761	185	132	578	87	47	74	55	738	591	167	242	60	33	440	301	182	238	161	49	94	2	112	174	243	90	331	174	14	196	625	55	137	4	106	317	145	46	226	197	233	89	184
V12	89	34	27	11	741	167	396	205	39	426	180	198	68	44	747	347	48	10	30	146	12	570	143	0	32	150	52	158	171	301	155	45	52	12	139	247	1207	7	231	50	127	20	242	17	63	96	131	148	31	261	80
V13	504	35	64	50	344	53	68	208	108	142	482	16	59	26	3	90	504	99	469	460	472	20	34	208	506	22	48	13	288	20	18	120	166	163	677	51	232	300	180	605	247	133	34	6	97	740	151	72	265	326	310
V14	42	747	253	292	127	178	889	74	87	44	302	147	114	90	404	88	128	4	734	91	259	62	538	4	131	122	329	134	139	589	325	546	516	10	28	109	355	49	218	167	49	304	577	99	14	115	170	113	111	124	273
V15	67	417	688	31	60	416	30	61	55	143	212	25	188	240	207	346	52	3	95	671	83	106	142	211	43	333	288	34	319	28	23	1	28	169	472	220	85	68	580	367	225	371	238	58	635	127	19	43	369	15	183
V16	58	152	274	453	11	73	16	742	153	59	107	320	223	269	79	286	102	2	138	321	101	110	179	479	154	79	522	304	82	87	52	190	26	90	0	365	120	130	26	463	761	60	471	228	68	332	548	439	189	136	89
V17	36	238	429	293	75	86	56	20	233	165	10	364	458	101	5	352	84	340	222	154	55	380	254	256	52	761	157	54	47	19	218	396	179	264	71	228	984	225	59	19	16	183	393	904	25	741	214	428	50	202	125
V18	107	480	183	9	56	383	448	91	15	23	130	485	101	335	4	99	357	105	79	126	22	247	24	0	54	189	68	54	10	226	140	411	493	20	137	84	176	128	303	114	286	374	52	302	89	142	104	101	7	174	216
V19	106	108	79	106	38	11	13	5	15	9	254	389	470	16	18	38	74	33	85	160	254	164	305	143	208	55	360	213	21	25	159	56	144	446	40	223	305	580	214	310	111	167	257	782	17	60	88	158	14	204	117
V20	3	254	277	159	241	38	543	11	107	325	48	113	4	153	83	84	480	57	663	184	481	67	330	371	157	607	6	304	366	248	250	194	450	413	41	1	200	16	52	236	129	221	211	182	119	168	25	83	5	47	99
V21	30	41	0	210	16	37	31	265	124	476	507	146	36	157	329	49	22	224	98	12	167	13	268	215	250	26	602	271	76	6	204	3	345	113	428	253	200	847	8	438	163	164	187	161	578	255	49	197	72	24	48
V22	123	126	19	114	486	145	66	256	86	72	542	176	168	129	257	230	200	190	140	137	405	32	57	173	42	190	672	56	1487	22	207	22	139	517	290	1666	11	93	295	55	34	148	0	211	127	429	384	27	4	87	143
V23	366	51	53	66	166	170	315	11	16	520	253	83	109	191	262	504	897	3	103	445	265	93	331	142	265	672	500	30	279	359	127	306	25	24	128	78	61	276	125	20	6	503	84	1	57	458	120	128	151	46	253
V24	414	495	259	71	32	293	44	318	291	149	288	100	22	226	127	53	98	103	20	135	120	118	195	332	0	302	224	17	455	122	192	27	455	146	86	2	236	1069	234	452	30	177	524	271	108	159	235	201	720	426	429
V25	85	708	58	148	279	42	205	3	52	196	375	219	355	174	199	324	154	75	284	123	204	119	68	109	212	71	241	673	370	28	275	25	50	270	59	459	223	584	513	518	5	120	364	82	401	381	204	31	72	182	278
V26	249	187	180	206	75	317	265	15	74	5	18	107	97	209	22	496	133	21	310	594	398	123	37	715	56	119	340	268	1273	758	189	240	67	245	134	12	18	37	72	435	178	54	57	306	136	47	239	18	258	225	202
V27	193	285	59	158	45	212	343	163	63	78	424	177	56	464	54	171	46	517	23	295	185	156	150	6	104	153	11	11	464	68	71	114	249	245	124	110	54	784	707	77	147	10	113	24	44	316	568	342	132	82	217
V28	10	15	340	170	4	84	90	43	207	412	53	233	49	80	675	128	71	484	81	181	18	80	14	146	125	159	353	79	107	20	130	80	112	29	165	80	350	178	300	194	162	167	89	102	600	48	111	690	702	111	35
V29	557	163	43	199	33	125	161	32	142	61	154	189	425	199	484	88	63	9	99	18	203	636	276	89	381	156	6	133	133	140	318	80	484	46	63	86	104	191	61	59	228	364	201	123	34	65	116	11	35	279	375
V30	49	86	141	185	111	796	59	65	95	4	40	40	95	539	103	295	302	451	106	138	143	81	47	81	192	135	70	23	299	180	393	164	305	242	764	429	4	230	238	619	1052	96	9	66	4	90	111	225	109	391	88
V31	34	301	60	258	466	78	13	305	15	0	26	76	564	226	165	227	64	318	167	66	138	67	227	89	133	173	81	105	362	381	43	158	13	84	174	400	331	104	467	93	333	55	84	470	65	461	313	75	102	189	110
V32	312	51	189	194	489	82	453	62	473	399	289	321	235	98	551	67	0	84	19	40	641	72	114	226	176	57	17	8	105	191	22	197	258	515	45	923	37	309	230	372	9	435	65	85	207	36	19	64	80	324	256
V33	67	201	1	350	118	152	204	447	137	79	129	28	10	75	153	186	811	198	228	690	277	148	326	323	60	227	86	201	208	318	267	29	415	169	591	59	59	2	19	92	198	486	202	0	110	45	41	105	125	178	118
V34	518	136	168	118	41	406	500	164	137	357	379	64	455	152	465	78	148	63	491	161	38	453	238	291	36	593	490	122	35	371	63	375	283	302	30	1	333	15	193	408	308	192	33	222	292	13	92	168	31	51	383
V35	51	74	209	9	70	356	224	111	86	721	155	893	296	4	1036	205	33	440	106	98	431	44	283	242	88	446	126	504	852	189	64	295	78	333	7	205	141	280	459	561	38	32	101	293	9	515	143	349	79	362	76
V36	21	116	138	93	255	527	65	133	389	126	103	89	7	95	619	25	42	927	12	57	41	181	200	468	61	18	41	47	105	159	353	87	394	31	255	30	224	391	91	65	273	36	389	349	573	7	35	752	381	130	52
V37	411	592	15	185	380	17	50	259	479	39	82	30	121	587	464	110	61	14	25	165	143	171	30	21	26	60	179	349	83	397	851	9	238	16	122	69	203	99	67	539	284	112	359	184	19	119	321	14	57	29	447
V38	203	89	563	311	409	135	39	93	489	78	1124	3	112	287	89	0	122	39	50	6	24	408	39	6	333	146	392	5	137	322	124	24	39	18	96	6	20	230	153	182	143	40	466	65	15	259	537	1098	42	186	146
V39	50	360	119	250	29	644	167	127	101	27	375	211	233	76	332	158	109	268	186	743	88	311	459	208	77	511	489	78	4	387	21	367	125	222	62	143	189	182	111	23	693	924	200	420	626	21	29	33	108	207	145
V40	79	16	11	185	53	407	643	42	159	102	359	134	233	24	33	80	840	116	361	8	128	202	140	54	440	208	71	29	54	34	166	238	379	30	39	106	282	120	431	4	260	219	429	6	6	504	34	101	263	58	72
V41	6	214	310	438	200	42	83	1	137	17	244	251	19	213	12	101	320	5	259	10	25	66	245	70	56	244	6	105	60	181	266	80	447	25	12	284	389	528	110	30	24	204	93	103	176	247	307	223	17	129	71
V42	3	284	123	25	161	47	324	45	365	7	117	1	111	500	212	136	282	182	4	33	155	100	1081	19	560	51	410	684	1046	113	459	103	123	246	120	358	204	300	13	77	78	24	41	189	5	235	26	272	207	39	110
V43	181	43	1	33	1	156	239	230	51	283	365	0	198	103	326	67	107	232	986	267	409	12	261	7	23	41	117	16	89	37	212	95	214	31	312	360	133	53	375	223	198	348	83	254	47	369	19	997	506	253	143
V44	402	128	94	42	141	400	31	136	169	310	220	491	16	40	438	429	78	285	165	28	554	6	1051	409	15	79	610	1	66	45	0	85	107	152	164	430	156	41	216	194	337	334	579	11	192	150	848	127	27	48	314
V45	140	278	146	102	194	161	170	501	116	258	273	118	26	224	321	342	137	236	585	139	12	72	40	122	40	64	607	29	228	102	28	87	128	131	47	231	229	36	204	222	15	18	25	1	462	193	330	6	173	342	196
V46	876	143	78	48	148	50	95	535	28	114	133	39	433	107	46	368	158	399	54	33	96	202	607	87	174	4	35	558	568	234	128	21	379	211	346	267	530	201	4	131	194	112	224	145	282	490	67	18	216	83	557
V47	21	286	10	95	9	228	196	436	594	65	772	16	102	18	282	39	118	526	164	206	327	249	161	373	233	158	152	474	114	88	47	89	277	50	423	91	1030	214	224	7	42	172	564	467	192	151	65	49	117	110	124
V48	217	221	78	104	77	94	131	301	13	64	25	357	311	279	95	2	166	187	241	70	938	62	190	47	77	312	178	30	30	28	182	200	132	21	765	84	518	9	24	7	324	94	64	17	3	142	239	19	188	6	196
V49	220	62	145	331	364	179	128	603	3	305	13	105	159	263	156	204	1040	48	12	312	583	74	122	111	558	40	128	292	139	162	125	7	471	29	239	337	69	315	50	82	317	94	327	157	4	191	87	163	40	177	155
V50	406	3	113	95	100	170	85	4	175	107	47	54	81	603	136	470	63	304	292	103	22	70	32	158	215	12	77	52	274	70	222	146	136	394	212	88	158	206	347	162	60	51	7	37	194	33	11	49	797	45	252
V51	115	204	88	1175	26	130	822	344	197	43	6	106	316	693	55	10	202	414	497	15	231	4	68	21	234	629	35	145	203	85	307	711	67	164	271	916	625	220	11	34	676	26	614	367	59	373	489	84	102	15	155
V52	425	116	59	103	490	53	231	348	577	24	77	258	24	3	19	14	51	55	408	184	207	84	46	411	380	382	78	153	0	264	121	62	56	56	305	27	214	4	529	37	343	6	52	15	125	151	13	238	114	127	275
V53	230	129	152	115	958	35	508	191	627	538	166	252	55	17	417	202	133	273	154	122	120	15	111	154	1020	385	90	423	3	67	185	53	176	507	328	96	18	365	96	453	214	89	55	23	253	53	293	5	32	22	220
V54	115	7	39	46	176	157	49	226	119	128	250	496	487	352	367	153	135	196	28	279	17	100	79	80	102	42	140	215	28	481	79	381	655	198	23	113	91	111	219	119	150	506	32	51	216	80	87	193	113	255	85
V55	94	140	146	161	441	274	446	239	108	518	73	116	198	186	360	443	0	80	140	33	111	6	351	32	355	702	146	154	302	63	182	92	316	23	30	44	142	21	311	284	386	453	262	138	78	68	176	25	54	442	106
V56	78	62	360	341	1052	374	125	108	84	21	146	205	70	137	54	196	78	71	129	213	104	308	51	72	667	260	63	168	380	183	382	73	273	443	616	75	184	533	260	49	10	167	65	18	6	184	638	202	75	359	90
V57	429	608	19	92	64	19	657	107	85	213	591	1	54	101	12	185	72	33	122	425	48	529	68	354	104	120	155	72	793	70	99	980	460	171	49	170	112	260	46	812	518	445	22	101	9	269	65	239	184	107	472
V58	252	55	553	380	93	128	102	219	14	21	43	186	101	205	29	27	356	166	233	721	165	293	149	545	555	7	198	23	90	173	68	303	136	28	21	182	46	93	199	450	184	370	79	107	200	309	384	5	10	734	195
V59	530	86	212	47	50	173	114	929	61	86	87	195	87	819	75	148	16	196	708	109	522	106	392	167	31	243	23	18	15	430	60	232	141	6	791	9	37	278	179	638	685	251	341	29	247	26	128	253	77	52	378
V60	415	139	133	167	115	549	346	47	189	105	269	164	151	156	858	605	198	120	220	166	127	89	235	67	290	77	256	214	187	100	57	11	825	1112	276	172	94	13	20	90	205	296	66	156	318	376	268	68	332	389	302
V61	250	142	583	84	97	844	308	518	58	43	93	154	405	403	21	307	37	148	594	307	86	269	183	160	35	66	100	240	91	5	62	70	5	69	77	53	93	78	384	1	425	364	29	20	87	68	89	318	49	217	224
V62	70	82	236	160	135	18	375	14	12	63	65	149	334	173	35	128	161	210	400	292	251	285	236	147	7	70	58	87	211	142	132	104	62	58	215	280	420	13	163	132	79	64	339	4	262	28	182	196	259	536	97
V63	128	36	265	0	214	475	9	47	5	144	27	43	246	227	991	20	193	233	40	8	178	38	92	44	47	19	207	43	62	160	0	19	15	149	79	239	6	333	174	219	320	169	33	290	151	1033	65	172	154	206	98
V64	161	132	553	309	450	22	143	378	38	63	175	14	20	173	328	138	152	27	219	46	24	375	243	184	117	63	145	152	24	433	863	103	443	139	195	52	56	160	54	558	1	189	342	177	188	5	7	52	148	82	136
V65	67	219	4	52	13	14	623	66	377	85	60	63	27	87	4	155	324	53	220	115	326	224	35	205	513	251	211	127	133	178	233	99	79	20	43	31	90	831	218	22	6	271	78	203	20	57	25	24	5	245	115
V66	17	207	14	79	46	11	21	268	399	250	49	12	45	163	43	194	199	48	242	596	93	220	239	146	28	695	75	7	30	365	128	14	130	393	130	52	86	64	104	423	273	399	376	145	278	235	126	432	286	35	111
V67	11	20	354	100	63	71	118	55	175	136	17	506	201	27	182	1	157	56	0	42	58	86	28	132	91	293	669	209	151	212	149	275	16	431	259	153	42	343	61	55	272	863	143	265	279	508	146	93	1533	242	48
V68	138	149	132	134	160	358	56	158	1154	353	57	317	32	6	297	355	74	60	159	144	94	203	30	10	12	548	13	78	82	753	53	331	676	149	63	325	220	120	574	202	177	102	45	342	79	424	14	550	299	394	144
V69	283	166	156	65	171	84	64	204	24	84	32	211	137	67	54	11	174	14	58	43	36	475	6	18	89	87	136	212	15	16	167	383	251	39	424	192	0	369	183	1151	577	19	50	375	137	81	137	126	56	387	245
V70	442	28	157	1	319	134	69	114	217	78	631	152	83	13	371	255	357	51	82	253	217	16	63	323	301	291	245	8	297	47	63	157	15	323	256	280	198	59	115	243	552	143	69	222	219	174	74	42	438	202	291
V71	80	183	29	257	21	20	402	1	107	370	42	72	30	115	457	12	342	11	29	137	86	181	4	38	47	114	227	76	195	8	2	18	103	235	310	500	77	96	125	767	60	25	110	359	1407	363	94	70	257	190	145
V72	249	12	269	172	131	740	64	0	917	157	220	40	46	58	343	358	193	69	356	44	440	282	163	408	600	226	308	10	242	579	74	63	484	17	214	162	178	106	294	147	107	594	2	4	131	150	116	181	29	76	163
V73	412	46	151	456	102	255	117	102	83	358	415	21	10	47	38	231	99	798	264	37	83	242	545	1232	685	4	172	521	285	57	269	1	108	342	212	90	302	79	167	41	48	82	110	46	482	28	59	0	133	3	303
V74	147	126	58	111	68	6	67	499	269	149	28	115	38	90	153	18	71	58	501	421	132	99	19	50	802	125	416	558	17	600	44	43	1119	287	28	44	254	46	676	142	52	51	57	213	65	260	3	56	268	108	134
V75	99	100	96	431	47	479	284	746	66	183	532	790	459	27	515	32	51	73	147	52	66	344	140	38	77	111	3	240	45	195	14	157	204	409	162	132	76	15	223	60	29	843	117	64	48	397	282	20	151	186	109
V76	135	366	307	46	213	95	597	253	5	273	167	26	230	96	184	5	235	74	153	44	25	381	546	36	516	151	21	20	141	198	133	413	379	527	83	62	1	6	87	35	141	78	486	29	141	185	272	144	21	95	180
V77	254	274	41	662	408	71	264	22	75	163	62	193	114	242	151	380	39	142	27	183	316	162	159	22	69	495	74	154	9	16	38	204	664	64	153	599	346	87	174	69	145	580	26	55	197	341	515	117	168	276	271
V78	61	113	82	117	63	22	236	401	39	227	174	88	55	94	81	64	345	12	136	16	404	25	69	96	59	140	356	283	451	607	21	306	5	131	38	339	295	74	269	155	214	184	209	163	65	693	340	531	554	594	102
V79	62	170	235	289	35	44	25	441	25	101	232	128	20	132	65	719	62	232	269	76	150	309	287	660	51	28	48	559	159	218	360	157	150	29	40	72	48	81	157	162	4	746	382	608	138	271	67	100	255	417	94
V80	43	201	254	83	21	446	668	330	475	115	133	84	117	120	501	139	332	213	63	14	212	133	24	4	232	140	8	5	16	423	262	253	291	198	103	342	431	467	302	559	224	360	158	179	222	197	32	131	162	184	115
V81	47	326	5	78	316	37	96	89	70	49	163	83	202	462	80	259	124	145	311	424	85	91	13	40	61	258	144	6	225	325	65	141	35	110	210	186	63	69	156	84	117	3	27	73	111	79	167	129	214	64	152
V82	128	359	567	293	503	51	235	127	250	87	395	147	825	1	7	342	52	14	363	81	527	299	731	16	183	120	509	83	449	65	275	438	100	143	232	89	195	999	14	15	231	311	76	135	208	163	1	558	15	10	227
V83	38	86	409	431	32	957	155	130	52	198	248	42	5	208	452	64	37	205	714	339	244	270	57	128	3	26	39	385	232	382	582	234	31	45	101	1	82	153	25	420	22	15	563	271	19	315	162	267	124	78	59
V84	85	98	158	56	632	100	6	54	102	547	30	469	195	194	286	112	276	150	91	755	2	60	29	892	19	373	14	59	285	79	160	25	164	71	383	182	231	357	169	155	253	132	751	308	219	20	171	787	19	469	104
V85	157	319	391	94	94	476	210	699	62	359	202	93	12	147	41	114	465	66	246	66	116	744	734	74	352	77	205	162	159	356	133	572	7	337	80	46	51	118	12	78	221	69	312	248	935	18	344	59	195	90	196
V86	97	3	64	136	151	333	83	165	53	257	61	389	105	205	115	682	274	267	465	146	55	148	200	89	153	245	0	166	121	15	66	288	193	69	54	122	788	100	86	447	511	10	245	133	17	57	135	33	105	167	85
V87	326	269	105	101	48	169	517	336	11	481	251	80	300	15	235	82	688	355	83	19	105	757	97	17	524	7	50	257	100	41	743	36	294	128	446	38	44	29	184	384	607	8	79	44	194	498	295	60	195	66	289
V88	208	506	163	159	49	433	133	194	136	43	485	155	6	99	162	1010	226	143	267	212	995	49	284	268	435	10	152	1092	104	105	257	103	320	64	136	50	517	16	166	79	1	157	555	47	300	328	45	58	73	64	296
V89	156	4	231	335	595	5	39	209	873	300	100	53	9	641	14	170	570	264	199	215	104	25	275	221	187	6	138	90	30	120	594	40	254	331	126	176	40	136	501	183	393	202	141	57	329	96	10	107	114	34	113
V90	22	202	213	72	39	187	85	47	309	28	7	18	211	242	47	29	146	239	322	36	462	262	31	195	57	838	51	349	11	588	391	8	180	113	385	236	64	37	79	674	64	32	287	202	39	94	217	196	77	10	97
V91	49	167	0	57	96	95	119	346	72	204	12	399	21	582	237	226	669	17	245	69	83	201	96	540	4	299	310	942	83	170	588	284	50	184	1	309	244	96	392	100	181	131	350	750	94	0	159	37	83	47	90
V92	324	198	184	17	33	3	1150	4	220	2	77	96	121	13	479	158	193	337	169	29	334	33	471	339	8	22	17	65	818	12	166	11	67	33	95	150	39	64	98	0	300	519	49	26	114	106	184	186	42	474	257
V93	297	135	260	31	495	103	53	155	71	8	290	117	130	122	38	84	375	422	120	264	510	291	357	6	42	340	39	146	415	38	133	45	828	23	423	191	49	8	1	133	623	61	225	424	237	249	179	421	31	361	243
V94	13	14	270	133	447	620	104	15	18	382	59	76	75	441	76	0	4	6	59	79	360	246	1	395	49	21	294	125	283	10	18	166	216	15	253	328	155	262	90	2	1338	5	72	42	525	573	72	354	802	2	42
V95	81	210	457	67	257	308	162	91	253	272	28	169	95	52	38	1184	324	256	130	49	67	178	742	117	108	36	361	178	192	8	411	408	160	84	70	112	63	71	275	310	515	439	290	32	566	355	96	87	39	233	126
V96	186	168	194	232	165	124	155	168	120	64	12	110	460	210	46	302	513	81	258	49	522	283	74	802	354	9	302	125	179	365	77	449	235	555	43	302	316	27	405	67	26	62	85	67	93	0	34	162	286	269	164
V97	332	3	23	289	137	80	332	129	158	11	72	929	143	32	96	102	463	348	87	6	271	48	200	343	379	101	720	38	711	262	235	153	68	625	653	38	149	330	31	349	632	826	530	189	398	172	56	46	90	122	234
V98	157	265	30	136	816	55	177	100	206	52	118	71	221	2	245	49	231	602	58	17	159	239	258	46	361	173	97	209	121	331	191	0	241	205	189	76	72	57	175	10	189	148	55	91	457	37	2	102	556	9	202
V99	81	256	132	777	55	97	74	139	288	44	192	72	24	209	256	116	94	587	405	561	90	349	347	282	169	107	251	373	266	50	162	242	27	166	76	76	47	85	0	125	177	0	217	704	10	898	107	207	160	31	155
V100	191	3	22	548	14	346	238	523	209	15	48	95	296	110	30	440	107	227	5	321	17	44	159	9	94	19	121	131	37	319	13	23	114	45	271	207	12	262	663	109	608	141	25	1	520	312	83	28	149	10	136
V101	0	252	46	321	235	562	163	85	146	12	16	19	22	131	79	319	343	12	152	143	1036	39	304	161	78	300	1118	142	45	378	184	90	1028	534	352	408	100	460	114	276	56	352	220	125	28	174	184	168	275	1	108
V102	164	18	164	53	187	460	92	368	85	62	360	89	120	20	26	416	60	377	181	12	100	2	312	260	95	152	324	370	252	110	621	329	131	379	580	814	536	17	136	618	42	159	74	224	25	98	341	250	84	294	139
V103	199	196	425	30	471	387	9	229	9	27	95	324	216	160	283	32	36	111	54	84	93	130	497	102	140	252	32	46	98	690	91	1	83	225	26	226	154	362	13	200	182	302	97	172	97	280	67	253	3	493	174
V104	34	19	199	10	11	58	3	631	59	3	171	277	48	444	122	163	16	171	241	409	6	163	146	217	346	124	128	781	92	238	27	274	112	119	157	57	13	160	169	163	417	253	64	53	189	116	98	424	55	181	32
V105	474	237	408	322	238	96	13	249	12	281	61	174	2	136	342	137	421	36	24	57	704	191	604	39	139	290	56	18	44	286	7	294	343	293	462	463	32	150	136	103	95	165	244	52	120	258	71	53	464	13	350
V106	33	258	496	132	170	0	7	96	131	672	65	213	31	228	155	6	139	76	145	8	46	220	160	154	38	179	393	146	13	280	164	30	305	81	533	188	254	263	73	304	141	92	72	165	0	234	909	29	21	112	124
V107	475	328	580	130	49	198	443	469	15	503	176	58	31	268	840	535	159	84	258	22	234	101	733	67	300	28	66	120	69	130	372	413	96	76	43	41	49	38	136	189	88	211	405	36	64	148	73	103	240	45	420
V108	207	159	23	557	61	125	187	11	407	360	43	432	434	242	121	209	515	4	133	34	173	47	75	499	316	79	271	83	452	235	221	233	229	425	39	41	172	137	7	419	66	445	161	138	641	375	228	253	126	105	175
V109	462	60	202	203	303	40	292	31	172	14	17	83	49	165	340	134	12	20	50	187	69	151	56	106	4	297	35	19	28	317	420	74	22	329	191	95	518	262	229	138	604	476	243	357	24	286	253	62	109	69	318
V110	354	48	234	3	53	173	330	751	64	628	669	237	61	741	3	330	249	96	6	414	235	354	141	486	51	136	29	49	677	37	118	190	56	1027	654	434	42	57	430	12	247	382	290	246	129	55	439	149	80	301	274
V111	125	149	599	307	93	310	20	48	182	26	645	320	110	467	393	52	204	237	44	244	75	18	355	163	248	405	38	4	301	16	12	343	89	271	63	98	399	212	17	39	109	188	447	128	50	285	50	40	3	112	156
V112	152	171	203	89	129	20	169	175	167	132	58	9	248	207	4	83	50	1123	16	90	79	203	77	236	72	1	156	171	736	231	99	258	32	396	16	75	135	30	187	24	830	119	362	271	529	218	64	201	47	247	151
V113	437	65	251	149	27	123	504	752	142	68	119	34	116	134	158	37	49	55	108	140	106	617	214	198	40	162	63	61	43	1368	3	62	604	4	310	25	50	258	266	58	130	292	339	141	10	123	537	1	353	50	339
V114	450	212	111	266	48	394	52	59	142	75	32	144	125	26	101	77	54	368	180	246	22	13	225	364	566	319	317	105	133	283	513	29	471	5	93	257	228	67	361	910	320	66	739	142	28	140	38	301	130	37	331
V115	1133	594	287	387	255	746	144	500	136	285	505	6	196	278	33	30	263	181	119	148	445	30	707	917	16	216	39	154	498	16	664	5	41	341	110	336	21	55	347	149	616	193	338	69	109	80	242	131	15	584	879
V116	29	72	330	439	160	272	72	3	229	185	125	119	9	76	243	52	10	525	26	45	205	99	737	69	104	228	90	298	452	321	104	306	69	162	306	394	96	387	95	122	10	59	35	24	575	9	95	169	339	127	61
V117	211	238	116	479	8	79	297	364	93	70	790	137	695	168	98	335	222	98	3	51	380	42	153	82	190	457	33	13	126	244	156	24	443	43	32	177	550	71	763	4	30	123	212	279	607	889	26	166	208	24	224
V118	52	69	317	103	244	149	97	809	52	206	726	703	64	4	293	107	713	13	112	113	145	114	11	6	251	61	23	18	88	92	74	74	483	137	255	166	184	73	1584	27	0	11	440	78	263	284	51	99	32	224	70
V119	43	168	390	0	76	133	146	259	164	40	437	319	31	41	461	63	283	142	66	42	79	199	89	421	374	29	220	28	54	87	43	87	212	134	183	173	98	57	62	173	71	51	168	214	309	957	291	199	18	209	100
V120	245	166	191	335	3	0	118	458	603	115	72	364	485	51	316	96	305	206	355	271	33	29	321	182	74	194	261	317	270	94	209	309	195	209	130	6	109	367	12	33	180	66	15	28	106	155	39	174	398	18	252
V121	100	136	71	123	6	371	210	211	90	107	265	191	307	105	365	32	10	20	564	266	78	31	263	38	38	82	115	636	267	71	97	34	85	27	82	8	175	27	3	149	434	331	136	296	50	79	89	42	165	210	103
V122	135	48	236	600	162	69	85	181	63	160	49	523	57	12	398	285	8	30	281	107	203	190	64	45	141	72	127	220	542	57	8	135	15	46	526	32	392	1	1242	428	183	380	99	528	87	505	14	124	532	436	118
V123	197	383	236	125	1070	278	699	19	176	58	19	86	612	1043	243	794	355	343	30	14	320	321	187	28	11	157	87	42	29	211	176	7	134	107	144	62	63	50	109	0	2	40	45	137	332	96	164	16	295	64	232
V124	123	225	116	788	41	72	84	241	113	611	308	223	210	21	75	51	15	453	304	45	26	2	30	9	23	257	411	97	327	159	58	419	219	43	41	186	133	767	97	237	122	90	165	236	84	64	17	191	46	445	189
V125	318	132	62	135	78	222	55	180	322	154	127	40	6	73	137	76	155	12	67	79	84	105	56	201	232	209	1556	200	136	126	51	95	2	54	268	370	167	93	76	78	119	0	65	47	413	405	211	187	126	774	250
V126	285	464	6	194	115	4	142	56	77	450	154	154	160	628	281	244	193	35	1716	51	0	402	32	32	105	375	71	21	212	144	64	54	73	130	66	605	13	87	487	33	99	231	49	451	24	36	5	284	118	1194	334
V127	122	26	58	410	31	464	106	79	82	237	0	170	3	17	94	59	534	60	129	98	39	154	2	380	117	87	503	47	89	520	56	382	134	146	84	849	38	20	265	157	65	502	91	16	942	178	343	509	518	96	105
V128	5	30	66	109	492	11	4	193	181	355	185	2546	54	409	183	8	16	327	230	62	350	1050	183	1	123	157	293	395	356	34	209	140	128	248	105	50	184	158	479	152	161	85	393	33	123	35	412	837	2	42	30
V129	20	66	162	88	175	126	97	110	52	0	149	90	115	380	356	420	133	18	357	69	67	235	87	225	73	82	0	87	27	70	106	481	45	37	531	197	490	153	58	192	28	245	100	307	350	117	613	161	103	413	37
V130	68	489	118	365	375	450	496	10	159	163	205	278	149	131	41	14	234	103	477	136	313	771	169	110	386	57	3	110	81	888	150	21	297	150	302	37	108	83	129	243	32	24	202	188	52	251	196	127	88	606	212
V131	95	512	183	370	513	49	30	159	37	76	240	86	520	645	207	622	63	50	104	216	195	197	80	12	10	15	326	394	303	256	207	557	215	257	396	447	0	563	26	44	138	175	123	94	250	63	111	192	398	287	259
V132	27	230	94	41	31	83	79	140	14	177	272	203	410	360	251	281	986	82	94	203	357	592	14	135	286	160	45	364	32	428	24	142	61	152	109	24	64	85	741	28	323	25	172	256	531	324	523	326	34	88	102
V133	46	283	505	319	773	21	53	23	59	531	143	437	315	353	7	264	343	49	100	69	35	407	139	22	675	167	237	269	394	170	131	149	172	65	126	185	8	142	23	195	298	507	63	736	122	210	2	91	0	75	128
V134	365	40	134	103	146	118	173	46	182	9	98	5	253	34	89	30	264	28	461	332	23	18	13	130	184	225	42	44	237	421	69	95	192	53	99	441	80	40	257	401	100	309	332	50	303	84	10	28	435	32	242
V135	330	20	100	449	156	34	187	24	415	118	182	324	421	155	383	107	215	291	24	240	131	245	198	202	226	104	111	212	70	197	98	336	179	26	27	99	397	86	199	75	1	13	57	865	51	30	146	340	52	636	218
V136	621	77	128	102	378	409	29	72	520	128	75	205	194	10	299	143	342	166	4	263	101	25	83	142	11	28	217	284	76	306	148	6	27	150	170	117	112	183	622	486	213	797	279	33	11	135	23	198	591	1015	449
V137	106	245	27	48	69	173	1060	7	438	25	631	11	217	175	167	237	0	52	200	164	352	11	1	159	90	621	43	194	406	341	92	29	117	157	502	349	226	14	25	1	397	10	58	425	148	227	260	133	109	23	146
V138	90	381	123	17	249	10	334	91	456	227	597	15	334	207	88	111	6	227	89	667	301	185	142	9	100	224	8	12	186	171	83	255	176	44	686	1119	360	145	154	60	127	297	489	803	264	203	365	175	213	46	228
V139	54	474	101	93	175	234	127	84	36	490	129	232	28	860	13	108	230	325	574	281	17	760	296	119	502	341	664	266	136	366	76	376	71	70	86	180	184	12	961	392	16	355	24	43	24	278	161	426	17	159	204
V140	116	74	143	116	183	121	120	42	193	416	74	144	67	866	115	220	254	107	110	66	115	11	206	11	15	104	138	283	292	75	579	91	216	388	51	51	360	9	26	145	7	243	110	215	40	277	322	30	265	42	94
V141	11	89	12	12	471	173	83	9	457	375	256	78	483	350	938	96	27	134	38	160	153	27	7	506	482	84	84	410	168	218	240	292	107	225	48	182	555	93	276	52	90	59	121	137	35	74	37	20	81	152	49
V142	731	10	0	249	134	740	286	402	11	643	406	126	70	93	53	759	132	890	64	630	331	6	191	60	106	26	21	300	352	28	686	221	135	46	74	48	768	182	299	138	62	327	72	110	294	58	73	218	18	364	492
V143	479	499	226	583	211	133	53	524	574	204	40	19	81	165	251	300	182	81	10	132	228	9	678	123	28	119	100	99	90	116	101	22	271	434	25	117	3	356	187	6	314	25	117	539	419	701	27	280	457	222	464
V144	203	217	346	240	37	262	23	156	21	703	95	820	79	99	245	335	151	64	117	358	564	15	381	80	0	186	177	160	6	88	46	34	25	428	120	120	111	27	351	79	122	95	344	156	96	636	284	222	7	152	225
V145	81	47	346	44	106	69	90	290	61	136	30	433	259	175	29	21	198	176	166	897	210	276	601	299	86	156	127	107	292	76	544	54	131	190	47	201	176	394	38	81	74	92	92	434	144	397	108	139	59	78	84
V146	317	808	86	13	90	120	120	363	33	404	99	38	259	229	28	582	24	279	226	315	199	156	755	4	29	134	55	150	305	266	861	210	12	71	378	495	177	82	38	340	1	84	195	649	258	130	217	7	259	7	404
V147	185	23	157	724	262	16	825	797	392	956	278	565	376	126	89	50	51	86	31	191	151	9	328	91	52	250	198	211	146	47	438	71	46	12	28	101	56	16	245	21	27	343	26	203	102	141	194	226	36	140	152
V148	92	115	82	44	33	5	11	289	10	313	54	121	267	82	376	249	41	237	152	32	174	48	10	18	45	700	630	210	409	75	43	74	6	222	298	66	1	103	110	805	237	312	468	11	837	9	319	10	160	213	108
V149	83	75	197	358	140	36	55	134	395	455	78	285	617	959	476	356	13	261	401	94	85	91	451	196	25	692	47	9	36	5	153	452	21	7	29	271	167	89	92	60	186	433	664	39	128	87	218	321	143	324	114
V150	18	55	222	48	27	167	296	70	12	115	137	71	6	157	41	14	497	16	69	391	18	275	4	53	328	70	8	133	208	300	343	454	299	90	469	658	389	153	655	37	41	58	82	334	159	100	319	35	9	206	46
V151	127	36	43	193	243	469	172	533	185	140	161	73	377	103	330	85	68	97	80	270	268	79	53	452	327	180	512	261	171	225	509	402	86	178	422	334	373	6	208	324	456	116	184	507	1126	102	413	90	218	69	117
V152	119	208	95	385	215	325	181	175	21	53	95	74	152	24	367	52	81	462	33	839	229	166	42	25	256	14	41	269	197	24	109	499	354	303	59	161	307	99	80	33	30	299	193	104	173	14	609	7	267	732	131
V153	273	690	586	56	969	2	104	111	35	38	130	73	81	403	330	26	90	266	83	207	10	149	255	188	649	241	170	224	453	472	46	723	98	268	79	395	263	137	32	82	49	294	125	308	45	372	189	1051	770	72	405
V154	170	160	33	881	353	192	45	371	216	176	356	54	15	14	860	243	205	500	172	226	21	44	656	26	318	189	203	104	267	578	123	154	105	205	12	163	116	218	56	477	22	221	17	185	85	579	101	170	244	38	159
V155	9	45	49	454	60	370	138	180	32	26	36	405	1	40	406	379	230	148	614	61	5	88	76	30	182	24	73	0	79	287	29	813	234	85	21	418	209	29	146	5	137	475	291	6	68	17	1373	68	307	46	39
V156	35	245	114	510	21	73	108	10	108	65	85	106	272	320	486	77	93	141	72	316	46	67	54	371	78	76	342	157	101	298	111	286	6	60	57	491	265	165	890	128	370	101	22	61	16	136	339	34	19	186	114
V157	26	15	523	373	18	235	222	387	84	249	48	340	109	283	8	352	77	59	43	123	126	46	28	83	371	400	119	80	21	460	297	50	347	61	159	68	82	135	530	87	186	82	0	302	357	149	333	16	190	152	29
V158	67	773	468	142	135	45	14	89	138	222	83	0	98	284	127	67	227	9	252	211	213	112	320	138	266	451	235	33	135	334	117	89	108	268	417	115	28	579	270	12	2	197	208	28	4	609	95	225	85	42	284
V159	96	721	228	295	83	51	202	26	94	127	158	35	162	234	29	209	0	442	266	125	10	216	20	153	483	505	592	783	52	59	198	23	462	263	277	8	141	360	93	140	222	407	298	994	51	466	209	659	3	56	274
V160	407	149	213	122	50	365	111	2	370	103	56	283	484	93	246	188	515	58	171	37	41	265	232	41	180	177	190	10	219	472	231	278	534	424	46	216	58	27	296	208	131	24	29	109	84	87	188	375	50	90	315
V161	456	221	5	75	304	138	282	341	241	73	685	753	493	183	207	13	176	28	18	77	128	35	95	291	261	481	308	186	55	280	186	149	337	89	199	494	33	345	212	15	74	162	154	92	66	54	214	129	150	112	360
V162	58	1	135	232	90	117	76	308	28	368	244	218	24	966	514	83	87	410	107	214	23	195	249	207	368	99	13	350	198	160	4	227	179	31	55	194	188	1101	117	87	197	217	185	9	72	222	50	627	285	156	57
V163	147	159	275	111	140	50	171	22	89	207	2	231	103	441	155	34	41	103	135	145	305	420	35	18	5	387	355	103	964	120	6	124	186	282	73	10	11	46	135	145	135	7	53	47	16	60	80	12	200	80	136
V164	105	303	106	79	113	15	419	1060	167	78	31	57	88	118	8	65	97	4	232	46	175	356	93	1	296	440	143	6	20	393	42	203	78	78	8	105	663	357	397	76	88	220	12	239	191	112	128	3	215	244	159
V165	268	175	58	326	323	967	439	385	0	249	56	380	98	169	67	281	326	149	1418	254	50	146	437	11	47	58	322	243	698	475	109	19	1081	80	337	422	166	18	132	383	27	684	59	664	218	303	30	238	292	459	259
V166	10	294	16	25	353	376	64	244	101	163	139	261	87	11	75	314	158	273	808	88	334	139	715	0	28	749	717	704	104	521	193	33	68	45	644	233	270	32	13	135	186	44	143	15	41	29	121	106	64	23	97
V167	847	441	40	39	62	135	65	407	467	271	187	363	226	924	333	296	135	352	74	164	182	243	40	106	95	322	359	371	590	20	408	199	102	54	181	51	215	214	118	373	63	73	64	100	113	71	286	500	589	141	711
V168	457	286	38	363	86	253	83	99	141	15	643	122	806	122	40	26	200	78	146	205	72	21	16	441	21	197	128	510	39	247	71	19	1080	142	90	157	282	165	55	63	54	8	133	23	136	85	70	111	236	107	344
V169	178	105	54	198	50	49	336	152	133	258	209	15	86	293	93	124	264	64	202	214	44	42	315	676	286	117	208	369	72	383	44	22	187	486	217	285	33	28	49	25	494	61	27	100	173	147	223	286	47	47	163
V170	59	73	15	270	113	191	137	585	130	153	106	351	580	120	102	220	1163	44	215	50	114	267	297	477	455	529	179	347	87	357	27	240	307	258	99	77	75	896	74	81	109	41	335	237	82	18	113	69	316	329	69
V171	42	125	218	690	167	212	92	76	95	186	10	198	38	236	833	121	15	81	59	484	265	9	432	19	84	123	94	66	240	471	135	128	17	79	334	84	73	34	46	88	56	136	55	191	169	1012	426	151	473	72	95
V172	64	3	507	296	350	124	450	30	808	290	2	28	107	130	54	33	520	8	319	393	5	409	154	165	149	158	183	33	372	4	1210	79	158	35	203	122	394	50	173	61	3	401	208	100	3	425	16	219	38	103	57
V173	78	322	474	127	15	247	80	216	119	8	751	18	136	314	29	119	166	173	22	49	96	387	39	47	136	299	83	8	329	184	217	828	5	483	608	196	380	343	167	93	250	139	125	63	137	271	51	101	731	216	179
V174	270	71	25	89	416	2	469	279	10	203	10	88	35	125	67	470	132	112	73	467	36	667	192	520	239	310	308	78	100	54	565	144	74	14	417	100	617	283	29	98	11	127	258	264	483	96	451	811	7	70	185
V175	137	604	175	169	25	142	680	129	86	1583	81	589	37	550	62	10	42	247	37	683	52	52	21	121	372	89	5	92	91	405	142	53	230	66	42	383	99	170	66	219	240	44	91	815	284	154	21	670	120	112	312
V176	69	383	313	174	478	80	86	86	97	17	118	125	221	91	496	256	0	14	20	64	324	359	707	526	182	83	52	144	52	393	233	1341	94	565	63	134	489	151	7	205	199	134	94	281	239	102	19	60	145	27	138
V177	139	195	5	34	87	372	4	99	239	216	65	3	5	40	355	203	139	14	132	33	188	426	200	488	305	500	168	29	153	3	74	279	61	97	125	14	136	111	528	10	70	36	279	22	24	96	105	126	190	316	156
V178	39	206	84	95	35	237	130	85	131	431	123	224	284	45	99	208	512	361	78	48	4	54	422	756	87	403	118	43	12	341	89	5	91	258	38	202	479	112	60	465	20	170	79	151	267	25	104	540	21	93	113
V179	138	31	479	29	253	343	54	366	211	568	232	73	50	21	348	73	65	28	27	3	92	509	45	145	54	22	3	227	87	474	518	82	31	166	94	243	71	11	82	97	71	154	143	167	186	173	170	2	418	240	110
V180	30	368	14	100	71	108	93	2	325	20	277	157	242	46	121	50	216	249	158	624	16	685	59	67	67	21	218	9	48	676	202	76	518	4	380	140	16	340	12	26	24	255	84	218	68	104	0	7	438	30	145
V181	124	156	175	10	39	795	34	443	135	167	90	400	139	74	109	5	47	6	102	506	68	98	23	5	224	384	212	114	149	65	129	37	195	212	88	68	81	311	123	72	19	467	7	125	33	1082	317	308	138	139	136
V182	32	148	408	134	20	79	297	134	253	67	9	95	23	132	38	61	16	57	305	157	765	235	34	83	28	40	73	226	39	58	245	14	340	163	341	292	226	20	63	289	61	487	198	198	118	652	83	225	61	206	99
V183	103	53	78	267	214	78	761	414	227	252	513	423	83	37	134	112	59	105	127	636	9	703	212	488	154	119	267	10	305	95	94	41	859	226	252	438	147	254	202	466	216	167	31	105	375	106	183	108	30	288	127
V184	30	140	1	6	38	47	116	121	469	106	116	170	122	641	4	404	16	61	6	82	15	2	208	3	439	30	103	304	122	131	616	198	73	35	142	6	227	44	171	289	245	154	8	70	489	6	102	66	133	11	69
V185	29	17	469	320	28	37	117	12	287	331	123	47	76	64	155	177	2	249	412	634	292	158	11	381	258	23	283	28	607	6	130	235	37	619	138	90	63	36	102	16	5	140	28	519	15	139	249	176	12	333	39
V186	261	287	320	333	40	171	165	68	22	37	112	143	1122	402	314	1215	411	834	214	658	203	54	46	109	87	203	321	370	307	131	590	11	664	53	102	3	207	731	85	50	102	45	25	65	163	363	155	308	170	104	248
V187	242	200	465	2	669	15	164	45	168	223	90	1	29	578	31	416	549	632	27	131	307	885	188	45	76	232	107	54	502	18	433	406	143	95	156	5	148	177	221	8	172	73	442	18	512	117	96	2	119	94	231
V188	180	207	382	44	60	122	173	185	351	257	2	178	83	53	229	11	56	47	253	367	246	193	320	39	332	23	172	137	333	133	17	177	51	228	94	25	12	136	341	55	184	114	53	352	398	11	283	456	3	41	191
V189	99	76	50	11	85	394	41	48	18	118	43	62	392	102	40	77	23	100	23	414	178	231	643	14	120	323	8	148	124	337	96	88	101	139	321	252	161	774	74	217	336	77	77	56	145	1090	200	412	151	234	107
V190	278	126	255	157	463	29	513	204	365	66	26	54	912	31	307	451	152	250	137	89	199	17	169	12	270	3	158	372	31	336	233	495	302	10	390	267	48	299	313	4	62	57	31	14	56	49	120	95	132	27	236
V191	123	127	1	205	204	119	96	308	2	39	16	71	395	46	45	148	590	28	178	451	805	475	415	51	237	144	33	188	57	126	123	70	49	300	11	336	253	46	0	230	437	214	305	339	18	24	187	70	1155	420	125
V192	106	832	26	58	390	341	1106	4	91	154	692	2	1206	290	145	21	216	2	370	374	182	942	21	26	116	86	152	280	214	48	211	44	235	5	33	179	365	47	173	19	11	144	338	199	140	248	35	174	83	9	355
V193	6	223	268	45	40	210	55	117	378	1	136	149	721	3	311	181	134	125	37	125	635	22	350	132	82	424	32	86	566	93	164	97	240	187	323	107	3	162	176	119	155	92	519	110	773	488	106	278	428	116	87
V194	164	151	795	983	70	86	239	116	231	223	165	296	3	415	72	7	24	46	635	70	67	408	207	128	20	229	448	94	90	136	610	60	39	277	408	85	443	655	151	130	145	503	100	258	51	76	95	111	223	254	173
V195	71	44	195	334	443	44	54	303	292	125	3	33	416	60	66	74	125	127	95	89	183	820	142	110	335	569	124	194	54	46	29	47	102	624	125	454	359	91	264	30	143	163	531	125	345	50	219	37	815	77	74
V196	97	108	51	246	136	55	76	59	27	325	334	104	21	35	362	715	494	373	59	582	387	146	239	449	42	259	20	523	48	86	204	33	96	678	391	80	75	212	105	10	10	464	170	45	132	113	102	31	461	34	94
V197	137	274	140	92	31	185	23	88	191	387	187	87	180	105	134	151	399	276	129	273	326	313	59	184	355	7	512	387	299	136	102	514	88	117	495	681	77	111	74	329	322	137	104	660	176	771	45	430	33	76	175
V198	271	39	243	231	865	226	269	2	24	114	547	89	85	38	308	127	29	147	317	229	381	197	47	175	132	596	7	341	251	15	255	436	90	51	84	258	190	197	371	120	89	27	113	407	94	50	102	60	140	52	221
V199	195	80	24	31	374	74	22	20	67	13	269	216	92	31	476	316	123	123	178	222	19	81	29	301	31	71	717	162	24	85	591	290	97	527	311	319	21	100	656	746	19	319	127	36	437	126	12	116	290	189	182
V200	215	596	591	38	441	374	107	59	63	608	120	9	401	22	66	101	168	7	322	255	403	25	220	426	25	127	117	131	218	32	55	558	40	128	922	172	11	126	403	198	247	362	111	4	409	138	192	416	40	312	314
V201	425	6	63	177	7	30	981	46	112	61	223	152	4	28	46	7	341	71	8	98	361	134	63	130	548	59	1298	191	117	191	17	276	312	153	212	14	634	260	8	301	108	219	12	179	102	60	339	262	22	53	314
V202	164	70	445	92	179	1	319	238	69	234	75	62	109	43	424	77	8	15	426	341	12	106	31	81	474	14	293	11	73	663	190	52	457	428	33	37	224	87	121	24	366	189	2	11	219	13	166	209	36	703	159
V203	496	55	176	30	54	19	33	59	305	54	321	91	391	102	798	556	267	61	678	6	114	200	562	6	12	458	7	695	49	65	486	55	192	9	62	15	107	136	209	400	96	206	50	478	856	426	326	73	169	3	339
V204	183	97	77	205	126	136	25	163	108	260	192	603	6	179	20	52	157	483	113	571	36	331	266	336	468	223	97	50	20	437	391	81	197	454	498	247	94	227	42	93	27	131	93	113	50	37	47	621	233	309	153
V205	258	82	795	216	73	202	436	77	161	176	386	169	85	231	274	474	449	77	318	503	83	10	116	357	231	94	32	71	61	382	194	54	144	24	153	22	312	47	29	6	129	348	49	78	31	63	73	190	217	105	196
V206	454	211	63	712	158	137	227	105	329	59	159	57	658	63	215	34	89	38	508	1	20	63	157	229	128	193	311	52	815	574	174	827	23	210	94	276	13	189	312	887	32	67	465	1042	247	208	341	72	88	106	375
V207	380	73	61	230	0	322	129	364	25	310	161	553	263	362	42	105	31	277	80	23	33	28	115	296	60	39	7	518	218	124	109	446	112	30	283	831	242	152	104	78	263	170	252	235	83	250	716	34	277	216	275
V208	120	311	255	110	256	60	354	57	80	36	74	906	279	160	377	264	921	624	93	316	117	85	380	67	531	12	635	44	684	27	57	248	128	243	245	100	171	102	69	1177	14	258	61	14	104	357	337	107	15	226	212
V209	138	3	136	98	202	80	181	36	170	92	329	371	15	125	333	221	44	119	11	249	480	716	67	28	673	33	141	59	70	190	189	391	337	74	89	360	105	310	387	783	71	765	129	339	326	36	341	429	287	83	104
V210	607	151	89	216	371	177	132	104	136	251	663	164	23	264	31	54	170	157	253	55	476	28	46	27	276	242	37	1	121	25	277	104	245	1	75	402	198	183	108	136	599	63	4	625	4	43	135	470	210	213	437
V211	62	61	264	241	104	178	306	167	247	65	36	93	11	25	147	51	233	69	15	62	219	575	29	20	56	15	295	76	125	128	210	113	277	192	82	82	594	138	99	44	850	202	156	33	146	271	36	59	301	47	89
V212	94	54	571	87	17	19	419	69	73	129	339	81	174	85	174	65	597	274	581	287	85	137	1068	200	288	5	298	82	220	103	78	16	314	201	213	65	42	78	69	295	478	425	110	36	140	16	471	11	96	294	84
V213	254	60	500	46	88	22	369	218	61	203	494	453	388	6	201	368	448	71	289	25	71	18	138	245	336	19	198	40	42	358	368	214	58	123	81	293	79	606	19	194	217	12	175	40	19	80	12	76	186	706	190
V214	283	211	318	215	77	15	345	335	54	355	21	131	25	263	661	83	500	307	95	80	86	224	169	561	242	526	568	260	60	285	233	223	9	104	259	15	323	173	113	319	20	188	83	15	165	37	281	527	68	609	247
V215	128	292	672	350	23	126	111	112	198	27	258	93	348	122	74	346	100	53	53	615	363	52	473	180	93	90	272	110	1068	59	101	147	291	189	42	436	661	24	220	47	2	101	408	715	10	16	21	72	80	424	198
V216	160	194	125	81	208	173	21	478	157	435	30	228	85	7	9	110	53	110	609	0	182	1009	186	655	155	99	128	1	15	214	23	1028	52	20	238	14	104	172	151	188	0	674	36	596	24	207	199	90	294	186	181
V217	111	57	253	50	78	7	216	405	367	431	88	100	327	129	221	244	280	144	368	0	81	400	13	123	666	37	8	593	240	4	76	297	426	235	477	385	474	15	23	32	112	7	432	409	166	219	534	157	343	50	105
V218	71	8	705	670	142	105	199	406	264	0	105	116	137	113	75	719	229	546	136	70	117	22	172	107	274	74	1	7	415	127	144	172	336	5	11	18	144	85	152	577	19	2	167	283	168	71	249	78	348	367	64
V219	546	186	637	784	434	521	45	121	45	118	494	58	123	26	859	15	241	236	12	238	58	3	58	163	83	429	108	229	381	171	11	309	15	429	169	4	556	63	0	63	168	124	372	96	244	216	102	58	80	117	385
V220	115	3	61	5	46	223	212	14	31	54	309	105	25	129	315	12	188	253	135	691	357	60	496	205	84	226	271	15	47	253	450	41	421	122	368	171	79	55	112	372	202	19	85	73	41	271	162	443	201	196	87
V221	130	121	130	35	108	324	91	61	93	663	342	75	569	182	441	358	71	81	119	369	259	131	7	8	252	42	32	83	424	23	107	89	130	83	215	97	106	91	158	268	339	183	521	227	372	61	507	38	582	297	155
V222	198	211	565	336	119	45	100	28	302	61	194	16	279	51	45	65	139	75	153	198	30	425	708	57	524	210	951	6	145	140	422	59	763	335	290	230	175	1237	33	100	297	103	259	99	171	244	70	79	182	46	179
V223	54	16	650	206	186	29	42	164	294	64	44	309	202	169	288	193	297	25	259	193	63	119	42	205	301	151	76	191	146	167	343	146	112	120	51	104	7	593	100	122	520	86	320	681	214	55	133	420	176	962	68
V224	77	59	78	136	63	902	155	34	70	264	110	1112	214	265	199	364	192	255	321	314	497	280	13	301	112	729	84	91	86	33	142	32	81	17	46	60	454	42	151	633	191	155	21	112	752	452	139	52	2	174	107
V225	0	36	22	346	536	593	168	80	144	115	672	3	644	129	217	292	397	344	91	104	30	85	422	0	98	36	546	105	44	53	61	41	248	614	102	38	182	303	208	45	146	141	559	181	109	336	315	7	64	97	37
V226	34	223	198	259	44	476	90	33	59	1470	55	245	248	7	218	93	815	394	174	808	167	235	164	1487	52	220	75	69	572	214	357	704	26	59	475	154	19	26	210	72	123	45	45	871	113	334	62	152	18	88	118
V227	62	57	32	49	6	113	382	78	8	279	46	711	179	111	8	265	311	128	113	20	16	141	15	160	304	472	127	74	28	68	246	48	89	27	216	52	626	178	5	21	46	11	480	223	64	274	10	54	45	273	63
V228	143	655	751	324	56	152	83	206	322	260	422	22	435	442	405	96	203	436	310	49	250	168	72	174	484	321	391	15	168	26	124	59	101	279	21	651	117	9	35	28	13	94	26	4	134	232	166	75	608	25	293
V229	418	2	73	53	78	16	206	69	683	497	14	25	113	30	357	156	80	219	2	769	487	107	86	314	45	79	191	557	723	211	156	24	25	31	313	14	96	54	17	74	36	232	72	924	178	164	462	361	137	191	252
V230	33	143	59	54	331	139	252	239	354	17	254	303	53	159	85	157	123	63	506	400	239	89	237	140	125	134	295	388	232	63	31	174	6	194	244	461	91	103	36	426	64	140	5	12	255	3	120	950	403	1042	88
V231	179	263	397	99	299	304	10	121	200	34	17	93	320	451	82	546	196	74	77	837	391	8	96	108	9	38	35	614	156	209	272	244	497	13	193	36	640	86	192	767	14	37	61	0	104	187	11	37	126	328	216
V232	362	558	209	122	60	12	405	422	107	56	42	58	341	277	8	190	246	477	45	43	112	3	117	73	164	4	518	297	224	131	150	102	117	283	105	37	466	169	1000	323	307	93	29	196	126	36	80	122	199	86	433
V233	197	90	202	405	13	7	279	10	127	557	309	931	71	167	121	74	127	149	344	98	343	25	18	263	181	270	19	353	12	47	82	118	48	97	47	26	81	86	110	414	21	80	128	91	345	179	209	129	84	81	155
V234	355	146	269	290	353	180	11	508	574	143	65	63	220	64	189	163	354	3	346	783	284	190	520	323	319	405	309	11	161	303	185	521	519	131	307	261	498	76	129	12	22	61	600	14	10	213	52	49	54	151	280
V235	105	170	15	21	87	99	123	185	180	282	615	69	167	196	249	11	169	159	267	92	225	51	392	142	153	168	43	34	2	198	73	271	522	367	31	395	562	31	148	140	119	47	617	54	187	23	364	484	483	109	149
V236	131	360	156	19	34	32	123	56	24	332	125	249	237	338	209	14	35	53	186	81	27	61	74	88	276	421	36	129	116	76	35	25	7	119	390	10	112	40	466	88	182	432	5	18	20	188	118	149	75	99	180
V237	16	31	216	508	130	5	74	576	646	93	0	30	141	70	117	576	280	380	184	24	245	123	270	430	20	31	19	1	118	432	65	38	5	484	282	75	11	17	167	122	666	62	61	423	82	180	150	66	222	112	36
V238	0	161	68	465	431	350	414	99	441	258	80	335	455	109	13	46	67	188	498	43	313	105	194	61	142	61	8	15	782	100	364	518	46	14	46	769	289	71	273	299	82	50	111	379	26	96	58	142	253	710	91
V239	397	527	110	29	54	13	233	31	75	199	428	480	524	68	119	49	88	152	551	30	29	14	18	65	102	320	487	466	153	410	264	279	26	0	0	50	56	261	69	46	23	97	1	90	117	183	533	37	734	72	429
V240	143	80	222	485	253	764	182	36	41	128	330	161	88	267	142	183	88	268	33	539	368	195	20	120	57	476	323	347	112	144	53	297	278	205	629	60	209	314	69	285	0	471	331	285	343	41	125	115	224	257	133
V241	224	103	289	100	496	393	140	16	218	207	180	196	100	75	674	276	120	262	728	118	139	170	69	197	6	528	98	178	288	207	480	333	680	75	440	41	337	38	123	14	790	176	195	224	362	138	270	312	266	427	163
V242	53	462	535	94	182	92	595	12	102	539	424	123	134	165	117	276	137	172	263	99	1265	30	236	27	70	763	172	431	668	191	181	75	4	150	510	736	53	18	67	72	218	10	286	202	1339	213	16	163	98	198	233
V243	51	8	96	58	152	105	46	122	288	40	382	267	45	54	3	147	294	137	156	297	888	42	58	42	159	114	583	113	372	15	109	106	216	1073	237	354	253	35	10	353	151	108	30	96	88	103	354	299	281	231	53
V244	24	62	185	716	253	152	654	37	308	24	168	267	175	0	41	540	113	111	274	66	24	346	638	89	251	311	14	9	130	109	395	120	226	354	15	441	437	669	317	336	229	95	148	262	30	211	120	223	84	6	52
V245	22	291	651	66	139	105	97	492	233	186	21	27	163	785	77	525	180	192	96	195	477	56	52	3	90	127	123	101	168	336	16	346	56	49	231	188	147	339	92	98	115	148	235	69	678	3	149	509	106	247	122
V246	362	172	37	82	64	75	44	14	83	186	7	140	78	393	55	1361	267	267	46	161	1	350	406	149	463	73	336	27	131	158	9	3	251	48	170	24	128	470	51	417	556	0	83	121	301	168	42	254	182	156	288
V247	158	261	126	70	485	358	287	132	396	72	475	173	306	310	43	12	91	243	116	412	48	224	181	11	264	216	34	162	26	46	372	31	60	146	152	392	1062	565	751	144	95	93	137	75	815	6	65	225	64	290	200
V248	135	194	350	122	183	236	948	189	284	751	140	351	3	163	42	193	183	175	48	8	130	293	67	141	1054	32	905	143	372	572	14	194	110	13	83	79	30	125	850	242	58	269	709	41	67	131	13	77	11	83	141
V249	245	273	1	770	13	121	458	329	105	42	144	778	3	315	4	56	24	76	153	52	564	66	89	124	46	125	370	59	49	164	176	300	135	1034	306	3	100	320	38	2	101	42	22	351	71	93	248	148	27	277	270
V250	191	22	281	245	3	118	283	7	215	310	181	123	2	535	18	135	20	736	735	168	519	278	11	136	471	88	26	192	665	159	181	148	73	63	590	745	33	192	41	282	136	4	93	457	128	19	22	165	72	21	114
V251	745	29	7	9	289	175	64	135	407	25	165	13	91	289	66	36	48	844	3	434	17	438	131	332	200	411	106	54	51	253	324	530	76	400	294	71	310	148	518	622	376	40	201	462	120	5	164	185	141	650	492
V252	108	94	38	67	4	726	227	173	66	7	74	109	194	107	96	10	161	150	169	126	97	62	357	504	8	1	235	55	191	34	126	707	562	115	8	58	80	14	226	163	151	390	8	72	95	54	82	324	80	314	98
V253	326	69	67	211	397	63	37	63	93	297	136	479	369	3	58	18	137	199	23	31	35	904	33	32	496	118	85	262	337	53	163	73	85	333	20	619	227	147	7	248	249	98	530	71	84	387	238	682	39	147	216
V254	146	515	95	38	4	35	14	82	398	70	185	80	48	40	95	96	28	372	357	55	447	302	348	155	201	128	3	568	50	82	149	329	315	211	414	76	112	108	30	249	328	942	307	24	222	215	517	592	564	831	267
V255	57	431	477	6	131	147	1101	596	58	643	178	81	204	17	710	9	145	169	129	11	420	90	127	574	140	228	153	84	52	116	89	67	92	200	142	146	94	24	63	130	272	117	170	24	526	355	68	34	119	558	181
V256	75	5	53	138	8	434	586	280	149	291	390	80	127	251	52	186	56	320	766	169	120	291	17	254	127	41	28	238	471	119	60	128	79	93	270	52	28	717	572	66	671	115	285	274	70	90	98	1005	536	44	68
V257	330	499	147	319	8	12	42	84	351	160	41	298	19	214	64	246	148	686	516	72	45	171	131	34	6	344	45	58	108	51	299	107	313	69	130	142	81	65	154	103	535	529	50	27	121	200	141	243	110	122	340
V258	50	11	1	67	262	413	116	190	34	166	64	120	609	216	63	136	16	195	233	111	631	62	163	76	62	223	980	657	292	235	285	170	74	153	100	157	306	109	76	399	34	39	14	1	322	224	175	266	158	113	47
V259	2	405	298	16	230	6	136	347	124	507	75	334	19	266	108	313	13	125	343	133	98	84	165	627	4	19	3	133	323	47	12	91	28	183	168	246	205	221	837	439	67	353	207	28	98	65	77	122	22	105	159
V260	371	46	88	374	173	398	196	72	27	31	561	2	159	109	140	375	27	88	163	115	0	414	52	122	79	90	256	7	253	225	361	274	268	74	3	87	382	281	363	31	304	127	391	477	167	81	493	118	334	89	252
V261	146	58	303	29	348	680	197	867	80	107	259	738	31	331	65	119	271	291	50	142	89	198	12	31	134	31	240	243	16	9	9	227	550	103	440	398	370	359	207	66	280	157	82	204	367	12	123	214	74	164	143
V262	82	15	97	36	588	57	358	357	233	262	82	111	58	264	107	226	271	242	757	224	129	124	41	13	134	974	0	112	168	385	93	249	55	191	698	58	71	39	36	123	79	61	115	232	374	58	481	54	32	47	80
V263	169	618	295	225	296	414	38	416	71	36	222	523	15	210	202	125	15	619	211	107	63	22	278	462	50	18	347	81	145	62	22	344	43	172	4	179	300	142	250	612	43	48	66	251	78	287	148	406	456	2	307
V264	299	287	226	177	172	39	448	121	649	110	627	234	39	71	76	172	59	368	50	152	424	89	5	3	112	182	180	962	528	105	83	81	229	58	738	751	404	335	22	420	507	199	188	109	344	75	389	199	536	238	292
V265	492	145	237	162	143	112	36	100	39	43	16	244	1517	89	320	256	474	151	210	176	746	9	7	229	54	3	141	39	256	170	35	36	235	29	157	368	58	398	92	453	20	25	112	278	161	348	67	310	290	197	337
V266	91	603	117	602	39	150	320	152	27	34	408	155	260	111	234	281	420	128	306	598	35	247	59	248	16	238	638	107	267	34	267	164	9	36	488	110	24	61	2	87	24	134	19	113	190	19	54	114	21	346	248
V267	77	205	95	271	27	33	23	519	120	71	34	251	56	1132	187	50	341	9	31	201	25	0	46	217	150	146	68	350	174	301	134	255	222	570	291	22	70	447	370	117	354	86	44	25	126	567	538	2	3	265	129
V268	149	269	148	54	485	123	810	253	125	35	128	22	119	300	8	5	25	24	97	421	399	81	250	100	320	48	448	15	32	113	31	56	38	708	390	129	217	57	492	406	164	304	36	24	354	868	152	198	151	104	193
V269	593	267	32	183	38	230	488	15	118	123	162	302	96	82	354	35	16	51	23	86	63	113	249	231	893	82	112	169	343	279	26	93	193	250	239	51	324	178	298	118	79	138	294	344	7	49	61	85	136	321	447
V270	53	61	50	28	364	28	45	82	6	80	259	454	73	93	98	50	77	151	527	65	77	421	184	196	298	64	267	242	55	1	23	94	25	118	76	71	146	119	145	492	49	139	29	0	297	247	96	359	38	81	63
V271	87	98	359	272	7	59	22	74	677	198	31	19	340	359	230	37	781	42	116	49	5	514	821	181	125	196	202	320	28	56	511	277	33	97	264	175	33	65	154	2	215	292	182	537	180	186	809	55	447	239	93
V272	154	462	209	15	151	565	155	152	106	156	375	6	194	243	129	58	23	180	187	25	99	49	75	638	162	137	47	166	200	146	10	328	450	196	18	0	43	176	227	27	20	319	80	581	242	200	561	605	161	87	261
V273	121	376	236	50	44	172	214	111	76	129	468	43	413	582	14	150	745	205	51	538	17	140	469	79	156	17	103	59	1	347	580	483	426	58	106	203	251	45	40	5	98	209	200	61	144	240	906	268	86	87	203
V274	46	54	128	154	420	60	119	20	50	133	9	204	287	3	84	459	25	240	587	75	81	51	188	25	126	326	97	330	188	24	328	181	88	48	47	39	208	324	299	187	115	194	31	134	6	40	284	88	430	2	77
V275	2	110	138	67	308	174	239	32	74	140	95	65	259	191	236	82	217	58	9	45	225	122	206	13	80	144	345	521	9	194	193	95	121	56	23	323	39	387	219	664	915	36	316	234	78	193	149	97	99	254	43
V276	37	144	11	180	575	284	107	30	149	389	220	180	90	218	15	55	32	274	332	412	65	258	141	637	2	143	331	241	86	197	88	208	229	347	110	187	90	154	139	220	181	38	403	27	57	119	49	75	380	505	79
V277	543	264	57	122	72	55	4	84	460	379	98	501	470	544	157	93	11	141	243	91	645	239	113	59	240	224	222	103	102	1206	137	513	343	28	46	12	396	396	414	669	205	152	85	135	26	220	617	62	160	205	419
V278	385	55	470	62	1136	51	130	79	116	165	362	182	142	13	139	372	329	5	76	38	65	70	170	677	158	104	467	154	601	86	379	583	480	113	72	337	73	554	327	132	505	297	157	231	1	57	3	844	210	87	253
V279	168	289	417	26	250	345	24	243	44	332	106	405	132	46	79	198	101	70	121	431	662	343	552	115	127	56	14	162	89	294	155	55	29	324	131	30	53	105	5	278	546	55	1129	13	82	39	15	56	314	249	197
V280	118	303	275	526	247	323	79	515	231	38	102	267	127	197	378	355	79	252	48	64	58	112	260	297	51	17	170	342	69	1047	332	37	346	196	102	944	422	931	135	64	10	980	218	778	293	88	56	270	266	343	210
V281	199	62	35	261	167	8	36	194	24	61	137	5	8	116	280	24	74	4	27	139	330	76	279	2	97	196	549	148	199	109	702	21	21	119	392	116	521	33	325	100	111	71	30	291	68	82	98	147	126	56	153
V282	42	31	225	101	6	104	64	134	139	146	92	171	63	90	449	164	112	56	192	24	49	46	140	980	343	110	38	186	384	503	195	162	172	90	79	10	351	625	386	6	93	51	114	103	501	43	84	194	52	49	50
V283	535	389	463	2	190	276	372	21	445	10	526	100	194	265	461	47	10	458	140	128	22	123	144	426	167	466	109	860	33	389	636	2	482	121	569	1071	130	78	293	341	127	81	135	95	33	482	429	366	413	181	481
V284	522	118	239	205	162	601	179	70	9	436	32	23	135	438	65	698	122	14	50	135	137	186	156	56	34	120	31	69	133	9	4	39	552	215	113	103	266	90	202	192	350	74	63	53	235	330	107	256	71	27	391
V285	119	293	49	151	56	77	231	261	492	14	23	101	41	719	222	140	200	78	212	64	20	108	142	419	63	67	12	18	66	304	433	75	49	174	209	390	191	156	19	657	82	223	179	20	117	221	351	107	114	57	179
V286	244	52	6	567	11	227	84	105	93	145	177	241	82	11	413	145	142	184	7	107	175	68	51	11	29	435	134	373	142	26	265	83	398	68	112	134	26	44	284	55	252	160	50	576	77	201	93	279	597	456	191
V287	10	468	24	92	49	204	835	20	397	59	207	315	71	396	651	119	26	40	6	236	2	58	1	346	178	494	15	7	302	109	231	162	56	77	27	163	550	133	167	248	7	28	38	79	311	172	452	30	603	502	182
V288	37	132	100	346	117	509	418	49	103	128	157	286	210	187	146	174	284	155	329	454	11	663	338	615	256	42	173	195	436	210	40	123	54	111	266	182	179	245	249	187	54	20	10	382	411	47	44	694	95	388	87
V289	210	257	108	7	129	22	8	54	152	32	100	1	169	585	53	5	30	14	273	85	192	334	162	24	74	251	206	48	136	33	144	435	22	100	93	100	121	129	172	120	36	61	177	77	235	123	18	229	153	392	204
V290	195	221	237	83	488	12	22	329	352	21	145	270	102	31	267	243	81	71	102	344	349	403	130	226	405	289	343	258	202	551	40	478	224	22	187	44	89	5	306	8	276	405	48	459	342	394	262	9	22	222	219
V291	175	81	103	68	228	77	74	80	55	257	26	65	56	51	285	30	593	120	53	39	340	481	51	130	152	83	397	253	115	60	345	53	3	183	827	47	221	6	183	178	69	172	189	29	220	32	38	181	5	612	141
V292	52	49	237	59	294	182	66	318	508	82	265	340	72	351	167	59	240	625	129	189	78	11	40	113	183	11	420	15	6	25	19	833	146	165	51	30	36	47	59	362	163	105	233	208	232	364	240	124	253	87	59
V293	282	133	323	374	39	271	173	20	700	280	130	389	195	1010	72	118	502	22	302	96	222	207	280	211	66	44	14	200	99	293	111	77	253	47	617	206	309	214	312	268	222	158	153	26	103	121	130	126	279	408	264
V294	980	14	5	275	720	51	572	61	77	9	542	359	11	203	528	168	99	120	140	102	79	239	77	15	60	14	3	35	96	88	18	552	18	21	102	407	92	579	89	202	481	461	312	70	22	48	172	64	85	416	627
V295	199	524	290	85	194	223	230	25	212	83	13	112	123	11	134	21	202	160	292	105	220	199	74	30	926	7	451	36	181	29	147	284	21	58	83	5	133	95	429	129	207	85	154	17	309	56	170	135	469	133	297
V296	30	169	68	155	116	742	93	195	102	77	313	1	166	133	41	1172	335	215	14	42	22	180	89	141	148	466	179	229	213	86	55	68	9	74	78	22	224	43	362	227	160	260	266	238	77	147	19	187	140	168	90
V297	15	295	480	245	51	27	108	478	11	1622	168	16	176	42	67	567	113	89	48	523	155	157	41	176	29	145	47	246	57	362	280	34	128	229	150	295	120	2	247	250	117	57	72	347	411	1	429	474	219	195	136
V298	274	260	20	79	246	324	277	370	537	311	910	118	40	2	451	257	39	391	376	215	12	32	418	398	95	9	4	227	40	37	222	44	77	440	79	849	32	329	109	169	292	581	176	84	18	18	103	0	46	393	259
V299	65	133	110	386	87	539	827	574	32	25	18	100	186	73	3	833	232	343	379	84	143	175	71	7	43	73	35	279	103	65	269	409	23	153	165	74	148	128	475	272	126	708	97	70	26	352	62	27	74	286	109
V300	21	320	71	31	377	53	142	251	252	586	35	22	4	339	9	66	27	566	141	15	626	56	275	51	17	18	122	83	7	118	307	196	79	75	568	155	240	252	148	101	139	51	47	106	100	144	183	78	431	345	120
V301	311	68	107	76	206	74	108	578	135	511	134	143	105	81	295	375	173	102	257	91	4	134	84	246	118	27	69	72	560	266	85	261	200	401	59	328	12	111	346	435	129	653	19	79	191	667	29	89	399	103	209
V302	526	86	38	38	174	13	5	184	115	82	62	121	902	13	52	21	76	215	20	14	379	38	666	84	80	29	430	148	282	224	99	4	183	71	190	227	220	186	3	570	1194	359	495	17	5	480	299	122	36	159	340
V303	22	295	354	252	43	224	248	194	141	240	510	659	86	173	156	146	145	49	299	83	34	34	30	112	137	132	93	605	27	103	674	46	10	70	100	195	484	6	64	10	116	52	338	227	97	110	14	115	308	112	117
V304	32	137	218	23	656	50	130	71	87	151	597	622	279	184	183	590	28	266	516	98	48	284	28	348	151	762	194	354	1078	322	293	155	186	588	170	111	31	76	193	103	55	149	1064	268	74	73	60	57	208	166	78
V305	210	44	125	424	55	99	130	35	5	81	75	163	18	206	608	689	32	285	775	250	53	119	204	198	38	248	208	423	132	387	71	324	759	104	649	215	120	55	75	853	60	93	168	52	104	369	219	22	373	127	172
V306	200	197	478	9	35	238	49	200	126	497	40	32	553	38	96	23	11	56	158	179	256	377	49	269	148	294	503	125	23	59	511	74	519	181	28	302	112	416	226	102	100	313	25	51	178	54	233	714	156	331	225
V307	84	52	16	155	51	407	327	287	222	38	139	212	40	43	18	30	482	197	279	245	251	226	258	47	5	204	115	131	59	117	148	214	51	34	23	22	11	602	182	66	884	150	272	293	526	54	3	216	73	764	85
V308	32	46	118	304	235	63	10	55	138	119	391	30	423	139	7	21	390	120	7	553	488	559	235	81	697	37	126	20	133	21	602	131	169	394	487	93	260	86	11	450	350	227	51	244	13	2	269	240	520	81	62
V309	368	94	244	259	480	285	99	69	713	171	56	90	189	11	179	100	194	98	554	3	495	88	254	233	2	376	52	416	255	74	408	33	133	172	312	163	299	111	138	299	240	546	367	53	460	169	769	4	333	165	283
V310	324	306	11	251	25	10	128	11	221	308	216	34	130	139	213	139	16	919	36	325	330	217	84	787	74	106	42	102	83	53	103	22	462	203	174	7	154	110	103	20	66	584	62	426	220	368	206	32	128	24	320
V311	166	282	158	49	13	8	327	389	226	487	644	48	621	24	14	94	41	473	50	116	590	384	287	0	382	150	162	470	204	3	404	977	83	571	97	44	306	254	425	247	82	356	241	180	311	43	153	119	284	220	203
V312	101	82	302	763	208	130	353	932	94	110	170	82	21	446	2	52	412	345	1025	320	221	34	522	62	51	13	265	182	20	116	45	117	97	722	48	75	303	9	62	165	958	154	297	799	317	89	85	94	6	32	126
V313	48	64	128	102	27	15	274	147	104	348	80	456	174	256	125	431	80	338	693	10	188	55	177	396	180	458	19	472	11	23	384	120	29	395	86	229	458	46	167	215	32	79	17	153	237	124	63	223	66	90	89
V314	104	401	177	8	35	122	178	94	83	118	131	515	108	223	72	163	396	45	50	77	413	7	617	13	4	76	29	62	8	206	32	88	97	72	414	76	327	206	211	57	92	11	50	96	4	317	8	10	122	259	197
V315	5	286	119	336	244	119	140	158	467	252	861	70	108	34	471	380	247	244	78	32	78	24	372	465	91	219	30	247	44	99	246	48	434	103	276	209	859	391	360	191	68	636	182	913	437	355	227	137	507	234	140
V316	17	387	98	136	241	96	172	178	174	194	84	141	26	31	76	1210	37	154	307	498	1019	45	98	292	199	533	126	80	164	105	137	232	253	9	3	299	289	57	464	240	502	31	70	49	36	78	84	419	44	126	157
V317	4	222	172	62	15	71	6	108	166	243	2	153	177	60	222	924	371	456	32	61	735	442	213	202	0	151	62	2	5	272	52	204	31	59	439	329	185	89	37	335	5	294	15	224	14	2	568	148	609	11	101
V318	130	63	520	153	149	279	288	147	81	295	20	166	259	4	132	142	320	326	218	235	304	134	183	49	80	172	22	176	53	244	490	297	286	83	12	165	650	41	630	308	394	80	173	24	228	554	137	162	403	153	109
V319	87	863	146	409	3	87	7	567	165	421	184	175	89	75	150	2	30	97	29	103	71	26	127	3	49	96	52	118	168	631	337	879	114	125	170	80	20	39	239	5	257	75	6	79	150	143	384	267	10	178	302
V320	320	235	611	201	45	1	196	25	193	58	630	49	373	376	340	224	229	38	382	66	117	38	52	25	543	103	86	257	754	197	377	128	47	309	154	8	191	145	18	47	138	191	204	422	103	412	213	110	304	223	268
V321	93	375	331	134	243	57	125	18	44	6	875	67	106	35	318	39	333	491	205	139	239	221	380	128	59	97	336	194	286	74	495	19	20	363	382	2	77	283	314	242	224	301	602	50	10	24	78	406	193	479	170
V322	192	217	475	94	509	32	20	459	129	10	87	127	352	6	104	74	0	24	65	26	132	73	143	272	93	39	15	943	105	127	74	16	192	134	560	69	99	95	680	121	1	703	466	500	384	345	401	681	266	145	218
V323	373	1383	74	441	400	181	105	264	287	9	202	174	312	96	108	87	29	59	188	128	420	878	53	87	273	180	254	692	10	146	176	180	522	103	92	74	130	199	26	153	20	28	46	584	18	41	72	101	329	24	633
V324	386	101	425	369	182	6	302	506	408	128	49	40	319	159	256	4	96	342	47	110	357	293	35	474	70	4	387	63	96	355	8	399	157	413	97	138	272	434	634	379	251	299	187	113	148	77	254	24	44	21	255
V325	399	206	308	848	4	368	188	127	117	55	11	424	193	107	175	310	178	539	509	171	94	173	67	208	378	99	789	391	151	48	57	76	114	68	429	367	68	257	250	152	57	282	21	28	410	21	119	498	55	682	336
V326	68	110	259	20	168	467	203	463	173	179	170	443	182	471	107	274	91	164	3	91	344	161	336	109	237	386	70	241	79	109	72	259	456	586	67	389	154	20	310	618	296	63	117	26	209	635	204	159	161	334	108
V327	110	234	30	421	134	24	224	38	590	41	231	107	967	594	123	203	97	16	60	57	205	176	74	46	614	79	250	524	4	311	231	166	357	102	86	2	42	2	48	238	0	379	10	27	2	416	14	319	1545	813	150
V328	123	36	10	245	104	395	567	137	149	665	26	126	63	60	459	76	104	255	624	77	259	276	21	126	75	2	129	47	239	310	334	839	66	528	81	685	38	140	10	243	86	138	598	33	221	266	100	266	131	65	113
V329	99	319	179	17	133	63	2	380	64	127	326	270	60	190	119	404	15	229	155	166	149	353	377	331	228	234	161	239	60	41	472	26	213	293	69	475	14	75	163	184	210	341	66	670	41	136	647	449	39	31	192
V330	54	19	5	44	1	158	17	56	742	332	155	1	128	688	436	154	113	63	108	266	153	0	398	614	100	40	88	763	2	552	103	87	928	28	252	171	13	181	2	128	592	203	11	197	27	150	162	459	75	11	56
V331	15	41	149	118	50	434	280	171	306	45	305	157	343	220	279	268	79	630	98	19	129	262	4	24	614	791	114	0	153	321	101	185	7	60	225	294	65	185	208	198	246	663	73	84	138	46	134	242	19	73	23
V332	1	5	5	16	188	101	438	254	20	95	220	238	598	16	519	258	156	336	5	112	95	368	2	43	182	225	342	540	82	70	9	76	90	289	173	250	199	80	338	315	34	468	94	70	239	336	30	154	121	23	13
V333	225	119	489	484	43	43	23	295	161	220	161	15	2	75	44	684	129	152	354	128	27	116	28	22	222	154	159	555	28	573	106	207	9	280	143	150	9	237	71	9	29	710	196	229	249	54	320	0	203	138	178
V334	56	169	77	66	449	82	41	38	150	184	44	67	214	169	5	3	5	59	276	618	122	34	38	70	29	495	197	79	327	255	58	198	73	323	140	5	289	23	538	143	330	31	224	21	732	236	71	223	408	144	100
V335	213	30	422	374	111	112	96	88	183	453	200	205	484	23	313	424	142	229	54	122	61	980	83	52	14	159	1	7	450	202	8	182	242	104	117	353	20	18	129	281	197	338	555	241	159	20	47	75	711	294	166
V336	78	342	591	35	346	41	29	54	225	97	182	452	310	213	337	69	40	2	86	6	93	28	17	197	11	250	123	109	146	23	9	166	60	475	124	10	0	146	6	14	91	31	62	144	209	97	311	34	122	49	155
V337	496	37	47	32	489	178	46	394	213	180	251	461	229	422	212	476	234	707	101	10	73	55	94	432	251	51	162	87	3	28	61	14	260	1073	74	7	59	40	336	121	95	110	324	35	316	491	52	467	75	137	323
V338	14	309	229	681	99	130	105	123	285	144	543	129	382	103	10	1	49	52	75	36	319	3	13	27	28	139	79	11	4	18	119	9	77	82	26	58	69	72	42	49	231	164	501	36	84	263	106	13	1	136	127
V339	18	394	81	404	317	65	20	170	441	81	331	246	586	712	42	11	285	21	18	312	27	267	138	163	183	232	58	210	136	124	277	478	135	135	765	1	489	436	284	32	432	270	385	620	34	13	328	429	316	15	143
V340	458	314	370	277	179	280	276	252	71	215	37	80	55	112	441	156	336	73	69	29	289	699	189	737	23	488	143	2	496	2	120	40	26	145	68	140	118	250	115	255	54	77	92	188	129	46	110	82	135	280	351
V341	290	142	35	242	141	114	69	172	272	20	37	230	67	149	1009	146	42	127	103	53	139	844	181	124	234	7	126	289	268	55	170	29	303	291	142	41	13	334	105	347	13	16	178	24	90	195	164	75	35	112	222
V342	383	125	161	98	64	268	207	45	105	342	155	65	593	37	86	272	112	16	426	162	73	293	159	25	199	59	106	593	173	88	56	459	99	84	369	55	52	56	58	239	50	3	95	285	489	95	69	146	34	63	304
V343	455	578	190	23	644	89	39	198	4	1027	402	239	263	38	155	384	134	43	869	250	15	983	99	331	218	62	28	149	82	162	122	212	248	14	201	48	390	118	523	151	390	125	433	625	0	109	28	68	41	291	456
V344	80	103	1	63	343	139	342	64	662	16	70	66	53	121	139	89	30	218	165	179	121	224	73	151	545	159	1052	694	191	71	245	36	658	246	38	122	51	532	228	25	201	135	348	372	22	27	980	411	254	239	102
V345	37	54	1141	89	594	239	95	364	266	232	274	285	320	139	111	45	106	74	239	179	131	32	30	109	115	5	271	856	644	424	321	24	135	1	71	374	41	84	365	334	16	60	27	211	68	373	262	140	16	189	63
V346	4	207	694	363	215	34	27	143	19	508	34	41	201	97	57	202	372	1127	16	6	4	167	1	7	380	120	194	198	458	65	60	141	21	7	93	38	266	292	189	422	217	251	422	136	398	305	151	251	290	32	82
V347	138	465	176	334	1443	416	46	179	389	181	149	55	178	307	106	415	573	83	82	221	89	77	31	254	1483	6	129	114	90	24	142	358	118	49	10	3	67	119	199	137	124	48	505	45	730	94	50	104	71	368	279
V348	46	365	633	423	211	73	251	212	329	135	69	506	47	428	96	185	199	7	33	129	193	234	347	53	378	4	226	96	167	71	316	2	13	57	151	33	96	122	330	84	22	51	134	126	268	128	58	182	774	46	170
V349	156	0	63	377	9	271	150	219	16	246	129	32	222	58	222	336	757	150	107	165	154	474	170	9	174	17	125	651	22	56	77	23	120	31	0	29	323	22	26	108	41	220	155	277	588	58	665	78	342	39	123
V350	164	30	18	58	82	202	35	377	142	174	248	6	45	366	65	52	41	306	261	467	57	12	146	394	94	299	298	56	423	52	372	88	186	176	157	101	115	119	569	144	155	284	259	3	170	218	42	14	112	97	115
V351	216	577	341	481	152	40	71	189	141	13	158	414	224	254	114	423	291	179	515	11	86	155	430	264	38	519	140	56	221	208	173	104	189	268	132	315	190	140	85	54	211	83	80	226	45	96	62	26	77	82	301
V352	173	389	23	122	46	0	28	25	57	134	79	193	307	172	87	152	22	298	104	146	69	182	84	144	121	275	202	185	311	91	123	152	46	71	727	234	39	187	160	98	19	588	12	189	59	409	69	25	32	79	234
V353	23	573	123	10	179	93	36	628	81	186	114	0	309	90	316	166	173	69	277	30	108	34	120	120	491	56	40	20	171	376	17	142	20	234	77	192	16	64	310	72	35	276	102	26	29	108	370	24	467	373	215
V354	56	32	31	73	46	234	226	24	179	670	27	227	47	138	33	168	45	17	79	333	200	155	10	252	8	69	421	85	26	377	40	70	95	39	54	125	391	0	404	21	16	367	547	101	143	11	253	162	496	100	66
V355	15	392	113	144	59	61	113	453	38	225	68	155	93	17	67	98	11	169	351	304	106	116	144	43	846	338	250	237	198	20	34	189	11	279	181	397	162	45	155	65	2	226	46	47	237	17	27	54	180	86	150
V356	2	246	102	28	13	94	546	69	60	132	31	461	219	97	83	123	24	282	31	1234	39	384	37	47	213	200	364	38	68	105	142	170	294	76	31	206	447	133	173	106	144	256	386	221	160	162	111	387	24	136	113
V357	70	232	422	291	371	255	64	36	43	96	390	131	71	1207	100	339	206	71	28	18	17	3	669	726	13	335	75	54	18	280	44	72	423	89	473	47	260	99	176	126	122	307	102	39	137	110	118	245	47	364	128
V358	435	48	16	311	9	168	171	38	43	101	123	291	46	270	234	486	100	41	115	197	35	156	181	54	258	55	479	128	46	973	206	283	566	235	346	284	142	252	350	370	17	4	161	33	17	37	86	95	220	137	304
V359	403	101	210	113	60	595	460	64	245	126	292	117	364	393	166	3	63	599	2	493	304	302	98	387	28	78	22	110	18	241	66	6	126	103	447	10	499	304	352	109	983	353	159	60	206	168	199	496	199	113	287
V360	137	4	35	1012	21	333	127	361	103	152	65	81	392	484	158	193	419	366	80	152	166	9	60	39	23	311	237	57	76	367	97	13	34	214	114	42	113	688	19	220	13	42	72	273	162	32	84	65	480	191	96
V361	75	433	112	196	135	209	97	150	63	147	398	445	221	141	54	15	768	172	20	223	350	24	544	83	192	233	13	189	34	47	277	5	291	165	254	11	50	35	274	11	58	268	27	85	153	58	84	135	21	25	176
V362	432	52	5	245	361	284	312	194	44	176	41	25	411	32	273	25	143	393	77	253	521	315	3	150	1132	376	127	438	184	340	262	91	35	39	154	189	528	415	192	940	78	42	21	0	236	440	230	291	82	174	302
V363	106	98	229	383	18	89	169	92	84	35	64	140	449	3	158	609	596	296	24	314	184	273	488	189	5	445	146	818	26	2	40	474	6	58	119	193	104	1311	20	551	39	49	6	96	598	16	11	361	548	54	115
V364	126	127	2	60	193	112	1036	97	370	213	275	34	228	29	179	136	96	301	251	48	17	105	4	81	175	182	1374	288	477	136	111	256	16	37	55	148	230	92	333	551	215	142	198	163	42	160	61	86	51	244	131
V365	313	539	403	21	112	703	167	0	19	232	190	580	99	353	1	210	121	260	5	109	288	122	14	88	248	256	1006	18	268	114	69	91	297	243	64	12	91	326	467	317	314	0	177	62	67	184	9	17	130	19	356
V366	111	2	66	35	166	38	310	60	22	1248	189	53	20	31	260	218	527	152	53	56	111	331	17	68	57	230	99	43	157	26	21	363	235	226	123	86	239	176	5	166	47	15	139	340	17	60	30	148	12	38	103
V367	139	113	9	8	308	207	243	94	81	337	276	150	21	310	102	157	15	870	135	295	64	333	154	288	53	100	470	142	73	472	239	15	348	314	55	98	124	165	229	472	232	245	503	13	237	75	25	232	367	104	138
V368	19	164	8	223	599	287	388	36	284	58	92	19	84	356	127	67	51	23	212	33	42	11	189	875	54	39	123	214	68	83	41	3	121	83	226	385	242	71	359	691	787	169	81	342	24	351	119	19	301	345	64
V369	418	332	28	55	173	33	62	1	221	340	35	25	54	44	137	227	345	518	15	621	256	121	461	84	225	10	65	258	72	26	232	140	77	36	27	213	36	274	115	13	13	101	38	487	42	155	178	512	371	110	342
V370	46	225	39	891	290	418	1	85	62	118	36	31	203	171	208	58	351	29	89	151	227	142	735	55	288	704	37	509	66	20	379	53	11	151	15	777	58	477	127	37	34	239	85	342	208	226	10	92	177	10	107
V371	43	243	323	501	514	8	27	137	108	54	64	164	245	121	225	61	4	28	133	76	21	401	554	236	216	34	120	93	315	163	154	289	180	221	44	113	276	197	269	131	255	171	944	11	140	1	203	208	29	229	123
V372	447	211	453	167	119	478	2	12	210	37	590	68	129	71	36	30	116	159	292	184	10	116	504	41	290	328	130	2	211	8	74	89	113	1230	192	3	264	312	30	81	408	530	103	33	65	69	651	21	347	198	381
V373	119	77	56	31	59	274	288	320	148	8	207	276	193	317	317	339	77	128	182	30	149	785	54	58	123	17	167	126	93	200	108	0	89	23	94	83	165	61	49	66	12	190	914	254	111	3	198	192	9	60	117
V374	116	80	200	502	414	134	160	836	350	321	777	13	1161	468	421	22	48	228	78	39	133	88	178	37	30	239	201	260	589	17	108	187	220	315	214	32	97	157	94	603	18	381	358	268	26	132	100	26	104	75	117
V375	26	163	477	411	9	207	38	230	55	117	138	28	140	195	111	193	449	409	420	154	287	62	22	176	286	102	226	154	40	19	117	556	38	202	76	280	168	403	61	56	390	9	125	119	95	299	9	589	92	43	72
V376	163	143	215	30	275	915	201	282	557	137	220	341	19	226	28	695	302	108	9	150	92	49	83	36	28	342	87	100	62	100	92	144	669	359	178	15	74	485	105	181	297	223	47	55	163	435	208	297	8	86	162
V377	68	569	676	461	48	67	56	186	8	190	852	193	12	22	240	390	294	75	365	364	786	60	74	170	99	301	14	168	283	357	6	63	208	214	174	61	18	13	104	186	46	32	636	323	675	211	33	62	98	931	219
V378	61	116	203	109	167	20	65	444	227	76	1	36	7	193	17	33	66	94	542	119	104	86	38	460	382	463	282	279	82	277	68	30	110	54	191	268	148	49	243	453	48	319	4	510	411	468	338	176	52	184	76
V379	182	193	438	68	269	301	142	128	50	81	40	203	396	169	143	230	31	20	307	305	1059	64	24	71	421	149	137	162	163	75	273	17	215	110	135	195	593	642	149	425	508	150	266	86	140	125	83	129	747	120	179
V380	232	92	55	215	152	215	512	81	76	15	264	28	187	13	328	305	124	557	58	516	10	45	314	247	180	308	240	114	4	95	56	33	72	732	9	310	107	592	5	73	27	126	397	132	259	781	273	489	174	1	179
V381	767	943	21	80	518	150	196	12	492	159	266	83	168	234	127	177	200	299	304	131	76	82	16	150	190	391	142	159	11	196	1205	888	156	545	217	113	236	288	57	438	97	12	84	89	0	325	32	86	49	408	789
V382	4	29	55	8	56	173	54	171	124	50	97	11	9	551	220	59	19	650	161	67	17	117	291	209	318	99	59	76	286	154	57	21	150	112	310	187	238	438	96	2	321	473	189	418	168	175	157	29	278	16	35
V383	265	1	383	140	42	295	591	339	329	122	96	98	315	31	164	15	264	244	139	412	42	48	569	315	188	21	182	158	62	32	14	68	176	3	168	248	103	532	79	259	229	84	88	112	3	4	578	270	639	581	165
V384	30	375	69	267	70	231	31	1	78	73	206	357	342	53	35	41	894	55	1098	5	230	74	74	4	203	32	218	23	172	357	140	138	77	14	25	127	185	71	0	65	143	44	233	304	121	18	10	504	145	14	140
V385	50	69	127	141	89	219	43	228	189	24	165	14	108	195	218	246	145	92	28	113	223	20	19	287	236	107	185	13	261	19	29	177	147	1351	93	100	512	313	53	107	420	101	258	561	85	283	493	175	371	618	81
V386	350	16	24	84	60	445	88	477	140	49	160	226	9	152	49	136	628	291	277	73	134	542	238	93	237	196	100	49	11	309	122	55	75	10	244	184	16	162	211	192	27	91	1	24	65	317	403	573	358	234	239
V387	12	205	531	103	376	32	226	26	402	265	471	328	324	128	56	7	118	66	20	79	30	516	119	196	71	83	77	34	253	105	654	408	217	289	102	34	278	80	760	410	210	80	368	14	4	4	56	17	28	228	80
V388	141	100	383	295	5	252	232	5	31	77	356	27	70	137	330	100	50	333	74	6	510	590	342	50	62	491	37	53	263	117	53	305	11	163	436	228	87	64	8	289	130	384	14	257	33	461	97	105	155	25	153
V389	146	213	35	667	11	333	236	12	426	318	249	816	232	359	60	84	372	270	53	63	63	265	49	168	48	451	75	318	223	446	71	574	142	83	52	915	221	293	100	101	63	18	121	169	31	715	236	357	8	163	188
V390	325	53	128	350	61	155	57	310	287	188	178	169	31	249	401	117	412	1159	338	381	43	41	88	214	138	63	322	171	53	71	40	271	448	92	180	142	34	259	386	506	108	68	736	212	83	87	189	140	193	150	240
V391	1052	296	312	113	76	34	10	608	60	2	7	23	132	19	159	106	209	1	1198	189	44	292	111	310	61	144	142	97	744	11	294	7	93	121	57	91	56	58	32	136	311	41	154	148	327	341	4	5	38	66	770
V392	9	116	106	243	121	251	51	270	749	58	188	534	163	201	251	26	61	43	115	199	286	278	218	232	84	686	5	195	99	421	469	379	363	469	129	336	115	366	8	227	225	8	68	188	566	40	472	46	171	9	69
V393	74	7	428	259	61	207	288	106	698	135	201	237	170	169	128	202	123	11	55	178	62	155	114	56	531	113	64	170	219	312	33	110	532	242	310	181	135	277	303	298	6	31	151	18	403	51	115	257	253	199	65
V394	163	84	27	98	438	86	20	785	22	42	619	249	95	211	172	175	222	74	96	52	224	67	40	529	611	131	53	64	33	183	100	5	86	23	354	27	180	101	638	59	170	235	492	128	400	97	42	11	170	77	149
V395	19	222	154	291	133	120	64	80	376	413	62	109	364	321	216	171	43	29	39	98	242	56	224	29	150	20	222	86	205	104	25	589	447	181	233	56	36	120	22	67	63	246	2	209	391	58	105	55	53	50	95
V396	173	371	156	291	866	188	43	70	79	37	58	59	78	193	380	106	285	201	719	199	51	370	467	280	33	93	101	31	250	17	273	286	206	305	256	113	225	392	221	207	52	423	107	93	60	104	884	194	318	744	251
V397	52	36	424	39	199	511	17	77	60	114	99	223	5	247	341	73	28	31	19	204	134	8	81	387	90	630	84	210	356	282	194	15	104	337	582	1	2	38	10	89	276	16	88	1164	168	204	384	211	396	186	50
V398	464	91	233	434	284	265	229	118	1171	223	5	677	45	5	104	68	150	398	126	52	313	53	45	208	104	33	272	50	253	78	220	87	153	200	90	365	120	644	64	23	1308	419	572	8	580	250	372	602	187	595	354
V399	173	14	156	245	243	12	112	1	199	165	313	184	232	165	89	692	567	50	143	103	10	424	89	9	53	21	259	397	320	464	300	143	378	194	215	153	137	146	85	154	281	172	255	30	463	52	95	53	117	128	120
V400	561	753	0	275	101	13	23	63	186	60	109	287	67	142	207	320	74	36	21	8	66	105	360	729	350	255	223	170	182	128	211	297	307	202	646	22	463	86	69	294	9	0	151	210	112	20	278	57	47	68	574
V401	544	514	107	262	18	29	150	42	48	142	44	11	51	478	1	16	526	280	251	247	74	287	21	365	115	9	140	83	41	264	908	286	227	546	37	499	810	276	395	63	40	35	147	33	46	82	347	62	245	358	498
V402	99	252	25	33	997	739	38	76	51	104	249	549	1	153	321	138	21	711	157	146	308	153	30	455	602	29	154	120	21	83	358	125	304	219	467	188	115	426	326	45	2	70	67	154	65	362	79	18	76	291	153
V403	659	533	122	829	117	179	12	101	191	383	83	241	91	251	348	143	365	185	0	692	6	299	283	31	71	168	92	160	54	17	86	170	424	178	283	66	245	214	226	61	147	218	78	21	428	74	125	344	198	47	554
V404	253	162	22	265	38	78	266	140	222	67	32	192	43	213	177	118	85	124	38	11	138	130	62	268	374	317	107	446	1037	135	70	560	123	521	165	632	175	54	200	148	497	67	191	159	125	35	154	82	183	3	240
V405	303	23	27	96	78	27	155	587	169	467	20	190	667	12	81	99	180	183	95	511	155	26	143	92	290	80	255	177	468	351	52	71	30	622	328	45	99	187	26	436	96	338	151	206	43	44	293	7	29	69	202
V406	855	19	17	9	33	4	3	23	733	69	70	166	101	61	147	222	138	257	58	239	204	111	319	80	678	148	73	174	102	252	96	306	11	509	87	65	220	381	387	10	193	66	250	111	10	183	106	47	115	3	541
V407	107	8	157	7	293	67	331	202	70	10	11	35	138	293	316	300	807	164	443	91	73	239	493	46	38	361	94	138	162	93	970	76	31	15	447	57	48	361	171	400	397	72	14	153	242	67	1	170	28	90	83
V408	1362	189	855	40	79	21	301	748	101	110	67	39	16	35	333	11	432	55	159	59	30	249	68	446	31	60	26	383	163	202	151	240	613	149	229	97	214	128	95	102	22	20	67	870	26	713	46	540	30	203	896
V409	102	175	5	161	140	291	677	88	28	93	108	364	30	386	33	6	47	143	273	262	16	253	51	196	107	33	19	33	117	130	162	18	83	330	25	32	198	164	132	25	216	45	335	198	2	270	161	47	359	224	133
V410	305	102	230	97	179	293	567	100	616	185	222	124	3	8	59	114	414	15	355	165	1	51	174	115	328	1	50	64	65	28	457	435	49	894	656	378	33	241	138	498	34	202	157	270	137	64	260	191	100	110	259
V411	859	256	140	257	206	100	156	51	371	256	151	109	211	175	407	381	38	0	107	299	256	35	28	263	115	371	114	374	242	16	105	50	81	118	38	235	52	51	131	0	133	398	41	58	0	6	281	231	29	310	587
V412	3	47	201	133	36	183	167	22	300	49	25	96	251	20	67	140	284	463	26	181	423	141	57	248	438	72	176	454	0	61	162	172	117	158	4	196	2	83	6	22	156	370	722	6	86	240	60	146	49	281	25
V413	1	41	24	72	763	515	67	186	47	59	122	183	413	62	204	226	37	236	941	118	14	118	257	9	808	92	25	243	514	195	197	114	145	0	115	30	252	116	40	378	2	135	31	140	41	164	582	447	60	312	24
V414	137	76	595	38	69	31	185	4	172	253	57	29	11	0	308	241	457	9	236	87	175	229	2	247	452	477	24	332	56	212	80	64	113	34	19	45	130	36	222	134	8	124	90	344	364	9	11	4	329	139	123
V415	61	310	80	145	40	109	279	88	81	765	68	59	171	8	403	101	186	89	122	398	74	276	110	436	5	3	440	855	171	30	14	327	120	6	268	58	217	183	72	69	9	77	365	297	9	22	614	60	177	160	147
V416	14	59	51	657	303	848	604	193	13	77	156	50	13	631	58	391	245	220	49	425	104	286	75	135	367	536	177	403	331	100	373	507	47	602	284	99	41	483	0	347	53	493	28	130	207	189	108	174	3	95	50
V417	337	128	650	872	456	822	53	236	208	57	82	144	688	211	89	173	281	227	83	30	39	468	82	85	81	193	126	74	115	214	41	116	365	243	37	172	173	485	270	10	91	54	81	283	475	6	588	340	154	161	276
V418	222	133	557	615	196	123	78	585	531	7	69	55	114	39	159	403	39	86	24	74	402	226	84	835	14	167	169	142	193	254	243	1	173	37	92	171	28	275	21	311	148	149	181	450	43	77	417	53	319	19	174
V419	385	35	439	116	1738	20	656	2	549	187	140	227	135	23	47	8	42	155	7	206	11	62	243	438	1	30	404	243	92	280	315	0	1419	70	135	18	290	172	42	9	150	130	65	84	37	164	159	44	157	13	248
V420	52	619	194	436	104	448	10	405	188	3	11	748	252	39	133	5	49	69	108	152	523	40	462	234	295	412	298	193	48	146	95	16	516	905	39	187	458	302	786	114	264	326	141	134	234	298	320	18	100	191	248
V421	88	195	264	116	575	261	264	35	425	238	575	254	312	245	54	117	1	31	43	292	153	746	29	194	253	378	14	28	4	41	55	823	34	698	130	134	391	162	39	62	5	176	131	128	119	15	497	6	678	287	140
V422	422	59	10	235	238	490	299	46	48	108	763	58	380	31	12	81	0	157	126	12	285	30	240	101	9	354	207	18	52	425	29	27	42	31	86	140	29	278	64	716	379	10	367	226	905	284	196	587	358	124	288
V423	79	507	139	3	109	492	70	61	231	56	655	831	398	175	100	836	74	48	62	63	53	93	276	205	172	296	46	125	75	146	63	90	6	343	35	226	6	19	55	100	150	111	547	32	180	86	322	1	1142	314	230
V424	538	98	95	23	155	186	58	187	258	198	75	315	195	52	463	286	132	3	150	30	229	125	667	81	68	163	758	485	18	13	26	64	337	218	447	35	10	79	352	131	483	16	512	294	27	17	455	369	113	546	372
V425	147	271	158	49	1070	20	241	23	227	199	368	169	116	10	81	19	122	199	116	65	34	32	463	133	627	115	42	54	142	317	119	143	179	385	131	283	147	126	1	130	23	252	159	3	88	243	96	287	137	358	202
V426	243	99	188	149	223	113	18	201	28	145	314	208	176	86	100	76	108	141	235	73	146	93	125	125	17	93	279	4	284	107	268	50	109	364	50	61	114	20	210	248	239	96	163	200	68	245	279	650	202	112	190
V427	168	104	99	3	134	290	167	11	191	148	50	163	158	80	193	284	276	33	140	84	2	178	58	245	57	316	423	267	16	116	36	740	3	192	95	541	209	46	26	39	85	55	268	337	384	208	446	62	9	76	160
V428	23	132	74	106	134	17	19	30	480	168	87	313	269	20	123	201	190	462	119	297	6	123	112	18	159	526	231	206	90	558	99	83	68	261	92	741	105	458	519	326	201	297	201	44	142	257	240	9	46	80	69
V429	136	982	269	68	204	57	137	305	171	28	490	101	314	526	391	249	185	564	20	612	272	482	28	93	942	169	27	285	41	267	64	23	60	58	8	48	87	46	79	47	206	7	136	52	95	188	14	437	27	93	409
V430	57	733	443	15	26	365	46	52	265	2	266	111	126	35	207	36	109	13	28	77	188	51	70	10	17	74	126	128	580	426	233	32	331	41	6	95	62	6	180	213	307	31	257	104	573	344	221	48	613	46	248
V431	236	61	106	108	341	11	218	348	1082	84	493	120	270	531	549	656	50	1060	214	134	99	42	452	3	131	119	54	41	48	60	33	771	470	62	83	54	116	11	58	196	63	103	44	1	304	4	89	246	325	410	198
V432	92	73	33	67	129	108	78	135	232	341	100	65	56	56	163	167	32	495	82	129	83	386	315	17	356	476	15	700	250	447	228	422	196	33	408	419	88	259	89	194	31	529	183	230	600	76	92	210	230	265	105
V433	461	91	159	63	51	337	4	176	303	24	590	96	36	71	382	109	146	294	249	76	101	174	5	187	204	164	368	340	53	67	67	677	19	234	214	61	164	89	74	193	263	330	429	149	58	211	80	53	114	441	308
V434	24	85	102	16	24	216	228	14	420	119	15	442	243	108	124	252	156	22	38	143	29	112	258	205	46	83	210	58	291	116	25	119	392	13	32	130	314	47	466	59	217	134	553	292	152	105	900	674	6	136	58
V435	352	54	16	60	8	34	370	127	196	381	150	34	26	20	305	51	85	162	48	285	160	26	60	158	209	338	446	151	151	66	358	53	140	492	545	14	365	134	210	734	326	454	600	2	218	61	269	415	75	62	228
V436	23	139	54	1114	207	100	53	917	180	93	182	605	44	42	91	1047	26	276	71	368	253	159	35	774	13	209	40	266	22	63	524	319	374	54	27	346	150	77	13	88	135	226	71	453	347	245	80	77	604	186	67
V437	48	108	50	21	21	21	45	371	293	595	240	17	36	104	129	633	187	1213	186	22	0	457	417	382	339	85	74	139	439	146	39	86	187	103	143	0	490	165	127	212	370	369	2	397	209	168	38	250	402	314	75
V438	439	18	76	315	192	165	373	66	150	9	18	260	94	531	10	108	34	108	162	18	11	803	69	1	88	982	30	220	38	91	213	516	158	1	840	40	102	197	182	137	148	148	318	315	10	64	17	0	148	160	296
V439	108	31	370	7	203	249	54	330	97	868	1	55	55	2	23	36	276	615	58	155	47	65	219	203	126	95	122	674	493	31	153	7	25	93	263	443	180	52	64	161	219	180	139	190	83	37	78	239	21	75	92
V440	61	36	656	125	767	228	185	431	255	888	47	139	180	416	574	117	584	29	118	254	970	22	146	45	73	328	2	30	7	592	223	151	3	137	165	124	34	297	68	55	139	22	29	265	765	319	1	97	38	99	63
V441	48	58	206	103	72	100	98	41	139	168	322	123	201	43	91	159	79	68	217	578	214	24	169	219	339	69	141	79	104	139	118	678	535	5	328	736	402	218	197	131	39	58	388	225	26	84	93	290	233	81	73
V442	230	294	10	622	258	166	159	173	264	252	170	327	227	91	7	120	35	251	38	244	95	9	43	346	19	26	50	159	317	488	293	186	186	35	340	651	46	373	18	67	36	213	209	133	227	270	40	46	27	79	233
V443	316	52	37	34	223	83	49	9	375	153	76	95	0	101	35	150	184	555	44	3	159	188	61	139	525	59	96	1	131	290	236	156	190	56	70	68	138	126	21	15	385	48	132	30	133	14	321	313	7	159	175
V444	507	137	45	130	232	31	299	231	167	382	16	91	235	177	73	380	300	187	440	419	58	837	8	19	141	105	229	595	148	121	514	168	79	68	179	45	211	161	21	133	69	82	82	92	141	306	1	111	48	177	355
V445	38	124	207	260	203	217	78	165	276	263	13	71	110	14	30	451	327	354	267	173	196	937	23	23	66	154	724	18	132	80	12	80	309	44	207	56	323	32	13	130	244	244	5	234	134	738	324	305	133	77	67
V446	182	15	59	4	157	19	43	367	16	26	72	176	43	0	42	226	86	37	440	25	272	3	97	375	76	148	499	222	618	68	688	238	30	63	19	8	420	271	186	371	555	159	263	527	131	172	91	49	27	223	126
V447	92	329	67	70	115	61	99	71	811	4	1	267	216	14	143	292	173	142	36	347	333	94	16	9	14	107	40	231	523	272	94	196	48	527	175	267	97	597	84	81	643	5	704	43	568	366	198	234	82	204	171
V448	79	70	271	146	8	315	132	426	84	173	23	484	22	423	462	258	130	24	125	25	471	66	411	38	38	60	7	168	47	265	363	25	90	218	13	10	721	326	82	254	145	1354	114	358	60	70	630	98	162	794	89
V449	194	7	153	221	52	142	11	98	572	57	24	50	165	803	328	131	36	6	313	237	131	4	85	16	162	156	88	89	26	402	198	171	19	18	599	511	164	254	117	29	142	56	4	18	10	609	102	531	469	150	136
V450	227	697	257	136	118	217	8	494	92	16	67	104	93	130	75	192	135	80	149	126	331	240	582	59	300	43	246	81	55	13	7	304	598	305	101	146	497	305	329	19	198	679	107	80	198	81	37	84	32	390	371
V451	245	296	177	77	103	459	49	83	10	184	87	69	277	155	248	167	64	25	264	129	475	87	38	353	38	118	337	23	111	791	49	284	318	127	147	67	102	214	138	141	44	40	256	148	423	142	287	43	62	94	233
V452	552	151	84	37	109	392	30	6	18	7	265	14	255	177	18	35	254	15	89	222	120	26	208	128	180	116	187	168	100	380	88	352	49	280	36	337	408	338	96	161	28	438	256	33	215	85	103	26	229	36	387
V453	174	71	184	91	63	14	813	104	80	163	29	31	168	11	27	51	287	127	88	220	470	118	157	90	24	246	61	179	1069	140	1	695	134	556	481	345	18	313	63	54	127	323	474	40	391	267	106	58	297	485	158
V454	64	20	62	184	14	826	83	411	189	43	60	7	375	31	203	174	127	346	89	182	187	301	214	245	54	98	319	68	146	241	188	205	108	140	35	418	48	141	450	170	84	83	134	56	199	183	425	36	56	742	66
V455	172	416	284	18	1323	198	108	55	79	288	402	9	316	70	371	308	99	551	826	383	54	306	102	63	111	31	175	215	32	296	364	275	17	45	354	19	57	218	221	77	160	168	257	399	35	237	284	8	178	124	246
V456	223	707	107	86	210	204	37	344	243	36	233	9	83	484	288	13	21	31	132	340	579	328	58	6	432	133	98	252	171	316	507	62	208	833	43	101	284	130	172	667	21	118	671	201	238	28	449	62	437	283	349
V457	43	113	235	42	14	330	110	128	75	300	628	77	114	726	31	86	43	83	441	43	0	160	584	10	95	463	647	232	3	58	415	398	276	57	62	52	421	80	204	4	286	327	166	148	183	970	32	50	31	131	84
V458	132	65	625	4	113	477	169	786	331	341	213	8	454	413	16	642	57	113	1	11	60	96	203	360	182	82	337	110	312	69	219	90	57	93	49	48	49	96	49	154	49	20	11	69	1	198	157	15	54	310	110
V459	765	244	66	77	27	59	129	31	108	133	196	83	151	352	189	86	87	143	6	121	271	113	66	265	355	139	83	346	174	395	429	107	83	252	398	363	48	78	9	1299	25	35	394	148	84	260	69	397	107	94	544
V460	597	292	634	280	252	84	112	30	155	96	153	110	87	686	217	695	157	168	12	484	4	92	431	119	287	134	20	219	27	43	218	344	148	300	21	152	357	317	78	74	92	90	324	135	77	36	173	21	324	62	453
V461	335	33	53	192	41	171	22	137	628	27	9	60	286	244	448	38	88	61	18	137	392	137	107	79	244	402	108	251	14	114	86	457	500	606	246	144	11	377	994	72	47	436	152	60	70	451	303	211	31	10	243
V462	328	13	247	184	16	46	96	441	188	45	135	701	90	16	221	87	237	326	215	533	375	57	174	2	28	145	154	136	402	142	367	81	283	249	99	567	10	186	182	26	108	37	345	47	913	70	143	321	4	82	235
V463	113	595	36	67	38	47	1	409	266	2	415	203	118	128	201	7	924	51	2	282	4	69	119	612	278	351	500	353	52	156	110	214	126	550	688	68	224	32	27	21	613	226	5	111	203	39	78	45	327	69	252
V464	16	306	136	16	76	237	89	491	10	441	281	357	420	125	648	32	848	261	92	475	324	262	382	70	101	92	11	20	254	689	69	49	27	285	225	67	325	200	192	98	87	262	169	445	297	140	105	163	75	10	111
V465	194	389	273	107	247	305	703	139	80	14	7	191	4	16	323	120	41	84	14	273	3	31	11	97	451	192	40	61	203	67	106	323	55	13	83	173	97	44	170	59	12	263	83	251	66	192	240	106	196	228	272
V466	89	378	141	282	49	24	11	25	52	35	106	33	13	468	52	116	19	17	420	112	252	189	82	150	12	39	213	340	598	11	41	16	274	1	210	258	132	174	121	2	573	7	271	190	146	14	159	30	209	304	184
V467	25	66	189	217	50	22	127	517	174	462	12	312	222	217	164	286	156	54	14	559	164	28	14	179	135	23	260	29	175	441	190	202	479	217	454	72	203	488	76	147	236	469	34	101	554	279	193	66	39	163	54
V468	110	74	554	148	1	155	183	77	89	625	272	79	155	146	27	55	31	72	362	70	165	159	368	112	174	80	88	165	84	9	436	47	266	34	41	8	532	30	539	114	776	459	18	505	215	93	171	219	235	254	106
V469	147	7	171	340	472	183	16	33	244	337	113	228	144	63	10	107	199	248	371	24	215	19	344	301	434	360	339	166	494	117	215	111	226	80	346	3	21	59	206	47	21	22	3	307	103	297	331	541	146	19	111
V470	53	411	65	192	638	289	67	117	280	54	126	65	242	561	132	622	196	99	73	499	148	147	69	81	182	86	16	62	210	59	456	93	38	221	228	39	53	227	189	49	306	256	23	154	72	42	196	120	145	53	192
V471	691	246	143	50	91	397	585	556	9	250	157	127	20	511	314	46	137	145	193	99	69	163	85	794	49	7	574	418	113	53	15	26	17	342	72	542	86	4	283	113	230	781	198	10	25	59	377	238	108	208	541
V472	154	104	146	549	295	205	179	4	75	75	308	78	154	5	13	392	197	83	79	151	349	432	612	180	255	10	26	35	185	57	386	602	41	273	308	294	77	229	139	233	134	239	37	5	411	390	231	10	68	22	119
V473	249	276	7	302	158	1360	52	105	7	333	82	443	22	186	250	272	197	204	337	467	274	139	467	205	230	300	125	586	139	36	650	444	73	102	194	34	126	509	27	8	277	394	268	283	175	56	476	141	29	54	253
V474	312	19	181	94	71	332	23	3	123	733	265	323	195	79	64	434	343	245	404	241	509	23	174	187	839	3	123	11	162	384	64	246	818	117	203	149	46	59	412	0	172	88	102	383	40	218	53	9	406	59	228
V475	512	690	67	205	11	160	414	21	433	141	8	24	80	164	46	409	226	129	5	333	360	88	162	31	327	788	16	293	458	44	27	32	10	26	42	242	751	159	284	144	85	70	71	432	383	148	65	232	446	95	554
V476	21	444	123	139	119	31	626	834	18	125	372	371	159	58	139	40	222	245	138	85	84	10	194	593	294	79	283	105	145	60	109	3	35	63	478	205	321	127	7	80	147	38	1170	49	48	525	66	573	449	75	180
V477	70	106	325	112	525	102	91	30	62	255	63	63	29	289	220	375	321	431	323	107	36	219	12	308	278	322	91	58	4	83	23	866	14	10	61	363	520	178	395	170	4	77	545	67	55	1	60	132	150	217	98
V478	44	372	222	169	148	76	41	52	0	53	70	109	560	136	68	13	27	35	149	674	11	452	60	1	363	406	38	81	178	352	166	217	590	218	36	686	172	1	315	79	83	212	305	108	281	91	49	643	262	56	154
V479	123	63	127	100	282	60	132	150	809	773	87	139	153	328	203	35	123	411	240	19	179	415	171	228	4	646	97	358	109	1060	100	54	42	342	477	131	322	41	36	370	538	94	92	336	418	33	375	509	104	286	119
V480	99	398	184	277	165	82	540	14	370	339	115	466	324	30	271	186	312	198	8	90	77	362	211	216	42	100	214	67	123	26	247	39	14	246	187	226	11	597	209	323	396	60	239	123	143	231	808	357	64	56	192
V481	200	318	211	2	46	464	511	513	26	589	330	409	62	471	81	43	786	117	167	217	781	126	5	19	338	92	36	4	240	145	127	672	77	279	19	290	10	129	160	340	155	208	122	137	265	397	171	149	42	754	247
V482	115	61	489	24	219	179	962	238	291	81	125	194	153	47	246	40	44	143	71	235	285	193	78	103	15	230	243	564	86	216	388	124	252	179	25	991	287	28	229	20	388	5	0	379	229	15	125	166	43	246	103
V483	267	206	103	98	108	423	427	49	684	13	81	287	78	13	95	259	9	67	13	427	75	148	202	65	352	28	524	363	325	41	1391	54	128	86	179	603	90	52	98	36	283	229	570	378	221	221	32	269	35	11	240
V484	129	280	130	102	309	208	31	497	161	366	95	52	1	729	407	39	50	37	1	149	163	130	45	350	169	7	270	128	198	577	239	129	95	163	144	76	126	173	175	0	484	281	331	676	237	3	211	156	229	137	173
V485	409	297	150	133	137	88	141	86	1529	51	182	305	76	42	68	20	33	71	42	68	38	110	92	336	117	503	19	25	482	227	142	305	329	138	67	18	424	210	123	289	199	296	29	120	26	246	401	3	308	29	359
V486	481	47	166	120	367	36	739	44	130	134	479	134	539	73	483	30	348	326	255	561	69	382	333	77	73	105	51	182	17	703	14	23	129	112	510	74	121	635	48	88	868	129	350	227	169	222	50	209	363	81	317
V487	105	297	586	120	70	254	418	111	21	392	17	64	83	82	55	35	10	161	67	393	485	541	100	76	256	264	169	180	10	540	161	101	162	756	165	398	8	528	77	97	88	220	890	332	125	115	596	89	328	404	166
V488	916	49	237	361	116	72	126	20	196	113	232	68	2	39	164	59	504	141	50	337	492	64	651	176	227	158	21	345	77	127	156	138	260	63	11	60	21	142	25	206	200	81	10	74	450	28	182	351	372	125	586
V489	560	22	213	136	11	387	36	11	412	129	316	15	761	109	71	289	29	148	244	95	290	237	294	78	66	188	26	245	82	371	120	352	220	29	96	441	485	1	20	129	123	50	3	93	184	14	505	500	76	190	328
V490	21	14	192	1	261	235	311	848	415	302	833	121	509	340	120	308	555	946	60	156	70	119	42	402	93	139	26	418	79	162	77	40	79	30	31	18	615	44	278	11	128	40	137	118	169	1214	263	330	6	22	25
V491	383	268	186	93	23	132	46	35	38	120	193	996	11	197	23	34	18	173	291	432	363	21	448	200	150	144	133	452	561	51	14	106	123	7	150	212	74	453	366	217	22	317	172	214	41	432	202	560	153	128	352
V492	199	183	4	132	53	76	305	181	70	142	10	270	183	142	297	195	16	30	377	106	22	83	484	40	12	44	68	39	7	10	14	64	17	12	42	319	64	121	48	124	344	20	29	172	485	117	25	610	128	46	202
V493	517	91	369	82	165	589	14	81	630	170	944	296	482	3	533	138	592	62	2	799	555	276	236	221	7	50	162	56	32	48	63	77	230	203	162	157	179	392	338	96	343	58	185	31	21	323	86	39	170	23	356
V494	52	468	462	215	92	621	211	590	8	389	334	34	12	69	565	38	52	68	75	69	75	360	188	63	400	134	651	25	141	275	271	530	109	175	64	195	227	44	187	53	363	88	172	24	154	280	163	142	614	49	180
V495	558	53	6	96	271	277	277	178	349	37	194	875	139	121	128	68	297	202	74	170	14	157	43	467	113	12	243	27	101	466	282	47	18	257	154	60	91	104	376	295	41	229	63	66	83	66	162	160	183	274	393
V496	54	55	321	103	1219	94	43	627	78	149	131	343	303	67	439	114	229	36	831	160	173	85	184	103	61	1179	156	37	67	19	35	1	28	267	596	90	162	74	83	81	35	94	541	203	112	687	107	167	1	4	75
V497	601	92	209	167	23	48	273	441	171	122	136	172	396	220	1	46	540	62	41	52	94	500	125	316	123	201	262	196	288	159	187	138	41	291	15	385	720	172	11	87	164	124	143	274	88	78	221	277	391	347	415
V498	312	322	87	71	151	75	286	28	146	703	465	379	422	213	89	65	79	207	337	46	95	55	50	166	342	188	132	47	129	238	681	204	390	245	149	128	11	155	269	31	365	729	222	67	314	86	737	335	757	215	311
V499	290	523	10	49	6	152	60	242	45	35	97	252	103	20	164	177	76	184	118	125	185	17	189	13	163	61	106	43	28	147	565	131	204	193	551	97	27	91	3	0	76	188	349	68	174	101	43	42	162	662	332
V500	521	241	84	464	216	100	700	242	31	110	400	3	1137	40	35	86	3	29	103	118	81	181	226	476	98	354	324	93	90	97	148	235	108	365	244	221	267	98	29	1	207	211	184	198	494	102	61	57	70	133	404
