Source001	Source002	Source003	Source004	Source005	Source006	Source007	Source008	Source009	Source010	Source011	Source012	Source013	Source014	Source015	Source016	Source017	Source018	Source019	Source020	Source021	Source022	Source023	Source024	Source025	Source026	Source027	Source028	Source029	Source030	Source031	Source032	Source033	Source034	Source035	Source036	Source037	Source038	Source039	Source040	Source041	Source042	Source043	Source044	Source045	Source046	Source047	Source048	Source049	Source050	Sink
V1	87	12	71	65	219	39	159	16	8	357	295	176	60	266	191	91	552	336	17	83	531	77	18	106	41	130	81	166	200	195	263	1423	345	102	339	540	449	278	134	316	45	396	132	163	826	101	219	36	422	562	61
V2	334	13	287	118	210	349	396	881	51	599	212	94	317	204	430	224	106	742	17	447	171	69	76	46	25	60	60	75	210	1224	91	459	1	91	65	358	88	162	480	169	37	232	395	12	63	67	224	64	274	578	104
V3	53	465	46	51	159	398	392	59	346	16	729	1031	833	562	378	59	453	546	395	77	125	80	81	141	258	5	344	20	230	218	276	603	144	65	86	271	22	118	148	147	117	72	115	295	253	147	60	324	335	202	391
V4	44	233	174	648	19	74	342	30	23	46	107	322	436	853	202	188	468	66	213	26	311	88	37	135	103	609	384	148	423	57	211	360	330	325	24	26	103	153	260	395	69	16	7	242	38	282	281	182	23	10	193
V5	358	283	2	124	252	52	13	45	126	24	804	184	1331	179	99	13	176	222	464	33	69	1512	52	122	375	338	421	324	455	291	132	208	293	62	160	744	388	261	462	263	260	7	119	494	2	266	126	246	595	158	292
V6	51	187	1	251	103	331	59	97	57	17	90	244	24	19	380	38	4	8	44	197	57	286	25	325	186	37	194	260	5	81	115	255	48	1	4	381	268	717	16	18	108	77	625	139	27	59	265	68	138	205	150
V7	175	30	36	116	21	160	109	178	255	120	179	204	322	85	26	120	13	407	0	77	446	525	513	37	95	26	228	103	177	139	129	253	248	17	680	177	106	280	26	280	286	132	56	202	27	43	124	132	40	92	80
V8	714	569	351	98	60	35	514	86	431	10	137	36	94	584	33	237	83	177	777	311	284	50	667	285	93	273	145	75	474	475	54	186	181	371	337	22	146	677	448	199	473	141	147	189	346	135	130	207	177	13	562
V9	271	447	117	62	138	179	447	83	13	357	153	205	118	27	305	95	201	199	131	57	42	267	139	106	37	63	502	1	235	23	85	232	344	93	94	153	277	60	171	118	20	377	44	351	92	220	30	207	13	295	350
V10	25	610	9	17	671	317	94	2	68	167	140	5	6	40	165	124	78	236	152	35	41	180	413	77	87	65	354	171	68	353	185	151	90	430	300	10	555	88	332	18	546	99	27	26	3	529	141	6	217	58	444
V11	83	23	369	225	146	301	169	140	250	73	452	1	152	32	81	29	253	466	248	68	134	450	90	277	295	105	166	179	0	95	180	35	184	246	159	85	25	111	60	45	310	48	139	48	57	242	173	138	124	68	48
V12	390	20	134	13	79	99	462	104	88	125	16	282	58	239	55	68	125	102	2	46	28	120	150	263	134	75	135	179	64	97	79	247	605	32	581	97	17	12	94	541	56	258	20	591	128	263	353	100	312	22	119
V13	605	572	467	64	15	212	414	151	66	314	48	249	4	215	162	38	107	1507	429	53	291	251	126	100	436	34	154	51	78	152	66	63	44	945	94	138	135	63	157	135	106	271	54	1	49	1612	130	544	200	66	533
V14	86	168	183	48	623	247	177	236	180	632	121	198	55	141	129	699	194	189	46	208	241	151	56	356	53	218	112	274	95	154	88	90	388	145	61	89	170	109	511	212	24	30	21	63	259	56	315	4	212	560	141
V15	245	451	72	263	338	626	279	35	84	1	662	245	444	240	265	1097	34	18	89	419	539	212	106	340	11	102	30	163	362	72	62	26	631	12	586	16	98	25	495	13	443	837	151	733	196	21	129	81	402	1499	408
V16	92	1	101	372	681	361	29	154	111	181	408	139	178	505	13	107	88	76	82	56	73	470	29	90	588	162	158	369	616	12	192	248	145	16	118	97	66	27	44	265	254	51	119	225	225	206	19	399	804	645	33
V17	185	184	97	105	8	709	244	96	112	5	7	55	115	16	81	365	52	332	108	59	29	54	140	11	199	265	523	140	100	135	53	6	83	56	240	88	495	181	49	94	10	58	538	59	243	16	304	308	67	16	195
V18	344	138	105	237	179	68	60	6	448	93	74	37	731	222	38	352	269	269	631	47	227	25	190	12	137	706	296	200	149	292	279	38	18	486	139	1013	50	810	15	140	78	30	192	687	55	317	214	20	118	217	205
V19	38	145	90	275	234	37	275	2	25	459	173	39	557	49	186	106	17	152	159	32	406	102	74	449	63	29	126	54	40	249	447	79	307	179	31	1080	128	40	13	137	289	22	146	24	97	147	405	4	507	70	120
V20	268	76	303	102	354	592	28	5	20	169	291	400	71	54	280	8	357	15	167	92	480	19	81	110	297	109	244	154	384	220	16	215	40	289	338	78	699	26	901	368	117	419	18	214	223	452	332	883	5	95	138
V21	11	141	98	46	955	64	14	342	130	74	311	214	21	378	211	151	293	301	93	39	48	40	1061	148	134	190	140	372	326	25	128	78	0	63	5	148	99	285	11	180	448	149	111	864	761	300	157	134	227	255	129
V22	120	160	34	18	7	168	38	90	357	514	275	36	299	491	477	91	88	2	46	81	76	253	200	6	174	300	390	65	0	66	73	465	734	1	22	18	66	234	443	36	141	77	208	9	205	106	547	125	111	673	138
V23	1058	131	131	517	73	36	87	122	566	104	19	105	60	111	64	295	44	47	242	610	95	34	98	283	82	35	481	212	191	104	197	280	135	824	146	224	61	116	17	3	77	126	194	22	122	256	417	59	209	43	329
V24	520	235	59	74	19	26	137	250	11	549	34	10	22	23	866	35	24	44	115	260	42	385	119	543	128	232	387	84	77	181	53	234	191	499	394	5	2	14	90	77	73	35	250	119	75	158	16	405	225	330	283
V25	33	313	94	561	20	65	106	62	27	189	29	75	33	17	30	298	38	39	6	42	392	339	109	28	82	27	23	559	20	214	119	178	809	158	496	362	37	74	42	8	169	152	53	414	329	30	260	94	108	66	229
V26	142	95	135	392	56	142	283	52	111	68	16	132	295	3	90	16	147	227	306	299	142	37	152	43	31	83	15	104	201	126	61	165	58	0	143	348	65	57	164	199	121	607	136	33	112	308	20	1140	45	66	111
V27	419	89	144	476	153	0	85	1005	17	47	758	78	59	538	734	56	162	130	1004	272	296	477	277	74	121	18	46	217	37	91	84	255	112	326	24	594	138	4	22	306	540	171	91	174	403	130	213	130	92	107	160
V28	63	393	176	541	81	56	8	45	771	120	136	31	249	58	70	793	221	52	94	132	45	161	183	256	732	108	31	297	38	148	86	190	25	678	53	215	62	170	99	11	347	258	170	499	192	16	414	73	296	390	299
V29	121	344	852	433	780	867	135	378	164	48	190	51	99	80	95	193	100	282	418	257	147	525	42	159	164	11	29	693	285	286	85	309	232	89	154	436	106	56	245	109	24	39	193	9	24	242	47	59	51	124	290
V30	235	430	24	601	561	155	51	50	153	133	284	187	62	22	207	21	109	532	75	112	147	84	411	59	286	247	42	255	106	138	2	15	30	391	7	260	212	193	308	94	209	42	843	598	224	21	724	964	81	114	361
V31	297	319	33	6	106	239	95	367	166	75	22	197	328	73	73	702	674	90	261	719	21	110	358	72	205	317	100	148	131	428	18	128	102	35	60	39	67	61	85	195	32	81	19	107	249	160	49	1265	241	15	294
V32	457	301	94	362	67	111	429	132	233	400	185	225	211	50	412	283	162	145	19	270	3	228	90	133	153	11	127	15	320	130	174	578	17	234	597	76	87	151	225	692	72	11	119	8	137	399	233	198	195	44	305
V33	234	96	200	400	16	216	230	16	59	172	84	291	118	290	142	10	102	132	173	67	37	95	132	689	98	9	93	40	185	55	166	237	99	95	13	170	524	97	10	91	453	76	99	10	218	249	424	28	142	164	119
V34	86	105	563	53	358	141	584	171	69	278	126	24	141	86	185	324	144	185	346	948	99	142	128	331	145	504	247	127	480	141	134	155	58	339	42	47	394	155	130	33	80	47	247	1230	26	189	700	42	75	152	126
V35	345	66	68	33	367	161	35	254	35	142	182	106	57	65	123	266	340	94	224	31	289	373	138	288	404	42	2	316	7	210	445	741	446	72	184	33	257	98	1110	42	32	23	37	141	57	1067	37	145	558	334	135
V36	10	7	161	211	162	237	631	494	32	117	163	164	576	262	343	433	415	625	43	116	204	62	256	35	21	216	311	36	80	125	215	139	36	207	323	349	267	378	146	40	190	274	664	156	829	231	401	50	441	6	29
V37	75	218	96	11	59	190	65	14	356	117	53	386	163	268	297	292	510	7	131	48	143	36	158	259	38	114	11	139	240	1007	61	262	265	219	110	52	204	281	221	173	52	312	159	30	136	376	20	447	159	71	173
V38	297	41	586	334	19	38	63	112	2	158	234	427	3	24	349	13	55	46	77	63	6	90	327	16	14	517	166	286	596	89	1	101	256	56	30	383	56	251	70	228	324	322	1507	33	127	19	144	117	228	28	109
V39	258	75	103	354	361	480	124	564	151	519	336	914	753	315	192	12	342	116	89	88	397	15	80	648	453	231	109	167	353	58	171	120	206	45	100	694	198	62	95	201	1	155	410	325	37	180	180	152	91	191	117
V40	161	98	608	400	194	174	213	197	85	39	120	474	188	75	135	11	290	344	311	109	224	21	58	19	0	32	123	132	129	26	178	113	6	250	156	197	106	306	417	99	84	754	249	113	190	142	57	67	35	230	109
V41	76	85	73	81	1	541	780	44	99	337	43	235	7	40	35	202	148	265	60	186	14	385	26	345	210	122	91	15	282	5	41	567	83	209	45	290	239	430	345	335	51	261	49	263	28	261	2	147	113	1	82
V42	125	32	298	15	50	57	162	288	154	419	170	787	192	16	57	483	351	109	326	286	166	29	21	90	847	46	70	885	144	327	185	133	284	253	161	226	927	16	71	192	64	131	191	847	170	120	521	104	221	78	75
V43	245	477	73	552	3	190	849	265	76	175	220	128	251	211	310	351	71	42	343	79	157	24	259	47	157	277	292	240	71	59	249	63	102	195	312	34	64	59	80	236	145	38	52	745	109	601	62	7	310	671	393
V44	5	158	113	138	26	269	46	84	100	91	88	60	9	271	589	531	132	502	59	33	56	49	1179	266	585	434	92	891	22	19	107	202	214	77	505	818	189	341	55	113	604	262	135	3	113	70	306	155	525	120	136
V45	353	84	108	473	148	177	39	38	143	545	43	72	88	75	134	355	54	61	61	55	237	134	27	0	158	77	133	776	210	140	145	276	79	213	345	178	30	345	591	61	52	57	327	61	114	11	155	55	434	21	141
V46	140	217	410	622	132	207	72	645	19	197	267	159	150	130	502	188	482	294	12	26	364	227	310	173	37	74	190	140	80	289	278	121	40	74	935	155	211	8	172	125	60	408	63	921	235	186	234	15	109	27	201
V47	478	45	176	136	757	72	29	28	714	156	174	125	68	47	10	169	121	189	39	582	23	69	196	712	95	46	299	20	191	236	49	31	178	45	394	27	102	59	403	170	128	461	27	216	57	158	709	368	181	149	158
V48	325	216	50	113	65	48	114	192	191	299	50	165	247	458	222	12	203	183	205	433	52	127	17	52	97	447	484	147	471	38	238	49	195	108	10	134	34	10	18	94	74	54	34	156	46	300	482	711	28	64	251
V49	241	537	214	11	225	187	47	319	74	468	121	188	128	97	644	225	96	87	90	716	182	45	162	270	371	378	89	332	4	27	0	355	32	207	183	713	594	372	445	446	128	92	39	662	8	40	722	186	338	23	480
V50	277	181	113	157	367	81	65	27	1018	75	30	7	183	82	530	6	195	622	191	136	255	339	19	33	25	52	111	11	270	435	26	133	279	35	214	39	28	97	62	163	37	311	56	30	23	82	36	233	48	118	194
V51	133	274	43	172	73	348	117	422	567	63	404	8	439	19	11	204	127	258	300	11	97	26	86	162	320	69	125	66	41	84	147	876	122	207	220	80	380	116	401	88	195	147	478	478	118	124	118	142	266	238	230
V52	442	313	21	52	177	36	1046	277	222	49	51	152	20	48	8	91	167	333	280	255	318	309	305	149	194	54	445	117	357	10	66	151	85	210	578	235	52	117	465	74	24	105	160	128	812	19	359	202	35	115	324
V53	231	114	104	51	114	42	81	297	192	677	225	11	30	246	272	33	234	193	141	0	41	178	207	594	84	149	762	255	99	173	220	4	9	625	134	38	208	785	187	412	179	71	150	62	49	92	38	163	124	36	133
V54	75	35	131	250	28	20	21	510	120	39	13	98	627	81	299	86	152	157	266	250	5	390	47	129	62	29	164	173	558	321	484	51	28	95	28	53	263	335	581	66	38	12	342	301	220	317	54	209	203	158	61
V55	25	251	4	216	56	97	109	83	130	166	30	107	156	208	1004	9	195	271	266	123	80	181	148	2	20	50	142	238	144	203	28	127	6	22	141	219	236	270	76	157	130	383	345	22	84	397	11	373	7	5	199
V56	21	94	182	577	524	401	1335	218	218	3	276	138	153	103	532	10	849	197	609	155	73	198	8	100	41	317	242	195	13	522	277	420	214	340	19	711	295	206	4	71	277	59	66	221	54	41	99	349	189	46	92
V57	128	11	143	5	202	110	29	262	348	122	75	20	195	100	103	43	83	13	110	57	291	73	236	502	112	308	76	135	143	187	159	74	206	283	20	92	252	732	47	437	237	196	247	119	440	173	98	72	224	782	61
V58	489	424	41	445	23	136	81	201	246	89	121	63	269	205	997	36	60	203	181	458	224	5	95	160	204	154	189	751	135	160	154	211	300	407	160	281	349	1040	231	103	238	93	163	4	36	118	15	147	259	112	423
V59	100	128	408	245	34	87	16	222	0	103	93	93	8	516	34	206	37	124	0	300	77	161	57	928	333	47	611	115	289	375	117	388	161	70	30	201	165	177	249	21	184	11	412	240	44	3	5	353	491	36	122
V60	258	36	65	45	69	796	29	52	253	373	41	1073	118	251	110	779	259	130	34	204	71	4	19	111	150	140	362	42	29	163	128	172	237	59	378	79	52	218	196	388	194	19	64	13	103	74	552	285	422	9	137
V61	298	343	44	7	75	79	137	135	16	167	172	94	519	56	577	319	447	128	29	470	46	37	397	8	263	47	166	75	285	224	146	29	138	20	20	71	267	30	12	125	506	52	339	278	37	185	281	55	108	223	327
V62	51	577	304	201	73	57	98	27	110	222	175	29	0	101	35	211	52	250	204	62	155	159	280	44	163	105	19	85	47	441	25	304	98	0	103	132	210	87	184	133	147	201	409	117	191	108	92	209	101	29	415
V63	66	121	94	56	44	265	105	359	69	81	486	167	176	406	146	422	215	183	288	4	49	179	29	343	266	72	143	14	146	1	10	0	20	113	78	321	443	221	682	192	24	245	394	303	33	147	304	354	723	265	125
V64	160	8	72	100	163	23	26	222	540	588	93	65	190	1	72	23	14	99	75	306	169	275	320	10	134	21	36	93	548	179	486	419	56	461	679	68	461	322	32	217	408	1575	375	246	17	324	21	11	176	284	75
V65	196	10	47	348	246	9	178	66	138	197	403	229	68	58	44	625	783	113	161	143	72	656	140	22	117	674	71	153	745	59	64	118	38	333	441	24	47	253	144	32	24	293	34	33	108	459	57	65	303	45	74
V66	99	138	114	317	318	191	412	58	244	312	428	141	49	20	18	47	121	243	1058	252	227	64	96	128	189	173	156	407	69	551	34	135	39	16	449	58	60	22	167	160	89	39	61	76	186	45	546	80	29	269	160
V67	68	60	229	144	108	111	150	137	237	81	218	121	235	42	148	1032	92	126	10	65	283	101	23	332	216	189	62	45	53	107	348	155	1041	61	183	205	54	354	170	221	55	56	83	7	57	193	114	2	19	108	79
V68	200	4	96	84	271	71	13	234	85	907	361	58	245	202	632	353	22	251	24	44	249	76	374	357	290	520	202	45	17	330	391	341	334	134	86	38	396	408	111	3	1048	166	372	500	74	265	12	61	279	153	84
V69	258	3	93	17	186	267	60	111	27	325	587	154	240	83	143	106	84	75	132	567	13	126	45	85	621	185	307	312	116	179	54	177	278	93	55	595	25	34	108	567	116	447	63	233	118	404	188	38	374	87	65
V70	24	186	91	253	604	13	70	211	11	261	394	64	1078	119	513	124	14	71	279	19	499	312	603	241	227	191	27	351	334	194	511	50	123	245	10	172	41	338	277	40	112	321	663	92	247	304	246	45	68	258	144
V71	425	75	12	111	198	69	194	58	175	3	217	73	389	706	167	93	324	381	572	149	391	74	345	352	78	55	77	116	351	86	233	216	74	13	5	27	15	498	216	245	339	189	85	164	42	592	191	2	518	337	141
V72	393	30	463	100	68	386	193	270	33	94	476	680	131	847	231	199	574	99	146	12	917	57	92	209	171	292	43	50	111	64	251	6	136	128	50	152	192	301	49	163	272	49	143	1	111	24	54	365	76	31	141
V73	277	3	50	333	152	183	103	3	618	91	349	65	232	199	177	76	90	6	177	563	36	4	16	76	69	592	171	304	688	126	585	607	297	59	101	161	688	422	140	78	94	48	2	329	48	594	339	29	81	54	84
V74	63	287	53	714	273	35	21	187	68	286	117	430	10	285	72	330	19	74	262	119	121	266	121	184	555	6	221	5	210	177	231	260	60	482	373	17	503	114	47	24	188	0	78	970	198	468	357	158	484	221	261
V75	292	151	504	31	2	179	3	126	75	0	97	179	137	12	310	83	255	209	159	9	121	53	195	834	299	276	523	345	47	376	32	957	133	131	107	254	9	310	89	162	142	149	9	436	19	177	31	87	101	392	150
V76	198	49	662	65	28	50	148	164	441	2	167	61	22	66	11	71	349	22	200	379	23	247	181	83	511	35	94	133	18	73	0	157	330	47	217	84	113	114	553	104	129	100	65	318	377	57	225	18	4	378	91
V77	64	45	161	474	123	61	25	190	225	190	360	392	306	176	5	344	40	25	225	179	227	51	91	300	803	163	895	110	88	5	563	92	284	60	459	142	45	155	332	407	136	281	55	166	216	471	15	112	235	30	88
V78	235	4	464	83	141	259	386	8	444	489	23	306	299	40	24	356	547	281	135	171	262	1	22	178	44	230	54	245	213	468	50	29	430	181	2	11	16	38	158	671	196	468	789	121	36	31	151	207	87	365	70
V79	249	133	6	181	47	216	90	182	33	12	274	56	57	136	108	353	115	110	434	181	498	122	16	187	144	80	1	148	153	27	475	36	119	275	64	326	77	244	32	258	132	73	452	138	175	23	508	128	157	17	136
V80	72	146	246	355	116	113	558	52	331	25	208	7	327	78	105	447	155	149	22	10	128	6	108	282	504	14	726	180	82	237	110	90	216	19	698	56	32	149	743	302	237	195	888	633	60	332	490	371	35	568	156
V81	247	117	336	158	53	323	110	150	180	16	146	526	496	423	26	384	4	4	121	32	37	7	248	589	92	23	149	286	148	128	76	288	24	208	245	383	201	140	162	335	267	332	125	49	42	209	106	392	57	12	163
V82	113	371	193	106	195	386	2	117	155	555	102	212	80	539	152	332	39	394	635	21	441	48	41	123	412	26	116	31	24	23	198	52	56	33	476	230	103	254	44	70	215	126	323	135	51	74	42	68	54	158	315
V83	98	263	10	203	42	628	231	451	52	75	708	79	26	785	77	7	4	938	165	18	123	258	277	505	55	111	242	7	903	168	16	95	273	21	205	264	10	165	109	180	51	106	152	338	74	375	218	339	74	27	225
V84	24	71	39	258	52	24	476	46	168	79	129	52	26	0	87	8	20	149	7	509	20	192	421	223	59	152	164	28	31	182	349	226	379	425	124	45	118	263	60	180	719	458	103	41	162	138	429	58	18	52	72
V85	307	143	18	256	728	11	330	37	296	172	272	693	63	41	22	8	9	173	160	93	465	178	97	73	231	86	48	335	73	481	431	92	70	22	59	578	635	292	2	18	4	18	288	117	246	329	308	31	260	57	175
V86	210	23	311	206	588	144	319	106	703	106	22	2	181	571	134	40	176	463	377	48	97	305	187	150	91	69	110	20	3	42	170	264	8	29	359	427	182	315	229	644	568	550	157	145	863	65	378	240	72	124	79
V87	441	154	522	504	71	250	625	136	135	45	438	307	153	62	127	358	126	667	101	6	396	313	18	244	155	38	322	327	167	537	234	218	104	332	870	38	58	220	38	61	263	251	81	366	217	50	93	34	144	85	233
V88	696	198	277	313	45	140	140	62	331	450	96	121	72	1155	118	61	651	29	553	38	121	99	729	565	366	40	285	582	45	142	52	202	44	301	7	69	42	85	301	71	787	38	352	151	383	51	41	309	554	45	337
V89	649	33	546	234	10	869	43	92	4	59	165	38	14	37	199	141	117	109	16	7	137	26	277	233	47	220	146	68	119	236	236	303	1	204	51	129	207	869	308	261	162	34	24	140	80	210	365	294	169	351	194
V90	165	293	317	156	4	401	111	40	232	81	793	297	49	70	237	525	146	153	365	934	456	580	16	223	146	120	111	356	139	257	157	74	401	176	99	23	456	128	98	539	63	1	265	1074	130	109	187	164	250	52	245
V91	98	27	92	146	25	114	68	379	31	18	241	214	219	64	84	395	77	21	87	102	443	24	563	62	40	23	17	316	45	156	144	53	327	175	702	16	233	178	40	32	1	253	8	180	65	390	535	425	357	74	57
V92	89	91	35	87	308	87	54	138	293	200	351	59	424	361	251	185	110	148	90	71	134	263	20	197	169	190	61	344	420	8	79	119	132	105	57	11	33	136	139	104	13	117	217	173	127	153	151	77	49	80	103
V93	173	14	620	2	8	55	141	118	46	231	11	296	4	51	755	80	81	211	242	64	249	505	2	241	124	204	93	73	187	122	48	267	137	149	273	133	83	158	172	516	745	179	500	65	444	481	230	273	62	68	57
V94	110	56	145	30	35	65	58	65	108	36	10	620	150	310	151	404	78	43	29	198	581	56	273	325	2	148	159	236	249	136	242	196	14	45	131	133	371	27	275	101	755	114	311	332	102	46	30	450	160	353	79
V95	137	42	60	91	162	4	346	81	39	664	229	66	161	86	332	94	117	256	13	151	110	272	41	178	72	3	150	57	106	177	1	228	137	310	56	1512	77	108	93	513	33	108	103	82	96	331	19	388	537	104	74
V96	18	150	42	16	172	355	9	231	361	314	291	196	265	22	21	52	622	197	146	91	42	78	274	282	56	14	195	132	193	46	85	226	10	285	305	117	250	13	109	300	128	47	269	10	400	36	301	203	414	7	126
V97	74	115	85	380	12	66	49	195	69	364	385	10	287	87	274	102	224	300	68	362	219	3	40	537	84	346	184	1007	39	58	325	462	100	0	419	63	142	205	147	348	55	70	101	198	413	121	165	106	306	421	110
V98	90	161	153	69	56	158	471	170	1047	675	124	545	31	22	70	70	288	20	360	58	93	130	26	926	95	65	423	20	254	118	544	240	48	360	23	364	23	22	24	267	151	28	179	43	257	432	185	96	94	230	164
V99	21	171	7	30	131	57	12	392	25	473	37	7	5	346	274	201	463	222	127	10	9	174	20	34	28	314	66	2	167	76	224	160	216	209	169	757	283	110	204	205	80	293	148	442	1	108	57	395	114	356	163
V100	338	109	208	380	30	791	463	112	61	806	239	22	567	890	355	143	6	179	46	99	30	38	367	51	64	38	168	19	342	96	208	169	392	635	42	94	3	432	76	94	18	97	155	362	490	108	257	13	49	272	178
V101	198	649	25	80	171	457	713	49	119	10	956	110	191	19	187	467	532	164	119	82	94	182	353	155	140	69	171	696	82	24	27	1344	120	239	58	85	493	147	176	49	218	373	180	480	138	95	514	100	724	48	464
V102	186	56	17	40	329	511	186	147	39	72	150	435	131	494	19	235	104	67	514	42	18	63	8	202	850	847	219	680	477	182	460	588	4	191	37	193	242	67	2	245	563	156	85	297	191	206	10	27	138	624	103
V103	148	204	179	76	5	61	217	12	568	53	25	374	177	203	51	142	26	51	549	11	340	343	618	34	55	30	44	71	369	131	24	59	557	38	687	22	183	311	98	615	55	258	253	153	23	56	126	76	58	187	172
V104	191	382	147	518	57	220	745	746	87	80	777	15	122	48	532	30	97	15	28	93	75	65	114	144	141	553	1	138	89	125	462	191	215	57	35	124	136	35	76	1037	297	463	434	201	34	133	60	344	276	206	293
V105	94	574	264	140	853	6	361	491	135	209	448	64	295	732	12	41	48	94	268	395	38	93	47	154	69	25	376	636	68	340	398	0	158	113	217	396	18	270	212	8	168	21	9	86	116	53	775	306	77	100	431
V106	59	170	55	23	222	53	104	92	76	26	204	296	53	865	41	10	307	36	47	132	217	633	526	101	215	88	56	256	24	210	235	43	44	146	107	44	254	246	87	121	91	17	263	159	6	151	136	104	354	160	159
V107	29	181	361	11	16	490	351	53	37	276	127	93	229	16	106	13	2	444	424	49	231	27	38	162	310	312	150	271	21	237	218	631	141	9	376	383	584	63	907	154	218	582	221	334	38	182	353	38	53	235	134
V108	147	350	71	111	446	335	56	127	191	784	168	26	106	554	347	57	9	424	301	861	220	51	396	319	896	235	1136	149	275	55	33	12	524	374	85	156	9	532	45	274	18	282	213	165	29	122	48	98	117	27	343
V109	594	150	162	128	256	74	97	385	18	285	31	130	7	63	22	225	26	2	85	68	805	303	60	35	136	47	290	140	6	142	60	79	161	170	37	113	188	14	78	261	85	31	387	226	184	203	131	106	138	104	275
V110	369	72	24	48	160	197	290	69	405	175	16	356	96	321	495	19	35	84	295	267	87	319	758	142	258	175	69	136	787	28	66	202	32	180	106	150	309	116	248	199	91	266	76	19	266	64	275	23	21	217	150
V111	138	51	439	233	358	93	87	338	109	175	118	259	174	10	139	97	41	196	112	133	282	432	251	63	382	69	141	81	51	272	50	514	272	103	19	269	210	80	155	506	156	182	7	66	573	548	5	268	30	76	80
V112	801	331	438	90	95	127	167	32	392	21	160	607	485	669	104	397	364	930	51	65	600	488	956	21	181	42	247	292	241	150	407	172	253	200	339	53	347	73	362	57	314	60	209	153	291	39	187	81	712	143	410
V113	298	293	110	221	272	130	923	568	8	31	344	292	469	270	14	677	298	195	10	437	75	14	171	334	97	145	283	386	475	748	240	71	412	116	477	101	106	147	159	233	263	87	9	94	29	115	145	854	805	87	282
V114	2	52	275	1066	54	224	322	108	374	6	416	156	151	229	225	47	59	262	174	74	161	46	227	139	139	57	37	489	117	75	26	347	48	83	102	634	79	171	462	42	125	300	321	264	721	31	103	166	71	450	64
V115	330	196	205	4	45	35	91	458	28	258	37	183	208	259	54	10	514	55	292	319	256	301	91	19	191	142	6	40	611	203	328	337	340	158	50	2	69	53	444	293	145	161	176	202	28	224	211	258	2	15	212
V116	76	111	84	46	145	225	3	494	304	3	614	114	151	10	403	22	33	37	152	132	8	147	490	195	137	76	720	183	22	233	60	159	90	173	240	34	125	182	1	209	158	65	19	99	459	428	166	201	572	155	127
V117	290	82	222	361	32	446	92	231	114	66	149	94	84	223	53	156	125	86	102	16	19	117	7	15	437	161	121	122	45	369	360	0	108	107	236	175	87	69	369	359	353	26	141	184	117	87	1318	132	89	269	136
V118	215	802	102	299	530	155	629	316	102	349	176	131	418	117	212	357	123	90	132	117	147	43	169	28	457	170	29	64	25	267	177	447	142	366	226	33	221	48	424	181	95	237	340	102	144	197	178	92	466	1408	605
V119	868	166	14	5	366	182	9	52	77	80	150	78	234	45	12	9	553	32	170	157	193	27	65	36	221	193	231	70	91	44	319	169	105	28	377	40	67	552	25	174	16	84	28	348	140	195	553	74	114	44	300
V120	84	127	38	348	390	9	115	506	302	79	225	149	0	37	141	3	241	441	291	283	34	155	187	151	266	13	77	207	89	220	262	73	34	48	153	211	275	892	9	432	55	158	201	137	394	298	246	297	50	563	119
V121	256	59	82	786	125	299	334	190	287	672	825	175	370	94	132	859	46	79	15	19	25	32	545	291	468	31	472	71	88	81	31	87	438	51	78	620	381	182	157	8	50	35	103	404	327	70	17	107	280	137	127
V122	68	61	696	469	429	249	73	124	36	665	138	148	50	417	52	20	441	50	578	523	123	394	119	373	330	292	17	51	527	108	64	93	37	246	28	95	789	140	28	212	155	162	153	57	111	57	524	340	148	71	78
V123	46	34	172	25	183	9	17	4	190	145	209	22	31	372	150	208	32	1143	305	39	97	86	16	62	34	321	25	93	76	247	516	555	32	285	195	262	86	37	249	97	487	396	77	75	418	31	357	232	261	14	47
V124	8	169	303	526	1240	570	410	389	41	139	49	359	295	21	46	37	148	133	750	495	145	310	77	165	112	142	16	174	230	626	84	194	132	16	41	59	474	473	191	29	205	1	90	255	6	81	154	262	750	650	108
V125	99	448	159	288	468	308	627	156	223	3	390	69	296	9	240	23	69	277	329	48	42	309	20	386	74	54	83	67	28	162	371	109	115	725	55	47	26	237	503	209	3	33	90	186	141	206	222	1078	307	46	364
V126	22	224	106	480	494	319	45	634	181	603	410	566	352	206	36	55	172	182	53	245	180	13	4	34	97	95	1	282	383	145	91	243	570	107	23	447	310	113	4	126	270	24	46	156	119	367	4	83	100	200	174
V127	329	314	470	135	13	328	441	0	3	44	133	214	328	53	200	755	111	40	182	39	69	70	75	165	68	146	316	21	41	215	712	26	382	386	45	102	16	452	1	225	385	321	479	855	0	9	19	155	44	22	303
V128	28	273	14	189	166	412	288	483	149	382	202	97	121	305	0	100	87	61	223	38	434	148	170	209	99	33	169	98	243	113	244	135	75	47	353	231	30	272	239	148	55	163	210	59	26	474	33	176	132	131	176
V129	205	11	789	114	151	45	91	50	25	126	543	99	771	121	224	182	106	171	329	447	36	180	97	89	320	132	358	306	10	50	39	609	276	575	79	234	12	161	194	318	15	155	106	41	178	19	164	54	241	134	74
V130	167	114	42	54	811	480	38	221	49	37	73	55	117	242	529	45	17	305	189	52	1	206	117	242	257	74	32	73	193	173	62	178	286	193	209	220	171	213	490	748	54	380	97	47	647	22	264	47	197	33	153
V131	190	73	49	248	92	138	304	651	173	2	118	229	14	560	694	756	170	76	157	301	241	1114	365	43	91	28	470	238	77	32	346	336	73	126	403	335	26	28	150	207	321	882	776	388	95	181	149	117	120	213	115
V132	709	30	89	210	555	406	90	11	318	149	86	448	59	297	696	176	303	77	297	127	150	127	57	34	31	291	21	327	188	44	361	265	79	19	117	54	4	107	11	190	167	403	87	632	227	526	136	188	189	159	205
V133	128	235	375	82	102	74	75	64	60	84	3	92	173	336	118	794	168	120	748	154	520	128	234	19	228	305	595	211	673	502	216	200	447	579	49	10	533	243	212	543	305	7	505	151	735	523	240	6	402	193	227
V134	26	222	293	652	125	452	184	468	196	179	12	14	146	16	292	194	734	54	101	107	75	34	50	446	282	103	28	343	466	176	319	228	44	277	513	38	55	99	131	108	108	145	157	111	9	11	330	119	368	214	174
V135	233	572	177	25	27	246	28	83	29	30	73	378	66	119	767	1094	155	103	66	7	161	11	139	465	27	43	57	142	88	286	74	51	103	58	206	563	477	112	88	253	481	897	343	361	317	210	134	150	146	303	501
V136	178	210	155	83	124	4	84	0	402	200	797	108	27	270	205	39	208	271	464	59	260	13	283	29	1219	205	11	151	668	113	156	16	67	126	108	58	103	357	77	13	16	52	95	198	35	136	17	1136	173	38	202
V137	176	40	20	3	278	419	12	98	74	447	157	355	525	422	69	369	30	6	427	299	16	215	46	120	36	273	400	170	91	295	102	435	25	23	290	547	213	200	23	152	8	75	346	168	6	49	146	129	268	154	88
V138	241	452	235	125	148	32	136	49	37	153	353	660	961	70	399	236	117	25	0	12	34	111	542	337	221	4	154	73	214	210	315	40	17	149	19	98	171	19	77	43	153	569	23	312	143	122	124	171	77	193	375
V139	122	54	6	16	24	252	73	818	339	198	34	240	131	294	42	28	235	348	43	793	77	163	65	413	502	422	204	224	10	83	344	80	88	153	140	117	26	135	18	556	147	382	14	14	197	211	146	223	48	174	74
V140	88	123	426	56	330	426	217	543	434	31	268	20	31	30	73	40	551	126	18	303	367	321	410	412	119	170	62	16	114	21	151	452	79	55	593	199	2	83	147	261	403	500	290	374	736	23	21	92	32	143	126
V141	734	362	16	30	447	124	106	213	188	121	138	69	77	69	438	82	287	87	58	13	47	18	106	155	211	23	14	1059	156	59	341	148	129	273	133	318	137	136	106	129	267	73	117	137	71	3	208	75	3	854	414
V142	1	151	163	534	336	177	138	316	2	25	22	333	474	23	236	57	393	94	321	144	87	383	151	61	382	63	196	63	333	111	525	47	315	146	159	34	42	316	117	378	205	41	50	156	429	335	678	128	253	133	118
V143	38	73	44	73	27	487	140	102	38	177	346	194	113	125	290	639	156	78	269	150	378	5	88	226	360	143	71	10	664	290	25	258	371	206	232	64	800	64	146	631	11	269	120	171	1	225	344	124	426	98	75
V144	63	37	278	111	62	74	188	282	153	165	115	68	525	66	10	8	19	171	646	142	41	265	272	2	54	28	23	368	720	95	220	153	233	39	85	318	320	18	76	24	200	20	19	214	425	317	43	226	100	217	65
V145	136	246	335	56	158	32	229	175	235	86	142	117	147	135	63	538	289	147	221	25	75	566	82	88	584	211	879	6	4	89	567	40	95	151	72	86	47	435	84	37	88	53	10	264	133	0	29	56	97	43	222
V146	584	334	85	8	598	459	556	116	289	46	261	182	184	112	464	226	459	12	261	90	474	996	475	100	422	121	122	116	133	82	296	24	391	203	297	311	47	148	260	111	8	241	152	170	24	119	266	282	55	99	399
V147	123	60	40	414	247	64	191	61	127	76	332	34	168	50	807	168	129	53	443	267	93	183	75	169	32	543	64	62	21	338	59	12	23	138	537	11	188	173	461	12	241	576	181	704	266	288	44	244	4	58	87
V148	80	333	35	53	23	211	253	541	414	543	28	102	510	265	20	36	128	57	417	0	16	547	133	27	197	154	77	212	242	285	42	50	209	531	3	411	308	53	102	8	150	100	6	62	323	384	52	252	197	6	245
V149	147	114	326	165	384	19	19	92	181	526	171	264	24	98	137	208	169	129	387	22	309	165	322	331	1049	315	52	498	31	244	29	171	348	480	149	111	119	188	233	196	8	210	67	22	324	268	300	224	72	99	128
V150	149	373	244	132	300	96	53	668	166	83	77	139	376	79	126	87	110	15	327	112	385	485	81	60	70	194	59	290	197	55	338	28	131	284	28	9	44	21	29	175	65	121	37	156	233	12	367	318	21	489	306
V151	127	499	81	641	385	331	258	125	75	32	383	257	176	196	263	2	796	214	266	89	27	444	750	376	254	121	333	72	157	22	55	268	390	122	179	1	59	54	81	18	101	20	433	69	202	1	162	24	111	127	404
V152	343	125	184	92	156	293	177	108	55	425	32	111	188	186	68	48	58	44	111	9	14	176	113	56	313	654	427	251	155	15	347	28	311	227	196	157	127	111	186	573	70	436	65	65	14	749	53	247	40	5	159
V153	463	387	27	82	108	497	59	527	99	647	152	137	180	235	269	150	40	103	192	664	200	467	39	557	45	113	412	431	388	21	383	21	242	102	223	289	87	153	453	0	62	358	11	180	131	138	666	260	67	110	386
V154	124	103	180	29	529	102	61	81	161	145	89	144	61	224	22	90	278	92	81	225	17	244	135	69	314	157	120	5	215	524	64	2	1	137	1250	64	137	137	110	93	295	178	459	218	525	53	172	114	395	300	117
V155	109	83	108	750	170	186	291	192	52	215	5	466	184	38	714	363	39	31	287	83	91	257	78	10	265	14	43	238	273	307	136	155	151	19	352	45	149	213	118	610	302	65	441	97	35	148	16	38	385	391	97
V156	8	369	118	141	51	47	133	51	133	33	135	68	304	560	261	59	57	138	30	167	129	241	467	208	58	100	79	121	325	102	131	53	69	127	3	14	525	85	70	220	172	57	80	33	158	356	134	207	97	85	288
V157	137	3	179	1367	175	391	90	567	6	40	6	277	162	45	20	932	655	14	801	52	337	276	82	71	1267	211	252	120	216	21	202	76	595	481	297	381	137	26	3	99	246	73	84	132	84	54	401	145	682	340	65
V158	66	178	25	59	170	131	57	2	315	33	195	214	179	345	147	75	60	538	359	102	19	97	39	328	120	93	26	324	34	60	34	68	115	15	171	122	430	27	149	29	134	309	107	165	381	44	223	150	220	40	170
V159	338	224	432	40	90	111	173	206	55	15	116	178	5	186	246	115	466	15	79	783	489	144	136	285	1	36	477	42	84	309	55	177	120	152	609	129	519	49	488	53	9	14	213	1	8	573	10	51	201	115	253
V160	54	746	50	1	154	413	670	21	86	759	67	257	401	580	291	296	172	29	98	520	121	71	497	442	525	22	400	14	92	77	302	80	444	255	208	657	185	54	2	185	0	217	35	119	160	100	116	276	518	34	559
V161	17	313	28	77	123	205	43	109	435	492	586	161	42	27	144	5	54	296	62	505	237	257	13	406	246	485	18	4	357	26	151	384	57	227	333	321	75	217	89	207	25	208	128	674	351	63	134	26	41	118	255
V162	48	152	150	182	358	396	80	210	191	43	57	913	0	426	643	67	37	150	460	100	118	453	278	113	34	289	135	107	218	122	81	166	78	43	309	544	222	36	92	322	42	36	128	227	87	182	39	7	55	466	136
V163	86	138	148	224	174	51	242	488	510	65	588	227	328	84	63	0	87	206	171	64	355	213	48	179	185	231	135	155	337	416	70	20	247	184	18	102	0	48	233	466	225	59	239	354	52	1	760	352	5	45	120
V164	334	5	482	277	3	442	242	264	321	5	453	364	348	213	199	123	127	342	70	39	632	21	73	17	16	21	1	765	10	349	52	14	140	169	118	407	7	30	83	629	721	115	92	258	163	50	61	290	1543	26	107
V165	157	52	41	44	77	517	179	238	28	848	577	44	123	493	66	132	137	188	409	36	184	653	263	98	47	194	491	173	250	32	43	450	292	218	217	72	142	177	234	17	337	123	43	49	69	13	33	382	356	49	89
V166	47	59	133	22	24	143	98	194	598	294	50	83	89	116	313	58	107	397	59	229	100	70	29	188	15	21	193	9	18	123	225	71	165	94	33	281	199	319	86	43	141	144	194	65	708	416	92	51	15	217	69
V167	56	445	427	488	162	279	101	186	285	469	43	193	219	233	33	212	644	101	393	46	92	347	258	102	192	7	68	6	297	65	111	721	6	126	27	174	9	190	370	106	166	22	176	146	8	556	462	86	176	5	306
V168	125	300	63	204	413	399	319	49	8	54	49	80	46	27	100	96	18	93	101	59	24	191	4	26	0	241	212	11	153	294	387	8	9	202	57	312	136	301	372	1091	157	154	159	256	6	81	301	70	47	213	252
V169	131	64	38	71	206	35	567	35	344	58	161	400	92	184	12	60	99	149	279	144	440	59	43	333	135	22	69	575	80	570	315	234	288	38	118	230	403	393	35	113	41	9	33	23	248	547	297	241	235	356	96
V170	22	331	44	102	3	186	179	126	1163	169	199	7	163	153	18	632	451	199	133	79	11	137	70	495	520	1214	105	300	292	238	150	50	54	98	325	83	60	32	208	383	71	43	1	184	105	47	135	127	223	298	245
V171	438	9	434	97	548	23	95	56	238	401	85	528	222	67	122	511	163	373	108	138	170	129	163	490	9	198	23	154	265	372	71	218	88	10	237	18	251	6	189	492	354	439	2	125	570	63	283	33	239	42	99
V172	36	248	241	17	347	725	217	104	603	20	107	432	68	49	107	513	120	142	241	0	261	29	856	218	112	777	130	354	182	79	59	127	116	168	46	169	213	25	102	254	56	405	35	75	6	170	41	20	24	69	219
V173	29	84	464	56	478	142	107	11	18	21	14	28	40	347	11	12	15	145	140	45	668	152	146	81	160	57	527	266	66	81	76	214	262	160	102	112	480	28	594	92	336	192	2	394	194	2	315	420	24	511	93
V174	29	411	140	81	495	32	335	1225	400	62	44	199	206	75	732	136	53	58	120	486	227	19	104	151	201	385	236	78	594	376	43	120	9	384	75	21	32	490	618	483	102	73	81	48	69	17	726	146	58	348	287
V175	77	38	83	62	456	141	53	44	299	148	22	394	304	56	41	147	355	359	468	329	227	18	12	126	81	240	109	14	28	276	123	221	274	138	63	125	382	17	88	220	125	60	433	152	52	149	267	22	144	398	55
V176	98	115	30	294	53	140	281	79	187	663	37	105	80	116	57	281	53	525	158	131	486	72	346	35	305	164	317	368	39	0	52	269	385	403	464	141	9	522	272	313	68	63	243	7	28	11	118	90	24	123	111
V177	530	29	28	680	21	18	19	0	45	149	125	230	57	472	121	52	86	58	40	81	25	104	244	35	21	629	153	973	280	337	485	116	581	103	60	23	12	79	211	29	419	78	441	62	219	124	761	83	5	328	149
V178	8	219	521	386	99	9	304	284	128	46	249	6	741	510	118	86	1	275	109	145	10	74	172	35	142	488	171	105	1303	394	175	6	231	5	35	162	63	28	320	68	59	263	230	808	69	82	26	121	336	34	194
V179	315	191	146	179	42	215	39	507	317	138	165	184	30	89	87	22	238	188	70	43	46	130	605	69	45	283	244	119	14	2	133	148	122	272	94	66	399	394	352	44	634	9	4	117	7	202	49	41	207	84	187
V180	266	286	427	92	329	377	73	303	13	85	28	295	107	58	469	232	34	66	302	213	5	239	291	511	80	137	32	185	157	5	3	22	147	605	59	144	597	211	509	353	318	347	67	568	4	35	380	870	298	99	269
V181	12	92	165	116	107	46	243	41	200	439	1	201	14	0	23	230	217	5	63	658	157	54	57	232	543	720	181	391	529	142	105	712	55	143	79	13	192	175	206	267	11	325	49	86	128	33	9	592	578	1	93
V182	232	146	344	74	435	115	166	64	97	27	716	211	107	193	350	196	374	332	160	96	317	141	346	317	252	6	70	597	30	1369	26	419	46	186	41	434	367	8	204	364	354	354	518	221	10	23	237	10	406	334	189
V183	80	310	117	157	59	50	98	454	106	19	412	705	156	97	274	13	380	77	130	90	20	3	121	158	176	52	306	762	354	442	391	168	279	173	395	1	501	715	275	21	146	18	140	23	172	14	214	236	10	409	247
V184	242	205	331	53	110	237	197	93	107	48	368	86	6	437	56	537	245	236	492	108	93	23	3	620	1049	201	126	26	21	36	278	158	201	97	60	156	12	785	84	96	279	71	47	34	263	42	21	24	259	388	215
V185	328	77	459	282	24	41	121	82	533	191	259	13	67	143	548	111	404	43	349	341	63	234	59	274	263	82	184	88	554	458	95	8	64	208	275	125	46	38	416	98	52	58	74	55	4	360	567	263	37	174	152
V186	3	146	117	95	137	480	11	601	13	172	44	74	595	361	169	255	132	45	98	64	31	7	45	187	151	79	358	162	63	101	3	7	37	9	171	442	144	313	83	68	253	270	64	38	225	235	26	185	61	137	127
V187	133	148	45	195	134	401	68	122	78	317	879	6	69	142	799	117	80	178	111	36	268	39	129	205	4	144	73	550	52	112	169	175	188	247	40	109	377	565	16	156	202	68	115	43	394	58	139	2	186	130	163
V188	14	958	210	253	113	64	493	109	329	26	32	249	144	186	169	406	37	59	20	70	196	143	195	282	804	285	0	283	863	364	46	235	65	351	140	56	61	390	434	30	115	149	290	36	3	250	31	40	28	99	703
V189	259	264	20	163	32	90	291	25	131	93	197	206	9	378	3	176	111	230	701	282	16	26	328	61	50	226	93	235	210	51	93	54	152	112	315	22	28	133	287	413	359	349	141	219	115	353	11	56	14	643	254
V190	254	52	410	184	21	158	174	41	204	101	57	394	34	23	133	293	195	103	84	72	1	524	190	255	69	166	29	219	284	251	182	228	55	185	223	52	218	467	155	50	839	592	418	268	269	175	74	2	166	3	102
V191	6	72	271	56	22	295	117	39	642	105	193	230	145	468	28	369	749	292	171	572	145	119	424	40	232	218	264	29	184	864	234	36	202	364	11	27	156	146	75	120	4	367	131	172	194	362	27	34	36	343	65
V192	652	254	227	199	33	347	222	57	602	699	85	232	130	205	43	59	337	42	70	472	145	32	249	523	89	517	340	675	67	29	60	59	583	29	77	444	23	40	9	252	27	72	180	10	294	89	30	48	244	108	351
V193	41	120	101	41	486	177	320	14	10	82	1095	90	168	80	192	376	336	675	48	115	9	92	2	172	129	52	579	187	38	532	258	0	82	103	545	53	149	323	101	297	106	216	49	24	242	437	140	180	274	180	114
V194	188	245	111	694	70	211	309	245	697	227	24	140	57	8	14	156	382	370	55	106	188	271	60	141	236	264	41	172	194	96	69	83	12	183	68	27	401	621	22	39	61	64	171	17	37	183	93	37	33	51	208
V195	5	32	84	1	297	38	145	154	79	29	78	31	133	160	342	142	442	40	316	43	2	321	33	195	7	57	2	104	128	1236	51	11	265	258	76	299	155	161	87	682	17	16	105	221	397	30	15	8	55	1	36
V196	245	165	12	202	306	26	94	347	72	181	58	43	69	761	242	483	33	121	8	94	45	456	14	18	534	214	208	382	50	86	501	150	18	228	536	103	426	122	473	210	449	21	204	119	37	307	8	89	21	956	194
V197	118	658	181	250	11	117	82	27	61	111	35	270	89	227	45	199	824	293	114	630	82	407	123	221	7	168	23	72	1	62	92	128	57	4	80	39	15	141	260	58	256	122	67	374	861	1005	187	99	258	336	509
V198	6	126	86	13	64	35	489	11	354	435	221	134	9	249	200	87	45	106	197	95	62	534	89	79	426	120	211	171	18	256	23	511	282	39	102	143	41	7	104	104	475	81	289	19	115	64	227	16	170	11	105
V199	135	595	115	32	45	10	0	115	127	188	15	72	194	97	99	107	188	214	96	1	68	135	126	239	172	45	21	49	113	32	926	98	25	236	71	54	24	61	338	148	98	151	218	558	545	42	44	171	227	89	459
V200	188	14	13	377	477	66	3	190	49	365	14	185	47	105	345	389	202	269	396	35	148	90	194	142	184	159	331	176	429	13	172	600	121	5	23	106	134	223	9	193	642	103	105	104	232	244	56	52	479	48	65
V201	42	30	176	528	567	23	737	60	182	116	273	104	272	617	286	55	208	401	469	51	486	135	176	22	17	13	171	147	505	283	119	332	27	277	452	46	60	24	78	170	107	358	157	22	10	126	73	132	98	268	58
V202	121	57	167	274	237	135	140	138	256	402	11	248	22	7	419	431	282	242	15	115	498	165	26	410	30	814	340	148	106	119	38	21	130	485	87	473	481	63	42	221	297	297	212	29	110	224	461	224	132	59	76
V203	270	667	729	127	3	7	162	28	49	274	320	568	119	411	388	484	228	87	59	128	37	533	955	79	33	160	343	256	310	135	185	74	63	51	129	361	400	273	46	161	236	753	197	38	35	23	121	37	59	249	550
V204	42	1	33	53	390	159	64	382	70	108	73	294	405	169	79	156	212	273	705	12	165	632	11	259	23	349	131	419	45	596	344	205	397	25	202	57	276	628	644	27	109	259	35	1	55	224	266	195	744	189	29
V205	536	35	829	117	64	35	53	19	4	255	127	542	395	26	678	308	1085	318	465	102	45	19	486	282	11	19	37	67	638	7	14	78	135	124	183	400	33	332	41	210	300	11	108	47	174	141	7	252	96	196	142
V206	496	152	228	163	135	98	311	188	477	65	176	104	293	35	204	145	106	265	225	112	4	42	24	327	64	99	217	239	58	165	27	202	47	5	10	4	37	82	379	247	15	866	21	51	365	261	9	793	181	17	241
V207	515	87	319	160	366	15	431	43	214	263	668	256	51	80	17	55	160	13	90	398	87	23	241	20	312	176	146	21	237	114	33	17	341	423	148	264	16	179	15	259	41	300	11	195	63	11	224	426	232	779	189
V208	329	137	114	1012	104	100	40	84	116	94	39	427	63	23	165	12	316	858	579	133	211	169	7	82	541	96	65	184	14	141	535	125	116	516	52	33	9	109	275	205	68	107	105	112	158	609	478	320	508	33	179
V209	22	36	47	188	45	409	224	612	458	160	39	253	29	321	63	297	342	295	85	297	20	6	20	42	439	40	96	23	211	86	51	176	168	163	438	10	302	326	485	146	333	471	76	527	128	59	99	37	105	23	53
V210	312	35	264	127	22	413	141	126	493	136	254	65	87	349	943	105	13	435	127	180	21	466	21	533	79	125	334	16	626	848	239	139	2	158	174	369	150	84	226	114	5	503	724	83	237	208	159	476	140	69	130
V211	92	76	20	143	344	445	173	9	266	38	22	144	1442	187	198	304	13	123	220	114	70	218	192	29	469	369	134	241	135	98	9	21	166	278	157	310	7	88	26	40	205	267	275	223	535	60	226	202	35	105	70
V212	693	132	38	1	70	6	178	292	23	187	185	192	129	189	21	103	95	25	213	30	409	77	155	262	195	35	69	222	74	74	69	549	22	201	57	330	493	91	217	235	4	61	304	98	195	232	698	22	1	309	250
V213	333	255	107	425	209	325	106	7	48	277	58	204	92	321	194	217	246	507	218	356	948	237	427	185	80	83	226	241	67	173	164	298	89	37	672	320	10	96	152	65	13	300	13	381	944	468	106	188	106	255	310
V214	121	5	50	81	47	186	145	35	521	2	845	80	105	328	70	193	162	271	115	700	102	199	193	435	91	101	30	141	174	34	49	17	528	180	258	135	190	646	464	359	225	24	105	37	496	372	149	207	78	45	45
V215	205	728	277	120	94	51	611	16	484	345	154	415	94	42	43	301	62	119	119	329	20	9	128	33	56	232	834	168	110	53	11	32	9	649	310	102	774	8	17	148	610	99	192	94	16	534	225	362	354	134	605
V216	226	362	103	269	153	11	277	152	9	637	279	749	22	864	210	173	245	9	272	8	303	682	167	47	129	83	30	339	68	303	318	28	63	229	204	286	63	135	85	279	101	172	274	529	81	9	239	125	53	45	337
V217	283	368	2	713	47	803	3	84	32	346	2	60	460	620	84	132	433	168	283	40	1004	23	116	202	137	351	332	849	57	286	339	99	604	68	41	134	56	35	44	78	47	333	210	48	108	149	22	287	167	186	332
V218	77	64	183	136	3	6	142	197	163	387	456	232	259	193	21	155	235	184	159	393	359	300	119	32	0	208	149	48	404	40	127	67	211	39	31	144	146	31	75	346	64	70	570	172	120	55	93	47	354	201	90
V219	89	55	0	61	96	56	234	11	24	2	257	92	4	41	11	102	93	175	420	271	375	161	202	247	191	112	152	95	37	296	86	108	120	59	27	19	168	177	385	101	116	391	208	349	169	101	138	205	228	403	81
V220	82	380	389	1	42	37	149	169	203	22	236	106	448	57	107	403	405	379	6	131	225	58	424	133	101	20	323	28	909	475	30	73	816	136	38	75	108	368	0	45	43	115	73	47	190	77	38	211	121	72	279
V221	224	226	23	142	289	100	7	1066	124	435	340	443	7	36	75	87	245	114	269	235	305	272	458	472	270	0	369	22	186	688	145	52	302	242	118	261	212	306	282	0	227	151	296	185	185	8	2	97	134	34	237
V222	125	307	5	248	286	1000	74	53	73	33	78	19	825	239	128	407	353	26	50	355	212	31	72	40	236	322	209	100	15	153	28	64	24	101	96	299	174	165	15	272	248	160	13	121	659	204	412	209	120	30	244
V223	256	66	40	149	910	32	281	580	68	372	600	0	685	392	700	0	82	9	122	240	134	232	908	77	141	13	116	127	128	352	284	93	5	533	95	187	16	181	419	508	23	125	1174	15	296	670	124	122	93	289	114
V224	316	91	123	441	72	69	70	226	214	361	17	256	357	59	64	0	491	71	6	1032	180	645	104	89	111	159	893	60	348	58	182	227	127	412	412	266	308	27	559	68	31	82	116	16	9	85	286	624	168	471	157
V225	54	156	45	19	299	148	0	359	95	76	16	90	276	74	229	34	91	18	324	152	204	150	178	83	95	15	187	72	144	381	293	157	358	25	494	396	6	137	401	172	94	207	422	531	91	363	414	371	194	423	141
V226	67	669	269	306	444	180	118	45	63	73	360	103	44	217	126	10	496	59	72	177	97	366	242	205	235	239	191	408	72	30	19	247	541	271	97	104	8	16	251	236	62	12	11	238	300	1008	58	68	888	47	499
V227	287	71	0	218	97	162	34	178	315	38	115	246	77	437	167	350	57	151	96	230	292	63	162	133	152	64	78	81	293	77	174	328	469	52	231	313	101	29	750	174	8	123	104	304	6	354	791	86	255	161	114
V228	325	324	129	166	133	121	561	325	168	6	427	385	114	220	14	121	68	316	74	325	78	50	11	25	81	103	27	321	119	414	34	125	66	197	18	436	106	138	9	63	90	154	258	194	183	60	193	94	50	700	310
V229	381	150	47	332	65	12	17	153	134	6	331	239	179	77	177	19	2	271	350	93	49	3	318	194	43	329	195	92	107	192	21	59	223	905	281	5	125	347	81	73	194	296	162	149	351	98	52	72	273	15	185
V230	41	225	199	340	53	12	401	61	298	243	125	224	525	515	153	15	28	81	68	8	790	1187	818	58	281	310	279	379	228	11	172	24	98	390	109	7	336	111	117	131	405	225	67	30	519	74	98	286	374	2	194
V231	46	257	2	9	129	65	159	249	118	12	605	244	184	149	173	1	209	32	142	111	218	221	254	39	41	271	56	314	5	789	35	1	122	453	200	57	470	39	107	115	46	8	22	264	728	248	143	3	400	107	197
V232	10	351	157	485	696	4	77	96	93	269	183	148	72	44	382	325	285	101	250	278	34	53	21	16	35	5	24	217	23	378	93	781	270	194	163	7	20	341	43	181	225	161	17	110	5	204	254	8	143	92	299
V233	43	257	557	215	31	29	58	955	86	396	120	174	566	295	627	299	250	79	176	354	39	6	111	25	183	436	84	486	294	5	11	54	222	22	2	283	468	432	165	93	401	171	17	12	79	308	50	33	52	478	214
V234	655	34	463	87	109	104	73	618	59	118	11	156	621	317	169	218	231	86	137	308	302	21	265	322	235	185	73	243	120	46	1243	14	14	425	101	365	134	67	100	148	274	121	40	134	10	98	1	208	12	137	161
V235	472	3	137	160	116	46	391	142	128	85	252	46	247	176	21	80	2	306	858	131	2	62	206	25	46	675	194	164	69	614	30	167	272	104	40	35	566	112	111	132	631	433	67	261	104	347	32	53	16	73	104
V236	692	138	157	78	48	162	8	171	33	874	6	194	75	5	16	300	89	307	71	76	74	88	178	208	432	38	175	86	138	12	20	660	75	101	271	221	56	278	12	107	20	324	196	10	59	837	49	45	403	340	284
V237	113	153	94	368	272	133	167	179	390	279	310	213	220	101	115	140	833	143	92	135	78	220	80	263	196	238	19	28	38	25	369	243	283	113	99	90	6	130	158	285	47	233	648	90	72	744	331	48	238	34	138
V238	78	137	571	32	19	288	69	61	1	2	197	121	75	76	238	396	19	1707	472	175	10	67	28	333	113	18	154	55	253	67	32	90	36	16	98	582	12	22	99	148	75	43	66	27	384	403	13	454	86	229	132
V239	203	267	65	284	19	66	447	6	249	646	394	132	51	87	123	168	785	252	56	414	127	20	95	17	76	394	545	149	94	129	140	288	156	236	95	70	153	591	70	248	656	514	572	169	87	99	35	970	29	16	205
V240	57	330	38	23	114	377	187	345	86	22	48	17	25	9	18	166	350	196	8	206	74	219	99	14	307	12	972	387	520	102	189	4	81	20	300	8	473	339	201	415	259	98	30	183	189	703	179	61	266	111	253
V241	17	92	147	129	388	253	166	359	1	109	773	25	104	178	143	87	93	20	376	21	21	435	72	246	332	70	88	109	354	250	98	6	211	41	78	20	158	373	728	31	628	567	13	89	142	1504	27	154	210	278	70
V242	55	668	174	108	64	128	21	76	81	133	171	417	170	143	56	280	84	21	0	137	66	86	552	25	73	376	690	39	35	167	62	161	154	136	169	138	35	191	442	51	69	109	63	8	183	171	8	56	59	8	466
V243	227	190	401	36	254	345	334	124	354	136	82	70	100	1054	25	73	925	42	56	386	466	37	210	369	150	36	338	253	17	102	111	96	123	535	21	228	149	287	143	255	3	62	374	130	138	97	132	164	407	66	199
V244	130	166	353	208	87	12	103	586	193	267	387	398	9	556	237	367	21	1196	212	74	304	34	365	592	679	201	5	524	77	34	7	195	298	5	289	530	207	16	140	98	457	181	69	472	41	84	191	33	17	133	152
V245	489	164	376	36	297	288	38	47	81	375	95	46	348	42	415	9	236	265	258	613	21	152	527	266	389	143	44	99	53	151	111	6	25	72	33	647	30	325	46	42	197	593	63	261	27	202	26	46	568	154	256
V246	33	144	231	164	131	69	258	499	151	45	273	45	797	128	50	614	457	365	35	43	175	47	311	62	231	704	89	93	376	44	131	58	211	38	74	547	114	183	546	192	32	195	88	78	343	48	151	294	101	800	120
V247	33	55	407	44	1	132	45	19	80	17	171	336	572	23	67	264	191	463	251	141	189	66	4	39	308	28	178	97	209	29	155	350	347	164	437	241	255	7	44	27	262	420	76	64	281	135	106	84	13	244	57
V248	184	242	43	213	298	195	39	704	249	34	85	151	698	110	86	135	62	90	163	138	173	530	60	96	259	176	115	68	101	45	55	24	471	64	134	233	215	75	102	80	23	19	92	91	192	54	88	29	227	84	216
V249	752	188	279	309	123	60	185	29	244	6	124	16	371	214	590	78	0	44	82	546	451	272	330	478	243	151	231	332	377	133	642	371	18	240	123	104	236	13	34	62	48	97	755	128	138	163	325	156	10	44	289
V250	79	1127	156	70	23	71	87	412	38	208	28	32	204	10	56	323	17	103	17	73	96	2	33	161	77	460	19	405	70	402	105	146	397	93	50	157	305	128	70	270	106	26	507	58	96	3	44	233	43	134	842
V251	135	0	169	40	5	5	532	167	631	445	189	207	79	126	1	385	586	10	31	462	83	81	378	83	730	61	721	177	61	154	11	166	117	16	226	76	136	190	23	66	522	444	286	165	417	71	124	787	128	18	50
V252	598	30	1004	943	96	24	72	83	204	460	19	165	635	289	540	99	414	353	76	162	214	161	269	67	167	1146	172	67	44	207	286	301	71	119	127	517	129	222	14	301	12	393	212	276	57	79	237	33	67	271	171
V253	1	201	7	402	140	17	472	94	8	152	47	228	280	36	2	134	967	62	451	250	205	464	239	252	115	361	460	190	193	129	160	64	255	317	7	54	162	386	121	53	254	6	203	50	118	205	81	172	4	383	165
V254	6	27	583	18	40	619	265	29	67	224	315	34	67	391	360	81	166	182	206	10	4	35	113	1	706	292	161	144	199	182	623	73	181	489	106	276	395	183	345	174	493	215	249	147	124	97	192	130	276	88	37
V255	88	309	8	22	188	381	188	28	59	392	9	175	75	25	38	1	31	50	262	29	202	167	501	958	1	245	11	204	51	79	227	3	61	20	29	76	82	15	154	78	205	547	83	50	264	75	46	88	516	96	254
V256	569	193	709	268	144	255	36	58	379	150	45	57	38	108	209	18	138	27	85	205	115	94	113	228	86	286	208	106	53	52	124	749	824	147	106	152	35	17	2	24	69	20	232	311	459	30	124	27	86	28	249
V257	370	101	17	218	258	147	189	235	135	154	86	142	227	166	159	107	238	214	257	96	802	81	799	85	27	52	455	188	18	149	48	28	129	73	131	121	31	392	2	59	69	10	127	113	329	465	133	109	169	35	154
V258	50	336	8	47	138	138	458	21	265	11	17	412	385	850	232	84	342	362	42	341	139	45	92	353	422	70	68	202	60	82	64	44	376	390	43	332	558	119	257	115	115	66	638	222	41	457	272	378	102	235	257
V259	319	126	43	120	282	375	180	152	37	152	449	138	275	131	16	219	213	1231	110	177	3	152	181	26	12	36	39	71	1592	54	320	49	60	386	505	372	433	19	12	10	11	116	369	86	35	30	166	411	96	26	187
V260	509	793	140	739	166	373	213	552	152	113	156	196	21	67	4	250	27	107	343	382	101	180	226	214	169	642	244	265	287	105	235	39	545	122	257	167	371	273	251	402	604	823	199	366	942	117	401	71	317	1	714
V261	183	263	78	303	12	6	87	92	221	297	197	107	33	59	148	130	205	48	4	56	183	82	626	67	77	237	127	12	269	65	292	270	13	35	354	14	201	887	397	136	70	53	320	65	24	91	273	194	5	48	242
V262	224	34	108	425	398	3	330	6	214	115	76	603	94	237	372	89	13	152	100	3	271	355	139	811	138	113	895	334	97	51	81	200	1060	60	278	55	146	177	101	82	72	6	132	23	40	124	186	234	38	62	104
V263	68	138	649	300	98	112	206	202	206	472	542	152	389	48	30	108	527	11	210	649	600	21	132	12	124	436	9	320	70	119	441	68	88	647	79	22	263	90	285	11	16	199	51	27	27	134	125	412	138	89	132
V264	324	545	732	114	245	193	222	170	60	215	46	238	149	149	549	170	376	217	291	10	298	167	507	204	0	116	52	45	161	7	337	18	301	147	123	10	189	213	387	32	32	3	158	91	290	154	152	43	195	15	440
V265	45	37	736	11	2	6	967	200	156	33	523	299	385	5	2	269	403	45	306	337	180	430	64	218	129	85	16	239	198	50	152	470	113	80	268	187	143	65	175	110	141	89	396	84	251	208	103	60	384	41	60
V266	387	251	180	177	133	755	134	86	605	108	130	147	131	193	52	68	10	356	8	135	10	58	21	162	19	55	132	3	142	319	99	244	84	150	182	83	197	10	137	266	791	218	174	140	297	19	227	208	50	232	264
V267	0	607	296	10	418	204	310	247	43	48	377	13	310	10	170	155	57	346	167	132	1079	26	82	64	70	47	17	130	115	77	726	134	21	615	757	309	50	774	9	78	1142	131	30	4	14	482	171	831	110	35	434
V268	502	289	48	197	40	83	23	58	910	352	177	1461	21	33	303	378	136	542	279	120	313	5	336	229	17	2	1019	567	342	208	356	25	473	139	303	217	300	161	572	178	43	45	68	10	426	470	131	73	89	49	355
V269	158	61	319	2	730	126	156	145	29	174	38	153	112	49	56	580	217	222	109	449	263	168	34	54	80	0	323	133	403	68	52	120	232	139	101	73	608	291	117	384	51	45	173	267	164	219	451	127	93	297	84
V270	74	21	1051	554	328	166	443	171	165	12	179	124	63	13	77	366	88	292	81	80	466	59	783	63	49	346	180	356	22	249	281	55	549	682	134	169	15	22	71	227	275	116	115	116	60	59	278	99	152	12	51
V271	319	21	90	110	229	152	390	676	183	46	230	141	82	52	235	503	50	4	74	147	191	699	30	116	143	386	327	361	28	378	20	569	385	224	124	34	342	754	228	145	20	88	67	43	104	226	41	30	104	236	105
V272	521	24	403	417	271	62	180	255	485	61	22	73	60	16	81	493	92	189	91	62	58	231	163	447	39	1064	315	429	75	118	344	50	236	71	93	36	942	95	237	13	297	46	186	176	148	94	201	25	253	9	151
V273	171	249	199	144	123	480	8	442	446	409	22	468	402	102	298	127	120	180	112	386	99	402	49	32	18	280	193	114	75	63	284	275	102	27	609	165	315	29	383	192	42	172	17	73	32	160	295	156	491	116	200
V274	94	287	476	110	32	891	271	103	171	525	541	120	41	27	43	173	0	37	735	58	50	51	128	467	299	106	19	148	29	102	346	190	37	50	288	762	315	144	27	3	108	708	68	163	462	939	65	132	64	808	234
V275	116	137	4	186	318	26	76	89	336	16	237	102	125	433	249	160	32	70	81	32	272	26	9	38	10	121	37	241	105	33	72	495	15	347	340	94	202	9	77	161	261	21	11	398	322	90	198	109	544	202	140
V276	388	246	223	52	37	552	16	83	181	0	124	45	102	426	571	25	213	47	47	10	120	660	127	134	88	147	150	116	787	154	43	303	45	210	0	109	333	110	110	354	150	287	26	266	707	42	264	308	34	193	261
V277	598	128	508	25	138	121	14	32	162	214	25	40	50	100	95	454	72	347	439	265	37	2	330	83	158	317	181	0	121	521	189	156	8	184	136	109	156	101	57	103	215	7	169	35	34	3	695	110	841	363	247
V278	9	112	92	95	218	19	217	79	67	411	47	72	600	53	25	81	579	11	112	555	238	32	141	55	124	485	199	13	106	177	385	45	1011	47	368	73	127	48	133	33	153	217	24	112	183	54	36	174	231	105	108
V279	170	26	241	70	448	21	250	262	254	484	5	487	62	192	249	185	174	11	11	33	11	215	126	310	137	240	414	5	216	3	132	267	175	168	149	143	4	74	89	17	857	116	145	274	118	1141	72	574	101	89	77
V280	165	162	153	187	30	291	322	91	91	430	441	564	812	219	88	117	33	552	384	53	113	325	733	117	218	37	110	94	132	27	63	49	474	110	151	31	103	39	282	105	238	207	490	195	70	108	101	64	24	313	175
V281	92	12	233	425	25	273	96	368	32	595	18	138	375	595	476	968	72	37	421	1073	2	205	160	92	104	95	96	231	394	816	94	147	60	166	128	482	303	138	195	89	127	445	626	368	164	399	8	124	28	205	45
V282	68	221	62	245	2	523	293	143	249	38	9	610	268	71	288	378	122	416	39	327	142	86	51	49	227	115	170	158	149	130	302	16	30	51	39	80	208	116	202	114	44	187	224	200	54	156	54	651	271	393	204
V283	431	171	130	480	27	170	13	2	209	99	103	11	86	426	191	407	186	282	35	595	40	134	382	116	390	55	67	19	213	365	315	111	194	158	238	332	58	257	18	304	357	62	0	189	484	21	1047	846	148	82	207
V284	139	28	94	237	69	115	276	347	113	164	332	481	58	342	69	808	33	31	137	16	494	14	36	10	90	416	86	191	158	73	350	58	210	118	66	33	38	88	759	192	669	371	561	69	103	63	51	324	173	468	64
V285	281	108	89	65	199	200	424	21	354	252	295	21	116	414	58	186	338	163	48	188	10	217	27	24	158	25	131	723	287	136	94	8	493	236	37	79	973	411	169	363	14	560	862	10	176	720	42	417	206	1288	149
V286	177	260	102	28	489	516	14	75	274	113	90	245	235	56	292	12	542	48	764	23	40	100	378	170	24	48	103	58	7	129	31	1	165	110	1067	133	464	280	36	339	237	35	225	55	23	8	45	147	594	244	250
V287	71	142	110	335	90	86	60	91	258	37	204	8	325	10	30	264	69	380	249	551	223	108	2	1	51	10	217	158	49	4	197	157	806	45	175	98	117	286	28	268	429	96	129	430	307	185	38	23	312	390	132
V288	254	1	38	391	22	19	772	85	98	104	261	23	208	159	208	66	31	118	27	219	271	211	156	17	214	460	342	40	537	306	231	620	377	4	59	748	690	508	231	166	138	288	145	301	317	75	614	314	99	266	74
V289	23	214	205	129	153	109	203	505	63	12	7	181	452	143	286	5	218	60	2	346	23	147	275	23	262	428	359	116	197	181	314	3	142	127	21	7	83	389	106	682	216	65	72	73	105	205	49	187	311	107	168
V290	390	66	681	66	781	40	145	172	10	212	75	618	147	85	188	148	247	42	110	41	172	372	586	55	174	53	40	486	314	73	227	172	136	112	279	106	162	280	237	59	89	135	365	19	339	7	381	236	246	128	158
V291	471	97	44	101	44	436	292	143	38	98	4	122	65	58	194	95	350	171	262	307	117	58	59	29	329	27	64	310	350	230	32	64	26	52	154	189	12	45	245	0	764	432	149	501	48	40	26	328	279	49	200
V292	65	96	38	117	248	215	69	170	189	23	24	70	76	115	28	54	62	264	450	320	47	545	327	252	85	151	224	65	578	16	217	269	671	109	23	98	158	44	233	99	25	72	72	134	191	139	221	107	309	157	97
V293	75	45	224	317	247	139	1	88	150	18	447	925	7	65	143	156	66	447	57	134	1161	15	81	225	593	147	67	55	249	69	136	675	310	1045	29	168	151	67	119	136	20	1160	676	256	195	39	367	21	606	15	87
V294	329	14	253	150	540	66	13	435	13	22	57	392	64	490	1198	85	282	240	609	213	129	129	633	103	280	194	109	697	338	418	325	279	1	31	690	228	16	20	24	160	86	221	204	49	210	227	55	99	53	315	99
V295	626	117	504	288	36	372	208	115	194	28	41	65	485	266	24	107	167	2	24	160	81	765	78	272	68	91	251	130	124	751	758	131	66	118	39	211	99	153	10	101	59	419	11	23	369	40	332	323	141	711	253
V296	163	338	7	74	192	995	641	331	185	49	37	126	457	16	524	30	164	103	190	73	91	242	264	580	25	179	681	79	65	265	395	28	177	193	36	283	253	152	151	13	177	250	140	46	167	268	67	212	161	230	289
V297	484	456	221	143	15	143	65	395	802	281	109	160	397	209	110	321	577	6	59	316	178	113	135	519	400	372	54	269	451	201	652	196	15	3	49	293	190	146	146	339	130	50	42	126	420	99	81	80	39	30	427
V298	105	13	53	83	224	388	119	1642	3	304	187	354	102	88	52	42	16	712	235	8	202	21	242	29	83	111	121	57	4	502	322	1	23	461	228	146	0	626	1261	576	377	59	333	125	358	242	8	529	38	368	46
V299	266	68	736	127	349	41	17	55	341	110	201	19	60	35	787	211	576	182	47	365	161	221	86	0	206	48	14	163	36	44	223	8	84	250	16	66	87	51	24	11	6	285	594	295	42	158	107	71	197	397	127
V300	238	250	8	100	250	103	101	188	15	33	270	191	61	359	4	509	10	179	255	14	4	49	172	145	2	847	26	40	62	70	60	135	124	4	54	295	32	239	40	74	67	419	288	165	38	84	87	122	255	229	203
V301	71	45	237	15	98	204	156	256	120	300	107	30	246	32	44	50	1	199	26	156	45	233	317	30	105	32	157	383	111	177	132	28	169	67	362	131	447	64	162	137	450	289	114	137	92	909	98	199	228	123	58
V302	10	9	58	8	653	5	601	57	49	145	307	4	10	154	58	12	48	153	84	9	266	159	10	1212	309	311	95	317	66	84	544	95	24	379	36	160	246	101	119	64	165	70	88	152	176	189	21	8	53	584	29
V303	304	461	196	9	39	271	53	338	425	623	210	25	9	81	324	70	3	90	232	265	21	252	20	81	13	166	510	214	60	351	114	183	98	495	224	115	427	2	187	79	18	203	992	23	81	39	37	401	247	206	386
V304	23	225	32	67	322	53	336	365	93	277	527	348	118	43	218	113	78	127	112	605	9	164	1088	136	112	304	45	59	68	205	125	164	24	443	4	208	45	75	319	167	80	114	22	88	493	258	844	31	23	190	178
V305	67	251	38	269	98	134	150	66	4	314	47	221	180	28	198	49	96	32	65	678	139	6	33	1	86	107	269	186	39	655	47	608	24	77	49	33	28	18	375	263	30	78	206	168	398	207	698	65	97	46	183
V306	759	84	205	1051	51	126	143	644	19	137	68	57	498	51	104	206	46	151	149	437	37	82	38	45	691	71	396	6	664	592	60	34	66	217	279	101	225	152	177	52	134	149	65	231	63	135	131	163	76	26	242
V307	146	74	97	76	72	430	13	21	100	53	7	623	764	75	215	256	155	89	195	229	278	161	231	326	75	593	38	597	81	8	325	20	1	534	83	359	845	152	82	39	73	37	245	176	101	58	183	310	474	646	103
V308	509	42	107	685	4	139	358	137	43	45	9	163	549	808	111	295	95	283	105	142	406	272	83	140	73	477	53	308	193	12	108	34	213	730	358	112	136	12	92	188	79	146	367	143	274	17	961	165	85	43	160
V309	75	38	119	646	202	456	19	235	53	116	506	214	14	35	11	8	13	141	26	17	108	301	267	113	58	89	42	14	43	130	184	146	251	200	242	411	369	133	1097	421	37	651	508	271	5	81	96	189	54	188	66
V310	32	386	254	27	396	77	810	28	265	331	94	62	266	221	351	213	154	91	324	438	408	995	337	70	139	324	45	0	395	74	489	73	341	11	12	65	82	100	261	71	197	72	64	298	170	205	86	68	426	202	306
V311	98	419	219	97	434	106	474	30	21	156	86	22	56	73	4	51	96	35	352	90	355	62	90	179	112	259	267	11	14	138	387	81	369	6	254	104	201	157	48	260	365	90	77	102	285	705	0	32	97	161	362
V312	275	88	44	38	102	771	369	58	476	726	601	63	13	41	325	165	901	144	335	18	7	64	122	80	81	47	775	750	42	397	202	269	306	300	186	449	0	107	94	335	1	607	38	461	7	85	580	116	201	241	153
V313	215	106	45	91	62	173	141	338	332	82	381	378	26	414	569	73	92	77	27	192	81	116	131	181	227	314	243	112	41	40	445	507	56	577	76	37	127	352	40	141	245	191	76	399	832	257	25	396	213	9	133
V314	191	179	498	341	0	468	23	218	102	1278	34	5	2	20	174	252	195	250	104	588	445	109	190	477	174	97	17	224	92	110	10	541	45	1370	186	107	269	76	75	220	30	46	129	51	23	328	74	97	27	84	201
V315	33	121	31	465	110	31	55	31	177	10	38	255	81	304	199	26	70	36	18	10	14	1	60	100	101	25	46	5	274	594	1454	241	142	187	514	98	103	9	701	181	235	517	215	322	74	343	244	271	44	425	96
V316	174	268	84	60	233	110	90	169	50	28	163	334	90	178	4	173	70	46	2	79	381	302	768	72	55	17	658	93	133	140	76	870	306	53	201	37	62	104	125	65	9	44	293	81	46	50	63	158	60	283	252
V317	341	667	201	155	38	78	37	69	688	16	0	35	155	35	9	97	4	150	128	412	322	198	62	333	35	133	52	243	118	539	446	21	124	53	290	117	1159	36	123	107	718	484	112	226	212	116	69	76	13	34	556
V318	106	19	276	419	165	66	305	2	434	63	437	376	178	139	166	118	52	182	166	213	99	37	158	780	64	349	457	544	76	115	158	24	180	601	281	695	547	130	141	510	552	18	109	55	258	57	53	37	181	6	51
V319	120	265	63	589	449	148	187	322	187	39	202	297	325	199	25	452	204	277	15	498	318	74	157	121	252	224	46	11	116	99	232	173	252	124	456	193	173	445	541	705	464	15	46	113	181	306	248	89	676	34	255
V320	243	32	110	10	195	126	30	272	128	246	431	360	178	70	129	11	344	10	685	185	117	271	122	425	21	92	495	193	266	41	80	119	153	49	98	1	151	188	6	131	84	32	163	1022	22	112	74	669	168	69	103
V321	5	100	52	78	129	138	30	34	388	98	119	174	46	174	198	153	60	300	112	521	138	436	441	83	46	253	64	479	385	278	21	540	167	39	17	185	31	139	32	64	149	48	244	155	9	60	17	815	106	41	85
V322	174	101	191	56	533	11	48	84	47	32	310	403	160	235	24	0	111	4	151	162	544	231	449	87	21	541	13	87	59	43	238	92	48	138	92	305	162	21	460	198	271	116	143	25	233	513	33	54	591	155	134
V323	97	15	222	47	32	141	261	330	166	15	57	3	102	64	70	149	575	173	15	111	302	201	433	22	445	350	47	104	111	173	224	157	138	366	128	56	118	143	83	498	63	196	104	659	11	227	592	28	621	141	53
V324	88	31	88	348	126	72	119	416	57	590	86	67	19	425	4	77	11	94	278	413	413	18	191	492	177	104	330	65	116	158	220	162	324	21	372	480	84	126	55	79	148	49	19	164	2	341	284	184	129	192	62
V325	138	90	947	49	6	29	14	346	398	195	369	95	411	438	187	127	453	906	44	169	179	158	142	445	21	43	56	42	269	113	54	96	250	55	3	82	451	27	40	90	129	433	15	77	51	272	432	267	89	15	99
V326	432	87	24	467	318	130	833	140	112	38	73	280	643	118	57	181	262	457	37	1641	184	483	187	330	133	59	62	399	993	94	34	101	69	380	247	217	122	36	43	271	710	172	16	48	342	122	0	94	13	139	165
V327	304	12	14	123	291	62	40	107	411	69	112	278	685	114	21	22	113	131	76	334	405	284	42	44	10	79	111	136	26	236	661	216	302	680	348	901	196	588	118	68	106	244	107	387	28	24	272	700	17	592	96
V328	222	4	126	61	74	356	313	88	99	154	15	223	117	258	34	66	385	50	41	336	284	74	196	563	159	381	68	154	98	67	209	237	173	261	47	112	260	236	239	252	217	141	247	146	312	22	128	27	77	221	75
V329	224	7	327	318	293	185	48	180	73	600	285	264	220	112	173	77	303	119	253	208	125	336	151	341	19	295	100	9	57	36	105	81	288	183	112	35	23	131	403	28	0	12	105	500	65	169	13	5	467	39	67
V330	21	932	131	27	183	191	51	368	189	102	391	95	269	146	175	7	280	30	6	416	74	220	120	8	36	211	20	241	2	72	249	682	223	363	143	2	109	336	94	236	81	63	316	735	66	50	169	1102	11	513	646
V331	340	64	828	37	575	61	56	507	313	92	19	432	94	47	55	439	509	56	23	39	279	680	202	274	145	385	1181	202	133	64	1069	148	28	102	218	7	31	151	542	7	35	372	27	149	116	34	305	217	230	103	135
V332	129	831	91	179	270	177	46	158	15	132	42	2	93	397	0	237	459	109	126	30	121	150	129	181	148	135	312	103	90	920	168	330	196	63	33	85	173	116	117	209	173	84	57	202	184	149	23	33	64	53	594
V333	431	127	14	178	1021	781	190	18	277	26	504	108	280	201	31	768	184	361	382	192	36	211	94	115	452	5	8	28	123	587	473	282	161	89	140	209	62	334	84	132	266	61	23	326	287	71	115	166	5	19	188
V334	121	56	212	303	78	101	68	13	429	60	174	12	269	212	548	91	138	51	575	39	151	185	0	108	233	103	96	60	93	2	562	9	4	1188	53	39	103	288	34	132	42	108	276	49	12	85	437	39	242	131	78
V335	273	22	159	241	76	88	163	205	243	142	1075	595	135	96	106	173	359	79	137	607	631	592	19	789	922	29	27	165	268	137	927	21	76	0	328	200	279	345	87	0	372	29	2	241	636	127	298	216	247	335	111
V336	176	304	213	302	61	738	305	280	216	32	152	217	123	345	82	346	282	440	198	43	142	12	52	425	467	849	18	116	6	56	30	105	131	1010	49	98	162	318	152	34	126	70	277	356	167	450	129	38	269	155	278
V337	337	106	89	153	214	105	13	191	266	246	51	366	88	49	162	393	62	237	39	509	35	34	66	258	108	197	109	116	88	129	28	305	103	156	272	154	76	47	180	20	91	374	291	324	564	28	92	189	122	133	160
V338	104	36	128	13	25	357	148	277	47	8	287	539	169	624	270	14	198	751	191	64	29	699	10	69	208	232	127	33	36	128	285	153	291	15	220	84	10	288	76	328	295	59	585	188	11	20	166	175	169	48	63
V339	117	136	14	10	69	335	69	104	59	23	120	19	59	287	104	122	84	28	56	156	217	105	104	345	427	196	139	240	125	74	218	224	15	146	348	26	191	101	441	26	77	623	67	1305	75	150	213	256	116	216	167
V340	625	192	81	84	360	124	215	49	84	384	178	764	340	76	143	237	75	416	51	296	558	297	29	127	421	217	21	197	176	93	170	227	199	38	500	207	47	28	12	413	5	389	103	25	514	366	55	43	376	333	280
V341	222	31	123	1143	80	11	58	260	378	74	6	97	442	41	43	275	172	150	81	321	308	95	78	126	339	44	259	146	160	94	66	367	48	138	154	816	327	25	44	376	377	215	245	118	197	111	317	19	431	36	72
V342	209	276	757	219	50	43	477	313	4	61	320	87	152	295	371	26	71	153	230	415	380	227	141	45	758	861	138	176	90	65	403	3	90	203	715	47	22	5	6	241	377	188	0	180	172	5	4	169	65	77	273
V343	174	67	124	49	150	78	154	147	59	196	516	180	32	441	37	130	277	110	124	204	96	160	131	439	216	99	24	202	418	102	547	52	279	145	1	40	110	2	2	368	279	193	182	37	26	479	78	194	500	331	111
V344	286	118	836	45	327	43	56	62	108	125	48	215	75	120	206	77	210	524	107	68	348	178	37	347	102	108	122	317	110	88	580	145	134	263	180	480	427	159	163	70	409	93	531	179	145	78	500	366	105	15	163
V345	157	775	124	510	126	265	244	62	8	108	105	229	8	70	81	75	319	35	49	549	45	61	549	85	277	22	198	219	108	185	194	30	604	294	522	21	509	23	12	151	1	54	59	47	2	201	125	184	151	214	567
V346	22	401	33	143	169	599	38	366	96	243	162	86	27	132	310	488	415	37	72	1	26	171	78	23	102	177	59	274	72	75	417	35	177	139	177	97	28	3	1433	24	190	150	423	262	122	190	20	0	177	6	287
V347	46	64	137	9	152	215	314	237	114	421	80	214	706	150	60	547	231	103	465	180	87	130	256	58	475	165	32	150	216	36	167	656	235	251	281	339	73	42	339	93	42	1600	63	58	15	590	129	489	676	57	76
V348	68	9	276	81	426	367	148	169	369	180	386	100	602	422	121	805	209	218	474	34	9	154	3	96	240	87	131	208	47	303	172	67	133	279	16	102	72	263	103	207	212	418	251	267	373	123	91	211	48	29	46
V349	266	122	729	268	172	53	303	64	9	180	138	520	904	85	407	205	79	56	618	13	31	604	199	507	351	552	109	147	155	656	101	28	236	401	281	550	871	62	204	76	193	105	170	100	35	142	133	299	420	145	177
V350	197	110	8	0	133	160	233	19	575	345	276	61	232	392	106	117	70	216	1068	86	246	11	133	251	158	47	298	60	401	106	393	191	344	71	111	271	1113	76	365	55	62	66	308	51	648	168	8	177	29	124	182
V351	331	32	116	35	238	234	357	126	85	7	165	140	10	33	14	15	399	107	17	163	131	127	129	11	93	205	38	75	91	167	35	540	175	149	254	11	233	52	41	159	604	114	18	122	324	103	567	768	214	77	83
V352	120	421	31	112	7	31	138	104	782	67	20	94	11	149	609	113	357	208	312	303	678	114	166	23	240	153	188	50	51	2	246	186	173	152	201	96	49	24	462	487	360	45	40	232	180	237	155	93	216	277	322
V353	71	111	204	85	32	14	420	44	270	448	81	361	9	201	96	27	239	119	75	83	204	409	50	187	208	77	129	109	125	21	187	274	460	255	141	740	103	176	69	91	48	2	160	175	294	3	247	48	21	339	109
V354	106	437	92	45	116	421	18	279	2	40	81	433	192	83	209	291	79	60	53	25	30	10	308	129	75	4	100	104	367	12	76	132	96	134	218	5	148	203	85	216	328	197	25	112	74	300	99	6	201	215	323
V355	100	26	249	893	57	53	49	25	11	38	93	170	88	401	499	242	300	74	40	275	736	57	556	94	11	37	217	24	37	321	421	82	11	70	132	0	19	298	6	29	136	172	104	28	4	215	442	254	104	139	54
V356	99	17	272	93	16	126	93	459	198	320	235	207	385	33	66	194	513	114	275	18	64	304	1	45	332	77	268	26	56	198	212	167	168	286	207	192	475	396	103	15	114	372	41	17	140	279	6	78	206	80	54
V357	339	112	267	324	154	360	77	382	100	96	81	18	365	348	119	74	90	326	633	150	341	289	30	137	24	137	679	0	4	346	262	373	347	167	472	109	32	1239	15	98	165	8	78	51	435	175	65	145	502	306	176
V358	100	186	531	181	93	48	14	16	73	82	27	25	227	70	47	233	107	68	159	48	27	72	460	300	56	43	335	673	236	50	293	105	18	451	90	290	71	51	550	608	18	80	52	246	39	704	218	558	2	129	180
V359	36	423	309	17	157	618	11	174	45	20	367	212	112	134	82	69	302	105	7	9	168	61	40	195	76	366	308	269	561	223	547	94	57	47	15	130	83	263	292	181	762	86	33	298	18	103	320	183	24	234	350
V360	108	693	78	126	206	131	77	49	115	68	32	10	477	56	91	28	59	232	267	314	174	24	196	370	461	250	275	152	173	166	203	450	209	59	264	41	185	548	142	252	91	84	406	72	283	76	251	174	126	11	506
V361	173	68	91	122	168	155	122	342	46	750	97	17	1	127	241	18	358	120	63	279	49	277	22	304	79	175	839	309	142	435	115	69	136	54	69	72	507	172	71	262	280	117	298	152	232	13	49	94	71	780	131
V362	61	158	147	609	96	343	383	117	147	336	201	30	103	298	423	202	1117	460	110	337	376	34	286	68	244	80	104	312	4	80	123	154	485	53	124	63	657	772	1089	81	109	448	233	59	126	77	165	241	484	187	144
V363	13	81	119	591	548	131	8	1	567	52	135	111	174	145	47	299	154	255	248	206	58	6	374	312	85	42	66	80	429	78	389	60	564	24	122	270	80	51	85	282	125	145	13	154	14	496	405	968	32	87	66
V364	4	234	377	119	19	5	39	221	263	109	57	133	320	135	137	237	99	20	53	159	635	31	60	234	908	11	451	263	438	205	75	149	394	233	123	79	866	45	64	0	221	368	18	259	139	4	213	50	140	239	199
V365	17	21	113	80	244	26	5	101	138	541	75	120	24	407	509	158	149	1082	302	244	82	410	91	62	135	273	83	16	92	75	135	484	106	704	159	71	188	219	163	335	11	80	12	58	78	172	50	132	146	161	35
V366	417	21	459	287	297	148	30	153	25	469	1530	260	150	208	217	123	204	48	132	217	10	52	235	142	410	477	213	66	183	219	14	416	132	249	505	232	74	448	76	553	225	389	68	22	22	92	627	2	276	94	124
V367	37	308	173	42	547	615	600	425	171	112	169	297	40	114	193	135	198	253	160	40	143	188	190	30	103	11	351	77	169	147	73	521	120	165	285	45	167	21	98	372	52	180	28	52	16	373	228	150	142	195	243
V368	790	613	96	318	36	287	340	566	12	21	234	76	198	198	17	104	140	330	450	103	548	301	277	71	70	67	442	22	35	417	462	399	108	10	119	207	75	190	187	131	543	252	18	116	29	52	401	527	384	192	600
V369	173	352	57	20	210	437	84	830	75	31	327	80	17	177	272	22	120	188	36	262	238	221	237	267	10	61	48	50	145	396	86	845	101	71	570	379	101	42	672	569	218	131	254	97	28	409	646	233	201	78	295
V370	243	404	21	55	22	74	701	19	730	126	542	65	291	114	139	26	103	15	358	53	166	170	20	148	365	151	290	26	43	161	130	477	116	319	386	819	555	7	17	518	792	33	142	236	3	8	245	55	234	491	336
V371	331	68	441	57	243	128	120	90	9	176	52	231	37	101	195	199	375	19	195	269	338	298	127	65	129	323	49	187	704	252	613	301	470	339	315	89	138	724	71	344	181	369	103	266	32	85	197	255	66	635	125
V372	365	65	1	109	103	190	65	252	695	85	1	3	406	173	485	66	24	365	421	186	65	414	79	15	470	157	124	374	39	325	313	20	3	86	128	352	475	232	412	137	231	252	326	99	21	74	104	142	430	9	137
V373	7	59	87	280	174	29	42	45	709	73	238	108	109	205	360	240	181	243	153	325	264	1	339	312	177	229	150	10	247	293	372	173	14	188	46	137	119	238	984	575	21	131	30	213	40	154	211	360	972	101	52
V374	383	184	300	475	46	351	159	317	2	63	229	67	204	227	159	113	12	5	155	66	54	13	130	453	273	1164	174	199	498	109	80	44	196	1000	18	51	272	279	116	161	300	534	262	78	110	226	52	245	55	30	251
V375	149	139	159	20	194	141	573	67	70	834	381	26	332	138	31	40	61	88	12	13	176	24	86	553	81	103	173	285	15	429	57	73	191	37	240	88	26	223	111	179	222	25	172	63	234	137	113	6	316	784	129
V376	66	316	11	128	90	304	349	503	241	84	137	539	9	70	124	70	97	29	20	3	402	487	328	27	563	113	147	176	129	193	38	105	75	676	81	20	697	272	254	369	236	184	41	374	41	23	36	11	12	35	267
V377	79	131	141	194	57	14	65	136	80	97	77	60	105	24	456	433	202	51	90	199	60	23	219	25	886	203	236	111	83	46	145	245	219	54	8	93	2	58	137	22	43	65	345	91	74	105	27	97	8	33	126
V378	60	267	40	367	298	22	75	428	29	286	68	16	224	120	86	112	257	72	159	271	197	21	2	120	135	21	365	26	330	187	369	205	2	6	782	138	660	132	98	204	19	4	73	640	548	26	17	35	94	7	223
V379	16	6	511	45	18	16	193	129	298	128	124	203	86	60	231	15	134	51	44	46	140	1157	116	73	74	285	326	219	17	47	237	737	55	101	15	8	74	79	11	105	108	110	188	32	383	349	50	157	251	509	20
V380	192	135	296	325	141	36	627	55	59	60	352	143	169	842	160	42	129	270	32	407	54	149	191	277	31	295	75	161	60	457	635	495	419	78	1033	185	241	59	290	66	269	227	465	768	563	220	497	66	312	44	152
V381	223	228	1	420	10	86	272	320	205	57	3	167	7	44	766	84	19	493	115	1	5	257	256	138	571	447	113	114	94	88	114	26	9	50	285	122	44	445	64	356	192	154	705	361	834	2	130	46	732	91	223
V382	9	427	104	212	78	57	42	7	469	91	1	1	2	94	37	158	308	700	230	35	26	384	290	209	306	821	224	151	24	208	206	140	67	33	347	27	56	222	35	293	417	135	136	129	134	122	320	358	286	55	311
V383	149	212	22	449	696	340	393	256	25	250	166	333	91	99	711	387	54	31	104	81	143	371	115	186	775	714	742	57	63	793	30	78	285	130	124	164	14	256	240	244	12	75	352	342	46	56	217	245	499	243	243
V384	221	20	115	447	119	77	368	97	272	111	134	168	14	18	42	545	36	173	240	70	65	54	160	257	338	159	153	82	198	410	360	93	36	542	95	89	29	214	58	118	50	513	192	6	112	322	70	21	197	38	88
V385	55	446	174	327	189	39	291	173	77	319	192	129	150	107	69	212	39	165	300	116	0	114	122	14	545	366	305	250	4	142	169	51	345	267	43	195	248	320	37	816	107	222	26	134	265	180	100	227	64	119	309
V386	38	454	33	208	128	324	56	95	89	57	264	107	8	22	219	70	24	163	613	37	135	0	176	133	50	100	52	96	72	44	241	445	16	34	41	18	28	163	150	785	443	370	36	89	80	20	15	329	28	51	336
V387	1073	303	50	521	395	9	454	100	136	18	151	13	270	256	153	535	114	43	129	71	49	290	189	89	10	75	287	120	9	169	253	62	325	8	93	127	340	146	398	90	139	68	328	228	150	41	78	177	340	84	464
V388	298	261	195	405	16	91	114	454	130	99	383	284	285	462	442	126	634	281	202	48	1006	233	356	480	146	33	293	115	144	145	308	200	649	44	1264	339	339	17	121	144	151	203	61	365	754	60	372	75	83	168	268
V389	68	116	422	134	573	30	11	94	192	56	12	298	347	48	100	347	6	23	286	139	38	36	235	2	64	205	193	64	442	41	223	75	238	292	105	350	141	77	123	62	432	91	130	239	152	292	204	49	124	270	123
V390	174	37	383	477	100	149	597	584	120	129	25	144	207	87	19	100	279	74	9	275	288	330	118	321	25	93	664	50	34	201	76	237	48	199	63	2	22	1	445	165	91	111	559	445	60	810	318	385	29	371	115
V391	80	262	202	290	313	25	151	594	167	118	160	224	312	185	65	205	93	767	105	46	114	321	45	674	162	129	357	442	276	115	56	342	144	694	4	756	59	31	460	219	8	1563	38	340	169	169	363	20	50	124	235
V392	36	245	85	17	15	217	96	57	389	400	0	107	10	36	168	549	109	17	137	717	493	48	205	102	19	924	90	139	92	80	45	453	102	250	258	56	47	499	81	333	94	110	376	62	645	4	216	101	19	29	195
V393	114	182	219	541	213	182	404	25	88	166	206	37	138	148	77	118	10	457	820	12	121	57	598	82	277	28	160	96	96	11	18	28	8	66	62	1436	110	576	42	18	29	219	94	18	19	138	13	114	2	139	161
V394	31	14	68	319	102	824	29	13	226	35	131	372	345	473	677	19	40	3	150	25	509	25	191	507	7	81	50	583	42	49	271	642	25	543	167	18	275	944	8	32	701	86	89	635	315	206	41	85	72	195	42
V395	233	144	38	69	412	70	294	183	66	260	94	240	273	206	288	257	380	50	22	73	430	185	350	165	91	1018	95	66	16	28	248	38	107	148	25	570	282	306	26	338	136	44	275	41	368	124	72	90	484	226	158
V396	16	590	167	358	420	44	390	29	130	78	15	64	36	31	128	93	423	14	18	0	14	213	192	600	319	3	180	3	20	451	169	46	134	141	68	100	234	371	177	78	161	34	47	119	86	26	527	259	60	358	426
V397	100	78	15	84	416	253	616	262	94	3	219	153	285	499	301	1033	3	104	219	158	540	573	149	314	55	68	843	57	120	32	135	88	309	170	2	104	17	23	110	765	38	76	15	234	744	174	34	1	218	15	111
V398	206	433	182	87	415	11	375	6	30	223	84	1131	70	663	98	3	253	26	325	239	231	419	19	137	22	11	98	15	23	39	140	85	171	266	15	83	150	287	27	277	242	129	717	33	90	103	26	61	221	140	343
V399	40	106	137	62	145	480	40	36	143	11	620	119	3	253	521	76	138	202	42	530	245	7	109	223	20	633	494	43	38	112	119	142	42	60	318	278	477	182	36	141	537	455	15	49	448	236	143	144	241	398	114
V400	40	67	441	353	60	71	13	101	115	146	258	288	20	32	410	115	30	292	38	59	92	12	131	167	59	29	223	17	36	79	201	308	461	250	267	268	18	55	483	22	124	50	233	304	688	332	102	93	66	333	75
V401	117	1215	78	74	174	71	87	305	79	72	188	260	432	22	25	170	252	74	278	262	173	134	1135	199	46	111	0	477	881	226	167	569	463	278	702	453	210	30	198	298	1287	825	339	132	812	219	84	14	13	17	900
V402	168	350	422	141	117	45	17	120	190	22	152	622	53	12	359	156	16	98	185	87	399	73	263	337	7	379	106	376	34	40	3	178	150	77	18	23	1	123	187	208	0	24	243	519	797	16	117	111	612	613	286
V403	2	33	211	485	230	484	144	223	291	95	240	100	245	36	30	168	161	693	71	26	82	250	112	15	2	182	103	687	217	89	218	32	431	12	383	157	112	236	55	14	10	136	136	262	168	51	31	115	88	62	46
V404	34	409	30	186	80	15	37	215	135	228	167	13	135	65	325	312	119	193	4	38	216	118	32	16	123	219	229	118	708	24	92	165	1306	455	176	4	26	61	456	120	62	291	548	222	64	165	145	77	729	833	294
V405	137	149	342	32	74	70	59	122	343	148	332	440	140	56	381	218	83	899	41	625	100	270	328	297	132	201	258	247	1	318	92	223	93	218	19	67	353	369	131	295	374	19	837	309	284	131	157	183	102	578	173
V406	387	19	196	346	63	340	13	151	187	349	123	351	227	71	78	31	7	87	133	316	152	206	226	67	130	608	88	23	229	1184	18	130	709	128	638	181	74	340	74	99	192	489	70	100	37	179	374	61	323	502	104
V407	32	2	70	77	823	20	115	2	148	255	224	96	121	201	224	50	495	153	610	23	938	84	93	83	641	13	57	44	329	92	232	3	292	235	2	35	259	271	47	130	791	106	46	216	357	89	237	300	28	21	26
V408	223	327	168	43	135	314	10	26	97	554	342	110	149	12	156	121	63	36	256	201	302	47	319	345	190	89	288	81	321	215	143	248	228	9	99	60	12	42	37	148	43	38	364	242	174	52	321	313	191	60	267
V409	210	268	68	96	43	114	608	615	752	40	262	34	62	44	9	255	394	78	135	377	81	94	144	631	127	203	208	857	245	259	95	19	121	455	237	161	268	138	81	15	41	10	313	14	313	528	364	231	64	145	254
V410	871	129	257	120	137	144	58	65	43	35	124	149	77	4	253	39	640	351	198	39	596	92	78	50	83	183	104	91	584	218	116	70	60	413	212	282	192	349	61	21	63	16	404	117	408	488	148	138	152	56	321
V411	51	313	60	115	130	254	120	17	1498	179	100	224	83	296	72	26	444	103	193	287	75	9	114	17	164	98	114	84	229	209	465	365	314	181	65	74	1	8	17	28	727	126	173	144	606	63	49	1004	40	520	248
V412	49	29	83	99	333	383	178	314	375	147	57	70	92	60	110	295	48	29	104	259	45	87	1593	31	250	133	503	22	293	255	560	144	114	123	344	204	99	448	391	5	1115	167	62	139	102	113	104	175	329	482	51
V413	52	6	53	15	81	848	31	554	568	122	244	182	421	88	236	584	12	143	345	160	316	230	275	202	22	279	204	1	82	4	40	32	105	464	50	122	65	443	315	175	79	26	240	13	103	103	13	794	480	34	27
V414	648	190	415	162	495	189	141	157	1088	130	358	133	323	249	68	36	237	50	96	18	41	866	59	21	600	294	126	8	135	154	198	297	80	19	205	228	163	7	4	786	506	110	214	107	57	165	315	52	132	62	287
V415	79	292	133	29	244	4	117	350	184	539	67	155	731	282	131	399	96	497	259	401	504	216	198	40	1	513	223	41	346	93	343	303	142	301	35	44	238	338	373	14	52	141	110	89	4	2	12	0	643	180	249
V416	257	76	663	70	70	220	22	16	332	393	144	105	520	293	140	150	268	325	50	11	359	290	589	27	161	203	182	62	221	320	123	335	421	143	185	33	4	798	166	9	116	113	670	17	454	86	515	230	600	139	159
V417	108	180	245	9	355	110	198	592	158	22	58	12	12	187	66	249	370	50	159	39	207	191	310	9	38	192	2	181	176	480	50	82	104	70	1025	491	772	30	117	67	230	12	228	217	75	11	239	562	572	297	161
V418	19	783	33	35	106	143	219	136	535	599	51	309	223	1	234	354	269	483	143	90	137	364	22	728	231	37	99	496	345	80	214	181	57	127	39	35	283	269	497	151	80	107	33	2	282	436	60	222	276	245	561
V419	26	449	57	34	446	383	100	28	19	326	101	63	52	28	707	454	72	314	72	143	1287	16	82	109	91	42	109	111	221	49	120	557	264	223	235	112	106	56	70	54	1	209	88	367	55	64	46	0	86	1102	327
V420	148	21	548	385	33	0	51	267	273	131	9	288	4	7	5	33	292	292	708	551	163	220	52	49	6	93	16	222	59	35	132	136	915	20	359	267	43	99	17	205	80	312	128	37	68	54	119	92	5	224	66
V421	169	104	252	200	453	204	176	404	852	332	137	523	251	243	43	83	377	3	426	251	136	824	32	172	171	223	268	1161	144	37	0	35	273	165	214	314	417	28	583	35	148	326	564	135	16	229	74	36	33	300	139
V422	178	152	88	45	314	118	73	265	11	717	122	60	67	501	407	75	63	102	361	246	335	74	506	281	15	51	97	17	243	220	170	268	224	167	33	77	609	16	83	386	70	833	4	496	154	337	59	270	69	195	147
V423	334	94	834	67	57	96	338	190	92	386	149	114	29	433	281	66	5	268	44	98	198	109	56	236	121	135	120	111	222	4	234	47	491	164	443	727	43	38	179	235	138	132	151	20	112	209	164	71	7	144	147
V424	52	145	610	110	227	69	11	92	37	677	9	250	150	16	677	329	225	172	317	140	283	108	77	136	6	53	119	264	1	55	470	785	208	289	21	171	101	259	86	164	71	25	16	155	187	166	400	33	148	159	135
V425	67	77	185	181	230	25	99	104	1	676	92	38	29	172	117	103	166	206	206	46	44	49	7	28	638	49	3	79	172	613	347	40	281	214	9	487	13	335	95	276	103	94	234	185	162	713	171	16	56	169	79
V426	109	112	71	42	17	19	101	44	219	101	392	422	46	842	4	43	437	5	14	262	318	233	491	506	138	317	552	116	51	15	556	51	28	508	293	3	226	188	351	87	163	103	654	56	37	17	22	168	39	72	118
V427	100	63	254	213	502	31	37	107	1	63	17	644	11	165	0	385	174	24	78	46	293	29	5	16	149	24	29	59	307	99	137	180	96	11	31	241	179	31	270	111	374	555	750	485	83	187	144	41	108	51	86
V428	59	1309	567	312	187	204	357	361	10	167	94	227	51	405	211	192	80	76	190	278	94	200	369	712	21	124	658	150	31	37	27	59	313	62	3	670	27	702	260	108	201	191	39	227	290	421	237	245	2	89	950
V429	66	115	483	27	340	488	6	256	150	578	79	81	10	568	6	120	7	249	120	13	22	5	2	102	25	206	24	272	3	225	116	83	65	192	95	20	108	38	25	94	66	243	352	83	168	241	26	91	299	13	99
V430	223	71	145	292	155	653	91	209	103	439	250	13	244	70	32	686	17	1	31	720	117	253	33	245	170	38	122	143	696	173	13	27	140	1	130	572	14	34	39	74	160	259	549	562	16	84	37	280	66	268	114
V431	809	229	313	60	7	52	223	70	167	614	205	12	957	10	378	45	58	25	62	60	75	292	48	278	298	41	137	411	347	0	15	0	26	308	33	59	326	72	796	52	230	192	5	83	7	195	99	58	108	445	369
V432	112	70	6	201	84	27	280	363	75	50	58	178	118	6	244	203	56	51	95	47	198	700	541	31	7	123	37	36	585	599	314	285	342	107	36	434	291	390	94	190	158	544	86	109	336	261	245	140	107	325	86
V433	31	177	587	656	177	205	324	69	152	3	168	639	429	374	586	548	30	75	719	102	23	833	140	251	113	200	102	113	118	4	389	149	788	11	34	36	55	641	193	217	42	396	1093	81	241	238	37	304	46	590	141
V434	164	448	23	57	268	317	1176	30	363	323	102	33	209	79	64	340	318	431	65	270	102	89	253	363	42	9	322	426	157	143	615	127	115	47	87	50	155	202	577	36	60	97	10	247	165	364	130	128	58	655	372
V435	3	202	69	18	1139	0	37	467	448	112	157	154	135	117	129	707	302	12	66	148	467	28	60	61	91	66	173	373	1155	89	304	39	469	848	172	13	67	392	18	218	12	65	60	179	227	354	158	1368	147	495	168
V436	325	82	112	51	46	34	45	140	491	136	251	63	178	69	31	162	156	412	6	4	42	251	643	127	52	113	3	134	92	79	29	326	52	165	370	17	359	38	11	58	70	48	85	426	52	12	86	94	131	405	147
V437	281	319	437	209	183	108	19	39	20	127	29	338	17	474	45	479	166	34	511	816	158	141	26	1	14	843	185	1376	50	1055	53	60	105	403	94	387	122	396	50	416	140	771	93	69	20	172	84	450	530	305	305
V438	138	384	147	23	209	283	27	601	379	306	185	120	74	333	42	92	480	91	276	123	426	308	221	4	241	73	6	67	416	214	84	41	143	121	224	160	10	54	335	16	15	235	8	133	410	34	225	694	284	33	316
V439	44	291	25	468	25	123	296	268	176	69	123	623	23	10	209	198	417	55	155	117	144	23	265	268	202	13	27	259	206	102	119	133	92	363	254	238	223	8	143	194	10	96	2	82	8	300	34	174	85	60	218
V440	298	107	31	216	146	182	214	320	43	78	62	56	166	25	147	38	50	70	41	16	323	227	391	771	61	111	62	347	226	189	142	318	329	79	242	48	207	220	1334	102	51	290	340	251	608	160	131	143	351	351	142
V441	185	164	581	308	45	68	238	131	362	120	58	157	58	27	126	121	150	260	62	81	424	158	10	226	238	101	194	265	44	193	62	296	116	795	247	518	315	260	24	101	516	109	1	169	181	49	107	393	42	335	163
V442	155	453	43	6	6	7	78	162	144	267	57	58	88	675	365	25	10	104	358	218	232	191	150	62	1	59	232	289	434	37	300	453	421	51	185	248	44	31	59	325	47	115	24	74	12	118	220	43	263	204	335
V443	84	20	278	46	82	505	152	144	84	33	49	54	460	70	0	116	64	89	238	179	222	97	113	499	559	271	252	117	150	818	73	334	203	54	118	37	150	149	111	171	163	547	177	643	48	15	383	206	114	359	62
V444	41	104	16	24	121	100	339	56	473	180	2	99	303	416	371	19	6	544	516	62	417	44	64	155	137	34	205	370	326	1	112	53	200	98	101	233	376	90	132	9	497	54	176	54	15	89	693	116	92	289	116
V445	110	28	407	49	321	245	105	44	345	257	97	56	277	421	237	31	135	97	192	120	279	124	116	283	168	243	130	102	1	149	159	27	184	116	223	245	67	145	17	67	84	13	271	25	184	75	10	116	49	447	58
V446	523	435	129	65	2	20	15	472	245	71	109	8	77	253	87	144	103	304	115	92	52	87	134	53	2	310	124	37	132	22	18	228	124	59	272	391	169	184	16	526	336	116	641	82	66	255	267	631	57	42	396
V447	345	1	96	562	408	49	44	45	24	35	121	600	109	126	137	126	6	186	146	443	83	822	30	310	39	615	119	161	64	50	259	137	476	216	92	36	82	157	108	152	242	37	15	64	140	157	130	244	25	454	92
V448	219	356	281	97	230	96	275	160	1	175	49	308	200	45	0	91	80	344	46	43	234	524	278	92	127	884	86	43	226	122	460	321	164	58	549	29	125	51	154	680	301	180	94	249	244	8	67	10	78	37	349
V449	447	218	162	38	69	25	324	101	83	670	160	290	206	193	181	161	157	3	3	72	83	153	245	57	1	239	143	269	357	157	21	71	110	440	443	4	316	33	383	168	84	59	445	7	538	21	86	138	280	321	263
V450	1286	401	100	127	160	45	15	199	530	85	3	32	241	339	122	1	6	175	146	1143	323	468	119	56	7	748	436	42	57	247	84	160	82	211	32	112	304	86	2	50	245	344	321	278	118	133	10	99	180	227	582
V451	557	330	294	382	318	399	131	268	78	52	277	415	10	25	102	16	83	161	97	356	22	76	8	8	150	146	77	740	71	114	78	72	384	260	24	212	44	134	234	34	407	48	167	329	164	253	158	305	139	79	359
V452	20	139	105	189	374	20	15	110	78	55	81	41	296	468	347	588	3	12	454	156	68	56	420	145	489	138	52	296	408	144	544	36	16	198	297	77	388	363	3	65	619	263	395	153	399	41	219	270	191	166	131
V453	45	5	77	63	56	13	59	221	94	150	644	12	78	165	69	58	260	166	173	295	18	299	95	516	66	39	200	326	61	224	477	124	75	40	121	126	109	165	257	300	50	27	94	121	554	78	27	39	296	133	26
V454	46	175	243	93	9	85	464	135	318	65	417	105	158	350	21	165	39	164	243	48	407	627	83	117	56	20	367	227	37	252	88	513	51	238	183	298	89	75	261	110	4	232	182	74	48	171	272	279	99	77	147
V455	144	91	112	234	175	356	132	29	41	306	47	161	393	62	0	51	176	161	241	78	53	726	518	188	99	113	204	104	237	133	66	55	6	137	168	48	68	207	452	958	258	6	132	558	112	361	114	43	54	17	103
V456	517	344	57	114	277	129	14	53	115	175	123	227	26	160	383	153	357	14	121	1	274	724	286	447	163	19	121	81	7	201	148	65	8	107	51	328	17	56	87	35	280	6	4	354	110	50	225	160	127	221	363
V457	103	1	128	34	148	235	36	48	723	7	218	435	136	478	94	411	500	81	44	169	294	86	59	7	33	33	40	183	269	33	82	70	123	133	119	119	87	268	162	35	684	399	24	253	379	317	313	180	478	344	36
V458	75	9	231	146	332	432	157	323	88	55	96	360	110	265	314	108	276	249	14	47	4	340	614	173	40	183	78	39	13	55	153	82	173	275	701	46	134	18	7	296	89	280	488	777	116	432	311	471	255	9	59
V459	736	99	99	24	73	27	200	592	98	615	332	114	33	177	189	75	271	551	208	455	111	312	316	253	140	156	274	69	79	237	73	558	151	175	106	66	123	241	190	41	164	183	49	29	177	208	153	249	174	263	222
V460	214	445	19	103	464	88	338	2	243	268	456	189	22	268	95	78	57	288	116	126	272	182	202	111	437	97	1	7	49	2	147	119	353	11	1370	21	765	136	12	183	188	241	128	103	513	87	50	15	16	122	367
V461	69	2	97	51	145	172	451	107	79	176	66	13	89	192	52	325	225	928	12	62	139	7	2	22	380	164	185	341	52	136	270	590	50	228	36	689	38	324	288	25	119	247	14	12	134	23	53	310	13	41	32
V462	29	383	126	167	457	160	483	14	105	56	723	134	255	101	298	143	173	15	50	744	3	129	241	159	163	275	8	173	39	443	213	160	90	207	22	52	438	108	252	25	82	17	364	134	131	435	830	109	65	151	270
V463	168	138	92	316	207	250	160	2	43	96	28	226	313	93	37	402	206	214	1083	304	24	39	112	45	140	338	742	28	526	8	443	26	66	403	373	139	119	57	111	114	4	216	271	105	18	768	440	171	179	634	155
V464	224	294	125	355	99	194	157	667	150	26	24	156	152	182	161	33	223	193	99	312	338	42	21	630	245	433	191	67	64	358	476	233	632	90	93	107	691	49	42	513	56	549	320	34	494	125	500	117	1315	228	270
V465	301	246	350	21	150	2	620	16	150	86	361	80	471	70	79	261	42	126	12	627	255	417	164	402	368	301	153	316	8	306	152	114	140	187	104	137	399	40	196	131	18	408	69	143	108	88	272	194	237	116	241
V466	353	111	105	8	100	363	541	157	65	223	80	128	83	208	195	52	749	217	124	297	231	67	268	22	5	190	1154	110	327	87	39	27	387	41	143	314	120	798	65	55	96	277	143	226	61	92	214	43	208	27	163
V467	468	149	74	161	54	249	191	71	686	45	26	230	65	81	105	277	51	148	683	157	46	169	67	195	396	166	188	181	29	292	638	612	398	430	121	173	17	188	219	128	10	36	17	214	180	240	18	182	7	53	192
V468	169	344	164	73	178	83	1	169	193	60	234	36	270	461	136	3	1111	133	77	164	56	245	3	99	100	173	39	41	87	412	336	107	81	34	84	496	869	45	624	146	107	80	784	22	92	22	345	119	38	158	249
V469	57	11	79	288	19	229	49	71	32	61	3	158	53	599	92	173	83	138	44	20	573	68	27	372	175	126	422	379	427	77	37	504	363	143	233	234	376	94	185	234	213	267	106	167	616	26	73	148	416	91	47
V470	156	88	508	22	20	151	219	47	88	192	102	40	82	548	5	129	84	214	463	92	218	19	149	121	224	301	75	188	71	60	673	106	126	14	72	230	407	141	678	127	79	140	2	88	201	90	320	19	44	295	117
V471	62	478	55	88	206	260	358	412	347	557	242	231	168	256	253	125	432	229	9	322	1	211	49	23	747	681	49	303	299	68	78	38	151	430	56	156	189	16	103	155	0	42	119	54	26	808	139	55	252	138	369
V472	103	299	51	11	20	53	48	543	635	9	165	224	109	8	60	49	98	331	212	102	93	2	162	458	439	72	324	501	51	594	38	139	151	56	283	235	50	20	60	469	104	182	474	96	624	46	340	0	204	225	232
V473	268	312	20	246	851	152	243	50	429	318	429	177	187	63	410	152	70	172	91	304	54	53	22	77	67	53	243	362	250	232	158	9	563	58	72	10	139	789	14	25	355	12	304	28	632	7	509	974	214	73	296
V474	7	89	72	211	81	360	204	404	792	447	474	289	37	277	198	509	104	24	208	12	130	72	30	475	99	122	361	192	230	3	134	240	41	360	262	22	235	50	251	202	117	85	248	378	25	432	129	4	105	1021	103
V475	125	133	323	648	103	18	272	65	15	21	560	459	191	439	24	26	161	197	298	175	91	17	202	61	439	157	61	67	187	8	71	366	226	7	63	79	181	66	200	159	62	109	186	284	740	111	77	259	5	5	127
V476	460	5	136	34	63	355	180	92	232	7	422	192	121	12	87	416	37	22	258	187	220	8	202	88	448	316	273	18	263	217	237	126	66	13	44	93	43	63	60	302	277	53	233	96	149	22	29	18	210	224	93
V477	117	135	54	6	276	36	189	35	21	46	5	120	183	122	55	14	125	13	159	546	39	204	121	99	354	141	26	242	514	160	372	100	17	0	38	85	363	9	27	225	201	12	109	445	12	432	269	235	21	163	137
V478	10	650	462	593	3	108	115	287	120	104	111	110	82	154	29	854	357	56	177	384	87	17	72	434	257	261	107	124	344	505	24	349	199	375	328	1081	46	236	216	399	333	225	153	282	327	202	179	200	107	242	497
V479	58	1	708	548	31	189	87	283	267	67	10	35	91	209	283	75	156	177	68	157	57	332	309	182	348	43	194	143	5	289	204	137	80	61	155	169	322	614	59	197	357	96	18	134	1187	164	18	242	292	34	35
V480	194	178	63	25	248	486	466	49	366	43	11	221	204	99	114	123	244	138	128	253	68	560	220	120	40	272	119	5	41	399	243	135	201	274	75	90	0	13	22	771	265	104	357	54	45	294	617	56	97	15	165
V481	267	447	382	45	65	82	45	144	305	461	2	1128	108	406	78	224	73	17	8	6	200	710	127	128	181	65	46	166	196	458	3	515	89	49	141	223	173	463	200	302	131	355	193	626	129	34	171	70	25	37	356
V482	21	26	55	197	6	171	54	598	44	422	3	99	241	288	156	64	19	151	23	318	22	44	442	288	6	267	88	619	5	393	280	258	559	57	7	91	18	102	78	316	71	204	103	108	121	52	2	23	83	206	34
V483	65	7	384	302	104	345	310	197	68	188	65	140	105	172	8	40	165	207	95	256	196	86	49	362	227	134	12	209	41	641	404	201	165	86	490	94	176	804	374	70	530	54	199	81	156	277	32	137	252	11	37
V484	99	136	219	133	266	133	312	93	7	96	513	82	294	140	320	13	22	219	69	71	264	78	30	147	96	68	288	409	150	488	126	112	10	200	162	16	35	115	302	131	70	108	330	278	5	49	56	737	251	321	135
V485	93	343	377	47	109	121	13	46	17	95	358	83	529	15	141	228	143	379	113	2	79	244	389	372	101	943	35	649	609	149	227	197	69	218	81	295	209	376	232	9	62	172	207	70	35	205	450	128	29	86	291
V486	85	46	120	320	48	665	782	146	15	1304	211	104	172	136	110	160	203	462	250	24	111	274	182	225	448	196	29	271	79	104	484	569	963	79	51	298	28	81	67	359	177	121	43	171	96	136	453	481	419	294	74
V487	293	409	103	94	263	149	329	185	388	144	52	205	69	3	214	231	2	281	663	23	763	1	156	49	10	160	167	44	131	591	170	12	213	34	655	133	85	723	113	198	173	14	8	141	60	390	2	64	52	140	382
V488	104	317	112	51	461	138	122	3	20	135	88	58	38	453	322	43	132	142	221	292	240	15	31	171	21	112	1060	81	562	1	126	412	104	9	72	13	112	303	328	48	262	190	235	155	10	24	14	410	100	36	275
V489	39	212	337	50	165	827	32	214	38	170	2	207	42	350	101	432	23	43	243	199	210	168	121	98	62	39	64	227	36	61	78	11	13	171	235	41	274	219	259	506	907	60	204	55	82	5	706	225	347	9	144
V490	47	21	740	8	463	234	1239	186	18	173	242	220	239	222	604	174	78	745	240	92	72	41	60	250	188	60	59	21	79	571	29	11	111	189	389	155	458	174	237	329	356	92	95	290	339	343	479	30	396	267	52
V491	75	189	317	284	239	104	375	505	40	179	118	107	272	98	613	142	151	453	145	88	192	405	184	236	61	285	110	3	461	549	5	84	129	39	350	108	211	30	219	142	4	447	363	97	90	287	483	501	107	1	170
V492	113	206	269	135	135	935	313	240	94	372	610	50	291	210	323	50	544	438	15	26	18	38	344	143	526	376	25	8	457	34	81	87	184	64	151	538	63	7	418	346	26	417	498	800	34	92	115	353	46	71	190
V493	87	48	272	12	191	343	16	262	21	168	262	83	110	144	521	212	33	76	97	84	860	227	376	52	587	248	736	209	266	7	95	672	19	171	621	433	150	359	1179	132	261	90	446	872	846	262	275	135	42	108	77
V494	518	53	62	21	1233	67	260	193	329	5	134	86	122	400	77	172	51	185	3	227	265	498	170	262	66	8	160	226	157	52	9	160	300	107	43	819	358	134	433	4	186	307	130	12	109	3	76	168	71	18	156
V495	26	114	864	284	9	524	25	31	414	77	216	135	61	146	344	174	113	74	39	53	222	63	59	5	128	238	90	166	493	72	119	956	112	957	82	305	185	30	120	222	374	32	336	125	42	291	127	323	313	30	106
V496	161	244	226	364	106	200	199	197	172	86	254	183	83	253	113	103	136	388	566	123	92	83	408	77	309	0	533	61	110	238	183	98	340	3	226	87	30	257	104	221	153	70	112	180	205	29	144	54	96	53	243
V497	116	818	183	251	412	5	48	55	269	3	40	17	246	111	130	124	108	180	90	147	260	116	280	1015	31	244	71	131	753	126	54	274	507	81	524	226	20	229	33	880	62	260	353	34	262	231	31	21	90	340	624
V498	77	330	29	212	188	117	36	72	347	58	73	107	285	25	149	11	36	16	307	373	23	155	323	55	289	145	71	246	57	66	91	54	538	139	288	222	32	19	90	244	64	350	285	231	122	364	154	18	147	437	291
V499	203	144	92	61	156	337	27	232	35	277	662	7	470	176	214	125	31	578	189	31	160	431	275	78	230	346	127	4	9	72	4	208	41	236	31	162	62	118	237	497	417	218	42	101	180	111	551	101	192	275	161
V500	15	226	208	88	309	222	350	174	3	24	57	19	45	35	129	44	64	355	165	503	1020	157	8	126	157	316	17	175	225	439	109	95	528	182	7	120	2	525	104	213	9	69	144	372	344	41	41	30	77	606	191
