Source001	Source002	Source003	Source004	Source005	Source006	Source007	Source008	Source009	Source010	Source011	Source012	Source013	Source014	Source015	Source016	Source017	Source018	Source019	Source020	Source021	Source022	Source023	Source024	Source025	Source026	Source027	Source028	Source029	Source030	Source031	Source032	Source033	Source034	Source035	Source036	Source037	Source038	Source039	Source040	Source041	Source042	Source043	Source044	Source045	Source046	Source047	Source048	Source049	Source050	Sink
V1	66	36	788	16	211	51	351	97	129	16	30	60	245	8	141	90	319	173	498	16	3	115	80	231	141	583	29	389	17	185	40	175	288	84	106	188	142	175	95	84	0	52	25	63	72	58	24	232	145	547	80
V2	162	169	165	257	390	61	30	44	403	31	13	70	453	430	557	243	155	161	351	279	67	62	50	13	921	39	25	180	182	78	155	108	286	61	85	77	20	88	94	174	66	154	934	89	83	10	316	109	568	613	186
V3	208	489	4	345	507	263	91	132	153	298	123	20	347	195	181	7	115	278	13	64	32	133	382	83	344	84	474	385	47	63	198	188	21	583	148	19	343	253	1106	322	22	144	128	427	114	95	221	104	150	30	325
V4	237	67	409	140	201	68	105	154	156	72	106	333	34	200	244	60	309	11	89	497	139	1	89	321	2	228	375	76	301	488	213	513	312	27	240	99	168	12	796	573	90	176	15	17	683	92	294	62	3	240	152
V5	6	626	524	249	94	268	46	340	87	189	571	180	156	114	88	151	227	93	15	187	50	61	40	988	284	124	81	205	33	165	28	39	264	81	1196	423	36	316	134	475	479	316	140	104	12	27	752	48	93	381	296
V6	44	300	15	106	86	7	343	145	37	1177	37	175	94	69	44	480	355	124	335	239	474	144	52	143	106	122	33	47	214	282	7	6	91	29	422	198	63	114	221	294	256	194	155	75	503	821	219	29	542	328	180
V7	554	601	608	70	226	66	8	294	6	128	221	167	357	43	255	111	139	115	399	99	134	387	651	82	619	209	46	169	571	174	39	36	431	19	52	77	596	86	192	2	183	250	50	119	101	47	85	256	141	13	526
V8	263	298	99	11	336	36	26	520	8	6	156	267	487	531	83	154	33	105	298	104	33	78	319	67	351	403	779	0	40	32	716	116	323	1076	61	229	252	102	630	175	110	94	69	111	700	101	616	183	39	245	284
V9	123	69	357	562	11	368	249	319	60	188	685	35	24	1316	128	270	95	38	203	688	51	52	681	233	58	49	178	302	68	141	63	193	104	164	359	46	50	127	348	37	26	237	198	32	137	58	585	262	403	44	112
V10	389	7	271	131	230	151	214	325	7	13	27	4	83	114	192	6	35	202	0	69	264	173	385	301	62	273	78	88	207	30	69	290	44	157	417	425	349	210	108	168	42	5	399	174	48	348	72	0	165	515	207
V11	169	164	370	220	56	845	679	50	340	0	167	288	234	96	99	37	168	151	129	10	479	308	176	52	141	47	70	0	420	15	916	79	74	42	109	322	881	336	63	21	334	172	166	123	40	26	450	127	68	126	200
V12	43	83	182	269	54	239	257	0	420	14	256	89	68	429	139	70	129	187	62	241	641	875	500	501	5	195	208	68	125	219	288	749	325	804	86	206	2	50	201	108	122	316	335	649	1450	238	39	0	109	110	94
V13	46	16	520	128	180	66	323	203	29	5	108	525	30	196	51	52	161	11	715	9	233	96	492	511	2	112	274	35	29	160	156	740	61	209	398	42	189	526	46	227	17	651	43	166	4	423	137	62	66	535	59
V14	284	1072	42	122	196	339	35	24	1	284	78	166	199	140	32	148	8	261	10	205	26	112	298	418	104	532	546	25	237	296	61	291	461	17	118	224	456	2	454	766	279	511	209	273	402	637	644	76	107	55	624
V15	630	163	158	85	399	310	98	116	51	60	313	81	13	4	33	604	220	588	148	80	142	95	46	415	154	706	168	28	237	266	118	82	39	34	197	137	143	28	108	33	68	33	266	0	52	66	84	202	68	206	402
V16	260	2	192	110	97	210	45	594	44	36	280	117	101	92	43	72	331	43	850	145	239	279	468	39	418	150	274	221	22	118	196	30	210	59	532	291	147	195	33	203	27	9	117	31	331	33	264	604	116	36	106
V17	507	214	247	419	233	104	33	527	856	275	132	77	198	46	364	51	137	162	184	161	71	39	54	30	353	266	20	8	136	561	219	66	66	35	107	91	527	68	502	163	92	151	117	39	231	199	106	96	64	182	370
V18	181	74	315	86	717	42	95	426	138	352	190	69	557	162	458	133	95	116	181	59	69	1534	124	77	145	320	615	91	401	138	347	709	2	803	930	16	91	164	59	390	60	195	255	35	200	269	22	314	65	51	132
V19	155	354	337	72	203	263	464	16	13	97	279	52	223	134	104	325	195	54	57	148	272	149	46	131	282	227	26	124	227	16	9	290	227	331	414	3	46	31	448	209	150	109	48	31	297	345	226	212	358	371	260
V20	249	113	124	13	5	160	154	254	52	443	3	84	202	19	446	334	132	726	85	262	138	291	701	13	1010	8	11	742	325	140	173	129	8	126	535	385	372	242	13	174	73	58	1	77	403	362	693	167	35	22	198
V21	645	61	305	66	175	307	599	263	223	71	158	499	9	56	117	2	398	80	285	16	153	88	84	74	53	128	120	7	516	133	107	24	391	238	236	115	122	5	41	12	347	268	62	165	186	624	297	111	214	81	346
V22	257	67	333	222	308	95	130	507	155	8	522	80	3	43	147	390	343	342	19	146	276	338	84	501	4	21	206	724	22	217	66	412	846	771	93	413	381	677	20	101	310	64	9	317	18	44	91	451	90	598	167
V23	373	152	27	347	415	286	288	141	34	190	252	10	415	203	10	151	394	90	122	180	338	30	466	976	149	10	84	89	171	17	102	87	489	189	85	9	77	171	22	906	116	163	3	47	37	53	148	44	201	139	280
V24	492	108	219	69	155	70	419	38	67	137	25	58	553	161	225	43	247	843	95	10	172	28	100	93	312	501	192	340	204	227	65	546	171	167	132	206	305	149	187	172	47	17	145	6	59	379	704	158	278	143	289
V25	7	167	165	258	363	130	298	300	189	198	232	161	34	145	5	72	13	295	19	310	169	164	523	205	194	99	359	247	106	73	2	64	140	348	56	53	188	389	810	230	297	243	75	246	134	86	132	65	345	54	101
V26	223	7	104	80	929	42	213	366	191	29	57	266	7	214	388	227	75	41	368	418	265	224	293	241	111	298	254	20	324	123	299	80	327	473	408	14	163	205	74	203	76	64	418	417	303	12	115	11	503	17	132
V27	80	235	580	50	84	158	232	94	40	117	240	7	332	476	192	175	101	124	144	466	129	240	786	554	7	42	34	83	130	46	175	51	76	430	3	13	56	106	29	18	22	48	816	99	224	116	379	35	538	275	172
V28	15	477	341	113	213	56	121	5	307	30	65	525	370	66	130	281	57	17	20	280	160	263	124	138	421	56	486	17	823	582	264	39	378	99	134	3	176	44	339	227	302	13	247	31	56	181	110	126	615	69	251
V29	443	203	510	214	383	342	0	79	19	393	343	76	158	10	36	215	31	331	425	15	18	33	477	1	135	36	84	191	616	274	1346	764	85	644	683	145	229	44	197	148	27	321	121	39	65	71	161	618	694	132	322
V30	238	6	206	14	287	34	3	65	550	105	167	287	385	191	195	46	411	63	105	259	531	202	347	605	6	401	337	30	2	24	23	42	181	169	254	14	386	380	57	85	0	182	9	174	455	340	143	108	200	148	141
V31	7	147	472	226	163	53	78	67	203	40	76	317	100	35	75	129	82	140	85	118	563	233	604	33	217	10	44	118	303	220	826	77	218	420	11	96	115	1165	129	89	462	15	276	422	4	285	102	335	457	257	86
V32	7	11	181	17	223	154	197	236	2	294	60	23	4	94	7	177	2	61	24	263	81	34	463	570	130	108	180	162	224	0	198	18	303	172	95	13	430	67	78	679	495	68	677	317	74	310	394	170	930	114	30
V33	257	712	440	5	150	259	116	133	205	181	60	36	235	46	288	301	14	23	219	250	174	70	240	273	66	283	662	71	207	334	284	536	289	5	161	117	60	39	149	41	216	58	685	210	466	393	102	465	40	433	449
V34	458	1194	8	7	483	67	337	73	7	28	144	89	610	125	5	14	43	10	205	174	228	272	91	86	112	25	115	33	356	319	151	454	227	211	140	505	28	99	352	352	5	225	419	1325	21	197	47	655	13	58	719
V35	162	236	172	640	565	45	110	161	197	6	496	38	56	133	411	353	132	6	132	215	32	246	1	228	34	164	16	37	344	135	346	566	106	279	165	337	85	117	158	186	216	66	37	159	194	109	741	489	24	121	230
V36	44	174	72	238	437	196	103	71	380	37	39	555	51	140	30	484	27	390	33	138	126	403	11	533	25	290	386	142	491	89	284	288	364	8	24	167	608	74	111	52	446	209	2	132	225	39	40	40	6	318	108
V37	133	177	48	230	246	188	240	111	441	138	45	273	223	35	33	238	116	203	27	0	166	365	114	138	418	369	299	45	84	41	293	5	91	108	302	24	226	103	80	94	343	166	120	15	285	14	123	1	8	215	157
V38	182	31	86	86	21	65	25	113	23	1	305	820	59	120	34	120	454	635	90	144	0	5	307	60	74	284	116	141	19	156	201	83	110	79	90	115	59	128	120	7	60	2	163	77	188	300	168	310	46	94	102
V39	19	178	47	15	21	7	46	103	802	27	70	82	631	164	101	79	100	67	94	402	133	214	108	54	31	91	392	226	375	85	159	181	345	43	298	18	401	177	154	78	159	69	185	93	60	62	229	46	453	72	121
V40	181	200	90	12	159	222	134	31	1	184	445	426	578	56	50	653	143	113	63	175	77	208	99	399	476	59	174	108	568	615	252	1114	323	146	88	80	590	133	419	170	117	81	370	23	59	67	90	16	139	24	184
V41	393	50	50	94	171	107	248	471	523	385	193	54	72	396	40	129	122	103	718	40	26	176	180	392	25	1063	475	287	417	190	303	48	197	122	729	41	11	117	259	55	13	199	475	88	364	58	94	15	942	293	232
V42	174	38	348	75	158	125	147	252	81	135	3	281	385	181	5	190	86	101	106	255	312	26	6	396	34	36	196	722	128	47	17	403	106	317	312	26	2	18	5	1	374	256	299	42	74	973	387	48	217	102	118
V43	6	142	176	139	185	270	696	78	314	115	34	128	52	257	325	4	97	218	404	329	177	295	183	88	209	133	354	428	768	249	30	221	135	35	16	235	720	114	122	27	471	5	336	108	3	112	141	123	106	228	88
V44	498	63	50	38	14	95	23	599	279	257	127	416	62	10	538	180	238	495	30	315	32	628	126	237	202	161	176	687	394	244	190	240	63	9	326	32	131	3	389	97	76	111	9	134	88	181	273	549	30	6	256
V45	303	203	253	175	139	264	32	76	21	111	111	245	73	23	18	119	191	153	173	603	374	12	149	207	50	34	60	200	127	733	159	568	242	257	196	19	27	59	24	139	8	21	510	179	64	35	60	172	23	17	252
V46	754	739	68	519	63	19	143	139	25	271	114	113	190	1095	0	295	7	63	171	54	131	314	25	207	25	336	65	109	101	590	64	72	85	81	214	604	234	5	9	26	40	20	125	33	58	20	77	501	147	28	679
V47	81	309	589	18	300	460	102	34	76	50	377	91	210	434	113	139	119	160	30	101	578	142	145	51	407	454	75	22	55	100	717	206	368	185	925	9	17	47	596	633	53	9	162	98	51	133	98	179	158	147	188
V48	385	315	266	95	449	118	83	75	193	28	28	16	80	89	298	69	7	56	493	46	77	246	382	67	165	305	63	66	136	33	138	102	716	263	10	17	40	784	148	101	1	10	116	760	257	108	232	213	42	98	297
V49	243	186	320	184	89	339	0	25	494	1073	408	41	189	36	263	161	265	172	33	295	17	198	194	196	118	296	112	36	52	210	12	168	800	18	29	540	248	31	117	133	185	26	73	120	94	25	210	192	21	111	220
V50	31	222	177	366	52	238	3	76	104	368	200	135	92	69	38	312	504	123	70	7	139	67	517	427	48	414	525	300	21	151	91	339	330	188	89	660	110	128	124	29	66	38	122	120	249	60	115	479	218	41	131
V51	311	45	65	432	292	245	393	72	9	117	26	89	112	201	327	9	21	41	101	9	89	569	561	81	329	329	205	182	316	41	26	48	215	312	195	5	134	203	508	30	223	92	251	111	45	822	59	114	445	337	177
V52	253	159	207	355	607	554	368	78	24	79	116	377	41	75	155	64	95	53	213	19	139	139	239	1	208	4	397	124	26	60	7	189	43	133	105	3	102	109	393	121	54	817	93	129	24	464	170	430	493	299	204
V53	397	111	2	18	344	394	258	167	163	303	230	238	664	657	106	146	9	122	315	63	159	22	695	379	369	245	288	241	168	63	583	293	10	113	174	38	205	343	175	97	84	17	32	322	335	39	25	10	21	53	252
V54	99	74	33	60	285	251	12	24	424	49	95	348	360	245	63	0	130	268	251	53	71	10	196	556	90	767	181	117	210	79	206	182	830	161	54	60	60	68	24	31	905	245	670	9	184	23	238	176	41	77	91
V55	56	119	131	5	108	130	412	121	2	381	390	573	242	495	49	51	200	63	8	669	9	492	87	350	229	221	17	97	119	383	202	128	591	228	3	6	297	229	80	241	254	75	19	67	48	313	219	683	26	484	104
V56	1	173	48	6	33	133	231	62	170	153	252	140	67	476	480	1	195	85	349	68	251	176	77	77	52	28	140	139	74	249	1017	354	7	114	730	17	93	50	107	668	300	261	149	183	58	5	58	10	134	254	93
V57	64	294	18	82	39	392	190	0	244	75	286	441	4	15	63	290	162	122	534	15	97	111	97	99	316	131	185	6	21	246	545	372	200	55	102	362	176	234	749	324	177	433	20	153	132	82	18	108	84	174	187
V58	284	121	436	31	80	100	108	411	18	59	262	101	186	479	155	400	525	31	143	107	8	94	58	194	38	422	252	257	3	78	5	316	317	312	26	44	215	283	442	143	654	144	60	195	114	79	55	248	57	92	208
V59	198	24	158	476	369	59	284	27	636	344	262	69	22	59	6	36	52	361	506	80	112	30	256	180	65	816	187	96	127	40	665	79	135	55	183	170	103	126	424	178	153	201	114	365	231	288	112	560	36	10	118
V60	229	189	195	130	1	466	84	46	72	27	145	39	122	281	312	18	25	21	70	215	260	165	87	124	482	161	167	53	5	28	354	64	138	98	657	130	73	219	121	191	45	125	29	44	19	333	152	243	75	112	213
V61	1137	226	17	337	345	527	265	14	97	15	39	58	359	123	249	236	227	987	8	1	521	58	89	75	97	7	254	247	158	174	184	231	511	13	112	139	22	207	325	621	78	61	68	66	656	313	34	83	50	32	661
V62	37	277	227	116	419	231	262	134	153	65	86	3	102	84	11	85	90	338	27	138	167	244	29	19	499	166	25	27	105	763	350	331	32	67	79	275	44	101	492	306	32	75	7	43	367	275	231	198	281	12	183
V63	54	40	86	138	315	481	102	20	62	193	126	73	26	12	280	1357	34	467	207	41	95	41	397	12	147	176	152	110	50	88	496	13	84	213	343	649	373	127	243	54	41	19	379	124	79	24	76	45	232	133	58
V64	551	502	87	378	100	125	157	237	113	248	198	117	39	107	317	131	802	565	201	516	17	194	20	71	291	82	87	414	232	521	183	26	145	182	20	159	72	198	395	76	60	310	584	6	213	36	650	17	181	493	475
V65	15	403	7	19	48	280	21	126	358	128	133	98	59	293	142	17	54	241	83	64	179	104	34	165	304	94	37	173	455	159	97	96	159	203	20	442	168	120	370	195	160	17	52	127	148	9	224	102	969	154	212
V66	262	138	83	167	105	131	122	472	170	58	204	66	525	34	91	140	290	274	56	3	132	73	375	152	202	40	83	82	119	245	296	129	2	214	250	14	680	220	72	106	590	86	310	822	10	183	296	162	40	550	207
V67	347	170	80	293	107	1135	305	164	247	374	326	29	122	109	87	41	11	19	434	315	225	17	10	449	183	373	388	390	366	8	978	462	94	195	27	144	141	123	776	53	14	476	152	70	286	11	80	584	529	224	252
V68	62	188	35	92	20	248	170	552	12	228	105	386	126	210	92	540	780	18	981	73	520	60	27	316	334	120	117	36	560	81	75	87	33	198	524	326	0	14	561	169	484	52	132	264	248	209	205	446	46	90	95
V69	32	631	141	238	119	123	61	58	530	33	17	48	72	30	501	153	101	30	31	332	104	173	23	546	262	235	873	336	14	236	284	27	304	297	44	759	163	43	44	619	247	28	228	45	996	4	44	88	263	180	354
V70	170	298	295	397	300	219	115	291	773	428	196	35	389	357	19	147	137	64	57	182	87	310	47	668	6	319	101	26	108	150	146	395	109	193	93	69	201	23	126	238	48	195	163	202	41	50	1	90	27	14	241
V71	696	200	122	494	662	48	36	230	476	490	2	62	219	352	85	144	405	4	128	148	26	248	257	597	282	180	304	923	84	220	11	19	41	147	117	40	330	277	7	68	33	33	389	364	53	340	17	216	59	132	431
V72	23	179	623	67	132	51	189	175	298	109	520	803	36	18	39	0	119	222	77	229	411	12	303	25	556	62	261	206	19	147	69	202	450	284	512	56	12	18	143	744	18	125	36	398	9	214	150	144	417	737	125
V73	82	175	404	186	126	12	59	333	103	233	397	29	125	233	20	59	160	259	214	232	130	334	6	217	298	298	82	214	30	7	10	261	73	76	412	76	302	3	376	110	22	65	625	65	158	268	442	12	88	265	130
V74	509	41	30	198	31	89	69	238	4	388	37	172	42	121	219	275	140	58	455	6	166	16	435	188	214	20	344	250	128	55	84	11	24	92	144	297	265	73	35	0	116	48	81	77	201	75	435	965	163	209	255
V75	202	134	282	422	4	67	860	643	91	46	4	164	45	562	262	33	6	86	514	22	173	499	502	859	549	89	118	1052	733	48	315	401	666	501	64	31	36	119	40	205	0	518	147	66	65	348	351	59	81	499	156
V76	83	86	148	54	13	39	65	319	451	218	152	535	199	87	244	251	0	477	126	9	30	49	776	46	33	210	69	28	192	5	13	178	441	50	189	19	27	15	84	139	617	276	146	143	186	27	368	18	624	36	105
V77	22	475	111	60	172	763	4	153	112	497	311	377	249	179	5	202	212	450	281	0	57	611	30	32	28	72	295	292	190	426	208	62	140	175	291	655	34	20	267	217	330	370	567	756	37	48	605	183	253	366	229
V78	67	24	14	139	234	63	444	1	306	7	177	44	24	282	17	74	631	317	96	128	5	104	24	184	11	4	435	9	79	268	172	716	13	30	151	303	154	107	188	122	366	142	42	1	299	43	120	81	34	37	54
V79	32	32	472	198	321	288	183	138	173	264	297	150	133	70	352	138	27	486	14	172	199	328	147	379	158	430	73	7	99	173	73	270	30	99	135	105	48	125	9	99	72	185	350	234	98	1132	85	226	104	57	54
V80	15	1	43	67	421	138	28	80	118	171	37	16	6	511	67	27	161	264	129	259	177	188	70	263	14	354	212	193	167	43	129	8	247	94	97	103	139	6	110	37	298	446	326	31	177	539	25	11	35	145	30
V81	48	25	177	97	377	206	248	280	755	10	80	534	57	1736	337	31	765	175	12	94	117	297	294	123	12	92	147	45	13	88	5	52	181	458	790	14	23	179	4	121	101	1117	248	27	250	115	220	217	58	163	60
V82	112	179	221	602	334	262	47	347	108	206	358	406	126	384	188	78	87	192	188	117	108	128	4	314	286	159	104	1018	418	13	810	395	373	38	65	43	243	30	59	67	125	4	44	60	178	77	99	75	618	416	158
V83	256	300	175	375	620	20	1	338	161	312	182	40	701	147	93	30	233	84	13	413	811	162	16	14	166	150	90	115	357	132	247	39	305	318	422	195	354	165	479	286	50	595	89	47	574	116	171	24	256	541	259
V84	102	353	391	106	173	0	507	318	111	191	19	305	185	146	56	13	152	140	15	405	204	508	105	814	296	112	192	27	7	87	82	1049	173	193	111	202	320	83	203	476	18	57	235	230	53	229	265	15	277	135	221
V85	42	60	579	155	2	437	287	93	149	80	72	149	306	174	87	55	101	207	69	128	99	342	15	41	157	130	506	231	131	106	312	48	31	310	103	168	120	170	10	204	6	95	46	169	13	31	346	32	22	139	65
V86	228	22	294	131	184	215	66	87	88	45	42	212	80	229	56	133	32	274	55	1046	35	116	132	98	131	59	26	2	41	34	225	2	31	24	554	26	152	54	11	34	382	57	239	80	249	48	11	247	262	182	113
V87	966	125	211	189	17	309	32	467	53	79	113	93	129	78	153	519	397	144	759	75	54	174	349	26	14	734	103	209	451	885	223	181	41	1	49	494	197	106	324	510	49	76	392	212	327	121	10	87	67	39	487
V88	41	33	333	980	178	109	8	261	383	206	124	413	261	32	39	185	269	46	107	345	91	35	82	176	904	80	411	4	113	305	101	23	55	291	67	337	42	71	46	287	127	88	393	318	8	49	152	214	128	92	47
V89	25	92	109	127	104	58	505	808	47	89	74	235	119	205	186	133	494	28	99	45	356	666	213	60	128	853	7	201	78	313	72	59	24	10	165	83	36	1	159	261	307	234	4	20	543	396	169	61	71	128	80
V90	144	272	11	168	62	83	277	135	332	119	12	525	45	449	5	3	101	150	49	63	12	83	14	88	92	358	37	357	19	211	216	98	118	126	89	361	294	149	98	45	414	169	534	131	398	20	101	22	331	59	215
V91	230	342	134	3	34	938	270	168	30	102	260	356	162	23	119	377	230	160	92	614	8	121	489	23	70	134	1353	10	17	53	15	45	92	326	47	568	17	315	42	776	115	31	49	17	438	58	356	198	69	442	281
V92	46	44	56	38	123	86	128	87	453	18	54	45	137	201	0	61	260	48	610	21	607	352	379	149	27	8	23	93	294	318	91	192	289	117	3	84	148	72	102	97	45	16	140	65	49	310	248	114	32	127	59
V93	112	92	92	99	43	5	295	55	65	237	68	138	75	496	67	30	135	29	106	194	166	4	76	287	25	217	262	114	106	18	350	138	438	178	242	349	54	50	14	97	120	278	380	64	22	55	40	449	232	4	92
V94	199	743	262	137	87	299	8	55	299	70	235	307	277	97	166	108	404	156	81	101	338	233	290	90	126	408	215	78	82	33	54	95	64	163	302	90	9	81	379	12	161	155	259	12	101	102	409	196	437	141	473
V95	86	66	446	657	181	1	529	30	101	8	37	509	254	15	541	177	11	177	81	383	48	33	32	2	259	110	54	40	108	67	69	49	205	225	283	236	243	162	310	19	202	591	247	85	179	8	25	204	25	125	89
V96	54	99	13	46	123	99	5	56	503	234	265	95	95	170	285	520	15	36	37	338	309	125	30	488	203	22	48	134	110	62	15	214	84	71	8	37	101	183	132	269	499	330	102	149	52	37	231	22	100	412	91
V97	1273	80	286	439	53	71	339	113	58	441	470	399	255	698	53	111	205	2	130	402	184	80	41	409	149	54	75	64	499	279	91	649	158	462	195	239	38	112	159	330	221	73	217	490	422	506	6	46	113	88	561
V98	26	49	36	21	94	132	631	94	342	45	47	475	151	86	146	116	113	319	372	113	427	47	123	65	44	181	6	282	176	5	30	525	278	419	55	298	40	98	46	471	56	485	33	508	34	286	98	53	44	100	50
V99	60	420	90	116	32	277	538	295	446	151	162	1	57	47	407	2	11	4	178	22	133	75	138	374	221	213	522	726	193	160	214	36	119	194	380	19	425	430	80	232	50	139	145	243	93	217	3	67	192	78	210
V100	46	196	713	278	38	863	455	65	44	51	38	63	133	445	197	102	205	92	898	87	9	59	120	174	130	154	62	168	280	286	14	87	230	1	9	28	113	163	476	367	113	130	308	101	174	101	23	51	37	26	143
V101	119	233	64	222	204	142	162	317	319	789	803	21	276	102	113	27	140	55	172	34	202	34	3	31	128	2	7	156	142	103	127	190	15	110	95	53	201	31	528	24	18	561	119	62	75	53	143	165	672	867	177
V102	286	68	99	246	369	75	7	67	127	309	37	274	130	190	266	118	9	144	509	151	34	150	145	255	259	138	198	101	238	757	91	40	312	83	219	526	439	2	119	113	348	2	225	296	367	144	33	458	131	233	166
V103	62	1	167	965	381	81	180	5	102	294	321	227	367	189	50	21	603	187	143	128	37	211	112	5	198	474	86	19	15	66	281	28	213	70	76	669	221	290	57	7	304	108	213	67	232	442	205	189	86	435	68
V104	348	0	179	61	276	102	152	91	332	282	156	596	132	121	86	664	275	53	164	15	129	127	47	98	437	61	253	35	60	106	58	74	111	70	352	345	126	58	92	134	89	99	16	516	0	66	454	140	3	153	155
V105	115	316	171	450	277	166	806	214	222	7	64	317	68	12	293	102	32	200	21	65	91	479	62	43	408	247	267	135	15	43	113	17	30	166	233	124	14	96	486	7	47	138	51	60	316	74	78	110	85	28	206
V106	306	344	5	481	52	17	294	1	118	103	289	9	210	186	48	22	50	211	452	177	383	198	111	169	110	152	175	302	15	73	131	189	220	31	351	91	82	11	485	542	141	160	73	479	448	47	439	349	366	483	327
V107	17	123	184	126	270	0	498	227	517	265	227	160	96	136	46	173	406	471	29	412	57	117	57	53	48	48	129	834	175	78	323	101	347	209	599	120	286	318	379	10	213	191	124	684	52	202	182	624	69	88	82
V108	39	2	63	216	21	146	418	2	434	106	9	6	336	112	239	848	970	540	317	32	317	463	290	312	155	136	69	272	716	201	95	76	159	67	201	27	204	82	62	4	39	1571	405	542	74	171	505	260	4	50	40
V109	137	314	481	201	80	68	114	123	203	498	26	351	541	107	325	253	235	445	51	38	165	291	35	142	89	459	49	347	92	25	932	111	236	249	393	148	37	116	426	149	221	13	124	718	587	679	2	510	93	52	207
V110	3	158	84	599	76	266	200	298	130	315	88	117	559	402	700	132	179	46	77	160	36	114	157	21	142	58	178	6	120	90	139	321	97	83	292	150	102	187	68	24	337	129	175	191	46	573	48	17	3	58	97
V111	62	103	262	153	880	16	122	122	319	177	243	67	510	15	957	3	137	112	92	26	165	138	318	147	233	116	88	9	8	236	206	122	318	248	436	248	5	108	41	145	175	10	42	663	150	464	127	8	368	259	86
V112	37	568	39	299	345	213	31	3	311	455	251	766	246	148	46	46	174	131	63	254	594	228	64	72	443	28	531	371	361	52	291	72	91	104	353	292	362	100	366	375	46	577	364	581	62	62	297	162	281	55	297
V113	18	118	46	400	95	282	74	198	116	509	317	21	436	128	137	189	334	889	96	34	230	84	18	21	400	565	25	92	255	147	23	69	100	133	125	109	62	241	300	299	626	119	200	116	346	66	151	97	279	292	95
V114	41	648	1	365	18	203	165	108	110	420	35	34	301	34	158	195	91	525	187	452	215	228	190	76	33	434	142	176	186	60	250	16	91	2	93	236	103	154	26	1	48	634	532	205	207	615	165	193	64	93	319
V115	277	789	258	207	616	71	61	120	34	15	106	176	193	189	47	21	88	129	236	28	96	437	83	91	275	6	349	15	22	27	43	460	101	46	198	736	107	204	81	208	57	200	85	279	176	25	116	174	800	24	463
V116	46	64	316	299	483	430	71	71	92	56	118	343	127	83	164	263	197	90	65	176	120	78	124	15	600	755	556	78	7	262	237	89	209	153	104	14	56	749	305	396	25	1	279	1167	67	14	4	113	71	147	63
V117	115	254	48	343	414	824	191	43	228	109	553	159	360	363	125	200	1	504	86	47	80	78	55	5	82	178	143	211	358	406	236	71	589	203	32	40	50	38	140	129	582	4	156	3	65	50	86	393	305	421	158
V118	89	78	365	10	48	31	225	133	132	3	70	288	169	106	5	269	315	90	1	187	24	190	108	60	24	90	76	50	203	240	239	166	58	40	239	204	156	15	184	10	310	45	545	221	558	290	277	27	16	257	94
V119	33	247	147	220	402	79	128	8	636	35	424	4	553	75	122	279	52	485	97	210	636	131	248	79	30	101	26	100	168	212	152	36	57	92	16	45	26	108	58	71	20	42	167	61	121	433	30	189	433	183	142
V120	83	1	101	40	54	429	178	578	62	416	317	313	19	86	124	278	69	113	77	18	50	76	328	91	96	344	159	4	672	288	3	0	41	87	369	786	21	314	54	197	93	195	219	658	76	50	223	238	5	678	67
V121	115	582	694	859	2	3	65	496	148	164	31	41	119	19	35	58	15	123	256	193	377	156	224	146	105	225	498	201	218	38	153	615	2	37	82	393	524	362	24	534	1043	86	45	105	96	16	46	187	14	452	347
V122	385	36	1	278	50	9	477	192	163	97	99	84	208	14	13	44	51	621	136	257	1014	220	62	27	173	86	167	95	256	259	0	42	190	182	248	326	24	178	26	104	202	229	55	140	15	369	59	759	41	40	195
V123	199	597	341	473	72	208	603	284	0	48	243	22	197	305	414	98	100	367	797	301	101	94	288	88	588	40	5	4	167	65	42	138	64	329	226	397	155	381	28	215	37	48	22	130	137	1088	205	138	293	19	369
V124	26	138	14	154	33	359	298	15	309	651	268	210	7	408	239	62	143	87	68	301	117	124	764	85	55	88	8	414	36	153	83	205	63	22	109	685	36	339	67	32	303	214	97	120	223	238	117	236	4	7	107
V125	3	33	257	182	697	147	56	493	310	8	400	219	121	252	688	615	20	22	48	161	226	313	302	63	98	10	103	143	60	33	121	147	362	104	180	239	150	250	308	186	454	366	37	146	54	190	508	11	242	443	30
V126	75	30	7	342	9	118	96	4	346	29	75	101	44	19	510	353	589	92	39	576	95	562	488	438	314	1	117	104	181	87	259	30	183	398	79	43	109	78	9	398	259	252	1	426	24	322	159	40	402	53	67
V127	96	549	44	148	335	690	430	68	178	135	105	30	327	16	727	92	215	35	60	17	130	312	12	3	121	74	339	158	51	472	127	86	172	109	295	204	13	355	287	62	60	379	81	408	332	435	203	1102	35	189	316
V128	408	144	65	231	195	69	19	247	623	210	130	64	280	253	83	160	29	102	223	111	285	122	470	42	17	386	356	194	318	541	66	70	152	75	243	483	63	442	361	0	20	279	193	30	51	359	153	141	34	44	264
V129	505	450	101	86	149	16	214	81	156	87	214	29	698	53	154	266	71	83	58	123	112	269	30	282	48	106	241	139	29	32	28	148	40	182	68	25	1120	111	59	3	1	190	156	202	218	51	268	325	197	196	446
V130	9	837	240	82	333	290	308	94	605	3	27	62	711	225	114	174	120	308	46	78	252	153	543	87	150	411	5	49	18	261	304	97	366	286	58	413	65	19	79	259	751	62	74	100	141	27	122	356	137	190	390
V131	96	67	45	822	127	108	291	28	99	23	44	180	311	218	18	425	181	103	710	509	427	109	77	207	104	139	438	115	72	94	104	61	209	70	244	97	85	74	28	136	239	223	136	176	108	223	81	53	135	1195	94
V132	62	466	216	382	164	4	471	144	350	142	96	89	102	223	308	41	486	28	916	50	73	152	43	182	38	85	99	1068	81	167	146	251	365	266	72	156	450	281	123	363	186	114	486	233	94	599	194	22	311	26	246
V133	140	294	24	522	164	110	203	82	439	433	85	113	69	240	61	36	13	161	380	16	86	15	16	236	698	6	70	75	20	313	7	296	148	198	220	126	43	125	101	24	14	141	145	309	292	636	17	0	100	184	196
V134	173	107	37	23	22	8	65	5	163	19	295	462	28	338	122	40	90	765	74	107	639	282	48	85	172	21	229	34	163	171	118	73	300	671	41	30	58	19	499	16	35	8	246	104	144	422	294	234	93	270	171
V135	54	0	106	499	166	246	83	623	57	85	55	24	307	184	97	393	107	45	500	0	111	176	149	592	61	38	498	125	397	90	42	504	2	147	170	129	33	55	74	245	1097	81	59	1	11	173	15	202	52	136	40
V136	295	13	389	51	500	108	49	108	75	1294	437	65	893	28	77	178	7	6	29	1	33	308	38	747	259	39	572	108	63	278	226	256	95	215	138	141	65	200	270	61	815	311	18	305	52	113	13	68	103	192	146
V137	97	231	263	193	164	31	89	55	27	210	426	57	320	188	423	136	705	19	821	435	123	140	223	82	179	155	34	84	131	113	18	574	117	364	327	37	90	376	333	419	232	260	38	260	59	136	29	246	101	52	174
V138	17	452	215	180	441	6	124	829	28	490	401	370	555	25	405	140	46	605	499	83	39	430	34	248	371	248	40	367	112	202	201	25	662	154	105	36	78	139	302	288	70	90	231	157	212	281	14	354	232	462	247
V139	347	223	207	208	435	374	264	105	45	149	124	52	132	197	26	176	10	9	231	267	584	56	194	90	322	215	19	183	26	66	215	34	36	33	224	152	459	68	10	41	482	15	29	4	180	522	75	112	240	23	267
V140	305	90	240	506	393	48	258	309	89	207	350	200	347	57	621	43	537	230	274	5	220	65	74	31	102	205	26	190	250	14	277	721	208	432	128	30	458	141	232	29	142	22	130	550	338	62	307	143	212	29	181
V141	197	30	253	33	374	221	108	431	107	298	133	104	209	22	224	636	541	239	171	108	84	244	88	752	245	176	2	285	430	401	55	456	171	105	50	838	207	219	13	905	126	476	459	9	588	175	204	439	9	14	129
V142	423	11	292	295	225	148	107	791	289	264	166	53	294	29	347	117	51	494	372	22	1	72	58	126	381	16	34	19	242	307	56	257	105	264	95	280	68	413	32	236	204	176	12	89	525	17	52	568	9	181	219
V143	1	153	317	194	169	28	149	217	320	751	33	59	146	239	226	534	224	157	67	334	19	313	93	17	72	145	732	215	168	152	108	205	102	68	81	704	316	0	298	80	431	163	522	8	128	71	147	162	219	10	79
V144	33	182	180	511	151	479	96	324	665	106	241	68	372	194	270	197	510	67	293	329	97	198	233	347	2	39	53	394	575	464	320	33	14	73	178	164	342	138	558	231	9	1004	135	53	411	117	293	70	109	40	140
V145	37	93	98	323	0	1	333	124	254	8	192	10	82	70	159	81	214	287	63	454	23	41	731	225	24	128	29	18	66	402	357	33	102	86	308	333	84	20	120	83	19	155	1004	141	513	182	35	30	318	21	63
V146	354	81	85	78	77	140	108	136	260	309	36	245	104	326	213	127	258	527	42	219	382	293	58	658	82	18	211	224	77	361	552	227	93	60	67	2	417	110	24	25	33	486	186	9	156	2	5	84	360	45	210
V147	6	691	106	16	758	708	320	99	46	411	262	10	176	127	126	52	127	324	713	157	212	82	382	147	19	334	135	4	582	55	191	269	229	150	94	420	341	141	109	16	444	80	22	28	355	186	1439	196	12	65	327
V148	88	64	174	163	163	168	58	74	118	88	249	105	412	1	92	495	416	69	272	159	11	330	169	132	63	53	86	276	108	224	182	342	79	172	21	428	42	129	1125	257	206	531	20	81	196	545	279	209	517	215	93
V149	14	273	194	6	237	194	86	30	224	7	329	171	209	66	6	117	416	34	843	68	339	371	81	45	40	563	11	140	173	299	79	313	0	186	37	111	164	256	2	72	151	29	626	94	217	26	89	9	4	389	140
V150	315	205	46	9	114	101	149	194	169	445	54	54	304	50	395	24	0	84	472	3	53	230	477	123	260	258	1	25	541	216	260	974	17	10	414	124	141	128	74	429	1	13	654	99	23	780	197	518	59	44	268
V151	74	352	32	143	278	184	16	56	80	203	320	105	119	196	39	154	57	78	505	43	82	171	276	94	414	13	8	35	206	177	147	42	78	154	232	924	258	51	161	460	31	258	903	719	300	58	396	213	293	65	187
V152	587	394	490	418	1221	186	136	26	386	75	23	102	154	105	230	121	260	50	18	198	31	72	35	132	261	135	69	156	38	100	53	70	228	49	12	27	54	342	217	135	255	171	5	185	85	68	66	56	155	102	463
V153	1	172	374	72	0	168	143	22	153	131	82	163	473	363	311	136	78	163	113	380	88	12	12	132	73	252	263	301	234	38	486	268	623	191	101	218	186	821	79	190	103	204	21	252	113	654	112	36	93	181	98
V154	204	17	125	2	278	48	72	13	22	32	15	159	33	333	423	333	18	8	189	52	234	76	233	45	239	18	91	355	57	104	134	352	19	224	99	117	10	142	602	84	744	12	509	51	153	226	965	494	9	128	109
V155	304	62	33	111	32	76	0	40	14	119	71	439	200	3	442	156	442	157	475	238	158	76	74	415	160	212	167	74	37	5	304	284	50	339	217	181	74	56	119	77	149	62	345	5	482	41	268	16	47	322	190
V156	367	11	426	285	252	152	173	43	174	91	330	263	134	18	41	203	169	195	523	174	188	319	481	271	280	262	189	37	27	177	143	3	205	8	244	4	214	80	302	102	6	336	157	19	383	425	246	941	388	453	201
V157	125	513	459	1221	109	124	110	124	28	24	422	697	203	88	143	451	336	12	119	349	83	15	381	66	200	388	20	380	46	472	591	283	28	108	109	12	196	76	204	31	411	325	106	346	359	339	45	40	133	67	340
V158	567	826	280	18	369	22	67	290	209	156	145	53	28	63	333	1152	343	294	123	22	1064	634	42	184	235	481	160	59	118	131	158	60	7	77	54	90	117	556	310	162	86	1	126	399	13	148	21	61	324	16	631
V159	27	149	330	43	335	138	58	13	579	424	273	7	97	83	598	143	267	133	105	168	163	611	192	49	87	63	34	18	69	325	507	257	1	142	52	321	19	64	171	667	116	803	968	76	223	84	178	47	91	72	115
V160	56	167	8	4	17	4	346	263	79	31	40	0	185	124	35	56	28	136	118	94	184	99	1	539	39	298	503	103	21	115	462	142	439	42	410	27	557	38	215	329	3	449	190	233	124	125	209	38	140	202	100
V161	219	320	5	17	170	227	838	57	462	240	19	264	29	167	62	186	540	158	228	67	26	82	157	211	124	62	199	188	16	138	34	25	230	5	277	442	4	463	13	0	352	109	49	292	232	118	219	377	198	148	263
V162	517	86	89	72	18	352	95	110	66	55	150	55	5	84	482	97	74	567	288	1	320	40	86	68	764	134	105	1050	46	220	10	856	16	77	37	86	226	139	214	222	146	139	3	5	80	327	56	105	157	40	319
V163	556	73	33	21	21	408	64	318	348	12	186	183	28	26	194	52	53	401	220	17	1	48	91	124	145	203	66	179	49	463	353	3	229	347	156	797	1	158	60	184	169	287	180	38	6	690	394	414	47	55	301
V164	384	13	87	5	293	150	410	319	108	128	226	797	447	355	114	169	458	83	168	116	440	43	312	312	190	155	38	48	692	28	49	222	37	356	113	34	129	55	44	363	682	90	838	108	30	511	77	119	85	115	196
V165	34	79	87	768	194	64	585	88	44	7	0	17	92	424	9	55	54	177	239	326	115	2	241	167	2	33	352	127	245	486	275	317	816	162	218	590	184	168	7	290	67	586	86	43	226	212	124	16	42	251	73
V166	0	50	200	189	526	166	157	104	2	34	433	694	271	25	65	157	97	141	381	170	226	33	64	212	74	69	255	158	138	214	55	198	42	646	19	192	33	53	22	399	58	85	119	212	186	36	2	49	2	101	32
V167	23	11	1	4	448	31	434	788	313	30	271	52	54	46	68	127	106	147	39	661	118	336	129	85	152	8	109	638	331	889	123	584	17	155	14	185	266	284	69	24	34	152	112	172	312	17	44	165	70	508	34
V168	84	286	273	498	18	152	50	233	362	48	83	113	1	2	853	152	702	5	285	233	241	288	24	573	161	18	208	44	8	189	117	5	181	470	223	284	25	194	7	168	306	183	144	189	442	40	36	421	765	71	201
V169	30	87	668	7	32	598	95	80	677	309	100	294	126	137	140	72	192	33	134	25	253	70	102	50	196	363	345	529	85	323	12	256	482	6	15	250	45	231	31	360	252	5	16	63	64	65	57	52	1074	275	78
V170	98	326	270	279	82	285	101	26	24	418	178	19	19	252	253	253	110	309	197	190	343	45	166	204	18	93	144	1	460	27	33	54	78	40	12	21	62	342	148	637	18	132	94	18	470	48	72	79	271	7	207
V171	186	48	66	317	20	154	19	575	513	277	151	108	30	170	108	534	41	84	35	328	552	60	54	73	83	93	351	42	44	60	9	258	78	222	20	233	561	8	42	324	54	17	3	171	33	394	101	28	270	36	120
V172	29	445	78	718	128	411	113	513	34	119	480	11	462	487	42	342	66	69	150	4	87	130	46	77	111	199	241	74	41	516	303	139	849	445	41	180	341	98	80	32	227	323	602	184	465	249	117	232	104	79	234
V173	124	45	636	375	32	14	208	74	17	428	656	197	44	205	166	75	249	43	94	173	551	232	164	2	25	9	182	998	20	306	84	39	325	342	471	60	382	604	298	95	76	58	94	102	103	123	1288	493	167	5	87
V174	18	237	38	419	337	228	24	148	187	111	203	451	75	123	128	248	230	51	57	1093	436	286	36	112	123	62	360	264	187	407	173	22	44	151	142	101	121	65	137	393	576	45	236	263	281	74	38	726	273	58	132
V175	390	150	226	56	142	52	348	74	244	201	109	351	147	136	77	20	568	429	30	93	638	198	137	42	858	217	13	392	236	36	107	204	139	822	285	265	28	213	135	12	0	159	277	567	233	205	131	675	47	94	252
V176	41	195	23	12	135	317	13	226	52	28	712	14	1	51	10	312	371	67	60	17	118	273	290	173	219	406	130	236	196	62	190	119	107	195	439	298	714	0	66	374	151	257	19	255	371	401	450	24	1	58	126
V177	436	292	604	41	56	36	521	112	213	165	83	308	14	69	66	144	45	685	342	120	259	582	284	226	174	28	133	588	1320	325	86	217	81	419	36	2	43	174	112	10	41	25	66	17	145	74	271	139	273	113	384
V178	44	96	4	792	1	347	125	166	105	160	59	35	48	6	638	479	589	225	257	234	46	26	404	120	122	286	13	79	59	50	121	6	64	397	69	173	110	3	27	24	477	116	267	3	76	84	2	236	189	18	90
V179	2	44	502	15	1162	128	166	420	381	31	146	130	41	47	35	58	44	377	304	131	60	135	144	122	147	412	217	681	284	248	102	59	240	328	185	27	199	11	763	130	618	350	58	6	194	127	531	7	2	229	60
V180	317	70	87	414	238	166	190	594	104	0	10	54	238	311	446	60	360	28	491	691	88	47	442	16	0	134	742	37	47	95	554	721	7	67	351	115	6	253	443	283	51	49	148	388	212	138	67	21	32	1	216
V181	109	26	26	26	128	177	61	10	97	1194	198	85	42	71	225	205	4	480	79	49	17	373	159	29	274	9	204	60	84	858	276	180	81	169	132	179	22	15	39	335	102	64	106	19	15	93	30	8	5	34	67
V182	202	344	291	64	92	1	354	25	173	704	48	9	32	88	8	158	163	152	173	3	304	56	24	62	41	169	73	27	98	97	114	417	391	41	154	35	93	36	110	82	0	505	272	36	44	428	636	182	91	594	279
V183	293	66	107	4	177	39	280	132	267	464	71	4	217	61	11	425	150	194	427	146	203	103	78	84	5	113	210	196	393	197	534	4	310	45	567	69	6	521	153	189	1	201	47	81	13	51	20	133	364	64	160
V184	38	12	52	136	707	16	192	154	137	531	216	46	212	143	88	349	94	523	71	47	262	28	179	267	205	69	167	409	57	1204	131	222	581	133	1	10	167	595	253	16	403	616	264	63	123	18	166	50	156	38	59
V185	103	33	247	47	11	18	185	217	190	320	5	762	110	147	13	156	26	74	36	57	34	106	493	580	14	418	0	114	295	491	395	225	73	329	31	364	480	354	13	30	364	16	36	139	104	92	79	358	51	85	86
V186	7	399	177	33	779	44	120	661	175	280	43	84	432	957	187	24	48	716	95	359	141	18	312	466	199	419	19	289	92	124	90	617	419	9	828	495	457	382	199	84	492	331	222	806	155	178	548	17	237	77	202
V187	290	17	146	297	106	128	481	141	42	8	40	80	227	320	547	394	5	38	168	216	382	215	10	28	117	381	43	348	40	50	105	267	55	4	161	7	107	453	102	401	159	73	130	263	38	356	382	62	106	662	155
V188	214	276	183	137	346	76	70	60	54	212	285	101	32	376	4	261	48	446	114	243	278	42	11	465	192	9	255	404	23	763	15	257	551	164	4	67	469	507	570	149	250	224	5	472	104	7	90	321	17	370	238
V189	125	70	61	416	60	634	8	2	11	251	331	197	325	72	274	682	43	56	166	5	587	44	28	345	162	150	236	44	121	21	68	276	343	93	406	410	523	137	122	181	181	248	12	205	12	173	121	53	379	102	101
V190	154	259	177	129	11	90	146	104	4	316	688	170	188	34	346	79	189	378	15	1169	72	198	437	76	16	66	267	134	332	517	123	205	112	153	141	110	119	53	148	157	274	24	45	514	78	172	130	46	114	10	207
V191	118	214	337	15	180	196	219	300	255	78	651	449	4	177	380	64	481	77	537	8	174	465	293	42	387	52	52	237	240	193	49	148	7	214	148	297	148	109	162	362	42	9	301	363	235	124	461	400	15	58	180
V192	187	59	115	195	160	317	230	76	74	198	188	37	237	246	790	249	88	173	4	72	131	172	385	199	168	62	193	248	207	1357	1190	35	194	331	671	217	1402	331	84	204	687	363	10	259	165	2	543	99	438	146	153
V193	584	219	60	12	67	497	529	163	90	240	100	91	38	9	120	426	738	257	291	62	143	293	99	192	2	222	282	113	23	40	223	318	83	229	77	184	1007	378	244	176	197	15	28	247	357	163	43	203	45	106	393
V194	84	56	241	119	645	11	38	60	503	81	255	218	48	110	32	98	21	43	263	604	105	34	303	92	161	54	20	167	108	39	305	37	12	2	234	111	46	300	270	111	56	537	92	113	453	46	130	12	84	160	84
V195	559	226	1283	231	28	52	212	26	117	48	213	345	149	274	234	61	347	175	47	343	278	15	748	56	67	51	46	374	190	52	134	62	18	90	23	110	43	217	72	255	163	114	251	11	195	95	46	598	156	139	343
V196	27	449	90	314	45	351	174	430	841	29	57	1020	322	9	102	63	948	257	75	321	40	175	218	50	2	97	517	141	628	150	17	48	335	157	31	76	34	190	242	75	63	16	36	43	20	147	503	59	48	162	248
V197	377	19	559	83	134	47	33	7	9	56	193	11	175	56	66	136	380	579	9	412	135	291	59	297	44	127	73	326	198	187	228	71	492	167	857	95	191	125	194	426	172	7	8	300	97	497	106	294	69	713	197
V198	65	111	169	18	31	278	301	219	333	159	80	85	107	400	203	13	146	124	952	8	861	2	93	139	262	152	1375	309	204	9	418	603	10	74	79	149	530	892	221	106	171	386	46	212	676	118	80	398	29	55	120
V199	200	118	44	442	153	991	125	94	161	67	175	40	54	152	683	84	794	23	20	18	169	80	225	181	21	28	41	205	131	141	24	310	222	201	211	74	150	406	54	278	31	272	282	219	139	657	42	46	508	86	170
V200	49	196	131	59	15	85	15	337	220	177	132	771	153	228	92	259	38	79	81	32	1	33	245	276	201	207	389	204	465	41	74	205	449	530	254	543	596	66	216	83	149	599	53	30	151	124	277	288	226	501	133
V201	82	634	185	22	22	28	94	19	93	505	54	206	221	3	28	226	17	171	52	248	438	487	22	195	180	259	69	26	447	92	217	12	651	457	138	1118	332	450	1700	7	174	57	168	84	381	26	92	50	369	81	338
V202	117	154	369	92	173	231	726	166	21	191	0	140	61	180	107	773	712	225	179	245	15	73	92	123	103	40	114	118	381	114	84	42	24	208	153	281	110	238	324	178	85	5	454	628	6	120	424	358	169	11	134
V203	12	29	16	848	11	8	66	148	340	268	78	316	75	33	88	11	350	327	5	115	82	7	506	248	241	59	10	27	115	738	34	81	32	4	8	76	15	27	198	84	4	76	3	284	552	113	119	203	29	12	30
V204	271	34	361	208	240	175	166	0	183	359	472	11	345	19	81	444	195	364	7	16	94	83	21	462	28	190	710	17	753	385	6	270	114	460	235	322	23	157	624	51	393	90	266	310	84	53	299	270	713	1216	150
V205	41	62	180	130	119	182	488	234	919	7	231	995	397	213	120	666	359	57	13	73	275	170	52	210	78	208	407	231	2	729	206	165	668	80	168	124	16	55	247	57	97	115	135	1011	42	52	650	79	375	85	61
V206	1851	141	220	50	123	46	26	19	322	59	528	22	215	108	292	37	147	826	8	586	464	200	160	243	20	70	43	395	100	175	134	107	160	62	94	429	804	237	64	30	26	215	320	62	523	303	73	357	244	368	910
V207	225	16	34	296	166	155	51	200	830	45	105	408	100	202	38	39	392	335	93	23	124	175	71	65	210	394	260	24	474	249	64	86	132	56	234	324	304	355	72	340	94	416	182	86	403	13	32	159	105	59	112
V208	42	90	3	142	74	11	428	736	224	5	389	2122	75	235	606	600	177	189	606	4	71	669	33	427	25	281	465	242	81	136	1	40	47	40	108	341	700	290	21	89	257	22	128	516	669	227	130	49	143	716	66
V209	180	160	66	65	127	109	117	47	431	96	383	604	374	122	115	173	123	192	17	169	40	95	108	143	412	97	80	175	89	69	168	363	30	133	62	48	41	246	115	104	91	66	177	264	32	174	347	164	205	206	183
V210	28	228	190	171	637	233	299	49	267	183	222	80	111	1207	1233	46	93	55	220	63	206	177	603	425	84	132	390	17	202	215	362	379	5	15	217	172	107	71	215	112	44	130	208	405	513	271	437	3	7	116	148
V211	306	275	106	54	27	119	3	138	21	112	112	259	42	283	184	163	247	41	132	35	142	106	34	284	79	248	101	89	314	154	309	72	169	338	146	124	135	154	0	192	908	195	37	114	280	437	42	245	243	546	267
V212	172	52	145	32	98	0	105	52	758	458	28	380	95	233	179	289	1007	106	37	573	576	197	133	586	133	373	113	44	414	489	7	39	18	88	85	94	198	225	22	13	249	216	182	118	30	591	54	115	84	238	130
V213	155	11	990	246	17	619	821	1197	222	2	17	314	156	241	117	147	311	29	114	36	32	100	325	155	423	35	1615	51	6	185	4	12	58	5	490	4	98	184	73	171	105	269	102	157	52	196	13	36	284	539	100
V214	23	65	258	323	579	149	61	176	244	562	38	215	260	643	64	475	67	27	250	86	186	429	82	23	55	28	353	163	511	14	287	212	95	546	326	3	231	228	716	67	375	16	180	318	134	265	38	272	515	619	77
V215	130	193	92	65	160	594	99	276	100	5	144	174	144	136	169	280	1018	428	395	286	22	8	15	157	127	595	37	344	95	309	208	66	1	76	235	166	502	154	279	467	10	228	477	75	71	121	280	39	332	192	169
V216	57	26	90	314	17	350	80	766	451	13	313	420	523	146	256	367	613	291	95	452	34	83	332	165	62	193	292	83	379	523	15	467	89	202	38	154	246	15	201	380	85	321	296	133	65	113	211	353	18	31	66
V217	83	46	135	48	146	328	41	25	172	213	243	122	131	252	15	36	5	267	280	38	274	565	14	12	379	92	102	308	113	52	318	155	51	44	19	215	77	70	93	230	501	289	248	26	123	247	252	38	296	189	71
V218	157	788	339	230	12	317	65	49	148	355	12	83	137	114	57	383	120	243	121	539	351	46	49	137	324	160	18	228	36	137	135	0	351	458	82	189	67	116	194	38	438	22	200	611	9	137	345	56	74	224	491
V219	41	210	448	169	254	309	167	181	164	507	314	178	41	9	46	46	39	57	179	151	59	21	43	86	3	478	26	430	1042	277	601	66	89	9	6	65	91	216	128	122	254	390	343	85	12	42	398	134	91	446	146
V220	342	41	143	631	4	509	386	26	172	133	1033	235	173	152	474	480	18	132	46	204	122	197	96	0	9	124	305	38	456	122	131	1	330	569	6	86	16	2	320	75	151	396	153	239	49	114	99	645	223	34	204
V221	67	83	63	3	188	97	49	115	285	39	464	97	140	134	123	25	65	54	123	322	106	611	286	34	210	112	217	52	1	101	21	39	21	318	546	80	654	109	69	127	118	611	302	275	161	122	128	303	5	182	87
V222	403	477	131	123	108	214	7	70	246	102	107	170	79	180	60	89	83	36	141	616	124	103	25	220	141	12	49	229	5	370	71	734	1	148	284	354	217	156	37	123	161	172	228	206	174	790	63	87	194	466	418
V223	128	218	81	82	197	589	420	239	191	24	216	29	100	274	7	520	212	199	60	300	76	117	83	65	91	11	52	743	93	49	250	134	38	180	280	299	595	489	4	81	429	128	38	30	87	370	693	169	402	114	196
V224	168	17	38	39	253	57	708	596	233	59	413	256	284	63	62	90	66	116	53	285	94	37	208	114	106	58	86	177	301	282	6	58	131	92	143	177	866	144	155	471	88	95	169	9	205	423	76	877	115	250	115
V225	708	326	176	147	302	144	619	17	175	550	26	51	59	100	71	149	289	359	143	99	205	97	645	337	689	99	208	151	567	116	126	24	89	701	103	42	84	8	50	120	152	703	40	335	823	12	255	182	254	164	513
V226	58	112	35	162	44	52	463	11	356	30	51	325	144	145	138	251	45	116	106	270	19	118	163	2	385	136	98	412	290	8	196	379	95	155	107	76	13	1026	171	503	353	134	39	521	426	50	64	471	32	112	82
V227	194	47	562	119	100	74	33	263	10	74	52	208	57	146	51	125	63	118	35	832	522	93	799	34	125	12	20	47	94	36	216	509	1	30	92	249	0	6	26	535	514	365	34	70	211	217	449	67	626	85	138
V228	24	1344	196	179	155	56	391	212	34	34	374	201	360	124	33	101	86	102	98	129	410	64	13	100	94	124	88	744	16	559	425	547	293	21	412	915	153	88	181	57	811	212	128	335	213	146	460	663	44	57	680
V229	42	268	113	139	278	92	19	172	82	102	127	67	22	3	719	165	24	567	277	81	721	377	143	22	563	468	515	143	276	271	49	17	7	127	908	122	510	169	434	137	35	310	308	176	9	81	43	77	144	16	135
V230	91	430	180	597	157	33	93	226	675	443	85	452	55	175	525	38	447	277	63	307	139	267	114	435	141	37	248	110	285	86	123	111	329	82	311	196	4	477	88	125	98	82	656	434	342	2	396	76	117	71	251
V231	412	176	6	3	78	11	53	45	266	304	51	194	583	51	7	464	179	180	410	32	200	168	165	217	69	107	37	158	179	27	6	91	95	216	89	440	122	57	310	90	92	50	836	28	77	154	66	52	299	327	265
V232	3	101	1	152	659	147	97	25	154	239	345	256	118	390	280	789	135	152	89	163	20	62	300	192	344	246	213	74	371	74	243	135	64	56	56	41	96	0	171	329	913	27	8	1256	178	9	337	86	179	134	84
V233	13	724	429	405	90	390	67	83	319	253	19	824	69	405	209	158	169	27	221	388	7	7	448	19	264	127	132	38	142	110	136	442	348	720	144	147	140	197	65	255	186	261	13	49	364	91	411	39	156	287	369
V234	280	390	49	135	541	211	23	116	193	268	18	132	482	132	500	169	1009	455	30	361	219	184	64	122	318	1863	149	518	210	429	156	141	48	464	95	100	201	86	703	240	89	486	101	225	44	511	243	168	114	58	327
V235	136	394	464	102	297	28	272	312	141	249	43	29	120	407	363	33	263	335	140	160	50	291	93	1	5	271	145	400	37	44	22	228	17	44	97	13	845	78	72	257	19	28	252	222	702	26	13	35	147	269	271
V236	50	14	38	637	621	204	310	293	307	157	5	7	8	434	125	249	115	161	142	184	134	1	250	9	137	235	59	37	145	475	15	4	121	718	205	519	48	155	143	46	51	196	213	2	214	644	116	46	55	71	51
V237	144	64	265	745	1	37	2	129	31	88	226	119	390	22	82	27	219	47	161	144	49	224	70	419	585	89	203	475	156	240	44	41	90	45	687	344	28	295	133	201	373	8	1	53	407	170	115	363	196	195	113
V238	753	88	417	116	196	379	24	45	3	28	17	2	72	215	21	284	399	501	94	129	22	159	18	122	190	211	14	143	264	247	123	843	259	87	30	581	277	12	20	982	72	385	668	156	787	47	171	86	150	0	396
V239	28	52	210	209	99	190	116	77	57	20	303	206	82	238	172	355	173	364	395	76	346	116	74	140	334	94	1850	148	264	255	68	320	45	249	122	67	17	250	165	443	62	207	24	132	45	158	151	244	26	942	46
V240	47	140	336	299	88	13	138	306	620	734	285	309	138	83	140	404	99	253	130	59	457	152	241	187	331	709	65	75	8	51	794	38	72	182	114	27	185	200	5	585	177	239	208	68	379	246	222	1	113	41	120
V241	311	128	35	840	462	216	3	172	111	145	199	203	22	82	85	256	0	77	45	63	106	31	89	44	158	37	229	51	124	182	6	551	218	492	33	70	270	83	83	90	425	101	6	1	10	306	78	197	130	152	195
V242	162	6	634	398	426	72	341	38	496	162	484	182	529	117	613	88	63	55	301	334	68	58	29	9	47	270	181	211	39	123	714	141	58	72	149	509	272	196	133	71	190	160	560	88	107	5	163	601	146	733	108
V243	107	423	105	90	399	418	104	143	119	917	138	175	175	18	271	158	10	60	147	72	68	53	55	263	97	143	186	13	144	365	144	105	239	41	85	81	583	39	560	126	158	12	92	292	15	286	202	39	394	154	242
V244	48	134	290	33	98	690	138	218	447	37	151	44	227	14	92	97	347	310	57	256	167	5	332	52	70	68	297	88	142	78	77	5	7	8	67	47	91	163	144	324	71	2	132	8	7	94	281	138	247	23	99
V245	562	31	711	224	289	19	301	74	122	212	9	34	30	109	31	188	0	182	120	515	63	235	64	95	120	167	566	572	717	210	438	521	221	71	89	32	75	19	457	151	640	980	246	18	261	9	48	303	36	341	292
V246	72	22	64	333	311	99	282	17	53	66	312	144	19	447	563	320	132	43	155	366	62	39	49	159	460	12	69	533	438	237	168	438	18	113	194	228	268	67	208	71	314	160	3	161	72	52	134	111	176	306	55
V247	236	86	206	85	172	134	129	200	76	202	293	468	53	442	41	888	66	94	267	107	598	445	176	7	29	360	135	16	117	262	492	4	229	22	560	156	65	383	63	32	221	56	152	459	28	459	42	138	235	102	184
V248	668	144	315	100	41	128	148	22	103	469	415	61	157	136	68	520	300	635	532	557	204	25	9	12	537	64	70	386	73	191	47	1069	19	48	140	198	579	98	47	31	37	266	8	394	167	19	341	169	419	589	373
V249	91	47	592	273	808	255	7	21	39	171	138	21	193	55	197	48	107	106	52	22	136	293	430	240	3	455	213	105	110	17	448	83	16	387	196	81	263	3	118	32	78	82	49	569	115	51	56	48	128	489	102
V250	115	288	49	278	27	14	432	5	1	38	318	214	382	282	970	633	171	204	49	31	49	702	179	466	1068	162	494	88	66	283	245	19	161	108	25	95	2	225	122	51	115	272	852	268	300	378	57	470	441	99	206
V251	398	23	70	263	332	152	125	247	112	4	461	143	191	1232	88	24	227	35	134	447	176	489	61	34	209	43	95	218	428	416	786	375	437	145	194	458	56	196	5	95	72	664	224	37	20	205	164	158	222	200	218
V252	10	278	63	39	20	78	65	6	283	235	15	223	141	300	94	235	341	41	528	105	422	8	215	9	25	72	355	49	361	10	89	219	1	366	133	102	40	495	148	700	201	5	60	15	250	253	55	84	90	179	160
V253	15	365	302	238	20	23	511	11	208	125	84	481	260	110	408	66	155	121	96	5	106	316	142	656	368	0	290	92	340	196	127	70	423	208	20	260	124	139	282	386	55	510	80	8	432	829	50	157	379	165	180
V254	243	26	102	302	400	82	257	124	28	45	406	406	227	82	55	37	171	102	55	114	38	172	252	76	26	57	241	176	167	31	132	7	124	801	121	16	1	403	522	188	147	13	24	37	133	75	34	526	307	98	107
V255	3	13	28	49	165	2	46	148	193	954	953	10	36	40	63	132	304	42	91	121	140	210	108	82	50	23	8	275	119	19	232	50	41	10	58	700	14	222	27	151	413	599	132	64	125	39	198	32	4	79	20
V256	103	465	568	147	50	334	97	90	290	188	155	42	343	553	304	857	77	140	25	74	71	56	280	1	209	219	21	182	670	642	68	26	223	86	200	801	115	111	3	223	84	267	65	240	263	53	97	45	50	583	262
V257	450	174	214	701	66	20	2	150	206	112	24	68	316	115	236	287	265	112	369	162	167	137	38	12	80	17	6	247	269	19	429	187	37	405	3	144	159	588	361	221	195	65	507	230	89	28	383	103	197	104	297
V258	18	31	117	164	653	246	155	116	296	60	89	187	46	198	262	243	190	538	17	58	563	80	305	162	579	571	77	906	156	11	367	144	7	181	98	72	64	367	404	393	86	437	692	158	136	65	337	243	223	48	50
V259	213	7	38	71	139	101	251	374	158	105	109	280	634	430	344	219	272	366	205	78	289	84	919	14	202	171	230	208	111	498	117	159	28	63	434	478	113	218	110	128	84	10	233	336	184	281	110	147	23	94	104
V260	488	36	74	245	118	480	18	234	14	58	310	32	4	205	64	43	476	162	320	207	147	315	68	325	221	777	448	21	250	100	168	9	708	391	94	70	263	66	56	34	308	66	21	13	133	421	94	21	414	169	271
V261	606	35	272	4	43	100	196	6	64	95	316	378	334	23	26	315	3	115	269	10	352	240	296	6	32	121	220	29	161	16	84	207	79	53	193	385	272	77	26	299	35	121	389	58	674	145	403	179	59	242	300
V262	14	205	301	81	141	648	64	43	609	44	248	90	160	76	199	185	156	387	276	304	146	60	250	160	1135	80	115	308	104	605	643	0	246	283	363	112	100	422	120	270	20	165	36	82	55	485	211	38	192	303	148
V263	214	106	51	101	4	17	111	487	117	133	518	691	79	8	211	208	106	478	65	118	588	1	170	303	140	491	345	256	247	59	514	233	27	84	54	135	322	501	49	859	285	3	213	34	290	52	37	481	338	0	168
V264	117	12	54	110	352	65	186	491	640	129	259	218	261	163	9	523	132	56	69	915	218	50	0	407	188	231	187	3	63	33	687	227	12	150	13	120	101	256	498	59	58	216	125	271	244	21	17	772	226	340	100
V265	51	93	37	218	49	131	108	278	499	385	37	318	133	31	378	65	143	99	143	25	39	410	178	77	256	98	171	27	214	15	2	291	593	121	117	153	397	306	28	241	357	256	53	111	10	135	109	277	144	314	90
V266	17	462	150	13	7	197	111	140	172	24	345	285	234	2	424	44	198	6	44	212	569	611	31	62	245	215	540	242	6	93	694	282	223	66	1	44	196	136	55	134	657	43	114	248	23	114	171	56	10	71	222
V267	101	134	23	19	283	246	75	91	349	53	233	57	10	228	180	40	16	19	203	845	109	33	24	259	171	140	158	28	234	321	739	443	531	61	30	208	604	383	314	65	135	26	135	154	704	56	10	72	58	77	127
V268	169	15	8	38	111	111	444	7	322	103	118	137	511	54	578	53	624	186	178	177	178	247	175	172	6	482	64	292	84	619	157	657	314	71	107	48	47	75	70	181	131	11	285	96	432	295	128	680	190	226	95
V269	212	226	13	73	110	42	242	72	99	173	175	239	45	35	137	45	4	251	51	607	8	219	509	122	113	188	102	3	153	159	131	111	114	66	282	115	157	71	230	505	512	132	3	56	117	268	46	13	871	77	196
V270	22	49	138	3	367	37	292	453	138	331	46	27	245	37	118	38	523	436	59	273	332	197	47	210	205	904	234	152	85	190	161	26	52	61	321	200	260	1	445	109	315	41	33	474	82	115	458	10	156	282	59
V271	69	497	229	578	14	396	1213	232	62	8	1314	12	110	351	505	462	77	9	258	136	176	322	150	87	6	150	30	55	37	45	184	118	568	1247	16	5	594	139	424	198	39	31	97	212	52	309	157	114	192	737	273
V272	301	58	132	107	331	333	93	12	7	410	86	99	67	743	7	134	60	211	52	975	300	373	407	662	109	183	268	272	122	148	44	46	205	53	197	580	168	6	25	537	23	160	92	109	202	0	506	221	108	240	204
V273	24	118	148	44	163	343	170	95	98	154	168	281	715	4	24	10	282	101	97	178	150	346	18	212	47	98	57	108	225	6	143	85	290	55	388	503	1	198	418	1	168	34	371	95	28	12	169	34	14	254	79
V274	52	645	10	51	174	40	304	166	211	263	187	175	215	191	26	2	53	22	176	323	123	519	403	593	700	19	327	13	137	128	173	125	182	304	101	563	102	493	107	398	60	585	24	595	51	293	34	295	108	204	340
V275	308	167	192	13	31	7	168	1087	184	38	46	87	72	63	485	14	39	369	34	193	106	102	244	1946	949	327	57	112	79	734	39	292	28	75	22	340	81	409	372	17	248	311	222	382	29	7	452	290	829	117	257
V276	68	692	63	427	193	12	64	402	111	522	278	47	356	127	53	25	89	774	12	229	86	441	362	255	345	626	24	101	259	87	193	60	66	120	209	360	380	147	78	68	12	39	35	110	4	339	156	198	126	32	386
V277	111	8	576	292	380	75	97	26	254	138	189	99	37	447	135	183	80	234	528	83	231	383	155	25	97	8	296	356	68	34	43	63	459	88	63	218	268	201	178	438	33	52	470	106	127	261	241	48	212	468	83
V278	294	217	30	91	156	95	147	22	69	52	69	170	647	79	83	701	61	1247	81	716	201	416	98	656	313	256	103	226	168	314	314	470	119	59	72	298	70	298	173	474	94	109	76	522	39	869	113	219	4	269	275
V279	160	66	397	19	323	174	48	129	21	22	66	423	253	245	628	156	340	347	11	267	30	114	261	123	333	499	341	455	242	459	371	279	342	293	159	59	126	498	53	147	1	117	82	69	121	198	311	89	271	47	114
V280	268	327	209	95	34	681	135	33	268	100	16	281	35	226	74	128	144	216	47	71	74	816	568	140	1148	327	84	12	297	117	205	28	427	377	80	62	176	226	305	221	71	617	89	345	767	43	204	115	264	171	278
V281	51	272	173	60	71	119	17	77	35	79	71	126	104	304	181	114	23	15	14	138	152	115	28	19	342	851	1	254	58	422	311	220	611	214	20	8	31	282	22	14	5	510	136	8	82	2	70	137	138	220	178
V282	312	92	70	259	37	129	74	192	191	59	582	514	83	137	14	713	204	64	287	684	147	487	261	117	139	73	8	53	581	170	528	15	616	10	205	221	256	60	41	451	289	10	2	24	7	167	27	207	484	211	213
V283	198	223	70	62	194	123	30	29	210	61	196	383	92	282	56	158	160	654	17	516	210	181	162	2	97	255	226	368	18	280	49	143	16	71	19	302	549	29	137	142	66	110	107	171	40	125	106	257	236	171	185
V284	3	102	189	106	170	94	163	347	330	172	98	288	232	14	6	43	104	326	44	316	117	453	116	36	310	64	2	607	318	1038	599	152	0	114	338	89	240	362	89	136	79	90	76	84	176	110	72	52	197	12	69
V285	46	288	143	365	303	266	15	43	281	1026	395	864	304	195	113	192	217	5	113	73	65	173	256	290	182	77	51	643	113	97	215	133	610	60	190	359	252	62	115	346	456	41	106	324	379	18	723	394	22	37	164
V286	318	3	612	139	211	50	443	732	384	46	558	108	233	59	120	105	45	291	524	166	88	54	27	252	231	89	47	458	197	182	44	171	63	41	17	90	57	19	174	44	16	24	110	108	139	431	81	131	381	100	145
V287	1092	264	67	187	25	202	184	225	36	21	262	319	67	99	34	47	112	367	25	796	210	44	9	30	74	343	9	260	2	76	57	770	134	62	63	4	36	205	85	69	297	52	13	26	40	51	65	275	610	101	591
V288	132	24	1100	160	36	371	130	409	172	74	39	44	54	156	622	406	819	32	103	9	67	231	154	607	71	101	109	11	15	148	152	364	42	329	10	65	109	293	4	82	35	86	150	10	27	16	34	39	785	169	109
V289	272	141	189	110	82	75	246	118	58	88	131	131	62	132	164	37	311	328	241	61	27	368	216	174	645	127	92	42	391	68	400	531	97	259	174	7	228	48	461	36	735	125	208	87	370	113	76	429	96	248	185
V290	227	35	405	366	151	19	209	207	101	102	4	26	17	13	342	59	159	261	25	198	41	754	235	72	36	8	79	50	105	356	142	143	265	105	73	81	141	260	172	300	251	87	337	82	154	216	426	73	304	555	134
V291	62	238	103	45	108	871	63	320	292	306	64	510	119	69	91	189	12	294	40	289	623	80	296	180	714	38	162	209	203	264	142	366	21	115	274	14	12	71	197	4	558	370	144	31	77	3	191	153	654	493	173
V292	150	376	69	44	238	19	254	88	82	238	226	283	97	6	22	90	471	71	94	243	558	143	9	222	25	319	647	698	8	217	762	294	47	95	309	123	265	288	157	515	128	57	431	277	88	41	35	6	101	162	252
V293	243	71	162	248	19	238	44	166	155	237	396	234	175	36	409	366	59	241	11	232	363	465	828	505	277	355	378	159	7	218	124	377	42	148	8	167	10	161	290	90	30	52	110	313	162	30	222	29	109	361	127
V294	6	71	769	74	111	323	142	450	218	438	530	62	43	663	60	61	237	85	164	1	35	1012	321	131	105	149	29	425	195	112	294	183	503	376	90	98	98	100	559	124	599	85	307	296	54	52	92	374	232	231	48
V295	20	595	40	131	117	442	397	525	506	359	12	107	32	120	983	160	457	356	419	90	189	121	629	188	7	274	217	33	101	377	46	210	20	213	18	166	0	66	303	292	536	44	55	286	1079	380	45	2	99	64	291
V296	13	428	98	110	62	151	43	48	189	233	149	83	495	340	64	111	130	771	252	46	214	215	240	164	13	12	135	224	14	129	98	78	299	203	21	477	240	7	510	54	41	100	142	303	40	123	295	184	387	9	210
V297	145	72	367	370	71	54	352	226	40	1255	6	27	5	359	474	3	651	37	129	44	458	184	286	46	47	337	41	72	19	141	95	51	2	44	188	250	125	432	176	49	77	45	6	25	586	185	466	721	142	78	117
V298	349	183	9	138	236	17	849	54	17	100	433	173	291	67	65	82	928	770	90	394	149	24	217	129	73	90	123	225	244	137	409	290	44	175	192	92	697	47	132	15	94	15	109	421	81	229	98	150	125	354	284
V299	42	204	53	173	81	98	136	1	17	127	330	7	219	265	21	14	382	159	197	292	123	274	92	11	67	85	146	12	56	17	306	668	105	134	40	105	699	183	707	13	251	60	27	536	172	169	602	147	160	69	127
V300	60	263	57	264	57	797	219	196	87	38	46	489	461	349	99	33	28	138	82	137	192	344	412	538	104	122	226	123	622	47	36	97	323	129	865	86	9	59	6	89	385	66	552	10	29	310	50	152	772	281	164
V301	56	78	224	204	43	144	104	116	103	90	315	379	33	61	77	515	28	409	23	6	87	654	195	11	95	194	116	75	85	387	275	330	88	404	222	208	214	671	151	97	117	341	191	95	99	424	200	313	86	33	78
V302	185	694	152	150	108	37	60	231	43	253	62	67	143	126	592	42	245	237	316	134	296	33	582	512	190	401	27	102	39	182	197	24	231	401	25	98	66	115	45	403	145	14	52	118	9	86	198	255	190	69	397
V303	316	1085	29	444	130	28	124	34	780	15	88	27	18	68	217	204	188	91	85	563	194	44	16	12	25	128	60	639	260	69	132	201	229	87	37	181	261	65	61	385	42	10	620	145	84	109	487	757	350	293	635
V304	32	36	1049	248	112	202	104	32	27	139	142	443	8	222	207	152	435	199	328	144	52	244	319	190	139	21	918	275	189	306	189	168	301	500	41	916	324	66	506	134	251	61	35	80	301	261	110	280	532	4	37
V305	86	71	43	48	190	563	429	41	37	6	186	266	692	171	57	268	138	318	7	547	360	836	632	436	49	261	114	3	251	270	475	315	304	328	279	154	299	168	200	49	167	114	129	43	54	120	50	312	56	170	103
V306	84	284	118	965	232	62	386	96	9	19	212	280	593	183	230	46	310	331	25	107	188	90	274	170	246	80	63	453	154	554	371	255	71	71	261	411	571	295	326	6	53	40	30	198	52	168	169	533	34	179	187
V307	139	396	73	34	264	266	120	179	278	555	95	571	65	4	500	243	82	229	47	59	68	180	333	153	79	32	29	138	416	205	336	130	186	156	122	237	283	543	191	505	189	189	9	30	204	448	67	778	470	16	278
V308	21	5	159	53	100	314	170	149	27	49	181	549	419	40	340	108	37	184	194	262	127	126	965	132	901	509	83	157	574	308	139	528	81	266	87	249	84	18	44	13	382	18	308	88	850	100	574	11	184	106	41
V309	323	98	311	444	229	60	214	155	184	107	243	381	179	883	441	43	61	64	151	136	359	19	103	54	123	31	49	91	287	288	357	74	131	77	9	220	143	452	129	205	72	226	43	199	158	331	303	913	175	529	229
V310	4	202	23	172	256	192	82	77	543	301	111	53	222	218	199	83	379	17	188	350	371	280	16	132	406	24	42	5	16	275	35	291	86	52	154	166	156	334	683	116	58	259	119	303	136	198	151	290	268	25	113
V311	558	28	49	140	804	289	134	330	62	179	818	621	627	498	365	13	250	151	99	494	145	116	1	10	239	338	229	425	186	7	218	16	112	951	537	75	236	396	582	316	40	86	146	6	108	298	396	99	157	563	276
V312	10	279	89	25	99	55	124	212	23	9	70	248	362	194	8	130	7	65	93	199	117	179	52	255	114	284	508	46	305	84	268	211	44	33	115	13	232	6	179	1027	105	620	53	22	14	57	202	362	48	211	150
V313	232	97	180	351	15	7	1043	127	29	23	53	22	1	143	27	254	251	70	214	118	62	158	240	386	345	23	318	27	434	67	18	72	309	24	11	626	50	1	243	66	361	74	7	143	3	553	53	340	83	100	169
V314	223	253	16	342	94	53	180	54	96	225	431	260	23	69	84	36	15	111	139	50	1350	351	11	225	98	63	50	154	248	608	20	585	808	330	39	36	45	125	31	247	2	733	326	78	50	81	1116	63	410	193	249
V315	72	56	574	7	421	216	36	239	140	1127	415	251	173	93	130	443	228	32	626	434	57	165	45	822	619	446	43	132	159	422	140	120	153	164	6	512	50	191	130	156	308	377	113	228	168	106	130	6	257	396	95
V316	176	1	43	44	113	812	195	75	272	555	201	48	305	168	90	3	280	91	32	492	138	214	23	71	64	272	512	320	50	203	34	69	64	86	210	11	116	476	17	131	91	274	392	118	218	46	52	9	21	174	79
V317	10	151	177	43	33	61	25	117	94	44	128	39	5	207	169	44	206	42	37	14	9	722	15	627	183	188	224	311	118	148	136	304	768	910	256	198	279	93	349	65	71	171	40	87	150	334	201	33	150	533	90
V318	386	326	110	275	81	14	219	22	282	99	218	209	192	22	48	376	102	123	16	126	148	7	37	415	59	416	33	250	246	51	11	21	306	139	386	125	10	41	115	450	71	87	58	454	75	167	98	160	98	392	358
V319	302	101	411	159	108	323	115	41	197	55	32	9	197	2	168	231	280	59	13	3	275	268	67	14	618	20	14	165	125	113	107	182	167	124	40	39	54	234	296	195	75	123	108	217	66	179	78	116	104	142	209
V320	290	622	4	37	698	358	220	391	91	3	180	153	215	137	67	357	82	40	350	210	290	554	3	93	6	311	293	231	367	127	166	248	469	107	316	34	11	11	57	276	445	415	449	375	56	30	555	149	202	119	440
V321	24	62	394	67	52	597	306	71	83	111	156	225	64	490	719	169	655	502	106	365	14	395	247	399	1556	56	20	205	378	832	343	137	402	35	348	326	13	309	513	275	78	129	136	158	18	5	321	125	292	122	67
V322	123	448	189	96	57	792	62	697	70	299	189	94	111	1159	107	56	141	50	73	18	1	219	341	126	523	742	108	9	115	133	51	34	147	90	143	83	7	183	84	16	91	155	133	307	444	270	89	113	18	16	309
V323	103	38	256	101	37	17	347	34	57	109	203	49	1	133	292	283	271	242	1040	3	371	2	91	90	322	610	202	398	141	513	73	99	72	117	187	1014	71	40	526	112	274	40	154	196	6	242	38	722	191	263	75
V324	53	225	4	2	306	115	58	139	97	43	239	262	77	510	428	321	275	64	598	60	28	375	139	9	33	285	17	92	351	84	299	23	16	338	31	307	168	234	302	159	79	38	44	81	62	521	64	75	26	145	139
V325	321	109	230	223	121	102	307	148	63	424	4	21	90	79	336	298	340	98	138	211	40	17	458	23	2	132	258	18	441	432	50	4	525	145	14	206	86	907	581	160	132	48	989	58	71	201	44	150	45	181	186
V326	157	252	72	1220	77	63	565	483	71	434	108	631	521	20	542	24	69	40	147	172	203	169	32	324	149	204	203	195	183	111	30	39	188	124	699	559	16	76	80	13	171	82	122	247	165	119	633	956	0	306	195
V327	45	302	207	167	187	394	47	75	490	1	78	71	314	427	161	99	0	91	514	67	124	41	437	358	204	265	17	30	134	98	201	167	176	9	57	72	551	208	1368	82	42	425	33	274	190	180	98	267	334	149	185
V328	101	44	54	22	26	52	315	85	145	180	60	213	256	297	198	57	82	96	232	129	486	173	247	25	234	279	70	492	174	210	103	212	205	268	28	55	61	173	43	326	68	40	89	122	92	255	63	133	25	387	78
V329	403	180	475	229	29	293	65	806	5	41	633	130	246	564	273	230	212	377	258	142	240	44	199	134	12	130	209	157	44	202	120	104	200	378	71	16	66	93	519	284	340	30	126	90	92	203	201	38	165	335	277
V330	224	35	14	127	117	41	165	112	14	98	59	18	25	165	114	389	91	327	41	169	165	200	46	36	58	19	127	62	54	85	308	303	82	745	72	10	38	224	116	82	5	74	173	188	151	772	65	4	142	89	140
V331	168	89	27	211	107	74	20	451	164	484	475	1423	372	23	470	344	90	331	258	49	216	105	134	48	89	33	32	61	122	10	29	310	74	318	15	513	93	171	15	508	55	60	152	380	612	236	57	876	137	178	119
V332	43	3	8	252	417	431	123	95	60	64	186	137	705	287	33	1156	414	23	34	143	44	282	103	148	59	80	131	240	54	68	335	170	165	85	187	168	279	267	49	61	219	11	867	157	188	100	247	147	19	34	54
V333	91	511	1240	80	117	135	75	192	4	25	113	38	247	23	121	90	67	10	500	163	41	163	132	57	252	2	19	50	136	665	201	108	14	314	438	193	89	58	96	423	319	71	41	17	64	278	35	107	272	36	283
V334	31	326	206	94	79	7	22	76	5	101	114	175	7	82	35	570	24	620	75	23	6	497	153	139	253	40	14	189	69	353	291	349	33	56	311	3	108	35	391	350	272	123	1083	256	259	140	250	51	177	495	194
V335	188	65	44	119	82	377	37	21	26	12	28	177	220	274	2	4	18	160	331	51	410	250	144	94	259	483	43	22	141	44	0	74	122	202	220	104	53	42	198	59	53	126	115	160	133	289	23	12	282	199	120
V336	154	123	267	59	210	592	565	507	585	335	3	374	88	44	301	129	60	3	198	85	305	54	440	380	290	115	40	147	85	65	131	239	54	367	92	236	291	32	393	164	86	284	519	76	144	0	130	103	751	31	145
V337	91	13	178	226	93	324	76	84	7	178	15	256	321	73	359	56	18	367	224	134	9	286	11	176	212	31	567	633	592	600	544	22	174	22	142	593	23	59	518	208	272	42	42	71	289	27	333	6	305	335	70
V338	44	83	60	22	173	217	156	380	153	398	75	186	125	758	123	65	682	146	99	300	128	755	29	725	273	433	118	568	12	343	252	68	553	17	179	33	13	0	78	122	723	141	7	664	47	126	15	24	37	609	89
V339	178	575	242	325	235	320	428	460	936	31	243	282	5	115	496	197	66	7	247	63	50	81	181	45	226	48	416	30	714	40	29	38	110	515	58	82	374	357	367	27	347	55	16	163	197	146	185	225	74	67	374
V340	460	153	187	434	519	74	335	596	7	159	114	481	32	455	9	111	449	112	68	20	300	45	258	406	163	141	334	28	99	143	61	5	317	87	34	323	149	66	177	99	201	212	58	73	186	9	55	47	33	19	293
V341	599	167	308	20	101	27	58	169	94	59	238	123	28	186	253	612	63	34	338	492	269	165	217	173	54	226	182	321	176	920	81	39	192	290	44	147	18	545	93	128	12	276	144	177	485	117	58	38	49	262	370
V342	77	32	291	57	47	70	4	113	401	113	292	151	13	52	195	92	528	72	38	775	283	326	199	46	102	124	26	11	144	0	53	214	52	189	108	4	75	336	312	15	137	44	728	146	93	155	26	359	40	797	60
V343	406	19	124	457	74	288	31	37	120	114	73	33	142	325	374	564	157	142	120	103	224	139	151	99	38	502	169	157	58	488	21	133	158	791	835	183	159	124	191	189	2	357	146	35	198	385	160	21	218	63	218
V344	20	160	74	279	362	323	715	151	181	235	219	176	169	90	72	286	38	73	621	63	441	19	2	18	304	126	25	179	383	46	561	120	203	95	156	9	205	104	195	93	44	65	337	342	103	132	168	797	138	262	84
V345	1476	138	39	201	71	260	104	368	300	239	848	233	231	78	500	22	155	89	233	83	34	161	3	215	131	68	169	106	187	326	41	4	58	27	13	367	114	51	58	72	213	199	34	351	243	196	37	35	180	326	716
V346	61	31	225	152	227	40	229	66	199	113	162	68	164	32	67	69	89	154	1431	65	80	85	68	836	2	295	116	143	11	144	57	239	91	30	32	136	424	201	16	161	106	271	27	169	133	206	838	162	354	108	60
V347	253	32	299	140	22	123	60	165	127	43	311	59	144	584	323	173	192	234	9	31	64	224	8	330	288	51	180	160	35	263	55	79	58	133	22	326	397	210	213	41	121	168	385	172	393	251	323	546	79	143	127
V348	150	39	142	165	477	439	27	401	562	154	90	82	18	106	449	164	15	452	243	138	145	4	280	407	186	196	731	162	111	414	70	27	225	532	25	231	454	27	113	26	26	298	303	101	25	0	329	715	232	24	99
V349	246	495	38	96	461	257	269	340	16	70	229	56	113	22	711	136	22	49	240	120	213	8	360	126	138	5	118	131	166	78	16	154	42	119	12	297	108	282	236	892	221	102	548	106	59	299	235	133	414	176	359
V350	206	15	60	99	211	643	132	49	102	111	265	221	8	285	206	23	61	15	21	200	350	144	22	178	101	67	485	32	443	118	10	30	21	18	107	70	192	307	158	35	159	3	241	143	45	52	54	98	134	150	129
V351	332	33	368	398	230	62	396	29	106	17	1	159	208	36	36	23	152	376	25	281	31	29	226	45	69	450	451	524	189	65	79	53	976	249	37	10	61	136	522	87	203	59	344	26	353	58	9	18	571	139	162
V352	25	67	97	203	0	173	293	188	6	28	187	82	132	134	188	30	226	107	284	230	20	199	699	80	3	54	73	330	85	34	188	65	255	777	206	338	9	309	118	10	36	27	482	77	651	445	19	37	220	472	60
V353	23	58	362	758	97	330	70	23	573	819	156	11	812	125	331	185	49	395	186	58	127	329	256	17	47	139	349	16	170	301	112	190	327	150	179	240	171	598	110	605	259	90	245	63	98	423	210	190	34	163	66
V354	173	1373	38	208	22	273	103	55	383	67	192	52	24	87	44	145	41	424	79	174	527	75	656	354	124	29	174	863	337	11	141	14	17	432	20	282	164	156	361	412	50	21	198	71	2	16	51	32	442	161	708
V355	408	69	20	146	197	562	268	173	764	58	29	874	241	67	37	105	64	344	43	2	0	110	707	532	53	433	216	56	76	131	24	304	57	288	249	90	399	21	4	481	71	395	222	325	31	149	28	118	159	785	278
V356	548	92	13	112	486	170	417	459	76	64	130	501	310	17	145	32	88	27	8	57	208	218	334	119	118	177	19	18	342	47	67	61	16	116	34	513	25	28	20	66	145	24	499	47	211	16	13	112	37	143	299
V357	41	425	234	24	52	198	244	5	4	806	136	304	511	364	74	618	30	615	253	6	440	59	237	75	71	233	130	154	15	78	897	36	155	14	581	212	5	524	262	799	136	36	144	60	105	143	171	306	31	52	208
V358	370	85	115	225	34	104	198	112	105	80	4	4	342	16	94	231	50	122	272	278	522	31	360	186	340	140	113	136	412	219	364	259	359	20	136	11	542	349	296	172	65	232	272	270	117	353	265	320	12	1112	236
V359	17	266	1175	14	43	272	16	3	243	13	124	1	107	127	373	358	729	72	3	744	177	401	17	46	146	467	103	16	193	8	28	175	55	307	571	145	56	205	101	910	27	200	146	677	38	94	84	295	341	387	169
V360	486	233	255	218	81	25	143	127	164	33	338	36	52	179	32	240	2	123	84	383	405	115	105	419	677	59	99	167	144	86	358	42	102	116	246	255	151	476	81	80	5	211	64	492	41	422	200	280	321	2	345
V361	68	350	12	142	805	103	9	542	173	116	386	95	543	115	220	655	232	86	361	5	162	380	223	542	314	228	98	386	125	93	265	1440	90	99	288	209	50	269	326	414	133	484	6	217	76	181	146	43	158	359	202
V362	158	72	255	147	286	92	46	174	102	470	203	124	275	60	127	174	84	17	29	3	13	815	7	277	269	14	1	2	20	1006	289	165	87	55	37	13	171	474	333	129	36	407	116	144	337	104	16	373	30	13	129
V363	253	324	109	201	11	137	294	262	211	684	181	131	845	3	59	163	40	65	867	131	22	37	5	2	401	46	716	417	41	286	9	337	155	744	15	380	17	57	122	621	106	120	1	141	44	376	325	16	76	64	266
V364	221	575	426	132	11	23	29	201	156	657	452	378	28	248	46	477	40	68	435	490	13	174	10	40	107	636	24	101	127	71	164	263	140	38	176	76	3	292	35	6	14	482	74	11	302	145	567	260	79	340	364
V365	909	276	189	41	231	149	58	93	189	250	1212	201	642	22	141	215	2	92	34	224	52	15	194	99	90	315	326	22	67	38	35	192	86	13	220	24	900	252	12	53	133	269	29	290	287	610	157	409	234	238	562
V366	239	135	228	347	99	82	618	281	154	93	122	9	57	208	10	247	178	291	71	120	29	118	64	97	323	105	101	590	226	1	99	1	315	268	84	83	118	1122	18	100	330	66	90	184	55	157	125	165	152	259	181
V367	179	10	5	423	211	78	250	81	54	121	314	316	594	59	249	49	115	29	125	22	28	168	233	307	67	182	168	263	12	77	252	106	125	26	244	66	81	85	63	146	264	311	61	140	820	101	369	126	38	57	89
V368	418	6	153	98	154	258	146	115	8	88	62	462	103	141	97	1	13	504	153	12	436	339	195	304	31	306	399	482	21	158	65	186	94	547	130	122	230	164	3	4	110	255	657	16	285	783	18	255	113	5	212
V369	71	5	603	92	81	125	137	444	103	196	165	384	13	41	11	167	167	48	196	447	269	1	19	45	954	248	250	136	23	14	89	122	570	125	556	62	94	177	11	27	165	265	83	102	342	19	335	309	294	573	54
V370	99	32	51	406	111	160	56	6	53	72	53	60	18	11	423	29	157	161	210	99	93	311	377	55	13	75	10	524	334	141	78	101	30	55	62	225	235	0	260	75	151	14	4	252	278	565	141	207	46	226	83
V371	70	1	30	43	129	102	174	574	37	230	142	244	106	521	299	32	47	260	71	158	465	5	101	173	288	452	104	146	554	282	193	193	66	237	137	18	277	61	40	188	261	275	33	70	76	361	292	80	387	91	56
V372	159	885	387	92	64	118	392	268	10	159	164	85	179	329	290	338	68	92	242	14	79	141	250	18	81	33	259	205	501	85	131	525	329	233	180	40	79	64	181	145	209	133	23	18	614	52	951	144	169	273	494
V373	23	139	86	29	32	188	195	129	67	56	46	117	59	111	140	788	638	162	806	65	67	393	212	100	38	51	12	287	4	4	228	421	120	136	57	225	305	453	11	785	42	307	292	11	284	564	42	159	11	99	96
V374	52	101	234	362	209	701	88	3	78	161	756	164	274	176	130	462	24	113	4	279	86	241	695	332	53	472	182	53	28	92	81	145	6	63	98	15	78	164	127	0	415	129	78	87	298	244	106	19	597	161	86
V375	107	63	9	75	521	141	19	115	461	14	59	744	1035	413	180	138	182	80	281	457	358	11	15	50	78	56	48	414	16	81	114	56	135	584	106	153	194	70	431	121	15	385	23	129	463	418	378	38	45	307	117
V376	57	63	610	24	76	216	575	30	226	61	83	343	36	66	271	323	412	286	222	168	134	5	21	48	124	601	43	95	189	60	328	538	172	314	253	173	39	106	32	220	135	281	182	56	226	174	64	580	255	260	75
V377	163	172	371	45	222	393	42	6	487	67	177	482	114	48	297	279	52	613	1032	268	306	533	101	443	208	169	545	36	211	113	31	241	480	107	346	10	77	53	415	31	115	255	189	158	210	171	34	290	230	653	169
V378	415	318	31	271	237	33	248	97	71	85	16	602	93	408	294	39	193	583	22	58	65	515	133	112	140	406	518	83	149	229	158	502	198	255	215	53	128	480	214	314	1135	159	641	440	173	187	334	73	172	532	375
V379	327	967	204	36	265	49	129	194	272	77	171	99	200	282	421	155	152	196	247	28	76	149	281	5	155	40	403	334	147	320	417	121	288	98	257	156	509	63	41	612	1023	67	38	62	300	26	347	415	334	634	559
V380	110	15	104	79	256	342	326	15	576	84	160	37	33	23	44	10	195	188	29	105	335	30	55	58	25	32	74	455	194	159	38	36	98	44	1	63	644	1	173	318	4	296	50	55	435	72	153	75	174	50	69
V381	132	96	23	145	100	24	359	433	158	244	79	22	205	4	454	215	75	187	404	34	4	4	404	176	21	1025	103	82	71	9	109	209	179	75	55	292	221	159	6	182	534	227	35	766	0	540	512	308	610	632	127
V382	38	391	153	115	86	9	103	235	1449	468	202	479	135	152	677	553	201	65	631	118	47	227	227	150	89	83	179	13	130	174	31	24	170	775	413	7	86	42	145	57	187	278	449	436	76	72	134	28	39	361	215
V383	108	245	163	131	20	141	95	106	488	41	40	110	248	341	194	58	255	277	157	449	192	407	36	312	13	11	86	431	221	24	135	986	170	354	894	55	156	342	365	29	357	536	484	729	1	2	4	64	105	480	188
V384	335	74	354	15	200	745	123	92	99	73	58	205	553	33	214	122	468	893	348	353	373	41	29	36	132	170	453	150	175	105	182	272	854	685	172	82	352	19	37	141	56	57	6	522	42	417	498	39	166	125	213
V385	425	71	168	218	88	123	43	337	48	173	237	323	218	82	51	0	215	34	228	300	170	142	129	85	86	256	17	381	30	572	66	39	43	610	32	61	300	56	1286	71	82	149	331	84	261	57	15	19	192	284	257
V386	150	269	48	151	115	453	581	45	63	48	17	146	53	54	7	176	33	41	180	281	97	124	163	146	9	57	130	131	45	252	41	869	67	317	337	188	381	1318	563	33	60	357	177	174	358	65	547	242	70	79	190
V387	320	93	242	183	56	64	327	645	268	85	177	173	167	75	143	29	933	83	47	71	23	207	278	118	126	87	291	369	205	213	57	138	75	100	754	206	140	189	91	168	218	63	493	232	319	386	305	7	64	170	209
V388	372	137	22	154	94	171	57	120	40	130	317	48	21	333	448	185	366	24	256	112	565	311	0	43	41	70	96	701	113	164	52	737	502	239	223	503	55	9	329	38	395	4	149	342	294	610	271	71	317	160	214
V389	306	75	137	41	162	370	314	59	76	177	46	69	349	131	20	148	80	692	56	44	170	116	31	22	283	272	27	90	275	206	218	61	128	47	230	79	564	296	84	72	105	40	45	325	7	776	92	162	240	276	194
V390	160	269	135	600	46	301	587	99	10	430	20	206	861	553	84	146	186	266	345	55	481	440	236	169	658	386	77	27	43	8	330	119	343	42	245	38	85	50	150	460	282	200	16	605	527	56	395	482	381	144	228
V391	133	14	125	292	27	193	151	27	222	54	170	62	71	79	772	172	248	128	129	63	61	147	46	57	456	95	160	297	46	256	89	133	255	351	57	375	63	3	24	117	790	150	24	960	439	210	6	64	392	54	97
V392	43	138	206	141	392	296	267	98	847	112	625	283	312	106	43	62	66	774	59	584	764	234	51	19	724	27	498	54	68	4	110	40	77	543	209	236	42	4	23	88	194	48	67	42	30	178	456	107	872	304	113
V393	50	130	119	502	94	267	288	160	77	8	97	471	327	458	177	98	36	197	187	442	260	132	220	52	73	111	22	17	58	37	17	167	392	369	141	201	310	313	578	32	56	75	114	866	43	28	57	173	70	547	111
V394	467	61	120	57	62	285	9	35	454	204	412	35	188	186	140	9	199	333	166	239	10	191	225	241	235	170	566	40	153	288	97	76	207	0	501	126	145	26	449	182	840	338	356	315	97	62	80	198	95	24	284
V395	68	58	199	332	76	405	204	264	74	279	172	120	282	38	87	51	198	345	46	184	267	102	10	198	265	90	156	555	127	83	27	12	372	149	66	53	30	39	3	11	124	178	646	351	203	6	322	49	24	438	72
V396	221	25	40	24	44	334	487	10	127	126	326	277	316	375	248	180	24	100	427	65	211	19	140	49	225	171	130	5	450	178	80	100	190	700	245	79	223	163	325	324	144	383	109	124	4	65	310	108	10	57	131
V397	259	43	219	281	13	296	125	72	15	198	198	93	186	179	182	316	0	158	457	331	70	1667	163	148	172	49	528	171	105	144	536	69	1	16	1	377	52	17	122	98	9	894	263	91	165	89	761	211	14	142	155
V398	126	115	596	86	97	69	239	451	3	115	632	58	615	317	99	3	299	142	253	59	1	162	199	186	68	61	217	28	34	151	120	78	183	233	310	296	48	237	175	23	525	832	161	262	60	659	468	45	75	62	138
V399	459	96	547	459	233	555	215	241	241	229	139	68	601	247	337	400	104	151	186	136	131	173	34	128	70	63	260	52	75	531	538	11	462	21	17	61	87	114	305	17	222	307	328	537	324	40	222	128	668	149	274
V400	112	139	49	50	147	72	253	786	7	260	150	67	624	188	5	63	98	82	62	858	251	433	125	341	154	192	79	4	82	60	581	131	389	252	673	25	627	158	283	192	57	51	103	133	166	435	85	747	9	193	133
V401	0	256	409	34	97	168	1	153	475	25	27	16	20	1	48	145	55	293	384	147	12	8	73	468	119	8	8	84	286	183	548	198	268	14	26	3	484	267	1	265	67	30	458	424	101	27	38	115	697	117	131
V402	383	131	59	49	10	82	123	502	71	29	337	114	36	110	24	240	40	34	106	288	0	22	172	143	11	383	163	13	269	78	147	207	182	20	143	13	389	197	193	21	258	6	63	469	261	15	61	100	99	157	237
V403	85	416	200	282	40	175	87	86	77	90	87	202	57	273	499	530	234	71	28	177	425	21	371	338	85	100	151	160	456	120	91	58	21	144	433	469	391	73	27	746	39	187	182	38	12	58	16	973	54	16	258
V404	28	530	142	4	362	179	148	217	199	5	161	12	391	92	12	70	181	250	197	233	825	257	101	20	158	283	285	64	180	312	69	133	86	294	38	43	328	67	546	217	127	71	36	536	79	143	90	0	142	89	255
V405	185	65	42	83	280	166	621	26	296	0	124	234	91	8	110	22	6	81	81	178	99	39	115	314	70	100	291	61	146	79	71	64	14	54	360	600	148	257	184	168	237	116	201	208	75	42	44	205	31	165	129
V406	111	88	324	7	50	120	228	119	357	192	178	151	54	16	294	130	688	41	268	118	71	202	86	453	683	671	49	303	375	374	338	23	172	226	135	121	183	70	6	102	675	3	372	76	61	100	177	54	129	161	110
V407	61	289	18	1134	401	99	342	344	104	170	78	25	148	441	568	241	311	166	146	18	627	538	339	204	416	229	250	23	188	144	126	161	32	75	655	97	740	87	316	213	529	83	25	392	3	87	287	292	763	117	183
V408	762	45	48	209	5	68	136	117	27	614	211	124	634	16	287	51	26	138	99	110	807	44	130	177	18	560	12	84	195	646	295	171	215	150	13	15	30	52	396	581	55	93	70	150	633	145	97	78	349	459	407
V409	646	27	16	139	11	176	9	83	110	59	124	12	26	21	64	2	8	0	487	235	76	79	210	69	80	262	85	679	225	127	72	155	149	33	263	233	276	198	10	51	819	21	293	45	0	44	712	595	198	27	327
V410	30	326	7	193	336	411	62	350	72	91	213	154	357	51	228	123	54	390	270	93	331	199	314	35	31	298	145	582	219	194	65	16	12	219	227	63	415	149	2	478	300	799	23	453	359	146	87	10	385	287	194
V411	292	57	44	328	231	515	60	468	44	14	534	66	39	382	227	43	152	365	143	123	173	374	52	23	248	152	132	184	328	70	118	428	141	27	261	453	236	411	410	43	29	248	260	209	18	180	105	44	266	125	183
V412	58	292	167	68	88	329	436	99	65	842	49	196	155	31	212	137	202	123	69	109	14	521	312	296	159	45	34	267	167	12	158	217	274	4	114	199	421	27	156	648	731	132	63	68	34	162	131	125	794	111	161
V413	539	416	20	108	364	255	179	3	231	64	52	422	197	184	19	96	144	9	45	133	66	112	414	376	62	8	356	0	844	352	363	263	84	67	234	188	113	276	76	157	136	56	18	148	221	163	50	182	21	10	400
V414	14	174	46	72	603	14	15	215	589	17	283	7	17	259	350	81	97	312	82	33	164	64	341	314	276	79	364	347	783	78	1	461	221	145	372	190	50	336	1	348	155	282	271	22	312	756	262	124	209	116	109
V415	355	349	173	2	776	24	20	22	0	13	252	104	244	521	25	6	171	19	77	91	134	3	121	432	46	86	31	397	152	712	248	111	153	213	32	698	421	20	318	60	52	171	16	288	292	210	180	101	200	202	347
V416	37	192	25	226	106	41	231	130	396	166	263	178	77	23	922	479	60	273	24	766	353	79	55	48	43	321	241	118	159	288	103	89	17	97	573	489	121	221	78	131	69	35	57	235	292	32	154	209	133	252	117
V417	27	171	195	112	411	208	101	170	40	323	138	505	152	6	88	367	82	90	209	27	56	206	318	58	46	37	224	100	68	45	285	53	112	164	88	243	71	192	283	296	384	241	253	432	42	5	28	43	436	169	109
V418	166	235	432	100	18	210	20	6	66	93	31	29	649	332	12	234	257	25	22	77	93	285	6	8	219	4	49	471	102	404	132	65	7	358	72	255	276	221	21	69	57	67	650	417	233	163	311	70	40	103	180
V419	714	208	36	190	116	16	71	559	334	284	500	333	146	313	12	89	156	110	80	229	497	143	130	328	167	12	51	4	354	49	290	187	90	49	163	30	122	566	74	63	43	36	29	47	29	52	40	351	207	925	435
V420	8	107	100	240	3	117	66	108	94	43	405	222	492	45	62	283	185	304	269	17	84	286	324	169	570	161	192	185	108	311	42	79	396	164	1569	188	285	1	12	170	20	12	111	0	136	86	73	146	75	110	59
V421	396	585	398	377	480	238	217	214	386	18	90	58	108	285	215	48	139	65	33	402	192	317	346	29	48	37	698	7	303	164	369	387	29	199	55	185	27	112	213	143	259	666	22	118	17	19	15	178	334	21	488
V422	316	39	182	191	254	57	88	496	104	412	141	245	58	156	67	282	362	70	310	340	596	155	303	220	380	115	207	295	208	19	27	807	90	57	2	14	217	472	170	108	100	729	187	45	670	322	77	33	12	2	173
V423	314	110	30	61	92	53	325	401	70	243	83	84	427	2319	82	289	290	255	261	123	53	95	205	206	53	40	134	21	43	79	441	70	426	328	249	43	76	21	60	199	152	353	316	156	29	120	63	159	105	18	187
V424	21	263	488	324	5	307	21	85	22	362	13	9	459	3	37	276	75	10	343	66	366	219	130	74	51	61	23	22	56	116	17	125	741	49	237	378	323	439	193	6	634	259	123	101	292	20	898	29	151	48	170
V425	108	333	50	699	41	88	170	605	100	195	33	14	363	73	328	38	76	162	316	679	313	225	26	12	516	24	34	241	7	37	38	38	79	572	94	35	43	107	37	236	329	600	551	94	123	22	227	652	294	469	214
V426	413	123	125	169	505	32	110	244	119	356	99	550	24	217	59	154	73	194	543	342	47	283	641	52	49	6	596	60	34	344	18	316	105	11	214	3	21	247	67	262	125	56	129	107	84	140	597	98	25	188	258
V427	63	646	155	27	274	98	272	240	125	21	294	376	36	240	492	406	41	73	208	55	339	284	437	181	341	107	330	34	12	217	209	167	351	191	68	143	224	138	102	67	610	139	135	45	109	203	112	35	137	434	356
V428	86	13	45	199	249	15	111	480	40	146	219	37	79	78	32	36	237	132	145	2	130	98	191	3	0	132	339	949	348	146	159	1	9	47	456	117	202	81	254	13	138	109	333	58	570	147	3	29	191	12	64
V429	182	46	160	8	86	131	262	143	11	910	148	323	512	383	78	451	328	289	361	381	43	0	55	150	115	208	72	341	184	27	144	60	12	518	277	128	15	186	203	15	58	213	18	292	157	248	760	16	21	111	116
V430	373	19	262	181	279	81	81	27	235	171	566	142	170	365	132	275	204	78	222	31	107	84	154	13	102	3	175	98	401	8	140	135	587	81	108	35	194	67	211	90	106	220	105	254	170	63	183	116	51	49	192
V431	352	663	152	115	190	51	78	427	206	14	283	33	95	98	163	191	249	191	344	298	125	168	312	271	55	163	113	26	24	129	391	22	37	77	69	108	5	227	300	36	443	41	61	126	506	48	13	21	221	59	500
V432	32	570	173	69	69	345	26	3	94	296	144	166	83	222	14	84	402	478	250	11	15	326	4	434	558	14	336	317	203	201	87	139	117	68	48	8	302	284	361	353	120	58	695	45	167	239	130	24	37	67	252
V433	8	133	59	356	588	270	260	157	225	666	150	67	98	647	650	85	83	57	112	13	416	3	90	801	296	5	213	130	434	103	83	140	321	200	132	284	326	774	5	394	80	201	23	113	128	60	77	220	28	139	89
V434	20	150	90	36	113	59	219	15	135	208	39	48	2	31	188	39	21	13	125	34	793	76	122	120	197	266	566	1256	2	75	123	16	106	214	139	225	265	261	28	347	13	59	51	21	67	258	334	219	363	73	93
V435	294	10	17	192	504	89	509	144	26	72	66	103	459	181	307	375	122	151	584	328	339	41	91	94	231	480	4	90	235	433	84	468	41	144	291	26	381	29	393	65	284	5	143	140	88	152	592	130	141	76	187
V436	35	185	148	1015	73	400	16	86	482	367	397	506	31	1	208	172	56	363	294	173	70	98	244	58	628	712	52	81	337	25	20	11	201	230	530	193	329	279	369	139	195	177	59	182	1060	247	60	160	187	127	137
V437	209	22	21	218	234	92	212	80	196	541	101	216	22	45	870	157	113	11	268	334	108	297	770	262	4	131	180	222	216	166	159	72	219	23	211	50	425	63	178	454	52	1065	62	470	78	347	17	99	510	196	130
V438	372	125	34	444	454	211	158	621	126	611	52	125	85	323	44	74	215	87	105	17	239	137	70	289	358	277	144	276	163	35	355	14	1147	49	66	117	124	152	66	86	20	521	138	304	83	39	143	31	13	107	254
V439	154	231	97	394	77	134	338	936	96	14	7	89	26	220	21	115	159	25	41	103	21	143	695	254	38	92	159	150	24	255	29	480	140	228	3	39	205	339	167	120	178	146	63	479	66	60	348	22	600	89	195
V440	312	693	8	688	241	75	271	270	124	408	965	65	0	950	311	187	16	287	42	358	41	115	151	68	203	236	148	323	73	16	24	60	75	439	248	68	89	48	56	351	209	49	276	27	47	127	33	75	69	4	453
V441	261	64	272	102	167	87	488	409	88	132	19	28	5	1	20	129	58	389	98	38	478	4	158	307	583	1	233	89	48	247	209	753	134	75	44	403	247	13	25	18	208	28	268	202	744	108	172	237	64	3	162
V442	244	87	258	11	372	28	217	99	147	92	6	87	158	7	311	26	140	327	321	34	135	93	297	116	290	66	371	24	28	44	503	303	221	52	51	402	17	9	35	6	378	478	345	1503	593	1282	27	64	408	699	159
V443	424	22	118	186	180	192	103	88	318	288	240	82	115	152	1	790	81	285	86	6	103	39	112	0	44	186	7	170	11	46	39	23	210	852	147	235	707	316	45	38	36	766	83	167	74	805	108	1070	21	198	247
V444	13	445	472	75	151	27	38	200	50	743	286	136	62	380	53	51	174	153	1	73	319	19	386	15	266	129	19	828	93	31	229	82	91	322	236	160	87	320	190	43	42	38	482	257	48	136	249	316	323	79	209
V445	1	69	188	58	188	96	263	72	75	2	20	8	212	393	27	341	153	11	54	4	851	417	33	83	293	66	100	157	32	447	621	151	63	104	103	262	158	120	60	17	440	37	260	71	181	13	229	152	131	346	57
V446	32	137	202	37	297	46	55	28	200	191	582	32	292	126	0	297	282	3	62	68	80	288	252	25	31	166	81	12	63	342	1	208	396	7	55	353	20	11	40	88	126	210	205	75	900	130	238	25	8	1	75
V447	585	22	235	146	805	292	292	143	67	4	53	147	137	69	269	237	0	689	190	246	127	12	3	31	42	89	445	7	321	427	284	92	235	61	67	42	498	340	135	139	201	324	133	128	193	270	13	13	124	217	317
V448	285	20	27	129	136	126	62	302	160	632	320	33	247	232	755	35	92	1	147	191	18	121	68	273	511	124	302	6	174	118	126	116	230	297	95	168	90	1110	137	68	177	752	135	1	100	32	36	347	3	110	174
V449	61	146	233	15	408	34	233	267	113	801	55	164	146	127	118	622	341	215	186	106	214	104	17	414	41	168	91	51	151	21	520	227	296	81	14	126	81	335	141	472	109	483	267	172	1	48	131	9	109	21	106
V450	200	103	101	279	407	162	559	50	476	36	34	6	25	320	26	84	599	28	189	78	10	37	499	246	28	123	5	26	662	154	78	262	388	20	189	124	315	184	265	82	206	221	60	137	495	40	9	71	947	97	147
V451	175	613	145	74	108	15	208	143	419	52	542	437	139	30	161	321	266	237	545	132	80	89	86	132	336	22	19	88	302	8	70	224	137	53	223	1715	107	270	67	3	227	92	41	684	147	76	411	5	424	9	387
V452	63	91	792	239	265	283	237	92	196	36	524	394	10	328	203	160	48	87	342	151	695	432	38	287	65	197	147	163	89	91	306	53	4	466	371	248	6	27	123	193	142	371	837	106	90	111	142	193	358	214	93
V453	66	369	122	314	24	1210	188	183	38	477	344	673	52	2	19	33	186	250	396	211	109	23	250	153	137	103	349	291	163	9	273	76	166	120	120	83	405	138	186	23	524	60	20	2	56	320	44	379	53	789	240
V454	22	866	567	5	146	115	199	25	238	370	102	370	252	264	102	623	3	155	72	639	90	127	199	88	2	170	365	186	791	17	160	83	427	112	292	329	524	474	339	319	49	341	4	72	519	381	233	183	132	192	406
V455	339	727	305	65	15	327	39	262	559	253	159	12	123	32	12	2	227	281	89	37	125	414	144	137	259	188	340	367	43	338	27	229	104	167	74	100	164	492	179	201	149	160	420	112	134	112	157	24	80	280	491
V456	16	4	147	674	135	251	229	761	479	360	154	540	13	766	31	133	731	132	74	88	99	111	480	308	425	257	914	13	36	50	18	229	125	40	452	351	189	427	266	62	297	122	267	125	27	304	161	44	94	362	34
V457	165	445	727	103	121	184	214	591	365	288	1	1	251	20	177	94	144	437	141	681	789	70	29	260	336	234	9	348	12	35	303	503	134	213	139	38	168	7	74	428	51	250	161	365	148	257	11	85	6	1	262
V458	206	101	77	91	135	148	185	134	67	116	939	407	17	112	1036	135	124	269	119	200	239	145	245	164	254	49	74	185	400	7	35	444	96	19	41	27	123	725	240	43	30	25	277	90	543	118	124	50	81	107	166
V459	65	31	65	1	115	261	149	1053	258	101	34	50	185	377	116	63	587	33	143	197	78	141	126	279	70	75	29	105	5	274	222	231	198	319	517	12	402	83	459	376	15	227	108	134	310	366	101	63	79	12	73
V460	239	29	39	245	285	43	570	159	204	289	497	300	187	121	305	497	30	43	56	112	249	337	802	173	369	224	156	151	38	121	68	94	1309	59	112	356	73	13	194	93	90	145	142	149	162	67	221	288	311	55	132
V461	197	119	107	86	286	168	149	158	124	145	388	10	22	327	114	37	89	218	219	129	674	141	170	7	253	515	220	20	579	103	182	11	117	35	130	310	71	418	371	381	175	22	84	320	203	153	75	48	188	104	185
V462	23	101	273	47	95	64	412	121	187	377	80	36	849	100	121	187	48	45	280	10	212	315	598	448	7	120	292	16	125	161	179	65	224	47	113	104	173	61	55	81	128	228	235	101	88	289	15	1031	267	19	73
V463	174	27	90	249	133	11	219	72	324	50	4	45	88	67	27	84	106	449	90	113	66	4	50	443	82	620	79	428	63	18	579	37	552	814	158	112	166	132	146	191	147	269	108	28	126	346	19	123	170	39	98
V464	250	314	15	233	48	21	524	517	108	12	13	416	43	583	2	62	9	64	88	149	275	67	286	62	160	40	680	153	171	13	238	164	226	178	109	180	345	223	364	272	192	69	423	9	418	34	189	277	159	275	256
V465	2	112	114	249	212	137	194	440	119	147	247	116	360	56	316	197	183	90	115	37	123	100	45	175	587	103	147	178	387	156	865	40	97	84	271	104	536	154	0	181	465	138	97	495	37	78	7	78	19	109	81
V466	174	108	200	545	128	151	244	22	100	341	130	174	254	106	109	393	150	513	2	94	38	57	186	312	43	77	61	693	1	0	94	345	119	104	6	74	376	303	108	348	344	697	783	163	34	35	6	17	225	0	135
V467	512	208	428	861	132	25	576	247	118	195	40	205	82	33	436	51	258	87	56	484	9	0	159	698	396	44	630	156	70	289	209	193	38	215	954	75	186	356	27	70	70	65	163	309	71	55	708	1	123	15	356
V468	197	181	231	132	28	205	140	241	23	126	50	614	137	532	194	375	394	95	240	61	272	94	841	354	403	88	211	646	387	284	162	143	57	58	628	433	80	699	28	111	187	244	201	52	288	242	312	79	55	181	190
V469	151	26	348	163	63	131	28	148	110	28	13	39	512	592	9	55	412	10	28	1124	81	128	17	59	22	270	285	552	1	231	325	11	359	5	100	298	268	132	478	453	44	170	297	216	14	423	326	69	554	180	116
V470	74	187	71	121	70	131	67	163	52	666	211	164	365	9	3	160	152	571	113	125	59	61	758	110	124	13	95	47	306	49	113	87	780	535	251	383	702	516	4	390	242	447	105	842	196	50	507	54	187	158	162
V471	37	213	72	62	42	21	2	67	159	244	204	118	9	179	86	97	277	164	132	235	115	272	168	112	347	1668	287	29	26	261	192	415	16	18	27	183	416	362	289	105	226	625	510	55	4	94	214	138	3	386	123
V472	536	170	782	146	238	434	116	339	58	146	872	0	43	255	172	111	74	454	165	94	8	763	149	145	51	190	23	314	65	158	38	9	525	145	89	35	168	430	283	85	58	113	126	10	387	174	451	277	59	8	321
V473	165	151	442	48	36	322	197	391	130	396	500	75	15	14	30	172	542	69	608	238	162	710	84	19	225	567	130	83	94	163	419	232	182	59	141	31	22	658	111	91	62	482	213	3	236	36	185	180	565	10	164
V474	66	196	111	60	586	148	172	12	514	250	259	5	60	77	298	211	70	202	163	1	51	29	33	247	128	200	76	77	231	237	90	41	651	280	707	84	88	173	206	94	242	40	151	140	30	199	66	122	58	255	138
V475	490	107	188	416	691	597	42	15	7	107	83	280	203	507	188	445	115	79	45	160	477	342	137	27	145	58	622	61	169	138	409	95	286	160	925	175	307	391	185	12	111	33	749	197	125	8	154	226	338	37	301
V476	169	276	161	160	104	165	58	267	252	262	195	30	316	323	383	260	481	452	8	69	499	315	74	61	15	590	69	287	587	140	337	52	1083	200	131	48	42	457	536	104	54	237	97	20	477	86	22	390	64	362	237
V477	1218	507	257	312	105	419	76	141	26	23	157	150	104	171	48	543	144	7	6	126	119	547	183	55	190	151	110	139	97	160	46	453	152	5	133	60	295	525	42	173	22	97	77	216	76	42	279	208	39	477	824
V478	208	187	8	235	20	63	4	297	41	1387	279	39	256	75	95	432	337	40	1160	115	204	128	44	149	57	69	334	59	58	139	196	5	20	141	465	609	27	184	197	138	262	369	58	113	185	459	160	13	333	60	185
V479	170	309	26	159	192	144	245	88	84	332	414	237	254	45	334	523	362	81	77	983	80	312	586	85	33	236	127	326	65	235	50	143	403	380	372	189	45	150	33	335	100	171	281	87	391	20	93	736	393	9	232
V480	162	16	90	6	329	185	101	310	241	2	6	245	51	206	10	142	283	364	89	342	77	168	245	159	3	411	222	278	141	374	385	102	67	414	96	245	107	8	181	382	220	1	148	58	580	526	404	412	98	175	88
V481	190	16	422	119	342	23	141	133	166	39	21	76	64	755	234	510	105	234	76	95	109	100	157	412	52	265	93	37	12	110	180	159	6	176	124	133	42	526	57	325	317	66	14	76	0	237	0	736	559	215	121
V482	174	13	144	190	246	126	129	320	239	64	12	142	148	441	93	93	116	197	30	139	215	243	86	272	9	29	41	316	626	70	667	13	81	273	223	84	246	51	781	346	111	296	354	211	25	8	57	9	118	27	105
V483	176	104	177	147	107	32	268	914	191	298	427	172	325	36	73	56	164	100	38	383	61	151	13	177	155	49	105	94	1009	49	262	58	54	58	79	385	229	37	179	58	20	227	411	478	147	4	136	20	325	125	128
V484	313	84	300	12	92	498	79	87	19	662	9	299	106	213	149	310	635	255	135	34	252	120	122	446	34	44	111	124	147	236	84	511	34	316	43	122	461	203	323	137	119	144	179	64	167	142	43	326	149	179	199
V485	42	130	71	187	155	347	278	127	23	75	59	212	287	41	12	439	138	167	287	169	22	5	52	174	364	171	286	150	428	331	53	74	6	53	180	523	9	55	432	475	378	0	51	22	204	87	308	67	502	18	87
V486	31	76	115	42	245	115	384	30	352	206	123	144	310	539	110	21	40	153	352	159	74	22	249	78	281	669	30	17	228	361	109	368	641	29	293	59	236	2	90	62	438	39	212	105	230	174	3	85	66	151	72
V487	37	98	109	28	209	41	339	977	56	421	158	48	94	254	23	103	508	89	135	381	88	61	168	154	185	2	35	1	245	12	153	28	344	86	327	50	243	169	17	320	108	195	307	48	196	105	513	2	225	76	79
V488	892	263	173	550	124	210	9	31	176	108	319	48	9	31	26	53	20	13	790	645	315	306	22	467	58	41	97	15	55	3	418	209	132	23	13	336	110	1093	118	115	31	193	241	49	0	152	44	474	193	677	527
V489	18	120	681	192	466	478	252	63	17	92	167	364	147	280	531	157	237	213	438	16	42	51	68	76	623	48	30	170	56	40	169	62	17	187	35	192	311	6	18	256	57	423	10	118	252	64	40	129	162	485	93
V490	249	75	293	71	264	832	39	568	626	81	9	560	333	17	94	356	259	50	415	8	482	45	70	348	133	291	1305	103	1599	111	172	124	187	320	54	109	47	402	0	134	53	71	96	248	84	485	235	121	162	71	167
V491	61	145	34	74	63	306	298	28	173	140	170	144	40	3	5	126	57	227	155	0	118	353	27	246	20	73	70	84	8	122	179	271	129	195	350	18	86	44	257	128	264	171	584	247	144	375	183	79	122	39	100
V492	23	91	35	96	29	207	580	255	62	13	4	111	260	291	63	96	13	17	400	22	25	358	88	78	310	225	0	48	12	15	27	24	274	200	191	12	37	138	31	276	119	55	317	510	89	128	201	357	43	85	65
V493	7	213	522	67	203	1130	168	856	180	32	311	22	847	69	364	341	306	353	29	998	506	66	315	613	6	3	4	235	347	86	105	552	22	501	312	99	177	228	33	93	185	110	13	66	136	518	74	105	110	295	116
V494	100	220	136	150	334	77	262	138	269	1	142	110	61	55	547	40	343	41	247	450	338	164	36	22	189	192	167	394	253	60	51	4	137	714	172	355	213	78	13	486	17	445	39	39	912	249	80	56	120	19	177
V495	161	115	102	170	85	325	982	658	44	151	14	36	86	317	11	229	128	23	242	20	429	200	146	244	387	41	105	31	6	321	113	214	302	211	213	366	73	0	186	21	266	274	431	86	396	64	354	120	19	8	126
V496	0	23	146	60	319	75	137	34	571	329	119	50	72	199	641	184	285	357	454	19	231	413	334	57	163	325	31	211	34	23	38	143	5	157	11	339	173	75	84	273	242	251	3	95	130	178	74	44	33	0	24
V497	28	229	41	39	664	36	257	136	38	105	78	1	74	102	454	175	292	20	253	255	291	181	319	146	244	727	54	41	576	70	45	130	376	391	122	197	28	82	14	19	598	669	225	69	256	189	197	16	174	514	138
V498	417	259	49	157	117	276	110	12	807	30	414	109	425	494	344	136	306	382	123	42	7	320	111	1115	131	134	568	82	326	96	254	26	20	786	744	524	114	19	19	239	138	468	218	25	67	150	115	1000	44	6	308
V499	236	47	52	62	51	81	416	29	216	5	209	151	211	61	16	383	155	117	224	77	54	32	301	158	19	43	219	337	143	865	791	159	304	443	411	39	332	391	230	597	470	635	185	161	59	83	510	156	547	342	147
V500	710	111	88	62	58	31	8	133	1	18	87	84	446	185	92	48	60	156	35	152	80	201	222	268	411	372	77	8	24	237	277	290	427	65	200	64	115	395	125	264	427	122	21	66	115	117	79	217	72	145	413
