Source001	Source002	Source003	Source004	Source005	Source006	Source007	Source008	Source009	Source010	Source011	Source012	Source013	Source014	Source015	Source016	Source017	Source018	Source019	Source020	Source021	Source022	Source023	Source024	Source025	Source026	Source027	Source028	Source029	Source030	Source031	Source032	Source033	Source034	Source035	Source036	Source037	Source038	Source039	Source040	Source041	Source042	Source043	Source044	Source045	Source046	Source047	Source048	Source049	Source050	Sink
V1	75	142	246	208	278	210	28	6	122	61	365	187	68	176	115	282	197	23	151	190	120	75	33	267	341	19	72	164	42	120	31	588	161	39	36	38	921	312	582	160	56	245	32	285	900	28	392	95	232	153	99
V2	12	99	119	291	76	31	30	368	52	584	138	138	112	387	137	108	185	50	99	39	422	134	69	146	18	108	659	118	91	54	130	417	64	107	542	126	161	182	50	91	113	307	285	84	148	209	128	7	573	43	39
V3	174	248	138	52	34	103	313	224	59	199	261	343	535	107	415	98	608	58	293	145	268	623	93	45	527	202	89	142	98	106	431	515	299	98	203	92	23	27	322	47	257	48	434	21	316	1	63	225	74	91	187
V4	27	140	475	727	437	144	503	587	248	605	26	235	1	346	15	114	195	225	145	75	110	589	772	386	313	36	950	738	688	135	181	350	606	139	86	36	58	41	135	57	7	99	107	16	441	477	83	141	262	25	60
V5	454	315	58	462	9	329	248	12	270	186	249	410	17	14	194	41	102	74	33	42	354	233	140	221	2	22	597	347	210	2	16	534	491	235	5	118	423	218	61	158	94	123	292	67	3	196	88	15	41	339	414
V6	204	66	285	11	21	7	78	139	71	13	128	135	44	88	70	13	232	430	637	24	69	231	225	121	136	171	289	56	150	7	71	13	467	195	190	213	27	300	46	145	12	236	302	0	272	20	67	76	128	11	198
V7	53	360	652	182	6	102	257	1	313	543	32	437	198	196	160	118	148	99	3	155	513	3	49	44	94	76	15	333	30	235	845	147	70	53	344	880	26	10	171	20	238	14	41	617	250	147	37	122	245	208	107
V8	249	156	76	134	117	91	161	84	21	250	33	345	386	20	481	351	358	179	65	159	161	276	160	106	6	438	205	243	176	71	187	131	169	21	214	309	70	73	293	107	52	111	228	19	29	310	13	109	57	349	238
V9	7	563	155	611	152	348	137	46	11	155	29	195	14	344	116	151	144	144	108	79	539	44	263	165	191	91	589	146	14	325	82	316	21	1	1	169	126	358	68	27	78	116	157	214	40	46	94	4	611	156	89
V10	9	129	123	152	51	275	96	5	90	79	220	152	782	133	118	423	66	281	70	300	160	410	893	258	251	27	84	456	16	123	126	754	164	49	15	307	47	326	14	494	67	464	5	120	39	393	163	113	59	179	46
V11	196	189	109	82	118	143	4	154	3	177	723	8	146	40	98	96	90	507	113	103	134	35	375	67	88	117	243	51	78	201	383	89	73	22	28	868	90	122	103	380	242	6	64	458	17	304	698	106	159	520	209
V12	121	2	490	206	82	469	83	57	135	28	30	356	233	293	339	25	394	250	365	49	32	124	277	267	92	188	47	224	512	420	311	572	9	269	288	214	1081	127	98	386	22	291	401	201	186	474	469	10	339	56	107
V13	350	12	96	273	83	45	83	303	65	30	475	1002	178	5	90	452	164	39	77	26	75	105	150	259	571	7	65	32	77	100	25	279	251	81	137	143	32	450	144	153	52	240	61	199	66	234	348	115	91	36	286
V14	97	120	145	134	415	219	3	23	265	282	80	762	8	11	89	416	99	107	102	313	347	14	1247	147	13	168	338	11	165	36	129	116	154	736	155	58	40	249	502	132	264	11	261	18	472	104	13	310	32	73	110
V15	394	325	179	99	184	103	1	323	645	21	338	46	236	99	246	990	15	80	596	144	53	14	62	175	7	9	12	23	305	90	31	121	35	178	153	473	394	3	45	61	182	29	124	1	10	13	9	127	217	319	363
V16	468	216	106	35	109	118	203	88	177	173	296	292	208	283	294	386	86	381	194	218	29	290	41	84	175	105	365	161	16	5	1	38	584	207	44	12	144	24	420	183	243	0	203	159	47	222	332	102	186	161	418
V17	271	149	175	100	7	171	125	10	128	773	601	145	258	34	598	74	3	31	77	30	445	350	132	25	96	135	35	39	14	297	55	113	328	160	142	459	121	62	106	106	181	18	149	320	24	56	91	202	67	39	206
V18	79	106	130	646	122	1021	341	52	20	99	34	82	151	109	160	166	52	196	99	12	33	245	71	191	28	16	61	121	128	13	113	72	229	315	70	276	591	207	170	304	463	508	123	252	84	107	493	144	123	68	96
V19	516	78	275	283	80	162	125	44	53	37	17	16	46	141	188	45	210	121	299	490	388	73	500	497	372	12	124	4	967	8	89	342	220	136	220	24	117	216	376	15	79	36	295	105	45	97	751	265	421	23	422
V20	90	44	29	33	6	312	2	541	154	179	121	80	489	247	401	117	70	46	393	506	32	198	73	47	237	10	128	67	532	170	76	567	316	312	31	37	59	69	212	638	704	460	60	144	30	99	44	127	218	53	96
V21	235	47	641	139	14	175	113	164	46	12	146	215	329	837	78	14	354	33	135	38	200	82	10	420	38	120	179	66	285	72	110	247	21	82	256	125	42	408	104	265	430	294	87	209	70	97	434	262	116	52	201
V22	450	186	276	25	142	379	319	105	253	256	106	147	287	387	64	598	81	7	101	22	140	270	177	79	236	96	24	344	362	116	59	106	159	43	267	534	206	52	199	146	285	158	34	46	107	369	307	98	52	372	401
V23	182	63	463	10	348	256	78	162	9	115	0	25	116	167	78	103	154	328	11	112	284	6	187	218	358	580	407	429	5	75	79	95	288	182	96	374	33	53	237	7	220	354	72	76	474	46	305	99	123	59	162
V24	255	97	82	129	303	102	9	56	177	54	71	27	209	457	624	149	10	28	58	39	65	586	6	510	375	169	61	3	358	40	99	13	111	813	44	406	69	267	469	120	255	106	296	1007	323	37	56	483	164	99	236
V25	218	169	303	63	522	444	90	254	7	18	119	38	109	281	3	419	12	33	127	330	480	148	380	384	644	194	6	213	101	4	32	67	180	10	353	302	196	162	146	2	119	7	176	178	375	177	123	82	255	32	212
V26	154	45	410	65	41	201	62	158	378	182	28	12	648	163	24	84	53	36	13	391	366	184	46	85	521	213	12	472	123	90	49	60	56	251	485	101	221	47	27	443	19	27	34	291	780	268	26	70	211	0	148
V27	49	50	73	26	191	52	234	85	135	3	233	233	235	64	273	320	71	15	404	395	11	242	75	172	152	418	124	19	237	37	90	50	297	14	418	83	394	78	402	14	43	18	416	224	304	630	84	158	785	39	75
V28	104	568	558	166	116	738	37	111	320	176	34	676	0	237	192	81	68	857	228	29	118	202	43	140	307	103	53	439	373	154	230	569	59	94	44	138	23	694	263	23	27	39	89	184	190	39	7	281	61	37	159
V29	694	90	45	18	22	665	168	59	574	31	370	26	156	187	8	80	212	55	75	373	102	26	17	83	35	1	29	375	19	126	80	15	143	457	94	89	291	322	77	65	143	143	141	178	181	210	12	40	218	272	533
V30	97	358	88	149	109	152	36	276	46	33	8	84	31	556	163	395	298	3	77	275	27	390	76	53	6	307	44	721	203	136	89	148	86	193	1183	96	91	253	2	251	25	141	281	450	194	35	152	384	68	222	140
V31	365	58	315	497	78	161	168	90	356	209	28	114	432	450	298	242	142	453	541	63	87	185	98	11	94	59	269	90	312	381	176	96	251	561	243	506	125	39	506	77	286	352	132	155	195	82	29	261	52	136	322
V32	615	185	216	48	51	417	474	443	313	351	210	81	239	196	79	141	48	270	82	479	455	214	518	1011	454	579	118	514	547	124	811	24	329	44	54	331	208	141	629	4	92	466	121	23	257	161	95	203	123	173	480
V33	153	747	79	97	21	0	8	97	528	525	402	276	46	338	128	37	232	209	414	246	98	99	270	111	361	70	209	295	10	129	107	29	24	85	136	111	154	32	32	370	198	113	198	89	16	227	122	354	89	124	234
V34	139	0	61	21	91	57	263	10	577	286	12	133	80	84	217	318	28	113	97	202	62	257	902	8	1	52	320	176	109	70	52	34	183	163	23	2	285	522	84	76	166	546	15	170	1001	204	68	531	21	72	156
V35	178	109	99	581	207	13	57	502	560	465	9	129	133	360	136	15	237	185	416	268	20	179	9	45	136	0	1	4	193	99	418	454	216	2	138	152	371	163	138	35	78	336	264	9	392	44	48	37	94	9	194
V36	126	238	308	216	102	51	444	62	219	240	480	185	128	155	303	137	154	599	6	27	87	266	200	137	96	133	175	115	297	83	56	74	137	129	83	536	546	427	222	203	54	160	48	223	45	87	48	383	203	54	143
V37	388	90	85	400	178	213	389	27	58	375	26	22	19	894	179	48	195	431	139	51	338	133	55	66	51	207	162	133	106	12	403	219	170	632	283	45	128	24	5	99	0	746	44	514	440	113	218	134	40	211	364
V38	99	123	661	221	181	253	37	28	389	321	61	271	51	71	17	507	164	510	83	34	356	136	236	62	90	327	280	383	189	130	158	254	17	47	575	67	41	214	323	114	48	97	726	44	115	186	27	107	237	122	120
V39	153	277	29	70	0	121	14	87	44	394	159	75	75	14	24	8	519	234	129	45	340	132	302	1001	214	357	67	84	0	11	491	97	84	9	205	357	266	22	342	65	64	530	101	31	29	565	7	58	149	118	165
V40	6	33	83	91	327	72	9	216	123	73	652	814	99	76	398	244	8	17	147	139	209	18	264	265	90	32	149	38	8	520	267	183	227	189	155	335	272	219	100	53	262	21	103	15	249	92	309	3	51	224	30
V41	16	17	407	221	207	220	66	223	46	29	440	26	179	156	146	5	84	214	485	1123	13	149	342	135	21	10	172	140	102	46	110	42	96	109	45	5	46	541	193	195	410	234	100	666	339	885	62	315	4	518	38
V42	53	233	167	72	127	265	101	112	169	490	116	105	214	94	63	46	384	57	252	8	105	34	8	347	70	226	61	123	83	255	499	57	326	136	110	199	40	237	81	118	16	16	504	121	752	13	77	313	204	192	97
V43	219	158	225	178	146	376	84	189	182	144	392	5	16	22	203	224	15	549	54	265	2	112	225	8	138	236	101	134	571	27	82	365	38	99	1	386	204	529	199	206	94	131	279	130	186	131	198	39	228	13	234
V44	67	123	177	22	3	120	444	20	121	478	30	10	131	62	294	218	406	699	439	17	76	72	89	6	123	3	140	224	7	509	42	25	71	82	124	43	292	295	208	82	148	238	30	132	134	14	158	162	122	113	77
V45	326	42	168	10	161	341	57	6	128	437	66	136	63	19	225	401	113	8	42	548	15	320	136	101	42	131	605	10	173	151	592	779	836	7	158	91	506	92	39	180	213	320	454	175	107	250	9	367	280	126	278
V46	263	304	644	401	133	116	385	16	303	57	329	42	390	197	336	438	29	119	621	14	154	312	87	161	187	124	248	251	113	154	340	107	196	18	174	199	319	68	107	300	305	68	13	51	118	757	238	272	125	43	253
V47	250	127	32	375	462	98	48	55	49	493	509	520	245	24	7	375	54	135	312	53	381	621	219	267	62	402	76	348	96	405	43	312	86	262	82	793	10	169	389	45	62	45	51	59	101	73	82	149	378	334	224
V48	15	103	38	64	445	15	108	297	76	73	194	340	60	157	56	400	389	91	161	117	174	51	85	768	173	201	233	136	79	191	133	406	264	54	81	131	215	54	54	20	272	234	863	85	248	211	124	223	88	241	49
V49	229	87	101	56	185	148	153	302	59	318	97	285	178	103	405	58	34	48	26	285	474	355	727	183	556	2	95	6	71	129	2	167	214	479	222	50	131	113	0	66	14	287	84	59	474	146	83	274	18	389	227
V50	225	127	18	199	31	265	62	56	348	453	141	130	111	363	170	288	174	19	343	9	218	106	18	49	371	86	61	269	50	38	56	303	2028	299	147	404	35	22	46	35	350	395	18	85	79	145	522	486	15	178	209
V51	62	278	936	297	38	1033	217	312	132	8	190	88	469	93	27	35	130	105	44	1	172	169	78	1	322	189	112	555	88	97	157	6	1	128	15	194	160	169	7	192	125	442	135	216	38	38	49	142	115	70	94
V52	291	61	355	1407	136	443	108	214	33	137	64	553	443	19	196	238	277	183	51	231	69	37	36	262	50	385	302	110	191	282	92	78	63	403	473	207	37	666	180	190	274	215	54	1	168	331	62	197	36	32	254
V53	7	304	28	81	49	97	44	176	407	345	208	525	719	145	22	239	1	70	130	47	71	48	155	371	212	53	416	848	612	204	181	111	61	124	39	75	630	24	22	239	228	449	49	105	11	939	180	124	63	9	76
V54	218	245	29	39	109	568	34	124	273	1002	4	440	106	6	385	75	109	179	120	235	362	89	14	76	43	225	99	99	34	65	503	317	96	27	237	139	38	480	17	81	285	22	104	393	72	753	154	99	583	358	218
V55	119	226	137	174	3	301	47	528	249	120	210	61	194	12	30	262	77	178	159	246	55	280	35	335	19	184	59	0	32	3	394	75	32	31	165	34	182	553	435	114	39	635	109	22	6	290	352	31	5	287	151
V56	16	70	60	467	322	44	158	32	135	256	180	106	175	51	34	586	238	73	131	290	198	56	57	328	204	107	36	324	463	255	157	58	344	70	6	255	136	111	474	32	266	38	200	96	423	69	141	280	59	313	35
V57	348	471	2	161	630	65	83	390	25	504	316	82	30	174	425	43	122	0	53	116	305	80	445	95	93	129	25	117	377	368	828	87	116	771	320	312	48	62	152	96	16	176	73	101	97	8	41	59	596	25	336
V58	189	75	65	15	524	20	203	177	20	523	4	12	184	250	55	222	14	732	172	316	47	224	84	236	153	268	343	95	432	562	344	266	221	169	58	717	303	164	532	105	298	146	138	43	223	216	166	187	372	329	199
V59	190	35	87	186	168	114	153	403	47	951	72	8	145	14	467	35	33	204	114	446	58	71	77	81	282	101	46	554	123	721	407	43	413	15	93	52	612	47	60	39	126	103	388	15	149	124	14	50	429	13	190
V60	407	11	306	86	308	80	285	88	162	366	219	110	111	109	596	222	72	332	190	71	35	204	217	19	131	98	200	464	619	19	211	121	68	227	177	288	8	54	133	295	247	122	268	73	101	307	160	93	37	118	353
V61	41	230	658	296	350	97	153	143	21	615	185	44	515	9	348	92	827	88	43	93	233	28	29	25	421	135	73	95	26	62	17	396	210	518	246	61	70	215	242	0	453	233	135	127	7	450	0	169	115	98	72
V62	311	100	209	397	138	93	41	31	345	11	171	38	16	197	445	495	295	25	40	174	188	133	344	263	70	37	144	175	130	337	103	189	399	130	110	36	760	165	2	143	117	89	15	86	267	36	17	189	517	111	253
V63	80	406	17	418	30	314	0	157	91	3	129	94	11	113	111	176	281	18	78	90	23	117	426	59	373	171	91	263	189	27	304	0	31	369	27	49	221	107	40	285	312	16	225	126	342	66	432	129	64	347	128
V64	205	57	89	382	437	327	266	105	300	846	359	435	103	39	203	407	85	232	173	131	22	116	70	59	290	18	100	238	88	393	183	778	90	119	90	56	313	288	21	505	77	606	399	239	105	118	619	108	15	104	218
V65	5	31	68	106	170	8	104	324	247	183	2	86	60	240	299	252	318	128	188	24	768	66	21	107	134	311	714	195	30	89	397	77	287	101	465	264	14	46	365	1654	99	402	146	5	262	88	19	258	382	502	30
V66	418	14	848	180	209	722	14	321	35	288	173	127	71	59	169	38	125	322	376	10	126	21	57	214	142	158	793	103	96	306	108	62	280	926	64	19	128	139	28	494	48	0	60	380	184	81	713	38	302	5	333
V67	99	220	100	7	33	277	207	402	88	97	96	553	1196	190	87	95	166	8	56	129	165	78	70	403	4	131	337	52	214	549	305	199	468	201	194	61	98	196	79	64	77	9	236	62	49	58	240	26	17	146	120
V68	141	8	67	423	19	394	286	152	680	51	120	273	57	101	181	180	207	464	192	84	416	496	108	30	72	84	422	152	290	36	11	422	148	63	64	195	478	153	314	308	37	433	1	164	488	425	67	13	368	410	135
V69	1412	231	46	25	279	13	55	337	46	85	765	207	147	282	248	237	77	491	168	89	500	284	35	63	57	37	195	32	244	60	514	189	94	64	87	278	512	0	123	154	89	190	226	227	277	63	383	616	220	222	1158
V70	49	296	235	357	409	146	72	339	6	7	140	62	26	204	15	8	320	184	618	239	81	165	221	96	19	21	379	31	98	140	2	580	177	324	7	302	210	189	210	614	65	53	12	171	685	11	78	414	262	100	80
V71	196	250	312	20	95	24	46	73	384	43	585	494	96	262	420	440	405	154	72	447	168	35	79	215	77	138	56	83	619	138	178	182	292	93	11	72	639	13	217	184	103	91	97	149	345	105	340	81	724	56	204
V72	63	113	435	102	74	425	264	127	38	2	173	753	509	916	409	295	60	111	78	24	200	274	53	326	453	152	193	100	235	4	178	100	10	9	207	336	68	313	238	133	344	264	69	56	314	37	154	189	155	30	81
V73	86	562	461	38	86	462	84	258	277	5	100	32	740	204	10	12	283	191	42	196	168	103	34	112	32	355	173	108	232	434	251	180	685	16	157	335	124	498	135	27	634	30	31	122	257	767	46	185	148	102	164
V74	201	153	17	23	333	129	67	146	107	164	52	3	104	13	132	88	76	128	234	80	78	166	80	3	27	2	49	771	13	129	89	39	261	670	479	421	282	5	42	199	50	338	44	190	50	8	586	192	86	62	159
V75	425	39	590	132	272	45	148	503	115	204	18	366	125	575	146	44	235	196	222	205	158	135	143	158	237	179	127	120	0	660	223	983	109	357	865	149	172	271	17	77	290	295	16	44	85	387	152	92	751	221	327
V76	256	200	66	38	412	48	211	172	739	99	519	408	12	387	348	239	214	29	91	40	21	98	11	272	215	436	4	177	56	353	248	4	173	611	231	353	24	106	398	91	53	101	183	91	169	464	433	607	691	311	259
V77	106	260	115	69	279	398	73	335	487	176	61	292	84	877	282	104	148	154	70	180	29	47	525	583	192	87	38	74	345	211	173	510	214	57	52	13	63	38	10	170	126	235	37	215	576	20	2	216	377	151	127
V78	79	38	801	48	584	44	99	287	438	312	102	43	92	96	488	117	36	106	248	125	769	284	238	105	292	82	0	171	724	158	231	391	29	128	27	52	32	43	23	265	68	95	107	194	204	263	439	146	93	37	96
V79	352	280	311	85	8	677	476	153	91	126	2	395	169	0	323	53	29	368	150	373	216	33	239	38	449	427	59	173	57	615	175	242	326	145	235	49	8	197	252	554	139	495	213	84	235	210	328	177	173	209	348
V80	34	85	16	114	165	12	205	253	37	93	83	175	276	33	71	110	300	999	153	7	40	407	218	266	51	0	180	285	246	254	334	597	81	235	58	121	16	149	468	84	200	21	968	83	7	344	338	149	256	362	45
V81	86	21	54	111	431	33	62	521	202	40	37	160	498	89	233	146	311	304	75	333	161	146	275	79	119	400	102	34	200	44	351	0	113	297	6	91	86	21	97	14	4	8	395	42	276	684	134	66	356	773	91
V82	306	449	808	142	81	392	325	248	25	337	91	294	80	300	231	554	243	317	45	516	323	45	436	443	49	209	77	189	664	555	104	171	208	270	90	507	33	186	321	99	28	255	178	357	288	108	342	191	160	264	322
V83	337	317	35	24	93	57	72	8	69	220	58	93	383	25	183	269	14	6	175	59	45	66	458	242	38	26	59	50	176	85	104	57	435	137	41	134	289	251	475	138	466	869	143	46	204	28	85	81	26	47	311
V84	287	55	115	99	169	12	67	272	44	333	179	122	305	225	101	164	279	67	21	107	65	178	398	168	276	360	14	77	718	215	5	27	377	1	7	43	66	69	648	953	87	146	121	482	509	145	3	8	407	218	267
V85	169	213	289	513	1157	1	14	243	383	8	112	49	348	139	515	134	135	282	164	39	174	193	7	161	140	110	23	92	170	198	31	326	500	52	242	0	35	133	40	81	776	148	97	462	185	30	583	12	537	266	175
V86	89	395	109	448	527	188	286	202	172	109	553	880	49	24	11	265	637	118	196	187	76	96	63	231	464	60	97	22	234	165	19	200	336	302	215	61	395	139	319	117	1	239	45	653	2	540	226	5	5	104	150
V87	287	6	130	142	307	483	9	350	77	237	59	121	11	87	519	151	269	60	79	162	152	30	75	67	91	41	246	68	23	157	23	276	422	17	285	213	86	170	175	125	419	32	185	162	302	54	440	92	148	31	228
V88	97	258	695	447	89	74	39	616	25	236	108	73	19	141	408	74	180	18	9	214	185	82	143	14	656	249	1	282	383	196	318	132	86	327	454	44	221	291	481	28	12	22	68	90	54	219	441	0	31	248	127
V89	128	140	41	174	426	34	22	394	318	143	20	112	124	94	76	368	424	77	135	56	562	15	15	25	48	239	209	79	103	201	364	124	35	117	235	306	126	264	168	12	139	35	104	67	221	66	102	8	78	343	137
V90	314	341	465	172	261	506	356	171	299	404	39	144	54	243	73	136	119	323	182	54	32	24	451	11	48	86	114	188	506	375	127	22	170	556	239	29	25	414	71	33	221	147	205	194	52	212	229	29	249	92	308
V91	23	178	114	120	28	125	151	151	126	153	390	117	11	20	365	343	310	81	162	1123	43	382	95	205	453	414	202	724	19	10	165	138	100	22	173	88	37	82	257	77	141	483	11	115	403	505	36	16	120	208	62
V92	164	567	333	483	36	261	57	637	31	31	88	134	166	26	141	141	64	859	133	27	196	94	75	147	52	75	12	244	178	226	125	415	280	40	236	207	240	911	832	2	449	124	206	17	859	841	201	228	114	789	215
V93	69	91	762	339	104	251	141	182	654	26	125	369	201	139	49	203	101	163	13	92	58	166	200	84	260	419	297	63	184	26	68	474	230	192	40	904	145	75	106	44	71	3	116	194	60	127	273	17	23	199	88
V94	71	34	0	345	200	142	3	21	185	378	571	163	282	85	168	134	107	815	660	342	549	74	554	39	131	682	112	98	42	212	64	162	170	74	402	301	95	217	100	246	294	167	242	236	41	138	92	219	547	512	80
V95	53	120	268	45	70	167	255	126	11	745	47	1	50	362	503	38	45	145	64	93	751	130	371	34	333	85	249	342	501	9	769	372	128	15	84	52	82	1	20	117	25	40	153	260	81	119	281	90	88	512	68
V96	345	26	48	2	123	104	105	35	225	180	147	120	69	313	25	117	165	4	39	22	428	33	97	252	61	380	153	12	275	110	9	64	626	33	532	49	267	359	56	174	324	7	115	14	65	158	77	48	278	128	286
V97	60	246	134	287	21	4	350	491	167	38	202	190	111	36	236	597	34	290	386	621	39	319	151	225	56	18	41	600	252	93	604	178	26	312	236	189	34	79	300	32	50	232	758	13	124	351	118	506	116	343	101
V98	334	6	554	68	259	261	28	336	622	131	47	76	152	672	277	153	12	30	282	115	155	36	600	50	78	205	299	86	53	88	96	136	152	120	58	566	35	40	66	416	46	35	247	427	80	345	57	285	125	273	322
V99	396	96	559	95	366	33	442	161	100	62	25	19	148	108	227	19	216	50	96	584	178	137	79	13	149	201	206	399	95	67	57	35	78	44	674	489	194	147	449	99	127	192	0	4	229	462	295	78	227	212	345
V100	83	273	293	76	136	145	2	147	133	32	9	246	311	396	19	12	70	159	455	43	52	129	112	253	326	613	164	138	142	227	81	130	44	465	11	161	152	214	188	59	15	556	230	101	388	121	18	507	641	45	90
V101	82	308	174	227	91	301	197	338	12	88	135	246	64	65	495	43	221	181	146	214	453	661	105	612	263	242	133	73	35	3	273	155	6	476	139	342	14	82	7	320	882	542	131	24	284	33	11	22	44	487	112
V102	475	85	483	76	340	48	780	55	29	172	161	353	12	312	535	27	73	162	297	172	17	466	40	233	263	253	65	16	175	243	67	102	188	72	282	166	117	238	96	131	195	39	167	181	107	407	109	159	332	10	362
V103	375	275	67	94	184	762	30	288	11	380	81	6	359	500	288	36	55	33	102	10	178	54	137	50	15	180	147	36	749	119	216	559	58	21	67	252	34	251	31	736	89	24	4	117	330	16	260	86	3	106	310
V104	319	1	148	61	21	119	80	40	355	18	79	28	123	189	156	471	3	28	22	153	316	39	133	56	55	186	671	148	84	110	30	119	29	288	128	338	341	35	179	73	43	27	156	101	68	407	109	150	63	144	275
V105	257	105	390	1	326	394	125	200	211	129	304	96	135	182	36	111	300	174	61	22	133	28	658	0	78	695	86	14	19	162	165	69	35	24	182	24	246	134	299	81	293	241	140	78	1198	92	487	271	256	195	228
V106	185	434	157	124	219	154	286	63	40	443	58	207	31	67	127	165	61	113	20	148	108	97	489	38	235	66	110	70	123	33	399	27	336	256	91	131	27	76	865	191	95	111	16	60	5	181	481	243	226	525	255
V107	30	47	122	73	220	448	201	92	125	28	35	69	157	252	109	157	209	95	277	58	534	377	10	135	400	124	1016	205	102	15	215	154	128	180	65	202	9	229	506	143	144	87	153	160	246	49	139	168	59	84	38
V108	44	303	142	74	78	184	323	22	312	89	89	122	5	137	214	53	27	87	0	336	157	419	179	19	67	271	232	229	271	221	21	63	21	74	92	892	51	152	30	475	75	59	701	164	73	1774	183	294	49	29	89
V109	52	25	304	91	108	134	9	168	174	161	11	116	178	400	121	74	21	107	159	377	196	70	27	166	285	3	270	564	106	390	833	359	124	396	205	222	314	48	276	443	73	137	124	158	355	60	119	274	574	244	68
V110	367	76	478	132	247	140	30	234	2	361	322	85	91	258	151	33	458	354	88	13	75	148	204	596	142	26	79	310	300	33	9	583	183	167	221	539	3	959	681	40	25	1	407	26	266	44	99	10	681	269	291
V111	50	35	9	150	18	65	61	417	34	329	278	100	150	32	168	978	1	305	28	45	67	10	29	78	14	205	209	79	258	49	177	162	102	279	467	182	71	306	66	143	201	132	208	188	21	78	1	70	205	93	58
V112	497	8	274	231	94	55	110	637	458	20	279	570	21	103	343	36	12	177	51	169	352	53	97	341	207	66	37	101	6	431	113	202	39	106	37	171	92	120	146	143	160	323	37	431	100	45	1033	71	143	44	439
V113	494	46	170	333	288	525	51	930	313	96	21	283	351	26	53	14	119	379	54	135	971	1054	98	93	347	870	573	152	498	397	202	402	64	288	203	297	11	112	36	228	409	518	18	29	24	93	9	620	135	233	424
V114	411	92	92	66	68	51	66	121	299	43	196	174	141	206	179	261	375	641	0	13	9	228	256	68	54	431	0	0	413	255	82	118	465	536	290	65	19	273	486	451	171	80	66	280	358	238	71	559	312	215	339
V115	165	29	6	15	152	102	115	26	72	11	84	14	22	354	147	337	88	179	65	343	415	196	4	436	71	22	101	245	282	110	155	336	8	151	183	31	393	216	483	9	74	321	100	178	631	21	523	631	77	371	167
V116	31	419	165	21	492	3	72	501	197	283	250	411	163	39	317	368	57	87	294	109	11	157	152	53	21	44	36	29	120	352	401	88	137	114	486	75	158	8	53	513	57	61	72	315	65	195	211	154	285	160	85
V117	195	59	301	264	25	352	31	23	1077	66	280	62	69	109	54	389	271	35	220	482	125	124	1	259	19	75	139	32	703	199	718	91	55	17	24	237	41	34	93	337	471	34	318	82	34	62	110	12	399	274	189
V118	107	254	48	379	350	20	47	146	110	45	99	174	38	37	13	73	231	638	221	56	137	357	255	727	4	619	119	295	212	206	321	167	285	40	142	63	144	577	5	189	4	28	35	166	803	917	122	224	106	1134	151
V119	643	365	86	140	261	107	285	339	791	119	115	3	20	149	6	632	11	39	102	18	340	32	347	105	167	55	4	23	178	45	47	705	192	62	175	120	31	94	1025	2	178	1204	311	4	154	197	222	561	187	397	571
V120	94	80	118	31	16	92	53	317	66	211	127	146	129	73	192	29	5	292	52	464	91	38	248	225	746	90	15	330	188	314	32	130	108	366	500	16	28	17	615	1	47	426	110	149	213	50	74	45	706	230	95
V121	103	128	232	6	292	672	59	430	241	394	638	35	365	533	158	129	95	807	189	146	215	154	13	653	318	53	36	43	99	330	151	355	196	299	138	213	71	740	43	25	456	23	525	15	310	388	132	280	8	260	141
V122	23	49	98	151	65	30	308	109	221	62	130	546	178	971	11	228	105	18	65	15	26	371	33	67	118	46	11	13	144	191	81	175	158	98	23	197	537	126	224	44	248	8	407	278	92	14	56	494	50	184	50
V123	124	26	378	142	80	589	703	104	642	160	186	52	18	412	70	201	179	357	398	28	89	65	20	121	125	80	234	166	420	162	255	127	96	508	162	155	1	288	436	542	49	86	450	639	58	223	70	495	14	64	135
V124	68	110	50	431	318	244	218	269	58	73	56	25	18	374	691	575	503	762	19	36	321	76	363	163	223	371	21	117	128	227	66	5	229	191	163	23	271	268	225	66	475	921	79	157	87	77	98	94	11	206	91
V125	56	346	57	13	289	316	510	288	45	367	20	66	214	344	448	275	83	44	106	220	10	201	1082	149	298	28	752	306	348	56	316	52	30	293	62	264	96	182	214	310	893	289	31	301	297	25	74	89	216	5	106
V126	272	583	60	334	329	121	14	276	416	234	4	759	153	90	13	427	216	24	297	2	6	681	378	120	178	5	115	239	101	96	183	339	62	90	219	99	184	26	38	42	678	171	6	168	73	127	264	37	19	348	310
V127	209	67	79	650	381	280	74	163	36	150	270	35	381	106	45	170	388	41	66	345	358	72	170	273	576	154	46	47	25	185	85	25	113	125	1	397	51	34	118	212	21	248	458	277	147	271	45	97	396	583	198
V128	48	33	168	153	35	113	50	11	200	103	109	197	75	391	62	175	81	102	173	328	94	56	89	434	319	260	170	304	119	292	22	243	122	186	120	306	338	350	51	255	978	314	30	4	112	191	240	128	601	15	60
V129	222	139	38	131	45	235	121	251	149	247	592	321	125	9	164	49	359	49	132	288	104	359	207	81	461	66	12	165	114	61	419	285	142	120	173	3	114	231	305	55	193	262	3	96	133	133	49	252	548	28	192
V130	65	15	461	54	47	39	190	233	194	201	28	3	611	232	141	14	116	6	232	203	4	29	73	281	728	184	116	348	230	16	135	79	105	292	146	71	99	95	484	126	304	79	238	200	29	14	129	115	17	204	67
V131	90	167	253	1	78	72	83	650	102	211	111	254	41	9	159	221	124	219	31	69	193	202	185	650	77	62	462	63	54	1490	82	131	92	36	40	247	73	116	680	494	529	451	21	670	252	1036	60	491	180	1049	143
V132	116	362	71	90	126	41	35	183	6	7	0	107	590	12	22	115	153	32	124	217	133	455	204	106	529	160	402	49	30	77	387	99	74	522	7	184	131	115	43	63	86	19	134	371	116	166	85	27	275	348	151
V133	91	130	111	107	191	200	514	128	203	21	719	392	250	180	38	320	1	93	281	431	48	368	195	114	117	80	54	656	80	12	398	320	11	718	205	211	24	388	224	211	155	49	303	326	171	262	25	123	14	128	107
V134	268	429	619	134	150	61	172	257	18	19	526	175	378	12	175	283	43	213	77	44	37	359	394	66	292	53	374	21	122	82	36	63	145	271	153	746	152	232	893	86	19	9	164	879	92	237	84	143	17	12	290
V135	84	82	259	463	79	697	201	254	20	51	130	49	34	241	223	344	267	47	139	106	282	18	37	295	444	38	27	47	42	164	907	54	665	69	297	124	282	493	78	310	18	130	136	188	155	72	156	317	293	38	103
V136	23	32	157	9	82	684	419	277	294	1	90	367	263	134	206	136	37	46	275	186	127	44	359	139	803	6	4	328	4	146	164	36	226	602	2	41	327	616	59	119	98	42	345	532	154	126	111	63	49	288	29
V137	234	160	392	48	60	226	408	1370	151	69	198	245	82	78	245	428	169	56	19	20	156	203	54	352	219	3	77	97	290	112	196	70	118	45	150	14	383	67	21	173	388	96	802	168	160	314	36	194	187	211	233
V138	492	1253	142	277	12	28	115	382	226	115	34	279	104	192	11	74	137	3	476	473	126	132	96	45	166	95	8	71	87	167	250	457	989	87	118	161	812	79	284	91	218	14	255	219	191	42	412	400	30	313	524
V139	13	9	219	338	447	439	134	411	345	61	254	24	47	114	238	53	649	178	300	319	627	142	0	253	434	132	186	199	11	244	696	12	13	157	409	36	107	160	84	592	106	458	40	378	25	55	52	309	543	108	44
V140	182	92	98	88	364	116	50	489	38	42	375	156	134	73	290	308	220	57	33	427	27	179	0	356	29	2	48	55	576	251	250	18	227	156	335	62	916	570	498	227	71	86	407	216	164	11	131	13	62	79	189
V141	50	56	98	104	86	44	56	38	261	32	593	402	65	277	102	168	109	56	642	187	30	380	134	307	61	249	87	226	346	563	126	90	78	48	10	25	465	141	128	45	25	30	29	388	92	168	83	82	152	65	69
V142	6	262	263	9	22	494	160	218	848	639	185	330	8	137	103	71	53	81	112	65	202	95	161	64	133	679	378	107	73	4	253	303	65	207	24	45	100	99	12	557	345	328	500	207	46	249	120	17	390	183	53
V143	87	577	922	33	172	125	88	235	131	17	62	458	603	74	188	140	250	131	263	73	1	94	144	794	101	159	130	126	413	28	153	152	53	548	28	40	253	35	351	298	351	372	26	19	101	3	170	36	315	603	144
V144	590	215	538	50	224	5	99	172	76	373	83	222	211	118	87	281	74	79	27	449	364	229	52	187	545	484	307	44	19	124	126	49	112	5	78	10	390	526	68	71	3	22	154	175	19	2	238	221	32	113	494
V145	60	1	249	10	115	326	352	127	4	108	115	43	29	27	705	264	338	26	444	4	75	365	265	5	5	291	661	194	24	265	96	311	360	9	47	405	39	106	44	29	3	113	507	4	325	356	363	154	142	35	69
V146	71	110	156	83	148	177	494	902	265	96	243	72	109	110	74	380	200	553	326	190	137	63	300	81	79	415	213	17	446	156	157	34	12	507	342	276	209	123	13	14	13	20	1	196	5	462	62	361	0	327	83
V147	187	17	142	212	210	10	286	363	28	118	83	68	131	18	1	62	75	201	20	83	11	276	61	276	106	180	64	66	482	160	246	181	45	84	491	341	18	9	6	336	118	2	40	133	334	55	414	218	12	36	159
V148	158	234	220	207	169	188	46	20	271	733	74	128	229	124	50	433	205	28	128	53	36	36	286	6	104	35	82	219	687	52	18	235	18	157	254	82	5	4	12	207	63	21	7	297	220	925	12	393	84	321	163
V149	18	124	174	374	84	42	104	99	155	42	207	84	378	23	131	667	151	320	23	7	93	8	211	566	137	464	163	24	234	84	67	222	162	82	47	204	95	40	606	24	211	63	109	273	60	11	922	750	104	984	46
V150	263	40	314	116	610	126	298	392	65	457	128	17	90	799	40	641	204	178	268	55	6	41	266	115	649	23	78	17	6	59	77	43	473	249	25	152	188	556	315	191	236	18	57	0	17	482	95	213	88	102	238
V151	101	233	352	2	191	0	288	144	60	510	430	187	330	33	2	212	425	178	389	352	305	844	164	6	116	123	100	9	90	204	239	268	9	404	140	359	321	224	86	213	33	66	91	143	23	132	115	2	77	86	128
V152	423	92	334	232	79	148	353	116	477	81	6	212	46	139	14	310	106	53	134	26	182	59	123	5	46	599	874	309	98	13	71	84	232	246	151	95	76	670	6	94	4	42	36	25	107	150	620	47	577	59	363
V153	30	35	78	179	36	308	154	116	417	304	49	135	537	21	412	219	142	72	137	7	209	26	253	276	112	23	55	53	344	1	111	1043	131	133	307	45	8	236	67	305	336	126	262	99	130	284	325	38	16	12	38
V154	138	104	58	159	195	184	116	16	286	125	462	894	85	72	61	372	123	88	465	15	44	160	122	99	304	146	251	723	1	369	26	81	58	299	354	456	100	143	108	188	362	99	224	81	83	876	21	217	6	168	119
V155	345	585	68	202	160	36	535	199	321	227	606	209	70	474	187	5	60	390	220	73	66	72	314	261	26	136	4	78	66	319	198	176	224	649	309	343	258	68	121	245	19	189	42	478	197	64	1188	45	896	206	360
V156	170	8	11	362	92	58	147	140	434	47	12	218	198	237	714	149	143	69	32	807	22	23	153	443	100	55	252	9	42	160	21	269	376	99	299	24	157	161	42	45	601	104	69	1	530	172	63	450	176	280	143
V157	97	116	165	44	146	864	92	302	332	78	230	257	257	47	252	522	9	124	217	191	203	168	149	538	163	431	26	219	647	74	173	191	737	0	233	578	440	115	453	414	11	144	46	60	170	51	221	381	207	16	134
V158	193	300	155	528	227	67	427	2	51	147	95	226	263	75	239	138	17	77	324	371	87	58	265	338	492	152	283	298	61	214	644	50	246	90	8	275	61	169	315	36	178	345	83	87	151	47	96	124	656	96	192
V159	166	66	453	437	182	537	89	63	156	65	412	151	108	615	209	10	35	24	318	167	37	297	265	158	94	85	29	39	306	247	108	75	149	653	627	103	134	270	163	139	100	148	216	351	304	191	882	75	59	325	159
V160	193	211	246	140	5	25	536	14	406	60	30	317	211	256	232	219	310	187	266	29	229	68	427	0	72	18	230	80	325	270	109	182	200	99	663	77	6	51	515	34	28	42	428	56	210	35	145	332	107	257	188
V161	134	194	279	170	94	25	374	269	39	248	457	238	340	75	211	104	108	197	28	368	47	392	12	252	81	600	236	676	732	29	255	313	11	177	276	13	413	824	318	310	203	259	29	150	101	855	1697	64	88	488	171
V162	96	297	110	209	713	168	8	132	20	267	98	191	82	467	238	36	284	239	87	468	251	120	111	181	23	8	133	361	63	129	157	17	192	3	209	25	707	38	99	485	195	339	180	315	475	294	59	95	47	113	140
V163	684	60	60	264	213	404	366	92	11	296	171	69	242	550	68	792	687	335	364	26	63	22	9	262	337	472	464	403	154	173	192	187	66	150	11	105	1233	1	226	31	31	15	49	94	62	632	53	6	257	127	594
V164	6	136	626	3	113	156	570	10	266	312	139	549	181	218	72	133	548	33	155	440	141	783	13	93	122	329	73	86	269	201	251	52	576	248	228	576	480	518	65	84	318	72	143	207	9	90	392	35	37	117	45
V165	32	61	410	374	168	43	280	90	753	113	382	213	40	97	371	105	204	115	39	432	114	307	54	85	14	63	143	258	8	322	240	310	158	123	137	86	23	214	97	65	148	629	377	152	121	104	46	27	91	99	59
V166	386	137	55	315	336	260	18	222	170	4	80	368	90	142	135	276	82	820	196	125	89	61	227	86	229	91	56	269	232	27	46	137	69	200	104	382	184	9	35	26	260	854	625	4	248	6	189	183	73	104	318
V167	238	142	418	367	294	13	530	131	737	71	374	85	226	136	121	10	953	182	673	539	6	93	232	0	359	46	136	171	86	433	990	263	168	364	102	387	30	247	73	16	71	146	375	438	0	52	343	130	135	292	250
V168	13	94	35	205	41	227	17	634	74	270	364	14	474	107	63	34	288	155	384	8	77	270	515	329	25	154	381	311	156	382	121	188	336	978	106	103	578	253	574	169	146	27	161	42	171	123	68	200	344	439	40
V169	8	131	80	257	329	187	363	316	105	10	84	164	208	34	57	97	498	106	289	187	9	334	246	100	26	225	165	203	65	29	7	123	102	26	233	418	141	609	306	8	50	131	163	341	193	172	23	124	113	27	47
V170	120	172	326	230	64	221	377	96	447	146	45	59	248	51	424	306	47	21	542	104	220	97	177	140	314	0	327	2	1063	95	434	444	31	483	586	0	187	214	68	251	50	473	318	130	161	473	126	102	387	239	130
V171	484	269	119	52	5	17	92	24	261	126	17	167	63	392	140	27	115	61	89	36	325	77	220	109	182	195	62	19	217	55	501	62	227	103	195	74	1	155	200	494	179	258	41	371	693	25	482	5	357	3	444
V172	468	79	67	47	250	88	0	203	4	22	150	37	459	61	685	42	478	36	209	485	209	209	181	112	286	198	187	3	179	59	307	155	224	79	95	160	140	22	199	514	196	120	270	21	58	64	72	24	284	292	379
V173	238	41	22	274	887	150	126	60	40	60	42	427	113	847	535	128	56	302	969	216	180	151	69	486	94	242	157	339	164	64	276	145	29	231	172	776	580	253	56	185	401	312	493	206	28	463	287	66	35	527	232
V174	130	173	114	348	17	195	43	826	87	398	133	249	556	726	213	252	11	304	61	840	84	28	368	387	6	366	61	865	147	160	148	210	479	14	49	19	88	1	2	65	150	522	41	122	465	110	73	21	1302	432	164
V175	407	63	12	58	467	186	5	1	159	252	51	289	21	15	232	29	323	141	140	1141	714	126	216	33	196	166	235	42	12	119	26	296	273	290	514	57	180	18	126	368	78	37	13	127	84	140	1	257	69	50	303
V176	46	114	183	343	52	154	80	373	58	36	11	211	122	450	470	142	279	148	437	37	438	34	106	91	154	86	671	691	233	229	332	281	409	152	166	117	321	207	343	244	223	168	582	119	1209	18	3	51	52	21	60
V177	273	155	188	49	37	551	502	170	405	6	28	44	57	326	190	195	125	214	98	266	563	132	642	45	600	249	162	781	378	702	111	853	109	294	604	85	64	294	137	854	264	268	71	432	396	0	31	26	189	135	232
V178	288	62	96	29	404	398	414	42	29	202	41	67	246	268	117	106	2	13	215	285	367	8	411	64	22	20	128	106	9	1495	112	245	365	442	210	183	415	517	208	13	60	171	109	339	477	352	52	136	218	256	270
V179	337	3	328	392	195	28	76	255	462	66	144	86	166	144	129	38	337	158	196	23	33	715	3	127	102	18	413	227	219	668	158	276	98	50	305	188	145	143	24	259	118	418	694	39	545	476	52	534	297	557	302
V180	442	330	204	220	238	278	1100	153	82	90	1	43	8	88	18	7	120	6	114	266	23	85	110	126	191	52	155	47	22	68	182	53	188	91	569	25	283	282	222	94	77	204	33	99	63	209	45	346	29	469	410
V181	219	354	143	233	0	356	731	342	0	248	1251	346	394	2	137	100	804	412	246	108	91	403	277	512	254	29	201	46	298	163	121	172	765	72	16	111	79	341	26	19	428	123	361	40	15	75	50	267	16	85	247
V182	322	393	27	224	25	30	454	75	156	42	73	104	637	127	25	87	174	469	17	323	28	5	88	90	126	539	825	55	679	174	34	303	33	71	375	334	152	207	99	29	173	460	283	24	113	20	114	842	902	149	348
V183	395	208	125	215	392	207	101	47	187	12	286	714	37	265	49	108	181	11	94	879	372	346	223	3	144	460	98	212	30	69	25	309	63	68	19	9	208	31	85	43	156	26	18	32	225	338	16	143	82	279	347
V184	110	171	106	220	17	271	311	37	104	400	320	29	104	166	256	0	576	18	470	54	124	138	198	154	20	389	139	719	228	178	38	309	342	230	679	405	116	229	14	78	50	25	187	142	128	353	285	6	184	9	122
V185	137	51	277	525	48	137	6	244	660	125	149	77	512	2	219	98	130	26	68	26	282	47	163	260	72	28	352	182	41	424	37	480	106	204	8	385	8	540	162	469	58	779	55	249	35	875	15	203	69	372	147
V186	36	77	395	328	127	551	76	153	39	10	18	20	53	58	93	53	129	94	50	223	59	628	152	177	457	444	163	76	46	143	13	324	31	391	848	779	30	81	451	180	26	58	569	167	253	32	376	840	325	121	56
V187	374	519	29	67	149	191	212	249	283	21	144	78	12	269	113	145	448	35	204	349	138	159	122	38	200	110	128	600	195	36	95	208	236	93	27	15	0	136	122	262	108	36	528	169	230	10	136	100	92	476	330
V188	107	26	39	164	22	136	90	598	223	461	280	51	88	211	17	10	801	456	34	180	110	201	207	40	256	224	137	22	204	12	117	17	364	13	3	257	3	252	118	415	154	172	20	97	92	241	149	816	3	95	104
V189	304	242	391	668	473	584	15	67	836	7	189	50	1	972	134	119	220	598	200	733	33	29	146	206	23	15	1070	72	253	99	26	381	229	179	712	54	344	7	47	519	361	108	99	233	153	81	80	206	158	344	284
V190	1	88	335	53	28	360	55	48	277	69	252	30	340	324	51	558	492	321	281	11	594	52	63	11	204	238	147	230	342	71	157	75	36	305	128	16	272	355	63	584	180	99	128	393	75	1258	6	4	136	568	42
V191	224	436	187	260	149	168	8	381	114	34	26	453	1570	3	73	35	41	211	65	81	190	579	27	128	204	406	170	131	673	164	189	62	129	61	7	124	21	22	22	188	730	218	736	511	134	115	125	185	100	47	243
V192	42	59	91	552	301	711	103	575	328	30	25	72	373	344	244	86	232	394	90	112	161	48	22	72	43	182	212	11	125	56	181	375	46	337	131	232	14	579	112	131	116	35	195	122	129	62	100	184	1	33	58
V193	21	70	182	78	61	54	360	160	118	14	91	359	109	102	104	28	67	330	96	144	661	97	192	480	270	216	58	62	48	606	162	708	39	32	368	244	129	204	32	49	156	19	201	143	88	266	1	219	266	546	57
V194	114	225	76	91	42	86	95	393	490	113	241	78	138	6	287	83	340	32	138	39	275	74	5	232	290	34	223	911	68	363	148	297	298	70	116	10	349	196	4	473	161	163	99	137	826	130	58	460	36	0	125
V195	202	331	133	549	104	83	176	170	240	114	48	493	71	149	227	341	17	239	208	420	31	355	101	34	17	366	270	428	473	36	29	49	344	136	50	200	566	165	108	148	393	409	1044	414	8	75	405	120	48	36	218
V196	197	328	264	99	5	32	58	51	262	123	29	433	453	123	102	579	149	204	102	123	315	349	55	31	102	701	609	16	57	213	47	8	164	34	209	15	469	2016	367	33	37	63	350	522	17	357	190	148	280	80	209
V197	263	16	136	113	239	12	354	117	298	65	104	67	167	143	23	414	6	316	856	51	78	67	74	55	509	272	349	22	24	131	40	131	111	273	233	148	177	104	255	106	47	403	61	122	109	37	36	409	50	247	245
V198	5	230	437	202	470	22	575	345	51	156	114	3	175	101	120	2	371	503	216	150	256	201	711	130	177	492	357	142	121	281	20	175	301	187	193	173	95	25	382	485	85	31	47	260	66	112	71	35	445	35	56
V199	126	63	64	83	137	32	45	128	170	11	96	55	533	555	15	88	168	441	86	349	172	34	318	51	557	157	109	201	69	659	11	210	180	454	521	175	5	295	6	6	170	57	141	0	174	71	179	75	102	84	135
V200	67	6	220	444	221	12	249	63	37	17	165	94	448	57	208	288	344	113	158	218	202	360	210	50	1	29	884	186	21	204	71	115	616	777	130	2	288	98	74	260	397	121	157	208	532	86	128	189	86	695	81
V201	215	21	108	54	6	67	546	103	5	213	72	274	105	251	276	256	92	92	315	65	242	103	123	41	721	56	371	41	149	325	52	126	73	140	16	78	154	67	337	203	370	46	247	433	156	190	261	268	450	497	203
V202	195	7	118	237	277	20	108	106	6	36	24	67	348	273	261	366	166	711	8	260	106	81	80	59	172	67	536	416	34	27	98	4	36	71	239	39	58	201	524	42	340	354	194	419	198	119	102	590	29	54	165
V203	65	250	278	261	60	96	23	236	221	109	15	366	96	67	166	628	242	503	129	6	4	307	48	47	407	199	47	613	109	113	128	703	108	710	22	358	37	339	203	159	2	422	446	366	116	99	54	623	114	225	103
V204	317	175	136	1	96	173	159	25	229	422	41	301	19	227	50	160	737	214	303	112	18	47	39	156	297	39	76	242	84	15	26	28	74	253	493	30	211	5	168	49	26	69	131	520	467	10	200	0	133	87	300
V205	25	486	226	40	216	5	74	168	98	26	405	58	472	111	349	185	245	112	56	321	36	124	41	132	2	237	281	191	63	112	57	433	83	199	160	60	11	37	4	194	242	14	237	458	47	120	47	15	5	457	77
V206	228	114	331	461	304	192	172	95	370	355	204	661	99	48	575	50	5	299	42	121	276	95	98	53	274	448	56	6	94	7	170	51	308	421	122	165	425	170	91	130	305	173	131	151	357	33	184	50	50	311	213
V207	43	140	178	142	415	658	9	117	128	144	761	75	390	102	417	117	143	5	447	78	10	98	49	248	117	220	31	11	208	442	96	90	261	68	341	44	34	118	323	160	74	503	192	168	5	68	218	7	28	81	72
V208	16	218	44	302	50	4	235	52	2	9	23	5	111	248	635	98	40	69	125	117	14	611	246	79	138	618	271	10	96	192	644	255	316	17	557	552	544	681	56	180	207	70	157	19	187	1	4	269	228	37	66
V209	69	15	37	35	220	157	255	0	75	266	441	55	954	130	17	294	15	10	668	229	96	79	24	29	102	42	9	358	243	138	229	62	498	42	122	53	57	86	130	361	31	302	926	42	75	32	552	187	366	969	74
V210	458	515	125	161	18	355	30	507	23	56	179	32	34	273	392	162	249	325	185	315	29	305	193	532	197	18	3	55	350	550	577	36	40	519	212	117	294	489	209	303	329	217	696	206	177	129	89	68	25	31	424
V211	72	45	49	393	5	12	292	154	102	172	336	45	35	12	113	433	19	267	123	212	29	211	160	197	195	401	77	119	68	582	390	54	156	127	1044	124	18	311	457	204	676	456	167	100	110	183	294	103	35	373	99
V212	232	605	169	82	108	34	194	319	69	225	56	45	503	536	91	7	12	191	46	51	24	469	473	182	28	224	202	67	262	50	347	86	16	4	50	671	147	236	60	75	164	179	61	229	0	33	68	134	47	155	265
V213	181	102	268	13	158	2	80	81	2	81	151	280	158	190	276	50	250	8	26	582	92	742	15	491	553	117	79	35	592	828	52	434	65	221	28	276	300	245	185	168	935	288	46	136	73	100	318	46	268	333	175
V214	125	35	69	504	88	182	256	69	310	411	132	5	85	129	54	150	469	534	6	136	610	1016	86	256	68	131	228	51	21	246	27	200	135	52	20	577	16	30	664	611	42	301	410	131	25	51	32	289	71	19	129
V215	89	45	75	73	975	491	294	356	82	235	348	27	117	353	389	43	107	204	369	362	238	434	51	61	54	329	524	15	144	198	166	97	86	121	54	51	31	9	45	69	29	54	172	105	18	128	228	122	116	63	85
V216	167	412	28	561	163	167	279	90	321	111	103	139	179	114	107	38	119	556	141	88	51	90	135	10	125	84	14	119	68	237	61	356	533	114	465	52	201	649	54	282	7	197	94	113	71	87	110	179	256	40	182
V217	56	267	203	165	2	56	98	36	26	149	202	233	92	91	19	16	137	47	20	27	65	29	141	74	229	127	385	108	26	52	229	59	375	236	56	124	17	228	96	22	196	197	89	562	114	87	269	163	30	164	87
V218	53	17	48	13	53	44	113	147	41	532	179	170	44	80	370	211	233	13	108	191	11	71	173	332	196	40	351	259	137	3	279	318	472	38	147	142	161	944	103	140	157	100	257	14	858	101	120	1273	101	56	53
V219	124	38	545	0	8	469	49	87	52	110	298	45	110	163	421	3	229	145	202	145	199	314	96	63	262	80	29	135	104	202	300	4	217	262	313	642	44	178	580	253	5	16	587	81	27	197	3	24	288	47	110
V220	288	9	34	5	424	411	185	69	72	20	30	34	101	128	16	18	370	98	21	27	101	40	3	28	140	124	236	28	212	20	205	76	606	80	1	78	155	41	88	90	216	190	474	54	1415	440	177	137	47	29	257
V221	206	111	356	116	313	127	6	159	58	157	167	155	244	333	229	111	53	39	301	205	314	296	36	461	54	94	437	44	351	106	66	98	54	92	700	38	85	608	580	64	324	46	327	34	38	50	288	68	696	178	189
V222	135	457	147	74	3	79	218	97	317	114	15	65	8	17	805	178	7	340	35	548	334	9	86	53	121	73	85	383	204	288	92	38	331	119	44	503	246	204	191	40	879	145	43	143	297	195	4	115	307	97	163
V223	164	3	5	594	12	107	143	31	197	43	475	105	182	54	224	151	299	292	72	33	22	209	374	156	130	529	122	35	99	76	15	311	387	24	26	146	127	146	45	28	15	48	260	312	407	139	126	43	212	175	142
V224	221	313	259	151	220	30	465	4	141	220	541	153	19	586	112	87	23	158	99	62	44	39	53	11	470	99	817	158	34	202	218	13	136	45	540	83	219	94	161	173	266	223	17	300	40	142	132	90	96	188	253
V225	110	30	384	74	500	5	234	43	112	46	55	714	75	116	22	533	174	60	44	144	827	505	67	27	358	706	130	170	35	125	123	103	202	508	154	69	159	61	173	446	126	192	48	8	503	243	394	199	210	142	115
V226	9	563	219	101	293	188	586	23	304	179	240	33	110	31	54	235	200	128	277	422	117	71	147	122	452	294	102	317	528	344	319	183	42	107	99	219	761	23	141	156	31	24	142	192	312	73	250	0	420	120	96
V227	150	121	633	167	206	79	17	141	1	66	27	171	510	92	104	19	62	116	15	108	4	535	26	296	57	35	31	273	256	38	96	19	82	191	128	857	128	141	0	417	139	141	690	492	123	21	261	548	213	111	135
V228	93	23	243	4	311	51	33	121	11	51	211	285	33	548	42	638	947	65	124	232	45	86	70	227	34	654	33	38	414	53	102	250	204	178	152	147	175	141	52	102	140	85	42	416	9	47	220	2	307	434	98
V229	3	269	478	147	267	240	12	99	342	348	251	394	90	300	285	147	217	121	310	367	382	257	92	38	60	222	208	152	73	171	180	490	13	46	202	110	56	102	13	441	166	208	169	1438	373	179	210	103	41	104	64
V230	22	26	607	30	6	173	41	87	220	21	323	21	454	65	84	183	149	24	336	158	20	16	151	201	299	64	142	19	122	542	367	321	727	237	139	179	99	225	110	34	159	15	38	274	134	463	80	428	353	105	53
V231	131	478	9	37	166	123	221	7	244	430	72	40	22	792	437	30	144	164	391	241	376	43	175	261	4	74	35	14	183	15	267	451	22	19	208	187	37	0	112	114	227	909	90	317	120	140	62	143	241	41	182
V232	259	192	81	1	149	41	160	40	303	486	324	398	449	269	174	311	65	256	186	17	992	107	204	284	14	177	42	20	254	97	293	257	292	45	399	73	38	175	34	35	72	275	14	221	93	139	7	150	80	509	256
V233	129	78	135	529	54	35	9	91	587	169	200	107	506	301	358	219	92	85	69	304	498	317	326	239	666	53	553	192	9	179	253	129	8	178	73	470	63	95	13	466	523	54	6	33	40	382	17	430	68	72	130
V234	791	231	303	72	4	168	311	167	88	64	115	232	438	836	107	92	14	295	225	330	49	164	14	140	21	40	256	60	412	11	106	88	175	28	141	107	18	131	425	93	65	14	47	37	148	24	187	73	29	624	640
V235	255	326	343	680	43	305	15	69	236	84	52	126	32	88	126	51	114	51	155	188	106	50	97	211	433	54	119	9	36	164	39	417	473	155	22	11	123	133	257	85	11	60	70	14	47	72	243	40	220	19	236
V236	498	349	18	178	464	80	44	63	97	129	64	293	117	45	409	3	136	885	14	156	67	76	600	100	2	151	6	96	467	37	299	8	169	219	36	314	46	59	452	39	161	147	184	170	385	239	100	242	24	32	460
V237	6	1075	804	461	221	472	157	142	634	349	139	25	49	260	535	293	132	135	294	161	209	54	78	451	416	382	159	64	312	139	368	277	221	12	44	486	662	10	213	157	130	386	704	75	73	209	23	164	5	21	146
V238	388	7	64	10	67	205	257	35	168	299	312	22	91	0	246	144	12	262	301	73	181	50	37	744	344	12	806	368	259	590	196	143	244	159	116	8	39	157	148	107	795	237	346	285	61	42	19	104	80	97	345
V239	458	176	201	51	154	19	59	530	117	406	681	142	58	542	108	256	166	54	189	9	6	155	274	6	6	71	93	163	240	535	12	197	10	407	73	589	194	187	147	36	295	163	247	323	69	87	267	16	154	442	407
V240	61	83	203	496	83	262	1184	377	280	262	434	213	121	161	18	196	248	339	100	463	646	51	315	7	145	70	585	106	87	368	355	149	112	52	244	496	63	84	268	10	276	40	100	96	57	2	84	658	225	131	72
V241	414	112	206	377	33	793	83	360	215	361	6	347	80	0	336	218	3	286	42	317	28	800	163	34	168	25	95	77	110	34	38	327	40	265	222	436	190	51	210	18	444	13	46	492	323	54	54	3	7	38	361
V242	273	155	131	198	170	107	36	155	25	80	95	432	69	220	148	1	506	284	15	366	99	291	2	131	143	30	34	124	395	31	6	264	113	9	15	36	559	53	288	306	174	547	121	429	100	229	94	92	158	16	252
V243	166	201	68	378	1	171	103	39	284	370	149	15	411	151	250	42	399	856	803	727	456	42	355	227	199	116	200	174	92	60	4	151	184	196	690	476	683	23	182	206	853	258	51	156	33	87	62	25	128	20	195
V244	10	251	184	169	75	202	230	136	170	79	344	87	15	155	85	247	472	85	34	102	81	718	184	289	73	202	212	138	82	96	112	33	293	191	5	148	134	222	48	68	218	512	98	193	138	93	456	244	143	237	61
V245	126	21	314	72	419	29	148	3	113	327	133	137	52	310	283	160	181	82	264	218	3	352	862	218	83	263	13	113	48	190	38	308	201	278	378	55	7	155	123	58	266	315	586	597	130	137	108	61	54	56	103
V246	97	127	332	146	323	15	60	81	31	97	90	12	226	167	22	368	87	232	37	330	68	206	614	436	1	306	71	9	18	108	120	258	256	88	136	23	714	38	26	184	182	342	378	33	163	102	81	60	44	64	115
V247	51	109	376	37	190	183	133	223	248	9	447	80	83	106	262	93	198	541	117	131	55	305	329	80	357	36	224	54	101	426	81	210	149	76	152	446	210	241	60	245	208	493	25	254	1	20	132	26	410	3	51
V248	306	125	0	100	343	100	62	318	128	277	170	413	456	29	1	92	515	583	545	96	564	198	41	74	104	247	227	53	232	591	134	131	43	247	273	293	295	17	320	397	83	49	154	496	149	514	9	227	102	217	293
V249	172	195	280	166	87	88	7	93	448	80	111	569	447	15	111	239	247	11	397	141	666	270	223	17	26	440	340	117	42	64	32	83	96	292	24	307	8	255	30	171	443	156	431	68	699	112	38	845	454	164	182
V250	90	10	120	210	73	26	173	37	321	51	594	185	19	251	71	100	265	17	806	31	177	301	363	12	436	33	6	163	338	56	393	46	146	39	112	34	68	168	500	70	98	113	29	258	189	0	130	179	192	454	84
V251	157	207	12	8	55	99	117	17	60	355	55	138	82	250	50	623	298	493	499	0	50	0	390	340	266	77	260	502	38	245	13	47	345	115	161	195	81	297	296	18	289	586	338	88	1044	359	93	713	1067	602	170
V252	58	235	63	154	211	80	25	650	168	35	7	68	341	392	77	404	175	61	105	87	177	271	193	136	316	134	490	194	163	90	41	44	33	18	368	108	304	86	185	303	57	622	60	22	179	75	603	16	31	408	97
V253	843	97	169	22	13	50	330	178	32	342	328	346	37	842	284	19	644	334	164	882	41	41	146	337	81	46	140	102	93	163	55	32	58	34	67	13	161	110	327	47	4	39	323	602	29	21	296	38	20	16	683
V254	72	470	145	46	28	222	44	723	221	558	142	367	13	124	194	41	11	156	40	1	214	177	70	304	129	124	110	241	170	154	313	357	79	130	569	43	451	73	53	89	633	19	248	5	335	94	16	216	30	53	144
V255	132	94	292	572	633	159	102	123	55	487	13	508	200	163	239	9	64	557	23	49	24	96	27	361	36	651	113	56	66	23	128	281	53	635	292	411	147	23	158	196	242	39	40	499	730	332	110	641	88	46	137
V256	428	25	73	71	327	75	34	138	329	408	332	157	8	155	19	250	259	480	107	565	129	11	45	215	453	234	18	23	29	390	19	602	75	50	145	539	0	32	401	143	616	15	26	94	79	67	9	145	161	642	346
V257	74	218	25	107	51	583	19	6	10	239	456	231	106	120	340	7	132	85	314	41	37	244	607	194	37	621	22	175	138	5	429	47	146	822	333	39	167	46	76	84	754	14	305	188	367	61	77	597	105	134	99
V258	41	27	70	336	149	106	1355	422	18	113	162	277	173	51	11	121	302	41	47	295	7	49	383	76	36	72	436	4	180	100	329	349	482	200	52	115	506	148	305	25	176	196	89	6	37	228	66	175	223	135	41
V259	50	110	216	171	94	156	18	120	20	111	63	47	204	788	10	339	380	5	68	29	212	443	116	234	330	83	699	164	71	336	154	48	173	251	202	26	23	75	66	76	22	70	223	430	984	31	38	272	133	231	71
V260	472	118	178	285	69	43	151	53	318	0	62	27	241	50	88	287	101	70	125	119	346	64	10	318	125	342	17	93	147	210	20	52	573	604	263	375	140	92	63	520	93	61	627	601	142	117	438	336	120	121	379
V261	214	192	291	112	67	149	99	26	44	60	449	48	46	274	171	202	261	82	216	163	181	340	329	102	6	183	595	374	197	196	92	237	579	43	351	299	70	38	507	157	3	29	117	240	196	72	95	42	142	16	219
V262	264	348	19	125	57	56	491	43	62	635	303	42	0	350	135	272	625	147	325	75	228	247	2	9	457	204	77	141	193	23	284	118	43	329	32	6	171	872	320	159	92	197	13	100	221	333	5	342	41	108	277
V263	591	206	178	613	376	215	159	171	113	331	41	136	13	108	210	31	294	732	314	188	410	196	22	308	90	342	41	481	418	110	35	33	123	679	81	44	99	41	127	143	234	536	27	31	3	72	157	149	20	164	496
V264	195	810	14	146	34	250	85	142	46	75	205	424	120	79	297	162	614	22	53	262	25	374	274	23	566	89	157	226	43	202	70	15	495	605	40	74	278	454	144	89	220	80	62	86	80	184	15	25	18	63	272
V265	88	207	85	171	73	240	150	169	487	4	135	150	112	212	353	160	139	138	94	48	138	316	138	2	136	105	167	377	15	466	56	117	589	27	130	714	203	77	27	111	275	241	37	185	452	450	116	8	180	158	109
V266	153	175	37	1159	386	472	286	71	255	307	275	59	79	95	33	506	388	30	1049	261	11	345	188	90	125	137	150	11	136	97	188	68	86	60	177	205	14	139	156	196	430	295	194	28	80	33	49	342	268	32	173
V267	1	78	162	134	154	11	74	61	58	107	291	135	331	244	131	42	32	47	171	48	44	188	234	84	122	389	191	52	100	325	61	59	40	86	6	82	207	11	16	83	54	227	133	268	292	83	119	37	508	281	24
V268	60	308	115	15	171	291	26	126	98	3	88	699	25	47	52	465	137	28	17	364	426	33	156	0	502	42	93	76	7	187	234	270	183	392	277	247	261	52	78	503	0	73	86	117	23	684	585	48	288	228	103
V269	749	34	152	325	365	400	257	9	250	556	70	517	12	61	200	157	42	481	65	770	261	530	21	6	224	736	102	313	37	195	126	36	96	139	54	224	334	330	3	626	150	980	15	217	1	168	180	503	208	155	605
V270	113	299	381	663	424	601	27	186	309	148	88	114	199	203	150	287	315	203	407	47	128	118	125	79	493	66	77	1	90	607	148	444	348	75	40	53	9	916	10	149	220	39	229	2	28	7	352	229	101	13	150
V271	151	104	28	6	543	136	200	16	473	198	10	259	147	190	183	463	9	514	83	1	594	31	456	48	97	1	28	70	68	48	119	531	34	23	25	0	374	126	116	293	352	79	3	187	42	104	313	236	226	490	129
V272	159	312	96	407	403	54	413	107	0	535	11	32	172	224	370	113	4	95	41	487	42	85	158	71	324	99	77	250	223	421	20	79	300	73	6	68	670	147	197	41	405	676	239	21	225	121	0	25	82	243	194
V273	248	10	428	112	226	98	54	100	171	87	72	54	143	325	139	207	82	27	159	50	13	249	140	216	199	312	309	262	709	104	79	312	176	400	370	58	853	8	115	57	237	509	251	18	395	195	100	70	111	204	231
V274	337	57	198	207	22	35	71	221	224	76	362	112	397	1	169	211	16	226	184	107	268	506	33	117	144	209	131	82	68	109	107	241	34	248	17	165	260	113	124	479	25	144	134	98	49	275	854	53	111	113	300
V275	299	1039	313	154	782	33	630	243	20	121	336	273	42	172	72	15	166	578	461	117	104	467	52	678	223	123	183	199	114	111	153	71	495	272	136	15	29	236	166	21	53	193	206	91	180	15	160	45	55	440	373
V276	50	30	106	34	87	545	178	145	183	84	842	242	50	4	41	164	19	301	147	504	168	20	133	52	511	224	222	46	174	58	142	325	97	193	110	143	36	162	175	235	10	66	38	258	292	317	189	528	178	70	68
V277	110	19	403	41	350	22	70	171	752	163	758	140	155	14	82	523	238	259	180	455	185	104	42	208	83	166	229	290	12	24	74	9	422	247	21	84	364	89	403	205	61	616	20	16	102	267	300	282	21	55	111
V278	113	441	427	96	19	74	114	350	30	436	118	168	73	94	399	227	55	136	640	46	109	9	31	278	133	178	32	231	38	314	430	45	424	58	25	21	213	325	251	67	106	426	137	92	359	106	47	535	6	11	149
V279	78	260	155	288	60	341	176	37	69	139	65	84	106	155	131	133	193	9	226	4	510	89	303	27	24	376	34	174	73	333	85	76	232	319	119	206	39	316	24	9	360	11	210	259	181	76	73	100	313	94	97
V280	550	27	361	38	1019	772	32	32	284	359	771	6	141	352	132	694	1110	73	85	318	306	197	181	161	121	148	91	342	24	10	15	122	301	237	423	136	2	177	6	290	60	56	1150	377	27	369	325	168	292	200	452
V281	90	274	260	617	236	112	28	53	245	124	147	110	22	168	13	34	329	431	318	33	270	401	215	39	185	40	33	1064	53	149	46	82	143	26	15	414	582	597	222	682	87	56	226	136	57	243	193	11	338	185	113
V282	435	56	6	64	383	151	192	240	18	401	110	1342	9	518	86	2	271	216	434	95	15	246	46	83	98	3	496	3	211	155	66	49	401	107	458	56	431	190	51	155	95	40	171	240	251	18	11	38	295	58	382
V283	78	559	78	44	3	147	30	93	155	556	214	45	128	113	517	16	74	119	249	232	471	60	23	21	96	187	328	252	191	63	558	903	222	50	97	77	104	68	46	142	289	217	8	501	70	232	162	91	43	174	151
V284	2	140	565	277	288	583	425	99	149	354	486	651	366	24	450	453	144	1001	154	283	178	190	27	33	272	144	146	237	55	46	84	443	107	319	151	212	171	165	129	347	24	231	10	3	8	476	64	21	195	428	47
V285	306	212	205	5	103	263	60	272	73	221	161	75	196	161	49	437	377	165	475	797	39	273	468	129	547	194	252	366	392	97	125	77	49	731	158	171	126	127	94	41	271	17	350	202	80	8	245	152	239	76	286
V286	510	34	100	18	48	196	676	117	51	173	17	184	1	134	26	199	10	372	314	94	84	89	436	117	218	225	99	10	101	172	451	1032	65	224	365	243	219	459	294	101	25	30	194	29	65	416	703	380	84	671	445
V287	394	145	653	172	641	425	131	239	50	82	61	95	61	50	510	324	52	110	41	25	59	12	21	83	31	614	27	785	568	252	50	249	44	94	1	460	282	274	428	263	210	264	165	272	19	125	99	272	22	304	351
V288	9	221	34	14	199	89	254	94	52	9	59	164	133	214	29	449	52	150	442	83	237	250	167	357	168	325	236	217	312	62	135	29	293	267	92	119	124	104	18	358	72	70	125	569	397	235	246	402	103	51	40
V289	136	15	37	16	102	51	569	170	16	556	397	119	161	295	194	355	81	130	45	3	108	200	144	228	180	158	37	185	57	4	68	106	30	287	14	237	895	536	283	3	312	233	134	201	372	152	594	45	818	85	129
V290	119	41	313	839	208	68	1053	44	14	7	166	98	470	257	137	13	51	439	335	303	153	67	306	258	38	257	22	104	372	50	125	663	207	97	37	18	410	13	44	33	87	243	149	641	320	652	178	106	15	83	102
V291	9	256	1	75	285	131	437	22	460	633	48	73	68	250	23	30	153	741	92	9	66	217	109	459	133	76	26	316	59	357	387	200	49	7	239	485	445	194	114	44	128	270	168	267	157	77	163	312	432	97	56
V292	61	252	69	581	40	12	46	96	145	78	418	223	58	797	3	340	824	205	24	10	256	227	93	19	438	134	90	117	347	33	559	209	95	13	322	563	75	250	47	293	11	193	308	405	178	71	1212	513	85	21	95
V293	17	271	6	39	2	25	27	174	141	45	934	37	104	125	28	23	1204	46	95	42	19	121	248	94	290	30	303	68	155	26	255	74	164	225	287	35	402	191	262	222	166	131	211	22	18	227	342	140	79	208	53
V294	40	189	18	120	635	69	338	56	82	114	332	323	4	271	656	31	481	567	642	455	67	61	24	200	26	111	81	735	97	243	78	4	56	1	450	218	8	34	360	238	74	577	384	277	278	281	58	603	332	59	81
V295	98	108	304	75	116	59	320	44	113	213	126	317	11	12	46	11	375	411	31	114	441	264	220	87	937	109	65	941	392	14	129	18	18	164	138	511	65	22	108	46	107	216	73	271	47	50	63	163	11	276	92
V296	104	124	306	178	129	139	290	31	170	216	159	220	196	1	77	265	176	452	49	328	46	47	357	430	483	134	208	173	202	390	48	203	150	234	335	169	51	92	161	8	19	401	157	26	208	76	82	128	117	26	126
V297	172	23	33	391	58	181	27	19	9	298	255	87	188	49	243	236	1331	170	271	83	115	446	1099	516	116	251	101	418	29	30	77	34	98	296	210	154	14	172	378	89	558	315	391	37	6	81	245	58	246	250	149
V298	45	127	51	87	118	445	77	246	109	8	399	2	597	77	10	37	47	77	51	456	9	572	27	146	10	580	105	10	57	52	152	165	349	77	56	366	411	42	475	235	47	121	167	39	94	167	787	36	268	55	70
V299	102	197	105	813	100	182	923	182	30	74	168	66	536	213	14	198	74	493	149	49	347	353	143	264	36	79	305	114	52	979	34	1	40	257	128	293	571	145	316	82	238	198	195	503	225	84	410	0	22	760	143
V300	304	311	570	344	111	391	145	11	241	325	353	176	449	392	14	174	52	260	466	18	34	62	124	17	15	113	123	183	133	135	47	21	126	340	205	28	192	260	67	512	514	69	63	177	229	35	156	120	313	130	288
V301	177	599	230	56	17	1118	107	122	480	10	23	256	657	216	337	396	210	55	26	62	69	116	69	96	222	226	422	52	579	479	291	0	389	280	62	48	50	633	113	85	528	157	105	78	287	109	136	147	487	56	230
V302	207	366	35	17	214	139	788	285	335	49	70	214	90	294	34	7	126	574	89	13	640	424	214	61	109	67	169	391	614	154	395	375	165	44	108	238	234	7	171	817	24	4	537	214	10	662	85	877	508	68	234
V303	100	4	157	219	829	467	799	153	0	96	76	42	187	34	164	25	350	86	87	43	433	12	165	66	24	16	258	51	130	56	93	127	92	221	221	251	347	29	222	27	238	1	156	230	115	676	303	296	6	109	114
V304	144	659	59	384	222	94	158	86	102	40	162	127	544	134	72	1	280	352	116	1289	147	557	182	538	398	158	463	157	228	448	60	18	73	158	411	0	555	22	553	231	22	553	61	49	72	46	259	419	278	204	224
V305	106	81	624	136	33	94	103	198	560	344	119	53	259	71	205	167	316	253	117	117	126	198	119	447	113	400	231	110	118	475	97	69	54	18	150	73	339	63	198	195	84	32	7	136	155	248	583	160	28	715	126
V306	156	189	146	4	342	344	82	378	41	9	102	59	80	73	43	157	27	123	362	243	508	176	307	334	63	117	185	81	13	415	16	31	76	17	87	25	199	95	25	13	192	145	364	650	71	84	80	59	492	222	155
V307	245	156	526	51	102	40	149	13	294	499	536	70	174	16	284	44	43	508	50	331	24	203	106	43	77	26	84	84	157	66	643	50	61	645	270	166	207	815	265	164	592	67	144	54	224	9	317	29	195	836	223
V308	273	22	102	54	548	64	993	238	600	919	469	233	436	616	240	436	14	171	280	20	7	477	556	141	187	192	223	328	1	0	80	372	81	418	31	27	480	107	171	55	248	112	198	7	18	48	170	177	209	480	244
V309	931	254	114	332	161	316	767	57	325	425	358	12	54	498	47	209	1222	165	170	247	185	115	78	158	26	7	77	181	8	255	650	23	329	170	407	671	608	262	172	386	162	7	155	511	617	189	586	352	91	101	799
V310	58	271	41	634	105	316	3	37	89	160	467	29	293	463	264	176	51	19	449	406	58	323	240	154	144	100	294	17	30	324	380	255	216	289	176	252	1	8	549	22	42	176	449	112	531	675	244	22	114	356	111
V311	123	53	28	138	231	60	149	48	148	1058	113	468	119	100	110	120	222	61	147	30	106	35	122	145	87	306	106	133	232	103	247	165	61	479	718	50	73	89	51	369	137	121	1133	120	51	196	49	413	205	15	120
V312	99	48	127	458	73	35	53	172	317	160	201	262	9	54	189	37	65	208	576	348	733	351	237	25	181	89	151	51	121	240	9	108	204	285	48	110	92	429	282	0	8	124	24	35	21	108	40	136	345	106	94
V313	2	38	227	161	55	259	80	157	153	2	388	700	301	3	52	22	325	174	86	145	138	92	36	519	21	237	294	122	309	116	18	17	298	124	97	808	16	134	69	14	571	147	68	31	298	80	25	144	147	45	25
V314	32	626	81	297	40	569	169	607	175	170	4	69	140	90	245	159	45	22	818	83	1126	76	110	651	359	6	314	14	108	171	9	289	88	210	116	118	127	513	40	95	55	17	446	119	331	30	96	102	439	126	124
V315	70	8	254	242	335	215	17	32	93	381	233	82	362	532	247	330	324	127	557	8	369	50	259	378	353	0	47	247	220	95	7	62	434	413	299	115	16	94	249	168	43	328	461	2	19	329	20	190	347	311	61
V316	374	196	45	294	39	175	66	40	866	184	80	17	10	180	359	87	3	182	38	36	66	71	80	500	803	927	411	550	78	279	114	592	178	318	29	784	123	159	92	413	268	327	14	347	266	45	335	128	581	428	336
V317	287	2	11	103	196	261	553	173	0	164	91	656	158	93	504	146	476	220	692	76	24	17	198	143	286	54	94	626	330	648	63	36	195	45	110	273	142	187	161	127	64	88	328	264	6	264	364	97	9	27	297
V318	192	47	109	13	612	11	183	482	175	151	75	792	111	19	431	634	8	294	105	42	455	103	328	291	30	120	146	20	215	322	111	77	113	71	4	12	227	63	516	6	200	187	238	492	53	606	187	321	344	8	171
V319	3	195	282	46	676	53	420	84	377	791	311	106	529	46	738	229	52	24	281	102	262	238	148	75	136	307	5	10	17	100	58	205	425	52	182	75	256	52	140	119	108	144	176	288	238	59	192	80	435	40	50
V320	175	94	218	426	129	13	376	32	164	53	147	218	429	529	72	120	11	344	263	388	63	276	13	622	194	98	202	555	11	13	324	311	52	70	66	200	394	72	749	68	222	32	296	160	89	111	390	40	25	76	182
V321	392	256	44	32	42	251	35	64	401	302	366	5	667	291	82	238	228	10	217	519	147	108	4	81	109	15	3	88	340	56	402	100	19	80	276	626	131	654	298	328	136	42	480	97	289	273	219	114	2	13	341
V322	148	114	223	138	331	180	466	193	116	69	265	154	78	103	200	239	53	373	147	28	176	172	221	83	53	372	829	64	79	619	25	48	121	137	163	4	229	38	77	25	100	47	212	16	72	222	2	351	284	98	149
V323	514	149	24	138	80	83	62	406	25	185	407	266	140	186	48	671	60	85	308	292	465	505	282	91	312	10	300	157	40	15	203	92	165	209	117	15	1024	983	786	180	293	436	4	165	324	114	77	25	479	70	471
V324	5	343	265	50	36	290	22	68	97	25	183	131	267	176	48	347	300	103	18	51	341	479	161	487	123	695	362	336	44	99	35	86	204	226	161	193	295	78	157	587	152	152	671	153	466	121	213	1071	647	229	76
V325	266	37	35	4	475	301	44	36	183	110	4	107	185	576	824	120	631	65	74	145	273	37	231	383	115	104	92	12	19	33	30	65	445	175	142	106	713	356	85	227	50	134	91	216	49	350	23	97	75	6	256
V326	186	230	10	53	38	589	394	10	52	82	141	74	67	62	321	41	152	462	66	45	443	584	150	671	201	70	191	65	86	299	17	718	17	177	40	90	33	617	144	267	163	113	81	72	18	58	136	143	64	407	172
V327	20	287	479	332	15	81	501	81	148	62	488	116	265	280	142	117	144	52	34	40	195	874	309	385	17	569	24	58	155	136	262	251	384	147	79	43	33	287	501	28	287	84	240	11	6	190	376	70	152	127	66
V328	326	30	124	260	120	148	250	105	52	143	38	195	173	48	215	55	611	79	97	90	29	5	523	45	58	8	209	207	235	229	14	121	341	123	31	257	106	557	76	111	30	386	191	126	188	349	251	18	182	45	273
V329	298	268	322	362	324	207	35	178	155	110	269	275	126	1130	149	171	71	4	85	201	252	99	80	219	175	319	375	152	891	49	87	17	245	15	334	53	660	6	243	296	110	95	232	229	47	332	260	57	266	0	298
V330	223	3	180	261	212	27	464	72	77	45	69	232	148	44	319	2	33	247	110	535	98	242	94	367	319	224	0	13	119	117	258	61	114	104	153	201	43	92	54	37	2	169	140	549	153	41	58	79	98	375	187
V331	68	236	76	437	565	109	195	149	151	335	21	311	13	478	55	164	170	3	55	262	560	249	275	480	385	138	148	77	97	187	542	46	224	83	109	252	23	101	187	331	78	714	39	807	189	344	450	21	18	169	95
V332	59	111	166	877	99	111	464	10	200	26	10	158	74	177	847	488	81	57	106	23	481	29	86	1026	310	74	109	73	47	9	1194	5	812	8	667	38	20	286	62	650	279	143	78	248	167	104	40	397	141	812	82
V333	113	233	185	76	184	647	835	562	305	61	340	9	27	71	491	14	69	0	22	10	274	270	158	10	947	143	371	518	208	231	191	122	2	64	458	142	273	268	414	9	60	330	362	266	109	293	164	80	104	255	151
V334	170	162	198	867	163	72	177	5	54	127	7	89	21	258	168	35	64	112	233	517	357	133	112	103	59	154	3	83	63	99	14	404	167	52	164	286	514	130	219	37	194	14	170	177	103	29	61	229	577	67	157
V335	58	101	317	136	441	158	58	71	84	22	217	82	339	251	464	255	684	289	125	34	100	11	163	880	53	1	83	48	41	111	833	65	170	66	148	103	24	31	222	91	173	159	493	301	190	75	240	28	200	13	85
V336	109	300	432	21	284	65	1	490	184	285	53	307	27	382	149	169	99	410	103	63	145	89	106	75	74	48	138	0	255	532	190	192	24	317	399	216	130	335	249	213	282	183	1021	178	277	636	110	450	583	320	141
V337	131	143	14	117	89	169	20	62	659	16	124	561	143	368	21	70	47	43	141	762	498	421	193	68	317	235	164	105	146	132	225	95	466	130	0	61	70	395	40	314	104	119	70	113	194	168	503	134	5	143	105
V338	144	547	52	91	340	460	270	278	28	35	56	669	29	18	229	24	16	270	724	16	66	157	85	93	165	260	162	33	219	5	233	261	152	108	125	151	106	200	196	101	246	12	327	129	148	267	419	14	320	51	211
V339	266	562	188	105	101	532	2	439	395	62	507	222	58	153	5	44	157	22	767	156	75	196	198	258	183	65	34	117	534	535	29	386	133	53	1	471	46	388	175	69	246	159	657	384	142	52	10	1	105	383	287
V340	252	617	152	238	168	129	294	281	148	35	232	33	16	74	176	115	210	722	356	279	25	47	428	158	49	645	167	479	114	43	887	30	489	586	49	81	186	114	187	314	10	183	105	13	230	301	73	215	312	302	308
V341	243	9	62	6	228	131	99	104	188	427	108	204	78	37	264	49	709	563	348	307	216	187	159	438	97	58	205	135	251	617	382	110	194	131	151	480	123	177	293	13	345	11	69	7	69	594	272	253	134	194	221
V342	15	274	12	51	193	12	65	31	9	263	271	316	176	152	462	505	124	237	42	17	47	15	55	766	206	220	271	229	61	207	74	84	41	164	12	169	94	169	218	475	380	9	120	124	205	80	31	47	41	200	84
V343	259	25	74	447	20	34	255	141	153	120	292	198	6	53	186	212	119	43	378	98	1	46	218	8	284	328	349	330	103	258	99	420	46	183	58	227	14	37	128	221	116	122	361	0	16	412	11	410	487	152	219
V344	411	11	261	217	32	119	345	230	208	67	546	83	25	645	142	462	127	15	280	85	34	153	12	83	366	104	196	139	390	103	40	281	866	268	226	44	53	318	126	12	41	514	19	189	463	291	98	61	23	16	356
V345	275	89	187	3	907	28	158	374	340	151	43	7	95	79	10	302	883	531	188	112	96	0	76	194	17	374	182	67	256	50	187	221	19	360	596	134	686	30	210	646	34	256	62	152	13	440	208	103	465	830	242
V346	205	71	383	107	76	18	43	290	453	48	436	580	66	289	600	859	384	96	52	323	66	227	701	88	369	251	54	31	140	263	195	176	137	35	24	56	40	2	40	593	32	457	30	55	247	179	436	296	90	16	202
V347	545	19	370	140	39	458	718	4	92	185	331	36	315	76	410	78	1281	117	561	559	128	155	205	101	46	57	468	98	5	12	50	30	651	67	394	44	53	228	82	1	27	304	198	448	133	84	12	577	327	80	466
V348	99	260	166	92	90	186	76	86	120	74	149	235	578	114	91	97	74	430	22	223	224	83	173	17	76	119	74	157	107	4	212	265	189	44	40	294	114	44	202	210	35	413	176	332	106	38	424	207	484	94	133
V349	107	271	123	219	339	279	40	108	94	591	112	52	38	18	767	240	140	200	258	195	217	38	12	95	28	211	21	193	440	367	264	287	110	43	187	81	150	30	28	4	235	24	65	234	21	137	271	669	122	267	137
V350	63	126	386	449	229	28	28	376	32	119	54	361	47	115	75	372	174	127	177	327	404	52	2	485	331	1743	231	214	93	318	26	106	34	108	264	103	94	376	310	30	161	252	160	151	354	408	131	13	69	1	102
V351	77	507	192	201	170	21	175	26	333	54	148	142	186	13	9	61	356	125	359	441	523	23	687	68	289	373	81	352	25	239	57	38	67	186	889	263	160	341	84	56	83	329	36	51	16	252	364	889	199	393	154
V352	42	384	76	16	182	15	43	912	121	86	20	12	655	3	390	139	837	1044	502	381	493	171	51	236	103	96	119	37	184	64	70	384	108	223	122	257	56	564	187	36	523	81	58	194	27	147	300	7	396	22	99
V353	52	996	523	254	54	198	730	187	352	11	32	545	380	813	274	1	41	771	343	200	72	166	71	460	18	793	32	97	790	60	712	94	100	696	352	118	204	241	71	184	158	313	239	40	48	171	478	201	34	198	180
V354	92	91	223	384	0	341	927	181	535	627	435	91	360	737	290	450	45	32	148	382	518	109	100	367	48	91	711	300	123	174	272	9	219	134	183	133	622	243	78	242	272	304	198	82	80	98	112	87	107	63	109
V355	164	141	55	119	340	25	139	71	114	343	1	256	211	329	90	734	188	6	72	143	3	282	459	103	332	4	168	108	342	55	9	492	25	486	519	127	22	82	441	82	165	201	188	5	46	217	69	16	30	446	170
V356	105	100	27	35	76	448	156	35	684	62	795	338	43	131	9	101	387	252	113	6	156	138	19	82	197	135	70	14	336	5	58	141	102	26	78	101	529	17	224	56	273	80	296	51	231	188	455	89	48	34	104
V357	627	181	22	927	77	216	108	1033	424	237	9	105	209	243	205	5	80	53	375	225	416	70	289	160	59	130	487	81	186	759	19	41	25	261	152	223	58	8	33	196	171	2	160	11	96	130	177	26	18	117	543
V358	148	8	101	1	326	127	50	43	771	177	666	332	37	43	22	197	160	154	302	272	58	257	371	152	142	235	161	238	7	87	86	218	772	104	494	153	326	118	12	131	53	11	17	6	7	186	2	3	279	434	136
V359	304	411	379	539	69	45	100	469	131	59	371	24	160	4	48	211	294	143	85	118	219	49	348	117	94	140	287	154	129	32	218	95	70	13	581	280	358	11	469	264	645	602	174	252	1	461	212	106	118	1087	284
V360	3	443	84	168	212	77	93	259	119	86	71	5	22	217	178	73	64	7	668	28	59	617	381	202	222	60	294	184	245	226	158	458	81	13	9	366	0	119	158	180	222	169	311	2	31	330	96	220	206	54	63
V361	295	36	19	83	69	209	47	22	7	1	12	185	11	179	28	15	22	559	115	880	84	122	55	254	299	27	211	519	285	77	152	54	49	395	146	174	567	1457	253	24	25	6	208	192	507	71	136	127	26	41	249
V362	52	243	351	26	33	55	215	615	11	337	61	161	153	908	155	390	84	37	383	104	273	177	318	953	134	62	675	155	6	95	430	89	225	350	166	371	33	216	120	117	342	521	138	124	14	32	627	713	516	141	101
V363	172	12	100	41	733	295	60	61	47	1	169	292	27	298	206	303	212	28	90	342	1115	15	225	116	155	183	22	211	298	212	322	25	24	89	163	46	1237	233	331	102	565	76	3	42	22	520	158	219	19	282	149
V364	500	158	78	40	10	435	84	134	186	97	533	11	260	233	83	81	97	31	102	764	176	317	292	80	453	95	244	7	120	218	7	299	71	53	27	52	166	243	115	156	9	2	140	70	394	56	88	127	221	108	404
V365	8	986	17	223	319	4	56	43	3	264	65	17	91	18	359	3	42	544	431	294	282	67	103	203	239	81	25	116	809	1343	2	151	5	18	192	254	216	1111	136	82	3	127	63	43	99	259	96	229	209	282	146
V366	185	204	20	700	235	96	78	494	357	191	444	208	41	14	88	213	739	70	33	77	97	116	23	555	192	318	360	417	121	54	16	592	73	62	283	244	205	111	103	103	321	135	17	640	80	521	65	0	101	201	176
V367	267	74	336	534	151	330	48	66	405	313	103	89	286	14	127	9	61	115	19	475	315	391	179	209	60	21	665	90	161	219	88	15	74	187	263	284	400	500	76	197	14	52	551	165	567	47	776	85	431	78	231
V368	240	1016	22	76	1063	1265	144	140	320	94	106	31	266	30	101	325	16	124	67	107	390	92	133	49	288	1	270	812	81	227	270	93	566	139	161	22	26	279	24	75	11	69	196	1237	266	231	145	98	412	169	289
V369	69	126	263	348	550	136	52	467	10	3	63	397	109	49	135	124	11	62	42	207	120	434	37	180	12	157	75	249	70	232	161	58	90	192	75	90	228	43	42	120	626	512	15	223	623	46	129	125	491	31	83
V370	69	7	105	434	222	626	50	542	171	313	332	72	325	32	144	687	10	413	37	573	5	108	92	34	138	352	101	828	17	279	24	227	63	352	116	66	255	150	383	322	18	1113	91	238	70	48	167	41	1	278	87
V371	372	155	339	74	119	30	236	88	249	623	19	360	226	863	92	75	362	85	808	4	273	346	151	285	56	1005	313	222	412	384	251	28	44	725	479	57	6	225	82	26	24	20	19	123	42	303	291	89	67	88	312
V372	31	80	612	42	250	103	176	124	567	282	247	67	252	396	312	27	323	144	502	479	63	30	132	29	23	171	235	92	479	91	289	159	255	671	66	141	89	283	279	332	113	175	52	67	175	281	3	513	315	36	40
V373	25	18	288	31	340	9	2	171	226	242	15	143	225	26	9	91	250	78	106	72	31	174	76	215	184	114	101	31	10	342	88	181	298	424	177	60	603	33	129	309	286	104	45	73	381	34	1630	357	147	47	38
V374	1077	214	228	264	5	400	544	187	6	53	20	5	98	25	49	55	163	115	203	173	56	88	45	2	116	193	29	33	20	13	478	493	184	138	241	887	132	61	238	59	184	306	171	53	107	52	260	318	281	706	839
V375	54	110	16	196	72	78	66	287	636	248	470	182	626	37	324	53	148	126	61	65	104	407	670	7	100	31	180	138	519	482	295	39	303	346	173	261	12	81	240	95	307	680	209	216	302	89	221	7	109	30	60
V376	215	629	14	8	23	364	29	405	366	84	85	254	127	84	346	407	269	348	756	87	112	52	58	248	373	219	59	80	396	134	564	839	82	160	138	21	132	131	41	194	49	51	153	6	62	25	124	48	253	187	245
V377	504	139	395	301	79	345	331	274	61	100	166	152	6	88	454	15	293	35	6	101	38	40	348	12	119	29	219	53	64	97	181	458	225	66	242	29	320	329	195	453	327	146	272	108	58	65	497	274	445	250	436
V378	23	23	29	44	452	78	62	215	526	123	34	30	588	414	433	137	149	300	473	536	286	231	494	253	114	237	185	49	87	301	252	16	406	606	118	163	25	9	381	70	94	369	50	146	117	87	18	213	36	297	35
V379	93	263	328	28	65	99	110	313	627	204	28	370	254	230	314	292	95	6	263	7	34	246	13	160	304	89	3	303	93	837	671	189	115	253	183	29	200	102	195	36	73	640	340	10	33	84	42	909	49	164	127
V380	188	288	571	422	200	82	24	18	315	38	563	32	371	93	236	70	48	37	6	245	281	1114	287	9	293	1	99	135	8	285	123	35	251	126	233	136	58	56	446	64	317	21	48	494	368	508	1252	93	40	328	179
V381	68	11	58	8	410	2	222	125	508	171	75	79	590	146	81	413	338	40	302	487	142	156	209	104	47	74	193	149	925	62	544	69	259	147	219	23	76	110	314	45	297	218	67	145	77	17	512	81	718	158	83
V382	42	103	110	166	99	26	538	183	27	121	92	281	40	778	425	36	350	180	331	71	113	212	11	178	21	529	371	315	166	307	71	61	13	66	64	392	485	72	16	346	39	98	205	283	198	483	603	109	405	439	53
V383	86	55	28	40	70	21	109	168	29	125	441	143	29	617	44	118	444	63	82	29	52	180	257	338	110	3	577	543	17	130	368	740	227	39	9	593	78	317	82	78	81	46	163	56	323	83	263	223	170	137	105
V384	170	18	167	173	68	25	28	150	101	80	50	208	342	293	38	121	196	36	44	167	45	234	897	129	281	51	26	105	20	98	226	713	208	130	39	144	115	102	56	81	198	428	220	131	120	60	231	173	34	143	126
V385	863	162	77	269	43	29	151	612	120	360	381	365	54	73	129	125	61	203	18	196	487	112	192	658	262	216	136	74	26	230	46	11	355	15	114	279	12	179	379	197	36	44	234	627	109	104	8	199	374	261	716
V386	221	469	392	325	51	124	219	171	237	37	95	684	382	21	15	131	236	226	517	265	8	198	989	82	579	183	498	203	942	480	10	211	76	1067	203	33	276	21	496	19	22	77	64	64	1383	113	377	39	9	81	257
V387	141	70	5	209	211	60	360	127	179	4	31	85	73	260	121	542	117	831	88	2	173	554	58	150	224	98	47	589	277	224	10	684	486	86	0	124	32	90	452	185	264	198	213	35	168	179	623	336	71	343	136
V388	430	93	283	1	181	42	177	185	391	363	308	308	19	822	55	77	55	39	361	2	128	5	42	284	39	426	3	60	129	267	179	63	0	65	610	50	123	369	112	107	51	218	512	464	36	701	94	27	455	535	350
V389	202	664	42	73	108	10	283	299	168	645	104	655	89	33	850	87	134	26	112	190	241	407	335	34	663	60	113	105	256	199	93	182	39	225	93	211	115	235	674	19	64	247	240	191	96	377	19	97	24	635	259
V390	215	230	180	315	1022	274	197	452	284	39	31	345	405	60	213	167	120	5	270	660	317	66	164	188	108	195	143	59	319	203	959	80	519	62	77	57	83	147	68	38	47	96	0	19	62	161	0	51	294	19	197
V391	474	117	502	156	159	99	10	326	424	83	169	7	373	16	139	534	76	371	34	406	46	234	565	330	123	38	61	305	67	104	120	166	96	0	611	164	308	459	261	158	732	92	299	64	17	100	124	276	93	38	392
V392	277	65	69	295	402	160	809	17	24	76	41	368	268	23	98	191	226	793	143	157	26	81	34	301	169	153	144	319	23	481	40	349	291	178	78	304	466	21	8	210	277	548	264	308	138	127	115	666	112	330	239
V393	32	280	840	64	362	84	147	987	91	101	28	209	154	328	65	23	251	512	206	1409	360	284	75	62	654	63	55	34	4	0	620	28	227	12	204	278	17	57	173	1433	137	241	114	43	80	138	853	501	37	7	89
V394	152	37	124	151	46	680	65	412	20	239	1074	142	8	3	64	751	152	554	239	98	411	163	7	279	82	215	194	7	118	55	155	91	482	232	0	196	242	111	120	171	181	9	74	79	163	159	54	570	865	119	147
V395	397	5	57	87	15	2	50	6	203	223	93	95	522	22	46	98	41	279	730	637	93	1209	18	1025	176	494	8	199	432	85	540	224	132	339	89	197	532	120	34	360	78	451	270	29	21	158	88	52	8	167	360
V396	33	32	68	13	364	81	87	177	111	57	369	101	89	367	280	169	10	78	10	21	424	26	1155	14	5	856	6	538	262	59	44	12	155	70	194	103	105	184	247	770	253	113	93	294	14	167	693	533	331	9	36
V397	19	205	37	371	110	134	6	64	138	103	43	120	260	177	255	16	163	279	120	30	21	439	28	70	61	448	248	270	25	39	513	72	337	132	7	46	40	362	14	518	119	35	80	393	354	59	63	3	66	404	48
V398	80	28	316	218	606	68	4	247	52	4	140	8	41	43	148	3	42	213	370	28	92	320	141	130	54	67	26	272	44	338	292	240	232	191	279	43	617	77	82	374	56	245	392	297	46	11	67	116	21	90	78
V399	598	192	240	39	151	5	56	156	190	55	112	21	575	295	553	116	725	3	42	73	340	10	10	141	172	203	333	47	115	237	624	41	126	222	195	405	869	73	153	179	408	279	177	237	273	43	230	565	34	177	519
V400	79	33	41	9	22	1	3	130	49	35	27	23	204	210	36	226	40	312	66	114	241	192	64	16	234	948	33	297	210	202	382	24	72	377	525	56	219	240	463	783	40	574	65	329	138	109	770	100	301	45	84
V401	253	282	82	764	99	636	11	167	436	8	514	121	16	32	356	65	275	44	462	18	29	1	292	95	5	701	230	192	33	90	181	6	313	1	104	162	2	121	106	32	231	50	85	146	107	8	41	203	561	124	256
V402	487	378	22	172	811	489	237	8	46	907	157	217	2	383	269	98	258	155	148	262	483	272	183	549	25	323	30	23	20	170	188	491	2	15	67	667	443	306	35	254	456	101	741	321	4	52	120	118	257	40	425
V403	183	223	81	592	171	88	335	157	151	133	151	132	157	59	25	659	188	436	284	120	368	144	469	285	276	226	1089	164	47	135	2	195	123	390	413	104	293	45	166	3	97	208	132	31	118	50	529	10	539	59	173
V404	144	134	16	56	747	312	92	38	104	149	4	95	320	243	175	108	326	72	283	536	556	50	250	149	148	33	273	98	140	9	425	24	1	32	326	58	126	14	192	302	63	31	88	118	511	38	215	73	8	48	138
V405	53	111	22	89	10	91	778	270	96	211	133	605	159	152	291	46	205	139	50	67	191	35	219	230	246	107	470	52	179	19	180	110	34	125	123	4	231	258	995	107	225	12	13	296	36	68	52	11	132	51	74
V406	288	352	39	790	97	64	739	59	223	5	26	287	200	3	34	1	281	14	232	44	230	443	154	377	27	367	45	288	22	42	82	474	374	205	375	148	45	62	239	678	156	350	406	305	27	245	16	126	308	235	279
V407	160	85	345	151	302	152	40	99	848	668	583	54	332	31	294	312	338	490	35	50	439	106	141	49	42	56	60	474	10	143	406	183	19	425	481	112	9	138	271	78	225	54	129	6	420	151	89	346	538	41	175
V408	76	570	108	91	0	91	12	68	30	168	9	277	374	11	284	151	52	50	467	117	148	424	5	305	121	263	50	55	898	90	208	27	147	48	21	179	89	15	67	587	124	398	32	181	67	35	531	17	15	76	137
V409	346	187	129	333	107	53	294	383	209	644	62	287	1131	257	272	375	141	142	114	145	1401	195	336	22	291	276	62	789	201	332	168	6	91	81	51	66	267	50	45	185	193	6	392	44	1246	93	248	42	61	339	325
V410	52	129	38	1054	309	414	235	25	158	31	56	6	430	481	295	535	109	166	542	123	381	351	147	78	348	951	116	15	208	281	145	43	112	31	87	8	107	54	284	260	733	77	89	408	70	46	110	43	117	150	63
V411	336	60	8	61	88	20	116	194	26	197	131	141	254	0	15	317	1	196	428	16	15	98	155	197	64	293	20	0	14	89	388	234	11	2	146	114	456	23	151	386	197	390	178	102	328	8	484	261	498	32	252
V412	111	330	276	22	224	102	469	238	253	12	25	145	324	30	295	325	117	371	230	250	79	134	30	763	85	40	384	171	46	62	61	24	1087	215	77	395	35	225	568	440	1178	212	130	590	139	147	217	81	193	743	167
V413	137	1007	159	92	23	769	34	232	131	32	71	124	58	126	155	50	160	3	20	120	45	157	456	413	223	93	662	19	56	471	99	17	168	274	16	103	149	656	318	251	41	61	103	97	299	137	190	168	48	81	237
V414	117	130	246	82	45	91	122	440	22	591	29	278	24	151	39	576	1	280	140	78	484	312	161	28	100	160	38	157	654	145	125	442	393	393	16	18	80	118	25	415	255	237	114	503	282	68	380	78	33	647	130
V415	621	74	79	118	191	256	308	43	223	52	337	84	323	637	21	371	248	81	162	12	152	82	923	103	267	191	29	17	1221	77	92	35	351	166	583	101	9	49	491	192	0	428	212	27	151	1	298	110	390	285	542
V416	345	349	205	56	36	46	115	27	401	598	318	97	192	11	30	136	104	43	25	693	112	147	50	111	203	91	177	271	269	160	147	397	83	20	153	146	515	276	592	179	304	204	111	111	229	188	669	245	66	200	358
V417	359	231	324	125	121	242	106	169	27	100	372	881	50	225	707	57	46	291	95	46	26	120	18	108	160	80	2	394	63	202	188	53	1147	219	117	88	150	162	442	34	546	216	51	572	340	157	95	290	179	281	376
V418	56	382	158	123	320	247	173	132	166	424	5	206	231	197	53	362	409	7	63	235	49	55	1	302	19	8	46	0	110	75	114	121	34	8	601	58	62	297	84	155	35	40	233	660	231	121	295	82	449	64	94
V419	319	85	171	96	74	233	35	809	139	11	302	425	86	304	117	7	439	6	371	195	91	633	287	367	61	40	70	160	296	293	882	137	338	225	261	50	103	231	46	539	980	191	86	15	723	239	180	74	135	26	285
V420	28	598	117	33	203	153	32	132	91	10	18	143	26	28	789	152	178	69	179	62	72	47	368	285	59	256	365	1	189	21	4	263	195	142	157	180	128	11	55	165	26	314	779	3	4	128	152	163	56	80	91
V421	495	117	32	288	9	147	19	285	237	10	241	406	259	49	98	192	276	68	36	0	141	8	309	0	189	119	38	95	78	160	62	1	118	22	11	170	354	4	73	167	80	17	14	58	102	114	348	66	86	30	403
V422	163	494	368	34	28	49	520	66	366	79	144	158	450	343	494	539	24	24	26	295	168	577	193	81	392	204	366	103	11	39	244	6	384	24	291	441	112	105	138	156	73	34	47	202	1154	398	50	285	7	152	179
V423	142	457	81	371	221	414	344	16	64	354	77	80	11	28	166	370	71	24	180	18	93	544	110	335	231	73	627	122	699	83	285	122	74	56	86	425	155	111	159	278	2	448	267	37	189	0	5	208	245	286	194
V424	231	354	234	56	38	249	728	343	69	199	122	28	3	15	20	330	149	22	29	50	496	30	691	199	7	192	594	154	4	224	101	268	188	74	511	546	78	105	95	414	198	243	336	276	62	16	104	363	185	638	226
V425	27	38	172	496	4	99	215	767	38	116	67	110	119	42	448	142	182	83	335	131	115	99	114	147	308	131	462	90	40	51	34	576	238	69	154	171	164	87	426	956	90	49	62	338	184	149	143	438	251	445	54
V426	674	213	411	5	492	116	125	172	401	221	312	68	213	17	179	480	176	22	131	138	131	904	172	376	432	16	707	88	38	304	4	60	17	738	24	423	166	23	52	228	107	41	20	186	308	186	411	205	92	572	616
V427	217	63	290	22	63	268	142	47	331	238	25	333	85	465	212	88	10	179	106	188	414	154	18	336	153	178	201	1161	60	519	16	212	122	156	124	60	372	68	191	213	147	5	87	249	37	21	101	306	136	121	188
V428	50	580	89	185	106	425	363	20	42	243	251	297	115	38	40	278	209	22	14	103	94	380	420	299	242	390	338	354	3	169	249	52	81	254	947	29	456	249	139	1165	196	519	496	110	129	55	38	256	121	110	129
V429	402	418	38	64	557	67	125	415	90	2	198	127	158	418	272	629	94	142	25	204	69	70	312	56	64	268	216	82	10	9	84	102	344	23	95	761	131	300	359	602	157	1	269	508	178	463	145	370	179	320	393
V430	486	9	213	91	102	373	174	333	80	186	117	198	457	237	105	22	363	238	342	5	318	23	85	373	310	101	527	85	52	74	7	607	13	766	408	138	94	27	47	24	19	750	123	220	29	440	196	147	344	46	405
V431	239	482	71	33	97	86	131	153	3	42	85	56	1107	512	193	293	262	132	358	657	41	60	137	103	98	36	18	120	376	208	78	1088	62	87	136	82	15	8	468	80	109	65	5	169	125	291	89	70	44	49	263
V432	468	309	0	54	114	2	1127	844	117	688	204	690	35	61	16	58	380	89	194	346	107	386	110	73	15	25	361	105	434	326	50	324	19	169	12	67	236	188	238	235	42	44	569	723	106	83	104	186	10	361	413
V433	326	136	276	289	208	899	637	166	434	279	54	31	203	71	17	107	84	38	80	623	57	258	186	401	226	762	97	133	473	132	622	46	372	152	123	120	434	353	538	29	0	142	436	54	205	55	435	420	425	51	314
V434	73	229	1	350	11	305	114	308	18	13	132	242	568	75	76	15	325	84	137	85	390	368	113	245	127	277	39	807	55	611	34	85	216	247	153	178	111	204	96	278	209	248	167	206	313	409	4	39	265	72	99
V435	151	775	235	249	206	127	27	15	374	354	809	242	420	801	72	107	78	171	6	740	15	746	522	307	39	180	282	567	232	185	903	33	24	75	18	30	29	41	84	543	27	308	119	3	51	511	171	39	153	22	218
V436	635	59	209	370	837	126	25	68	67	198	265	120	407	151	148	109	271	343	100	383	133	99	197	551	277	558	19	1063	64	57	225	92	209	370	228	109	33	310	112	0	361	1067	42	194	514	42	15	722	27	38	553
V437	105	3	123	73	408	103	61	26	68	17	437	53	31	29	365	223	375	104	172	72	34	42	212	28	248	816	215	33	148	533	55	482	74	199	471	585	116	28	45	140	76	47	85	66	50	385	65	292	162	241	113
V438	151	191	139	582	62	154	308	51	1095	30	201	232	113	85	26	75	18	42	88	33	15	8	20	146	241	235	368	204	841	422	356	83	40	159	156	85	142	26	270	92	766	40	379	1228	27	286	13	196	533	366	150
V439	106	237	85	0	147	146	21	180	387	35	46	172	37	147	296	140	242	339	156	111	17	643	513	346	35	85	16	160	96	140	33	164	293	134	574	86	5	90	186	384	1875	63	118	242	80	111	25	397	1	53	152
V440	117	236	0	123	19	2	441	320	36	297	500	386	73	94	53	764	30	723	271	448	360	45	261	49	68	217	357	61	407	152	57	271	76	123	98	325	96	67	229	716	16	170	133	42	2	84	55	393	2	27	138
V441	525	106	450	9	380	127	965	101	2	293	122	71	147	8	392	111	74	79	20	21	268	52	319	11	306	57	271	132	70	6	337	554	202	45	248	546	374	13	633	100	144	678	48	414	157	401	92	125	50	286	442
V442	917	103	103	459	55	60	36	459	104	454	61	94	263	374	215	436	95	227	266	37	238	72	66	625	343	8	315	32	50	157	67	262	906	144	278	70	35	296	10	63	69	239	270	37	247	330	95	83	173	376	802
V443	99	254	81	616	18	31	163	53	29	26	79	76	426	94	225	204	127	114	37	43	164	101	454	102	266	224	360	21	98	189	38	242	200	909	157	23	556	452	51	416	833	419	330	165	22	785	19	238	122	146	149
V444	74	23	63	61	25	94	344	8	28	244	59	70	237	44	36	544	31	109	102	16	158	39	11	97	31	486	220	360	96	93	63	987	501	18	208	177	92	117	554	36	677	34	902	113	305	1	145	41	253	225	95
V445	348	139	199	10	36	471	21	478	141	523	223	16	91	220	28	109	19	135	259	140	90	75	8	8	594	214	17	52	107	160	192	177	438	101	97	351	265	223	2	13	186	130	30	544	14	784	267	373	28	121	298
V446	60	643	272	189	72	196	77	26	411	494	386	599	26	81	262	308	46	53	236	313	142	11	53	455	257	315	93	96	936	449	45	43	122	55	146	114	59	11	179	259	95	8	226	205	371	0	52	57	245	1	149
V447	228	110	681	254	165	8	122	375	219	1	19	73	582	71	81	57	207	221	254	106	732	186	145	371	114	31	12	270	155	3	102	138	296	69	161	98	5	194	170	1	272	82	540	36	116	378	377	282	82	27	150
V448	914	135	578	38	323	65	68	14	55	962	342	415	366	217	177	176	51	299	107	366	57	579	180	224	12	140	19	274	128	88	154	272	431	308	2	594	440	100	145	63	113	45	312	979	178	67	50	203	248	239	767
V449	237	668	193	193	286	282	212	90	512	2	655	65	48	35	272	71	939	336	231	4	633	47	84	39	37	1	43	68	412	7	758	69	220	157	129	601	172	12	135	82	905	246	32	424	247	83	4	163	265	62	255
V450	283	117	51	316	5	144	221	164	95	330	46	10	62	164	33	105	52	8	28	409	122	55	521	78	13	380	129	115	26	7	66	214	29	82	329	39	79	477	201	89	49	149	4	93	19	148	250	10	190	222	210
V451	144	216	105	57	449	438	186	50	3	426	117	95	164	87	242	400	24	335	287	68	71	98	166	54	119	128	540	136	181	562	17	606	109	114	276	83	13	45	43	447	11	330	1092	0	235	29	19	92	85	204	142
V452	28	52	169	53	132	25	77	179	372	58	136	56	7	139	35	47	576	58	348	216	309	25	274	283	328	124	223	378	301	64	102	710	64	94	290	196	157	135	120	560	585	85	42	64	141	320	573	312	1296	85	45
V453	249	10	74	478	52	96	107	436	131	350	12	369	217	93	154	330	191	360	12	11	219	27	296	912	439	73	24	80	11	199	71	95	17	301	43	214	383	65	72	12	386	102	80	695	3	20	12	255	10	60	225
V454	258	46	60	4	314	282	157	487	147	152	29	323	38	5	177	0	107	286	97	151	4	48	44	287	468	61	70	393	46	298	156	91	124	24	142	220	79	69	101	337	3	137	296	15	110	26	137	86	88	84	217
V455	40	421	26	57	178	47	214	187	154	377	37	122	147	177	422	3	131	113	173	212	47	244	15	77	177	336	748	278	328	165	292	122	183	48	245	263	935	177	131	12	31	387	382	295	117	220	27	29	157	45	92
V456	220	597	75	242	51	30	192	174	497	54	122	602	495	557	101	530	78	118	45	176	318	75	55	14	55	118	139	246	30	75	63	41	9	75	440	7	51	119	375	350	38	95	141	27	133	261	1	31	15	89	262
V457	177	83	360	63	244	935	543	7	35	854	576	4	187	53	5	142	312	54	20	159	69	80	263	245	245	84	31	196	292	51	439	256	326	302	80	202	10	565	7	88	402	160	42	211	601	211	153	353	26	376	161
V458	5	58	354	6	307	43	350	108	47	146	18	122	137	124	692	70	55	376	157	2	13	93	167	71	378	450	507	1065	89	260	192	231	135	282	1379	27	220	458	73	7	308	41	242	288	40	241	62	404	168	258	38
V459	908	495	42	37	4	66	145	45	264	109	441	252	138	182	24	83	37	356	414	77	217	7	163	91	227	44	19	279	282	248	815	191	32	424	41	83	33	332	126	579	215	320	230	64	230	271	18	652	21	71	828
V460	110	211	371	23	331	19	126	598	183	40	63	387	114	101	20	153	519	54	249	112	80	191	177	50	137	88	656	92	121	398	85	63	164	126	23	98	8	462	96	334	173	31	2	586	156	120	29	66	68	206	133
V461	12	189	164	241	514	35	279	24	292	65	192	3	742	4	132	314	71	12	64	211	673	22	17	67	226	8	4	95	7	167	112	166	239	111	12	44	238	153	12	151	134	199	369	184	148	233	167	239	415	489	47
V462	59	979	45	481	86	233	10	362	205	378	276	17	100	199	36	86	310	54	36	54	47	186	112	222	228	66	28	129	15	8	4	215	31	217	303	83	52	239	178	320	172	56	65	294	186	430	95	652	183	95	187
V463	42	186	450	241	3	85	26	138	143	163	30	540	156	74	64	133	349	270	106	159	338	193	29	104	162	111	0	874	299	4	294	114	208	127	315	430	97	276	26	30	102	341	358	92	141	94	292	50	295	99	72
V464	228	220	43	114	561	113	414	260	205	68	89	54	178	313	264	106	5	66	341	11	247	20	93	318	157	563	128	125	204	15	51	122	86	121	124	200	3	277	150	8	225	102	161	132	203	117	289	173	322	155	227
V465	363	353	116	30	154	72	898	880	32	75	26	697	292	82	512	305	75	121	46	372	232	333	393	28	27	139	52	8	98	88	823	175	161	201	59	318	177	207	170	310	49	87	170	108	0	243	57	110	14	37	372
V466	73	49	71	199	54	611	0	11	143	317	77	595	250	19	247	183	1	4	313	201	58	242	206	55	691	29	57	160	104	699	116	44	70	204	213	40	477	207	445	205	28	280	44	272	139	134	78	174	462	8	93
V467	666	117	421	602	1031	901	322	43	48	66	11	247	1237	102	77	42	35	312	765	237	180	378	220	55	13	319	9	134	221	62	261	150	15	51	152	182	9	47	108	185	213	40	20	272	52	100	19	60	104	138	531
V468	309	795	175	103	83	69	533	8	283	416	146	97	103	60	801	99	382	105	48	40	52	154	207	53	70	48	253	135	84	183	829	11	542	310	49	115	19	232	26	114	53	252	149	257	159	40	436	3	28	164	387
V469	326	15	894	100	368	109	174	60	217	11	217	37	330	329	154	95	145	226	326	137	52	132	156	3	341	13	108	9	414	55	27	10	83	632	341	42	7	114	104	190	91	366	41	160	200	374	347	283	266	114	288
V470	124	152	6	530	156	143	116	952	348	49	78	100	181	155	129	68	80	10	391	270	48	226	89	71	237	117	91	52	29	456	25	338	91	459	38	459	22	80	410	296	27	181	115	106	30	21	386	7	513	112	155
V471	610	242	190	677	14	241	32	232	82	46	104	224	51	38	191	287	158	106	36	37	126	1081	159	110	61	18	26	209	411	77	364	172	327	261	104	79	161	287	590	275	56	59	54	14	139	27	162	179	127	20	534
V472	18	80	30	106	309	100	328	128	38	320	946	52	135	235	229	86	65	478	201	92	691	248	105	116	255	464	181	9	19	713	364	28	256	378	34	40	102	76	184	273	139	139	239	11	8	304	105	200	69	182	46
V473	133	73	8	74	73	153	110	332	324	41	342	109	227	122	88	17	89	86	257	128	96	95	619	59	467	145	19	300	196	449	27	425	71	240	124	151	81	44	96	231	48	116	104	3	14	275	33	356	86	169	120
V474	17	367	1082	92	160	150	289	54	99	317	100	111	223	252	28	80	40	297	40	345	158	250	955	117	402	154	309	513	238	247	109	456	79	45	448	130	171	165	69	187	233	324	417	60	99	219	20	607	28	25	70
V475	35	172	264	166	44	179	119	9	2	299	9	125	63	40	710	177	135	151	19	166	121	62	364	65	439	128	718	189	519	259	376	36	116	34	492	209	136	147	383	99	95	192	25	114	270	83	153	888	170	94	81
V476	38	505	38	305	133	55	140	365	204	58	527	62	97	190	33	90	41	79	49	98	72	533	179	42	4	195	135	66	284	87	194	49	481	0	66	126	77	91	18	49	552	321	60	20	36	258	44	54	574	4	103
V477	28	160	64	427	500	115	105	455	672	301	30	7	507	58	94	149	640	134	194	4	485	461	32	185	168	653	55	30	121	419	57	27	106	43	108	161	27	262	526	38	99	28	116	3	360	41	119	147	41	256	61
V478	119	76	26	139	9	347	36	46	97	176	158	115	118	30	168	172	45	61	143	142	70	81	180	327	621	156	449	56	143	486	0	138	167	121	159	605	313	196	51	87	138	80	17	198	52	544	398	644	55	548	127
V479	51	195	78	54	101	126	180	11	51	28	353	85	37	100	218	83	277	196	100	16	50	340	105	111	432	115	139	276	377	39	189	181	245	81	228	68	380	78	662	15	395	111	380	55	242	298	3	40	122	425	90
V480	155	49	150	49	353	100	573	365	133	15	145	573	185	213	30	21	313	113	633	27	707	12	32	203	474	125	390	293	80	172	206	203	177	30	154	161	61	274	161	65	306	46	35	375	9	322	84	186	176	373	151
V481	296	31	761	387	3	425	380	155	217	162	371	101	220	112	164	144	22	85	38	136	56	141	7	238	82	328	136	118	0	142	35	672	169	851	29	18	287	526	627	141	110	282	333	363	37	105	23	297	95	504	259
V482	165	45	109	335	248	72	164	172	177	37	12	603	38	55	653	22	201	241	135	93	290	114	233	29	15	696	251	1132	150	1369	138	159	369	154	44	175	254	214	74	184	84	170	183	145	86	92	281	43	62	14	146
V483	123	65	166	92	37	312	104	150	224	168	745	207	36	357	31	436	5	289	14	93	117	11	231	422	21	10	108	348	161	113	37	31	16	79	922	1	55	7	475	43	190	410	75	53	107	85	594	118	74	687	108
V484	39	394	56	23	44	200	375	675	321	236	62	103	128	417	152	140	89	99	33	44	167	378	565	19	8	126	13	610	291	51	115	15	439	613	37	198	382	4	103	367	129	11	101	77	47	347	309	83	452	347	93
V485	29	42	84	74	891	308	51	45	77	90	384	32	35	491	57	65	137	2	360	243	393	12	158	599	723	9	323	343	142	121	28	157	90	81	315	237	65	137	163	24	223	141	55	425	133	94	171	13	102	620	57
V486	190	419	75	616	272	33	75	1	451	78	583	370	187	90	1	69	7	158	800	78	467	869	629	158	55	5	851	69	328	49	25	208	160	166	262	261	55	77	125	184	93	38	10	232	130	137	74	202	58	130	202
V487	59	86	53	207	684	74	98	317	23	574	379	3	26	55	221	966	227	87	274	189	99	383	76	51	4	379	28	207	583	94	548	335	80	168	251	122	32	10	105	242	636	296	60	212	388	0	99	4	298	65	83
V488	197	60	399	36	142	87	41	142	224	329	222	244	501	109	110	170	110	129	120	312	64	308	57	403	82	87	92	126	62	175	473	33	114	673	100	499	555	11	131	310	21	2	332	639	438	171	133	66	63	724	198
V489	179	143	29	229	135	308	52	175	27	281	254	263	155	121	81	128	267	279	36	705	240	197	287	381	256	901	463	276	88	422	504	44	313	163	89	387	50	68	57	273	213	742	224	142	214	722	381	216	326	413	182
V490	105	248	299	175	93	82	341	125	27	541	229	112	102	136	17	165	70	40	485	350	651	90	111	240	530	181	57	624	13	53	649	89	16	113	176	54	64	172	14	184	301	116	86	112	411	34	161	245	43	48	131
V491	148	61	10	510	37	158	66	57	260	620	76	143	807	76	333	32	5	95	178	99	90	120	517	188	24	182	67	173	179	466	64	26	53	70	352	70	195	226	31	6	300	504	117	295	458	213	81	239	46	303	138
V492	46	34	68	197	176	373	452	143	273	3	21	69	523	91	263	493	23	114	24	319	46	47	87	123	191	62	132	136	11	724	235	64	407	316	100	229	406	522	330	1187	405	30	113	577	330	158	41	137	1	9	59
V493	103	234	344	174	496	61	28	86	209	350	697	186	114	151	671	291	84	129	35	57	344	70	193	91	62	741	278	257	284	277	569	24	26	172	786	167	265	141	144	193	122	22	66	26	274	381	128	136	246	178	144
V494	33	55	312	190	493	546	10	27	219	108	99	109	13	110	294	697	69	538	229	22	312	33	63	776	634	252	58	156	201	137	636	265	217	116	286	416	62	77	425	96	48	248	55	60	308	81	43	153	449	99	60
V495	193	541	65	277	150	171	40	374	556	361	250	744	25	17	570	119	327	204	335	22	261	7	137	101	413	478	280	169	793	75	128	110	13	106	161	0	75	352	69	176	33	245	64	25	269	22	138	41	334	22	228
V496	51	112	89	0	553	65	170	662	181	301	87	14	169	364	269	97	14	6	47	130	208	77	250	96	328	105	252	507	808	0	402	118	142	34	119	193	297	2	213	232	18	26	944	226	29	42	144	945	107	25	81
V497	47	236	122	45	141	142	49	159	40	123	431	122	120	446	16	5	90	143	27	63	211	150	91	231	569	131	24	163	26	29	256	180	7	496	326	120	140	185	15	40	49	294	759	173	718	725	702	209	40	107	70
V498	31	192	138	182	29	384	44	539	307	113	333	250	313	864	750	13	226	384	241	95	79	338	125	174	69	93	179	307	440	128	303	26	178	203	58	435	1	222	343	4	283	135	240	230	477	294	179	76	131	475	81
V499	46	710	20	93	59	54	1052	48	198	51	318	255	87	366	8	0	102	76	210	195	146	26	710	742	60	177	212	4	0	165	63	433	244	332	77	266	2	178	236	52	562	113	43	94	0	292	44	112	156	19	145
V500	290	189	137	9	27	191	35	104	80	519	341	612	195	14	35	262	89	36	405	184	167	11	359	60	446	181	56	86	32	180	258	56	221	252	96	24	249	83	20	113	118	10	54	36	110	47	255	177	200	124	243
