Source001	Source002	Source003	Source004	Source005	Source006	Source007	Source008	Source009	Source010	Source011	Source012	Source013	Source014	Source015	Source016	Source017	Source018	Source019	Source020	Source021	Source022	Source023	Source024	Source025	Source026	Source027	Source028	Source029	Source030	Source031	Source032	Source033	Source034	Source035	Source036	Source037	Source038	Source039	Source040	Source041	Source042	Source043	Source044	Source045	Source046	Source047	Source048	Source049	Source050	Sink
V1	52	186	137	87	51	157	39	61	243	104	137	1148	198	416	36	159	167	576	368	67	145	123	298	19	325	30	67	238	2	180	388	69	277	181	172	29	465	270	10	237	7	117	805	442	83	114	54	940	395	167	100
V2	106	284	380	418	233	19	628	366	2	111	52	142	437	291	49	141	518	445	579	10	358	38	399	184	189	114	170	47	8	332	343	499	806	372	326	49	84	28	275	355	219	371	647	178	112	259	362	53	361	117	174
V3	4	74	575	80	240	48	42	208	1424	39	244	191	120	229	20	143	211	156	51	260	69	170	225	225	6	214	170	127	301	366	274	371	91	211	8	470	98	165	58	54	326	55	573	36	196	1090	11	203	433	55	41
V4	67	127	23	559	734	32	20	142	73	653	88	153	450	161	174	3	727	25	313	48	198	140	249	59	141	517	17	429	464	426	353	44	324	186	335	58	215	411	915	155	330	133	22	96	33	607	61	124	361	60	101
V5	252	151	108	110	87	844	24	67	336	223	72	270	478	99	304	39	19	142	74	51	46	50	4	38	288	171	238	125	270	234	104	233	211	11	9	629	260	122	60	3	180	320	211	296	453	433	107	355	34	418	218
V6	368	14	355	210	91	818	73	694	94	99	53	176	1071	127	76	3	37	335	12	249	128	137	158	101	17	104	332	161	13	256	95	330	38	182	403	32	105	17	53	5	64	86	115	175	79	110	50	279	225	733	256
V7	44	23	55	274	6	334	19	59	979	80	176	136	9	239	127	166	116	256	34	303	64	590	122	51	206	42	45	0	492	152	38	267	276	205	566	101	591	93	164	211	169	250	209	405	339	124	561	159	346	110	66
V8	672	16	351	898	57	317	163	129	361	294	137	12	98	125	96	176	71	123	732	132	286	351	64	91	255	136	195	525	100	159	115	88	189	185	84	184	64	124	43	467	228	29	18	293	333	316	120	99	102	107	441
V9	380	57	493	216	317	402	62	168	49	80	80	265	347	23	161	4	34	360	13	135	107	100	363	520	409	499	224	354	68	377	155	78	245	63	262	90	121	127	3	74	30	133	146	228	71	149	153	41	75	287	246
V10	55	215	329	236	153	246	120	11	106	57	7	364	402	39	541	259	216	218	153	180	201	194	82	77	148	29	105	173	517	44	25	6	481	83	6	86	96	136	227	5	366	15	204	9	368	273	260	28	358	306	101
V11	37	722	324	284	290	31	82	3	559	330	191	319	123	920	33	147	810	2	394	91	85	524	235	221	10	63	357	37	74	155	2	23	67	15	432	160	33	69	208	28	195	44	227	584	50	22	108	245	488	53	221
V12	342	145	104	263	96	174	361	580	151	259	206	261	276	42	305	86	144	174	144	132	160	83	165	125	72	9	103	74	288	299	184	48	567	675	110	56	210	35	45	74	28	2	509	97	59	70	348	90	76	35	297
V13	633	273	237	102	23	366	581	131	195	96	151	447	145	741	190	121	72	667	114	459	94	36	73	133	205	163	70	182	215	608	129	660	142	243	190	225	163	127	306	34	66	286	235	953	26	223	166	15	15	268	487
V14	740	447	26	102	34	62	110	47	88	199	96	143	497	192	443	36	71	751	172	12	237	256	258	24	15	72	186	139	399	6	616	116	304	55	387	155	894	205	388	429	88	135	59	386	130	164	226	767	419	63	624
V15	301	342	723	6	60	593	259	176	138	285	304	244	662	360	197	9	205	118	184	264	90	208	10	65	274	189	45	201	6	1271	38	15	24	276	178	20	22	169	34	21	45	207	190	640	110	234	67	29	16	181	305
V16	3	469	551	61	42	106	513	74	1179	163	539	327	42	189	146	145	136	91	134	358	315	35	86	97	233	159	262	201	88	110	373	388	46	27	111	54	216	127	411	200	840	493	263	290	95	350	230	435	111	222	143
V17	80	101	32	19	68	458	143	226	248	125	117	217	28	72	500	579	480	67	349	176	193	46	26	187	88	71	145	168	275	230	62	232	5	47	67	203	20	272	203	292	153	26	72	253	270	106	5	164	65	153	103
V18	224	137	37	336	205	228	240	121	139	816	136	12	238	70	180	147	357	59	2	75	364	100	5	225	174	95	45	426	131	27	47	91	83	329	13	157	300	38	353	39	237	155	167	517	18	108	70	236	66	266	175
V19	139	65	234	10	118	41	40	135	499	157	247	74	452	423	173	591	91	448	83	7	91	117	216	112	131	109	460	323	430	74	62	255	175	51	13	259	151	100	133	90	82	237	245	57	265	650	271	30	224	65	104
V20	196	193	3	149	99	124	94	38	246	55	163	36	408	315	40	203	88	950	45	344	132	253	25	100	183	265	124	690	284	45	840	23	103	40	72	311	137	114	333	29	228	115	23	336	10	31	256	188	127	113	186
V21	180	17	762	582	15	512	131	5	490	28	517	13	110	181	152	57	174	317	126	24	115	261	34	111	374	186	18	440	5	255	84	715	109	51	2	623	34	184	349	79	153	85	138	63	251	275	938	144	378	478	148
V22	201	109	99	221	83	49	294	81	17	239	126	4	48	93	380	362	408	107	365	30	102	1	137	100	157	7	100	370	56	489	501	291	405	626	36	458	8	366	132	47	118	147	57	223	8	43	182	105	348	466	192
V23	345	391	575	94	110	48	54	44	70	11	482	45	280	200	220	301	264	72	146	196	484	229	33	36	310	258	202	74	136	238	61	676	277	191	89	40	105	18	23	145	20	205	42	278	35	203	132	60	42	42	351
V24	170	227	115	178	47	130	285	278	350	419	160	271	232	91	96	119	297	426	154	22	43	216	366	113	231	33	735	48	54	423	295	486	29	234	576	744	55	41	66	530	138	257	391	67	531	462	26	661	94	380	217
V25	224	66	131	441	66	105	41	245	320	606	13	228	30	0	772	101	233	398	188	18	473	229	97	202	37	313	20	228	9	170	695	51	2	523	182	115	11	149	84	179	16	179	44	262	62	11	48	403	54	36	202
V26	9	56	392	485	266	81	100	347	15	68	220	36	322	137	59	40	13	21	22	339	162	46	699	76	33	25	12	237	76	83	346	37	169	130	478	80	69	181	55	168	156	31	238	140	84	119	187	536	254	88	45
V27	17	285	116	278	333	160	63	535	157	77	109	11	481	455	220	153	125	680	234	160	118	277	268	407	198	70	397	84	66	249	163	393	88	345	0	165	303	449	159	263	113	1	211	61	253	153	89	449	61	311	124
V28	30	175	190	122	5	134	1292	286	21	188	69	67	71	212	140	133	221	240	65	160	170	182	70	39	40	427	56	366	55	44	85	14	414	303	274	250	81	60	280	63	21	961	11	133	148	229	105	93	461	358	108
V29	145	7	221	209	79	19	91	195	23	200	159	332	375	154	28	98	226	384	351	38	262	300	53	36	449	353	236	156	48	66	357	39	488	108	27	21	414	116	23	111	128	189	5	101	157	105	83	803	80	42	94
V30	212	359	227	293	261	53	15	279	287	16	209	539	383	16	652	353	135	503	101	95	252	98	175	191	66	64	161	184	346	139	8	93	29	236	423	482	188	0	83	30	133	137	202	124	336	24	14	18	186	155	252
V31	678	121	112	409	27	79	21	111	916	32	126	197	2	243	30	137	36	63	123	157	878	115	279	332	319	167	60	50	277	67	183	237	382	113	104	43	89	318	42	39	43	330	102	67	513	372	39	37	359	252	489
V32	227	99	88	243	123	288	202	25	48	242	492	8	324	0	127	85	56	90	71	117	126	532	628	829	404	65	65	53	238	203	200	27	136	381	732	135	37	41	53	220	250	209	115	129	441	48	187	97	319	40	192
V33	490	163	835	101	230	198	37	169	160	140	22	41	835	18	337	139	250	1052	764	913	0	91	91	642	225	391	83	247	250	144	64	89	91	23	83	22	164	131	264	358	125	1408	75	174	116	224	698	23	58	104	386
V34	121	2	10	102	45	542	345	306	89	77	30	164	97	15	475	1416	205	278	154	310	291	170	60	309	40	15	158	555	646	20	290	56	182	278	803	265	28	64	67	57	93	175	272	275	383	83	154	41	786	233	105
V35	152	97	530	134	160	87	119	319	263	112	49	332	264	162	691	192	454	439	377	49	0	167	61	17	31	115	217	271	8	82	207	509	28	330	632	60	107	178	162	142	94	431	102	113	264	120	292	1026	57	15	131
V36	92	95	292	363	359	1	232	72	87	349	442	304	99	113	147	104	54	99	39	187	627	113	369	432	501	29	79	483	381	30	126	570	348	22	0	393	111	65	66	85	18	1	79	575	201	400	143	212	77	102	111
V37	343	15	89	38	54	89	224	187	576	755	53	25	55	55	94	657	497	636	620	38	47	144	374	502	39	283	133	122	1264	65	128	33	52	177	19	372	35	146	29	408	177	434	35	76	43	64	21	505	90	86	215
V38	343	159	447	82	190	11	395	685	346	268	426	138	371	99	142	38	1	95	34	25	254	19	50	647	30	17	172	247	255	5	63	106	93	29	354	256	26	39	17	94	404	89	349	54	134	330	390	202	173	46	251
V39	64	11	538	147	3	370	225	27	24	220	317	43	253	6	450	78	170	2	82	37	10	30	738	10	185	608	240	1	3	119	174	400	280	53	208	6	340	803	376	127	262	119	116	231	25	23	38	308	131	223	91
V40	433	381	11	159	99	645	57	255	354	180	357	17	65	140	92	447	7	60	424	16	27	447	9	1	253	209	103	29	925	243	270	30	167	233	88	783	74	101	155	203	80	70	77	117	133	80	606	4	16	203	401
V41	416	72	133	354	413	14	284	121	299	232	599	447	127	79	79	23	411	98	287	89	77	4	388	128	130	296	94	4	298	21	49	346	18	174	185	615	92	31	442	58	116	55	16	125	94	237	72	267	412	640	330
V42	343	750	650	59	19	0	78	485	181	130	9	138	94	435	103	71	64	144	233	51	56	449	32	18	363	58	71	68	169	154	142	63	0	337	67	50	402	36	15	390	55	995	168	346	263	245	90	54	82	831	406
V43	702	499	207	40	164	216	138	193	41	198	304	1	354	124	119	251	1043	241	219	89	82	771	38	665	17	298	57	198	177	79	146	191	165	160	193	149	168	199	88	41	511	13	41	625	175	23	27	113	2	218	613
V44	10	223	262	77	26	156	39	7	39	171	188	259	0	760	47	1019	87	12	121	362	177	579	57	45	337	71	112	27	241	207	46	160	595	166	559	35	13	146	566	145	335	51	54	692	281	294	277	20	305	144	81
V45	80	357	209	306	228	41	675	135	96	196	935	284	260	141	794	104	74	672	55	3	15	161	373	43	607	26	47	995	97	546	79	278	91	19	201	174	94	7	888	53	198	105	199	487	11	61	48	40	215	84	181
V46	23	287	216	58	362	94	290	175	54	37	274	563	41	471	225	616	111	534	292	165	90	276	63	94	136	258	5	23	93	178	143	330	104	410	212	71	116	47	338	8	705	300	50	20	143	62	71	344	463	71	106
V47	194	137	41	48	222	448	260	165	248	160	292	356	444	340	181	517	45	44	91	15	149	373	171	405	949	164	130	196	36	343	288	44	70	110	26	3	7	24	164	21	138	269	465	169	14	274	21	53	801	123	163
V48	222	74	253	126	420	13	90	48	57	192	36	46	26	182	428	108	13	128	116	71	12	20	54	549	366	747	892	354	192	217	426	501	161	25	144	37	293	33	549	40	107	241	269	568	156	265	82	176	49	243	145
V49	15	266	24	561	297	117	140	528	99	4	297	151	279	104	179	98	409	238	55	170	269	2	298	434	190	64	20	63	115	255	788	330	132	74	188	62	117	0	4	49	413	122	31	364	579	45	104	78	21	288	96
V50	100	64	84	375	68	137	70	225	65	142	482	389	111	64	47	418	45	83	326	13	31	252	160	100	36	157	48	101	57	148	9	13	136	33	90	394	57	292	52	457	312	112	214	60	487	56	679	113	108	190	101
V51	324	26	46	297	130	47	252	15	379	215	166	849	278	11	39	17	117	16	105	68	760	1	229	132	462	115	11	486	35	224	167	98	234	157	89	147	260	281	158	33	399	46	86	10	62	46	1084	162	25	60	223
V52	17	242	151	360	42	139	14	112	315	54	86	125	87	219	19	41	520	64	78	210	77	121	462	76	72	224	144	144	129	30	85	231	446	84	38	128	251	58	156	14	322	31	15	7	38	66	496	90	16	49	90
V53	189	56	127	172	558	656	6	42	8	5	57	140	226	65	60	316	128	696	64	36	1	524	13	1141	282	321	116	411	43	126	220	165	824	576	176	19	321	0	118	406	125	395	44	267	121	758	504	513	472	36	179
V54	129	292	74	110	119	141	42	15	35	329	300	98	313	213	4	368	677	723	135	159	383	673	443	166	82	37	144	54	248	173	123	471	118	49	311	614	237	173	325	146	6	208	14	237	20	65	168	262	58	1	158
V55	190	346	5	280	28	719	810	36	115	19	76	318	94	156	40	14	69	250	87	257	162	222	86	401	67	86	237	87	31	27	364	160	55	310	103	12	34	410	60	5	506	6	10	130	145	205	287	30	12	101	212
V56	41	127	436	63	344	412	7	65	10	433	619	163	25	118	469	148	95	409	207	460	128	165	874	225	122	78	34	843	4	100	28	300	344	37	87	119	45	45	145	663	268	318	70	488	132	125	15	143	382	75	86
V57	422	130	328	236	58	677	579	439	79	177	112	47	497	383	251	267	33	475	309	8	170	467	43	336	508	5	241	103	5	346	560	351	30	57	181	307	50	613	342	340	66	59	277	154	253	96	15	53	9	145	344
V58	122	120	30	21	94	1011	48	133	234	1	532	375	96	141	42	167	50	695	151	16	526	24	124	72	166	244	207	94	12	581	55	98	42	447	459	145	360	162	97	44	38	524	233	36	131	25	223	22	143	115	116
V59	234	86	473	349	99	95	101	171	30	138	78	146	47	226	130	239	584	57	188	122	516	0	507	228	2	589	39	176	120	318	40	473	12	96	455	183	6	73	284	6	80	149	483	8	684	249	172	358	210	600	189
V60	197	167	23	213	428	105	202	97	78	23	47	4	218	269	50	190	126	622	146	140	59	29	74	269	300	168	159	22	928	38	104	458	224	81	79	50	614	93	36	279	154	1	956	32	321	974	25	224	260	318	202
V61	33	472	526	268	214	213	35	35	52	206	7	27	438	188	10	110	205	147	12	141	51	7	403	0	47	114	496	470	15	123	67	173	548	9	74	25	214	0	655	377	52	211	345	53	125	310	203	40	100	72	153
V62	234	169	244	203	637	10	191	128	22	326	163	67	81	10	802	350	152	17	144	112	465	10	181	404	13	316	3	207	120	85	46	698	278	498	27	99	457	415	15	167	92	130	165	145	178	225	83	516	69	236	212
V63	98	14	116	62	53	21	13	191	72	43	419	137	414	71	64	32	67	86	114	83	103	246	19	35	83	47	209	611	19	468	83	9	364	38	12	52	276	142	145	662	573	127	30	43	740	238	6	91	195	37	89
V64	128	0	1049	353	43	86	98	407	101	256	47	78	86	10	0	402	222	19	539	83	275	5	397	36	356	78	405	6	598	268	212	96	52	257	167	478	34	183	5	126	90	167	2	114	311	213	611	324	10	338	101
V65	445	30	66	516	69	15	431	295	113	142	40	249	130	335	251	129	309	91	603	20	287	456	14	23	106	267	275	43	481	622	611	28	38	91	28	30	525	311	101	320	167	0	8	357	190	9	140	51	399	55	309
V66	19	113	71	9	97	70	597	84	29	10	36	68	157	97	189	257	112	90	19	54	222	184	2	3	385	148	163	2	122	29	406	62	55	252	158	97	134	240	126	430	94	53	80	320	1	26	7	26	35	569	70
V67	474	19	124	56	531	69	326	152	146	188	61	24	81	94	108	210	195	276	964	193	13	650	13	344	242	54	262	142	216	50	58	100	61	262	34	133	32	587	182	293	4	367	90	467	21	56	586	439	152	39	325
V68	31	230	87	33	7	445	1448	106	0	11	655	27	128	213	385	72	76	403	42	823	379	55	356	48	102	188	182	619	186	337	43	37	242	23	316	3	97	1	317	173	580	69	588	231	100	385	325	85	201	224	93
V69	812	334	202	774	414	430	973	112	45	118	76	105	4	231	434	112	476	223	5	23	321	65	76	431	228	990	177	1026	84	26	56	36	154	191	77	213	149	153	44	19	24	135	186	209	32	53	25	51	69	185	630
V70	48	46	8	442	229	59	155	13	383	102	25	105	90	444	183	242	809	84	685	98	65	886	62	100	47	32	5	53	55	8	97	89	37	206	59	207	302	52	245	218	169	8	98	150	125	413	432	160	553	173	62
V71	1233	60	31	478	61	24	113	267	44	335	281	303	178	7	117	65	38	204	67	240	297	160	48	1	216	459	304	132	150	68	271	4	104	0	416	76	415	88	141	88	34	73	95	725	335	37	190	15	67	403	778
V72	38	8	120	61	26	112	465	92	215	139	373	232	245	135	249	216	69	36	280	287	345	142	234	489	61	44	56	76	35	215	254	196	13	167	313	807	81	263	258	319	39	385	15	54	446	9	210	17	263	37	49
V73	275	82	128	30	462	699	184	3	256	93	111	137	169	523	166	498	214	17	211	14	154	26	53	52	309	290	28	712	40	12	232	221	318	76	187	34	22	252	207	21	2	1103	1156	91	115	669	284	22	124	143	207
V74	231	16	116	100	296	14	292	11	102	540	755	48	320	51	255	198	44	128	403	221	46	295	18	68	102	1035	374	125	195	70	13	597	222	243	466	4	61	13	16	296	93	570	444	453	261	13	479	440	70	473	174
V75	335	16	236	269	111	77	240	71	63	472	141	66	525	122	234	274	435	1	172	113	303	83	164	89	38	182	22	189	175	347	52	310	119	910	103	42	120	227	204	157	206	620	25	96	122	237	232	209	6	301	239
V76	10	372	11	308	59	298	10	97	422	59	52	278	42	84	129	379	115	210	142	129	50	246	302	45	73	421	371	20	146	150	446	405	55	46	199	472	124	153	203	3	68	223	292	264	110	57	122	34	0	78	119
V77	427	364	20	231	152	348	387	61	69	152	119	137	81	77	146	397	134	746	73	178	313	77	103	49	6	33	37	266	51	544	781	76	273	255	491	227	275	1031	297	579	686	75	28	40	4	605	21	15	419	32	377
V78	6	509	192	94	39	156	15	375	457	64	9	39	55	307	15	170	70	524	139	150	5	91	42	10	427	518	35	130	338	20	8	690	158	6	33	91	64	967	60	128	196	404	22	287	549	1	148	126	457	2	138
V79	94	147	43	328	583	25	357	11	184	71	90	559	8	482	223	385	378	33	6	148	147	71	199	242	52	35	274	102	88	5	311	2	160	141	83	704	497	93	51	51	173	325	756	227	29	155	23	49	470	42	105
V80	276	24	38	384	411	86	319	92	263	81	30	688	32	729	39	88	423	47	557	86	524	64	561	160	67	414	372	311	128	196	2	10	87	29	226	650	71	179	510	1291	84	178	198	765	34	321	17	96	179	52	205
V81	62	35	488	3	356	142	543	69	21	168	227	74	194	194	51	587	355	15	168	105	122	60	31	271	986	238	331	461	30	325	546	176	81	805	47	26	156	168	137	468	11	98	41	9	48	345	252	163	461	212	64
V82	370	99	80	32	69	116	556	31	145	493	12	474	175	18	318	150	159	795	289	56	252	50	133	64	57	314	546	113	272	217	48	498	560	64	363	148	67	111	49	149	248	299	74	85	208	73	205	89	166	648	254
V83	99	109	221	421	350	16	18	34	234	243	417	453	404	43	425	40	358	1	91	43	145	573	380	320	115	86	54	133	122	23	109	118	153	411	104	6	537	318	71	41	356	365	13	280	482	97	68	459	264	336	132
V84	616	13	40	122	141	166	36	80	177	61	103	2	330	59	109	888	567	134	449	123	470	5	28	253	165	85	25	11	21	212	54	189	34	707	81	63	147	63	353	29	107	3	27	36	406	134	124	510	53	388	429
V85	14	842	332	126	20	729	9	344	589	631	507	861	191	379	36	179	67	36	245	121	762	90	43	386	58	349	112	715	3	234	94	67	114	45	279	971	185	161	906	260	12	123	117	64	82	15	336	180	22	103	237
V86	16	264	17	380	374	274	487	282	42	55	589	160	89	158	47	86	334	476	126	248	116	80	69	44	64	48	50	148	299	5	28	55	70	149	48	19	24	69	6	434	85	155	647	38	401	18	160	6	215	349	117
V87	345	145	6	90	131	248	16	32	25	82	124	289	58	155	373	193	66	437	26	42	93	269	870	348	249	189	14	243	164	23	419	94	96	64	12	64	23	385	98	28	109	40	0	46	97	413	73	77	43	2	257
V88	237	101	445	287	204	574	1051	133	617	150	170	88	83	30	270	252	325	342	157	164	486	502	713	126	7	186	55	581	235	98	108	87	335	457	122	740	586	170	224	38	184	11	55	98	28	1	276	111	218	533	209
V89	24	165	277	1	23	51	204	222	88	56	33	379	145	187	247	188	206	144	163	1207	420	43	260	336	61	10	321	461	77	22	274	41	169	121	533	8	39	641	6	375	140	73	88	713	698	138	349	5	14	274	87
V90	90	284	29	107	13	20	95	99	161	3	146	137	370	65	124	480	206	458	41	138	43	184	258	179	29	38	282	272	141	489	148	99	39	156	73	159	874	37	48	152	29	277	150	628	427	6	471	33	260	193	153
V91	255	253	146	289	302	66	12	158	216	56	171	128	125	36	52	156	144	126	290	33	43	51	163	284	16	369	26	157	8	165	0	698	155	33	54	86	43	115	42	194	155	398	400	240	63	181	30	136	77	483	235
V92	357	203	130	204	31	398	73	455	0	238	136	10	84	374	609	165	158	14	13	349	488	361	188	12	72	19	508	17	306	77	376	258	81	155	70	7	404	91	250	590	459	94	118	15	1	313	164	122	57	4	302
V93	740	260	41	2	91	126	343	61	68	137	242	212	99	223	430	283	440	60	654	74	398	193	163	73	220	4	163	600	40	3	77	7	192	0	254	304	245	65	59	287	95	295	222	470	97	498	423	176	447	297	585
V94	362	166	166	106	28	73	128	232	302	93	65	156	92	1	620	395	160	49	18	46	401	8	103	292	183	80	109	269	73	37	764	8	198	170	197	63	95	12	180	159	155	101	88	621	78	56	212	52	215	39	263
V95	97	146	154	106	491	196	222	183	23	181	132	148	240	500	373	138	67	78	132	49	28	71	69	280	221	320	81	120	178	137	464	1004	196	50	85	16	143	10	59	307	936	472	284	529	124	81	736	345	10	5	105
V96	205	232	326	238	165	220	68	506	104	0	502	337	390	277	37	538	54	259	4	1052	12	102	194	218	328	422	247	253	220	380	34	146	528	74	340	40	113	22	125	298	438	96	56	267	39	123	219	179	56	265	200
V97	139	28	237	52	140	161	70	284	150	365	177	62	237	401	142	164	4	104	172	47	36	56	560	283	102	82	21	14	36	70	205	35	19	315	23	127	63	197	116	419	65	403	290	224	19	101	86	206	337	51	123
V98	156	374	523	27	71	502	134	4	371	58	26	185	29	66	450	517	316	130	9	447	69	644	60	215	70	18	85	60	709	360	1	46	104	97	277	456	567	167	414	26	294	146	200	13	25	20	3	46	18	189	229
V99	11	681	119	552	261	37	456	123	9	29	376	18	27	849	30	72	193	3	106	120	220	132	58	167	196	178	173	586	338	132	227	150	349	169	253	6	10	102	130	216	267	508	314	132	72	83	64	298	135	410	206
V100	283	337	103	24	78	319	32	56	222	249	89	400	241	34	91	75	322	320	98	9	162	298	144	40	94	114	487	208	211	52	61	431	114	100	155	466	29	13	28	100	77	155	33	219	30	222	343	493	206	235	300
V101	76	676	149	211	135	108	611	49	308	235	74	23	32	404	157	216	223	238	605	60	81	1	66	452	251	40	4	103	295	120	12	3	111	54	259	151	14	628	414	396	142	38	36	64	326	84	51	279	213	263	248
V102	75	103	455	299	35	195	58	41	282	10	582	74	110	21	193	70	55	28	204	47	8	172	326	4	453	166	88	175	66	248	174	9	113	275	21	9	149	19	1744	229	7	339	586	106	236	531	174	240	46	440	84
V103	46	48	152	118	274	338	63	116	124	141	125	218	331	713	38	33	291	396	127	48	465	485	55	517	241	82	116	398	128	99	124	3	254	33	9	93	258	44	115	36	260	330	278	174	21	323	174	1077	194	64	57
V104	43	366	279	232	173	186	54	1	174	245	652	117	56	299	365	36	214	137	202	84	53	13	141	28	31	96	17	70	927	382	640	123	302	418	211	143	227	107	271	291	9	165	349	379	48	150	31	6	101	10	143
V105	119	723	335	156	197	159	155	182	22	111	190	7	315	234	157	493	66	249	23	97	312	160	149	211	71	94	150	526	307	828	358	131	143	60	102	19	164	133	78	281	285	44	66	135	194	246	27	113	74	150	299
V106	3	403	361	397	69	345	597	81	22	145	169	71	353	49	150	48	42	24	60	81	45	1063	334	60	4	288	37	56	1286	140	14	150	10	94	297	109	146	65	97	158	70	43	4	20	312	173	13	48	172	485	127
V107	167	23	375	294	30	101	102	19	736	301	9	510	404	64	155	48	185	13	24	49	187	214	321	383	259	113	560	136	15	68	106	639	35	224	57	0	45	123	111	250	216	346	777	152	18	40	5	822	407	85	136
V108	123	45	3	10	57	29	161	36	49	117	96	545	54	111	96	263	147	73	382	8	405	0	24	213	173	22	169	172	88	172	107	259	579	44	196	14	30	116	243	866	265	320	186	808	179	93	359	649	7	260	121
V109	39	89	47	134	29	166	162	117	16	63	279	438	414	140	96	289	160	184	80	163	99	113	88	264	149	110	46	214	835	23	168	87	5	25	195	137	464	203	153	564	124	500	271	30	16	414	21	399	208	242	73
V110	122	79	112	6	350	242	45	317	68	698	160	155	180	48	573	109	145	148	250	177	280	24	50	260	41	299	400	146	155	724	68	478	16	160	410	62	92	361	77	71	20	56	62	101	295	273	1004	97	328	202	119
V111	55	264	144	762	556	172	149	324	69	244	12	194	3	191	60	70	347	114	363	43	69	179	153	284	64	110	27	22	169	105	77	78	92	19	498	273	86	796	654	176	182	16	669	149	52	97	508	311	88	13	126
V112	88	343	40	623	238	243	33	385	114	79	377	303	7	18	291	307	168	167	72	347	34	7	16	44	18	49	62	198	213	668	114	44	553	39	136	42	183	569	227	189	306	52	49	88	258	16	112	416	125	21	177
V113	299	30	249	610	20	3	60	246	14	270	46	58	206	102	40	254	121	102	67	632	251	273	845	298	158	331	1425	244	140	3	138	198	176	322	141	1	216	209	160	23	59	604	208	159	56	450	122	171	185	10	211
V114	44	113	340	349	322	1	87	267	104	146	805	152	349	68	604	118	134	50	474	0	1353	175	156	307	199	26	199	358	35	437	614	166	37	37	169	17	96	273	54	18	59	17	71	108	146	214	53	198	295	1157	83
V115	127	293	54	27	46	41	23	46	28	230	531	85	113	260	61	85	73	622	114	92	218	54	618	70	198	54	1073	158	688	325	542	235	117	352	146	12	756	380	215	410	762	36	56	104	713	323	47	144	87	330	172
V116	220	160	48	233	456	164	350	17	123	92	274	313	86	176	56	111	538	52	36	286	64	79	380	116	100	237	228	16	51	185	81	203	145	324	67	225	108	0	5	54	74	339	400	11	110	190	93	360	340	52	215
V117	237	76	531	245	62	174	100	0	297	21	60	235	187	273	6	122	35	222	218	18	501	33	259	308	712	51	91	108	669	8	18	116	40	166	194	188	50	125	229	162	109	99	307	1	115	617	460	112	26	14	188
V118	88	74	134	2	706	570	111	144	321	19	14	3	220	23	14	216	26	75	66	59	123	101	274	250	359	14	16	170	124	124	234	237	181	155	783	217	31	64	116	478	107	219	6	248	340	45	7	409	49	529	97
V119	251	241	153	119	176	200	14	103	6	221	50	259	182	61	194	482	71	5	64	457	77	240	293	474	192	115	880	204	72	460	105	270	245	434	130	164	112	40	348	313	10	533	93	246	52	253	39	8	257	125	243
V120	239	144	113	147	79	152	82	108	78	132	505	1245	69	193	5	8	422	37	262	366	331	11	115	41	192	164	3	181	181	166	50	321	385	93	35	397	35	12	11	569	217	175	144	209	68	119	131	218	359	32	212
V121	489	27	444	51	93	35	100	16	0	379	158	82	20	133	214	107	397	75	517	136	257	158	36	691	130	140	250	89	34	104	27	172	1005	10	203	43	103	85	301	85	148	721	26	124	263	181	229	194	203	567	362
V122	135	365	46	147	52	388	767	26	0	71	547	4	255	481	342	147	256	3	23	73	57	123	24	755	207	138	41	298	0	29	44	6	643	224	104	144	134	109	14	9	190	395	16	118	180	126	144	101	147	236	210
V123	60	425	200	40	506	208	63	117	853	32	173	381	33	0	76	1	372	235	344	261	32	287	83	78	158	162	181	25	29	391	428	349	14	63	235	45	141	578	181	86	239	107	157	363	763	200	34	482	72	209	174
V124	185	40	112	63	293	277	239	108	353	178	193	178	13	31	5	511	28	125	236	660	52	125	229	162	84	137	177	292	7	537	198	156	110	104	472	881	133	383	116	272	366	76	86	79	38	186	712	77	95	227	157
V125	22	670	12	306	40	244	45	144	186	215	430	60	44	775	123	429	22	12	138	29	69	264	214	305	35	504	30	79	146	26	477	89	33	45	332	124	154	417	298	125	434	87	324	573	443	67	174	398	52	51	214
V126	354	35	84	198	64	118	7	44	72	384	232	130	45	9	427	646	181	439	156	488	153	303	107	99	411	201	26	887	1	315	320	207	12	77	426	433	549	46	370	162	122	52	245	0	372	180	185	558	51	243	240
V127	442	72	90	177	437	330	18	239	139	186	67	132	111	68	81	514	129	14	66	97	430	50	258	168	342	84	128	24	145	545	294	13	914	794	136	431	189	142	18	619	4	58	178	65	291	70	40	26	10	310	300
V128	182	95	222	370	18	3	586	2	724	14	71	878	212	1255	32	74	149	64	142	81	24	71	22	241	173	443	156	256	38	33	34	709	72	366	333	18	250	255	196	13	126	267	80	16	19	206	249	249	74	57	170
V129	6	111	374	10	677	116	468	13	10	11	61	741	158	5	119	293	93	261	428	52	172	81	99	424	329	367	306	144	96	12	202	38	114	243	34	110	693	51	43	283	154	0	125	120	43	181	309	44	269	324	50
V130	626	235	130	56	556	59	46	349	55	174	329	259	185	134	65	4	115	114	296	32	244	204	441	247	35	65	173	166	700	438	539	0	37	14	136	370	175	471	68	40	154	370	31	63	221	9	413	589	23	46	480
V131	210	208	19	148	1080	767	62	217	524	367	3	227	118	377	28	58	70	81	454	199	161	337	181	148	116	151	27	152	19	104	8	103	131	305	450	31	104	469	374	70	250	172	468	27	157	180	297	24	146	690	223
V132	18	384	61	71	64	175	432	53	65	70	31	179	646	67	52	123	65	409	196	428	94	121	372	725	424	248	183	42	102	188	148	44	1018	147	78	192	241	385	2	201	125	85	1	266	83	335	142	82	272	167	133
V133	381	151	215	293	189	54	21	198	210	158	154	71	1204	128	48	224	46	316	337	144	38	50	168	231	234	177	36	128	43	140	333	87	17	126	105	98	169	3	400	80	22	188	34	129	173	32	36	662	87	97	291
V134	9	371	162	31	350	283	320	194	398	55	144	285	431	183	633	382	81	205	420	15	4	126	158	147	40	539	122	827	13	524	419	107	4	860	36	131	242	196	49	435	42	214	103	40	327	28	6	172	182	0	123
V135	60	63	224	67	201	472	131	47	480	140	300	344	110	135	90	406	158	63	217	364	38	242	175	493	185	617	7	244	85	303	200	284	42	97	73	203	189	199	220	174	129	206	800	295	97	205	179	536	4	394	82
V136	239	137	20	198	74	20	84	139	109	47	675	3	535	455	192	81	12	165	136	81	199	443	89	163	380	107	3	246	455	96	630	123	31	52	235	89	125	305	38	73	332	31	209	102	954	252	61	41	254	39	203
V137	232	125	267	53	361	82	1	122	152	43	157	349	63	294	64	622	98	43	425	75	35	18	89	279	323	32	41	391	125	389	148	395	12	286	40	56	167	84	387	193	371	82	65	20	228	168	27	111	253	17	189
V138	140	223	222	308	331	607	129	454	177	63	193	10	18	145	19	50	466	429	335	101	0	86	287	13	271	747	105	185	38	180	113	140	380	190	34	6	188	9	978	110	237	488	91	82	139	258	743	72	76	753	170
V139	310	23	128	138	176	168	137	226	11	130	154	83	166	304	26	11	182	97	195	53	38	37	255	260	19	412	150	25	193	342	155	244	926	87	76	230	300	197	363	99	218	151	149	196	341	187	75	137	192	679	217
V140	24	64	242	92	183	112	167	380	87	243	28	48	116	59	154	264	264	213	382	145	226	88	17	222	527	6	8	257	48	72	10	147	67	63	37	243	60	24	80	44	50	57	26	65	169	44	106	45	680	106	40
V141	260	289	542	125	305	51	135	90	148	250	109	152	47	124	28	785	55	68	186	169	88	3	12	16	81	82	264	477	548	50	61	323	62	424	82	194	69	214	83	73	175	242	69	124	140	198	33	121	19	79	242
V142	119	535	158	469	65	108	149	156	126	98	3	110	92	5	183	85	227	17	115	16	486	45	37	676	65	34	271	48	132	46	137	49	175	252	105	43	87	138	1200	93	67	101	337	24	317	150	169	50	6	187	237
V143	12	20	10	124	308	88	325	569	227	27	195	46	207	460	129	65	1	561	509	358	87	214	196	160	115	197	584	395	47	22	15	94	226	87	133	111	161	80	47	47	256	320	181	135	164	280	17	434	69	69	35
V144	138	67	6	161	495	68	62	292	6	785	284	95	43	100	52	251	160	45	343	151	199	33	15	9	6	439	236	407	124	7	24	352	198	468	399	324	248	235	273	23	172	159	126	114	105	466	46	3	113	154	120
V145	66	87	106	52	1	118	285	328	118	129	440	1120	94	293	87	13	47	18	79	70	6	13	113	1	92	502	86	161	78	78	259	27	10	199	183	107	113	141	184	117	158	28	133	171	79	16	101	470	114	198	84
V146	99	176	93	60	422	215	146	514	46	462	189	183	387	178	918	9	58	376	560	174	147	384	382	829	2	56	30	421	224	0	225	630	321	1168	357	42	73	313	552	40	423	13	105	16	58	169	69	58	131	134	128
V147	468	271	1104	68	14	341	87	22	224	520	193	312	524	69	151	88	12	308	64	107	234	70	99	187	54	485	268	17	194	23	291	141	6	63	55	46	194	1083	356	54	499	122	244	264	524	253	166	237	113	85	412
V148	7	97	214	159	357	71	21	367	513	14	230	453	418	32	543	182	223	81	59	99	28	297	156	723	51	674	129	48	44	508	326	535	166	270	165	2	119	87	195	244	215	244	148	691	42	126	86	321	208	470	66
V149	2	270	394	284	103	33	46	307	150	494	673	135	23	186	98	336	159	112	434	194	143	125	112	177	100	7	70	50	141	10	233	52	287	164	287	267	427	173	41	15	89	43	45	44	18	3	237	16	188	283	86
V150	183	153	44	282	134	437	8	71	63	338	147	853	214	323	209	17	593	282	257	6	351	910	118	22	49	27	77	142	320	42	75	154	31	369	192	276	102	77	179	188	330	139	17	373	157	11	289	445	183	21	188
V151	67	104	565	433	132	237	50	235	94	0	159	686	54	80	86	73	31	178	306	326	45	384	88	387	484	278	135	81	216	24	76	14	138	216	27	108	278	446	10	342	55	25	151	296	112	337	102	470	56	439	90
V152	259	10	247	354	59	127	20	23	206	199	79	93	398	821	92	107	43	79	168	582	145	1155	237	42	64	170	167	85	648	42	642	158	89	243	170	154	248	3	361	126	222	297	111	82	63	119	44	217	933	43	196
V153	3	49	113	3	1	26	57	434	265	352	86	87	249	278	9	85	1694	52	3	155	2	210	43	387	285	117	8	652	34	37	157	155	213	17	243	427	432	38	164	10	154	212	127	346	229	993	85	74	99	589	45
V154	210	596	291	226	25	43	33	162	794	85	189	163	4	71	38	20	89	22	337	149	328	33	155	229	91	59	368	79	151	880	687	31	324	308	0	12	289	105	573	60	29	37	18	360	286	132	20	153	321	346	320
V155	115	129	95	322	527	62	14	3	102	90	486	8	14	89	537	114	98	30	796	14	260	1	101	338	125	115	85	201	388	676	56	53	35	104	43	201	192	119	221	634	4	34	361	98	411	1033	117	52	45	36	132
V156	128	42	22	38	543	190	119	32	240	451	53	509	28	17	126	85	119	451	3	151	276	285	180	130	50	198	393	199	56	133	121	48	95	27	114	151	594	113	107	587	216	89	198	215	53	717	817	130	54	63	108
V157	5	152	143	210	292	11	101	662	165	36	356	133	194	83	230	28	461	541	264	301	570	35	214	104	327	264	29	247	53	115	372	23	37	155	93	259	14	390	68	107	136	464	240	376	147	61	115	237	376	37	67
V158	17	105	306	143	185	404	259	114	42	495	581	180	112	359	23	434	4	0	198	404	113	471	62	317	48	92	827	172	213	4	233	35	122	163	107	417	144	34	35	262	380	374	30	269	270	307	90	169	120	70	45
V159	20	412	135	203	213	16	18	58	782	594	17	131	253	245	5	90	138	67	182	212	117	50	306	25	69	71	91	109	533	57	365	129	72	34	231	73	168	370	109	21	100	690	275	10	256	73	659	206	105	5	153
V160	561	254	53	150	336	74	183	139	157	187	575	262	233	155	228	850	253	33	731	302	148	170	126	40	16	226	158	100	221	554	132	208	277	51	39	110	41	119	82	121	86	768	211	128	1027	15	275	109	250	85	436
V161	108	104	86	728	70	417	216	127	167	144	241	229	53	6	6	8	415	290	116	149	309	123	608	320	55	89	237	55	186	368	63	196	202	38	197	153	112	88	151	953	68	153	397	28	396	312	34	18	168	734	126
V162	30	584	462	556	207	96	110	38	183	142	14	55	63	90	153	11	318	31	32	71	8	639	2	182	111	285	72	187	200	114	460	439	27	269	4	138	70	122	108	145	494	613	422	26	79	201	185	52	169	25	196
V163	85	543	54	336	3	211	33	443	60	1039	232	784	277	374	55	16	583	57	271	62	252	199	84	598	279	393	32	12	0	132	1357	59	263	203	233	188	194	318	58	45	528	143	89	24	87	203	73	226	41	520	233
V164	65	41	229	55	249	109	764	46	137	400	949	101	99	74	35	50	652	56	175	119	1090	447	83	116	144	22	87	18	1108	96	646	85	386	199	476	174	4	14	204	356	80	30	325	61	130	19	24	944	2	514	82
V165	39	29	352	5	1051	126	29	674	44	112	89	751	23	212	138	109	73	239	9	365	93	103	188	22	441	262	371	39	267	17	87	64	53	271	219	323	634	3	78	50	205	514	341	28	309	796	108	62	508	135	57
V166	306	223	353	1094	428	178	101	313	92	229	28	1130	128	320	54	26	27	143	31	187	248	747	235	354	238	35	43	121	16	195	80	237	144	214	49	435	458	185	85	93	96	143	6	321	95	49	475	180	275	329	275
V167	20	303	327	175	235	203	890	45	45	91	20	159	9	49	297	101	144	134	182	542	218	4	80	57	51	273	338	13	358	123	20	36	70	12	430	465	107	9	1	44	401	339	605	242	139	222	176	250	34	338	108
V168	38	173	22	220	389	21	133	112	522	66	16	258	232	728	151	215	15	294	7	149	177	64	201	152	70	203	93	100	547	169	11	170	116	118	504	353	141	155	255	160	4	111	282	93	45	514	51	726	400	236	81
V169	321	240	580	652	519	79	41	191	258	147	668	3	56	128	75	21	282	176	504	362	217	752	11	177	658	481	208	174	778	305	1007	223	210	3	504	143	93	14	34	38	3	300	344	121	84	375	245	335	46	208	272
V170	369	84	68	0	20	54	13	248	12	356	179	1214	404	26	11	444	265	19	108	177	230	54	239	12	170	11	190	212	141	48	30	23	93	54	79	131	308	194	122	176	70	141	10	353	158	354	373	58	22	17	247
V171	214	660	21	310	318	368	126	210	246	935	264	42	67	63	183	127	103	497	341	178	428	73	566	16	61	114	77	80	265	60	74	352	343	150	64	116	32	63	375	235	372	93	174	127	109	101	48	29	40	390	368
V172	86	308	182	93	73	82	267	683	278	124	47	197	288	30	164	77	52	68	352	149	30	79	6	124	41	113	27	23	98	92	247	215	496	188	265	206	73	11	328	84	101	73	22	307	249	139	125	172	115	105	157
V173	625	713	295	111	374	298	520	3	346	40	1045	197	149	261	239	139	60	404	446	4	53	653	150	12	184	95	56	4	5	174	24	30	80	432	51	56	181	44	428	351	167	78	55	24	9	405	297	648	135	164	606
V174	90	199	152	85	231	243	3	158	177	603	101	53	42	447	286	243	294	3	232	190	294	100	457	151	130	0	48	109	163	19	183	42	38	15	251	55	2	114	29	54	548	326	633	25	39	226	363	88	9	149	138
V175	176	294	52	246	249	28	254	282	133	130	64	212	44	634	269	47	148	114	109	64	236	13	18	7	60	386	82	336	13	271	71	45	53	593	134	288	27	69	97	76	258	64	157	249	27	70	136	413	364	122	226
V176	215	244	197	206	297	1202	309	388	372	64	192	4	65	109	65	77	345	417	89	53	228	201	529	142	18	79	7	62	41	203	120	36	96	342	74	103	535	285	1	206	193	245	68	34	5	45	153	130	155	54	226
V177	224	6	56	24	112	274	216	132	39	450	129	1	74	213	514	66	93	45	21	140	90	124	163	343	363	104	38	109	199	599	61	330	25	2	128	111	23	137	215	83	396	39	285	511	36	141	34	208	20	94	164
V178	256	341	17	235	574	237	17	72	135	75	9	59	199	164	6	28	145	158	11	285	418	48	78	30	266	212	871	38	101	343	354	264	284	173	121	387	247	57	154	249	219	136	40	404	140	505	33	186	437	61	274
V179	11	706	185	33	58	4	223	271	54	7	239	393	54	23	66	81	160	11	180	100	385	627	821	211	443	182	264	46	110	432	21	480	301	575	708	356	164	6	24	629	2	691	19	86	200	255	397	131	187	376	239
V180	276	520	41	134	112	63	293	74	211	257	547	743	137	107	198	37	143	464	79	162	2	100	225	112	415	394	29	19	144	118	78	303	360	52	458	94	197	200	519	282	92	367	173	300	32	11	17	170	305	117	370
V181	30	38	140	74	307	249	90	51	188	202	310	537	385	133	28	363	402	120	136	5	90	294	8	161	116	279	85	347	154	462	103	19	19	7	60	637	105	308	61	389	611	85	21	56	108	87	36	82	312	434	69
V182	488	82	112	154	386	201	26	252	96	300	241	36	60	423	316	121	235	21	67	43	248	440	278	222	0	69	208	219	41	24	846	102	14	52	153	212	26	10	244	110	179	187	148	489	62	412	72	77	46	85	320
V183	64	605	150	236	71	221	40	36	236	240	432	186	123	125	636	193	334	34	100	17	110	186	105	390	241	143	64	338	71	47	114	7	72	126	128	2	102	20	187	80	245	367	358	17	687	205	79	56	263	45	204
V184	196	270	119	193	310	572	129	318	369	214	94	62	698	55	270	141	547	171	87	164	6	40	171	255	719	16	116	490	22	31	331	193	7	344	4	302	44	469	21	193	183	23	439	225	166	124	10	203	210	113	248
V185	485	49	279	49	343	134	0	337	235	69	67	13	335	303	290	115	226	290	421	288	586	32	200	234	273	37	63	153	432	339	88	422	148	430	169	26	55	121	392	137	150	115	15	458	139	125	404	443	42	317	342
V186	662	286	8	93	554	411	133	0	195	146	75	62	3	252	141	135	29	185	337	123	25	61	101	28	33	726	154	175	20	41	242	26	385	15	65	216	24	616	65	114	325	302	18	6	32	353	10	667	360	78	539
V187	117	45	29	438	82	115	178	136	6	105	603	148	184	530	86	55	1	121	240	23	29	23	552	107	38	11	343	141	183	19	167	55	137	211	125	58	243	508	79	113	176	73	82	63	507	353	137	129	207	130	97
V188	183	82	199	46	86	198	42	900	344	180	174	181	274	537	239	71	102	69	31	273	211	652	153	336	4	135	305	150	656	19	271	13	253	725	18	344	88	325	139	324	83	117	42	688	294	269	197	14	280	23	162
V189	96	150	509	52	4	185	110	41	318	168	247	65	143	261	23	106	29	1	226	296	18	607	26	491	105	675	123	78	95	29	561	129	167	450	13	1093	759	292	245	43	75	111	182	221	113	67	274	192	658	0	99
V190	106	82	33	159	252	44	45	28	150	81	35	20	385	232	280	6	267	200	101	197	866	180	22	78	148	176	220	24	665	13	3	26	650	480	228	138	413	158	231	46	19	30	59	244	133	128	235	98	387	154	89
V191	337	78	374	262	129	153	322	26	100	31	238	51	445	80	418	73	94	64	178	115	571	176	205	2	74	327	84	316	352	71	52	0	321	5	301	1	198	0	55	128	155	165	475	196	721	117	61	86	132	254	247
V192	37	567	887	201	188	484	197	213	35	208	198	208	108	8	86	17	101	448	120	398	62	147	35	177	132	5	88	409	105	242	199	282	101	34	80	72	9	18	97	39	86	27	76	228	93	34	914	107	303	292	175
V193	105	58	10	210	18	43	292	229	156	144	449	256	788	64	43	184	610	6	85	188	39	54	609	217	216	363	556	18	255	346	363	22	128	6	456	889	16	173	229	1	174	642	114	57	242	85	1177	123	128	5	95
V194	961	338	392	383	342	467	16	31	10	30	273	52	25	105	131	157	110	298	17	306	194	133	771	42	253	3	109	153	538	553	204	170	64	84	291	47	82	504	106	100	84	57	549	186	203	149	17	341	75	35	699
V195	147	124	47	189	167	138	993	104	577	1	14	150	3	387	68	104	77	6	35	206	266	275	109	475	86	587	388	184	396	368	23	212	310	11	155	115	538	611	106	399	66	660	194	109	44	104	507	37	567	28	146
V196	71	116	610	79	130	5	67	35	369	148	73	13	76	364	259	55	55	506	70	222	370	213	200	777	112	639	201	151	36	443	49	510	122	276	76	150	164	331	326	476	609	161	195	186	361	26	220	272	8	142	92
V197	128	93	737	208	174	184	97	189	285	239	149	257	155	365	61	60	330	219	291	121	611	65	58	24	39	84	110	194	936	37	302	125	509	282	193	55	529	273	95	347	175	162	9	181	79	379	190	202	372	234	133
V198	65	207	70	1	51	381	115	837	128	19	104	439	195	54	248	531	543	3	377	144	308	1386	20	354	521	0	52	706	221	342	50	105	9	156	87	84	30	15	142	254	150	198	134	498	156	77	538	121	40	76	114
V199	191	347	84	135	64	113	87	54	212	74	463	12	177	385	88	158	269	494	344	80	44	227	153	283	329	101	132	198	265	22	563	44	182	234	10	131	136	11	356	48	117	495	94	396	6	323	189	20	166	152	218
V200	187	259	448	227	233	536	250	131	168	15	301	311	374	536	33	169	36	23	15	25	75	226	541	331	82	22	240	8	164	199	8	166	265	212	107	88	119	1644	439	183	62	324	123	257	267	342	470	483	162	78	230
V201	156	123	540	178	98	157	322	266	456	1418	313	255	371	30	109	37	314	33	117	513	34	3	40	64	200	19	164	406	110	2	99	240	87	54	160	332	140	196	19	89	137	454	312	38	51	713	153	200	178	85	156
V202	249	66	109	59	41	118	12	113	208	11	84	257	127	421	312	317	28	517	724	70	90	5	188	251	10	112	641	26	2	21	288	352	99	38	71	195	218	468	72	558	89	228	306	484	1004	223	165	183	626	68	206
V203	242	337	412	29	292	152	101	350	254	317	541	53	186	6	121	97	246	440	158	83	348	323	184	187	308	155	770	532	74	82	3	147	257	91	91	202	460	856	37	21	200	50	57	131	22	82	681	430	200	224	278
V204	239	53	20	133	482	42	224	105	85	27	49	492	13	249	82	16	88	88	168	47	89	128	175	54	6	26	165	195	3	1	204	82	102	94	171	64	336	79	184	372	330	390	104	102	5	285	70	120	550	38	194
V205	293	226	97	150	461	149	486	33	33	131	327	172	11	651	195	167	293	229	85	197	778	90	37	206	406	88	322	105	420	240	25	56	52	24	136	135	135	89	52	190	10	53	141	144	87	41	139	151	38	140	263
V206	102	183	245	32	185	38	15	104	217	391	195	81	58	112	148	68	223	218	119	308	3	150	273	337	17	54	346	210	583	173	382	223	394	174	99	137	91	68	414	7	92	135	107	194	41	127	133	357	465	304	105
V207	179	674	64	122	186	406	461	19	438	68	112	36	568	116	50	166	300	179	136	176	103	207	60	43	95	2	272	217	32	70	99	118	390	98	762	48	174	371	73	139	94	199	357	108	192	213	177	154	489	111	307
V208	47	51	78	216	169	412	335	4	65	36	1	16	321	547	77	762	247	480	5	809	149	234	52	191	6	52	242	120	38	265	154	94	12	523	638	7	260	300	927	190	12	130	84	71	430	60	225	399	514	262	81
V209	72	30	3	104	10	76	173	78	144	213	134	190	77	92	151	364	352	12	5	64	196	9	35	33	365	12	295	473	9	107	35	162	272	326	97	63	81	384	32	518	210	164	241	4	9	70	214	41	63	132	75
V210	662	18	243	13	511	171	173	754	90	128	10	112	13	112	731	28	234	319	18	18	57	247	174	295	103	163	189	124	244	82	33	71	230	85	57	216	479	78	79	155	581	387	106	195	345	287	247	510	80	191	423
V211	469	32	193	23	243	554	212	361	120	133	150	201	11	237	158	591	135	119	31	78	82	258	59	20	265	22	306	337	153	235	107	441	132	154	9	570	32	206	66	41	369	120	213	114	759	206	63	166	429	221	323
V212	175	258	167	18	441	47	39	52	225	287	280	144	1072	3	90	37	3	93	64	67	278	74	168	46	389	293	265	15	228	289	217	310	275	58	167	184	529	243	45	139	41	16	20	52	99	43	0	362	314	101	205
V213	286	13	245	48	187	153	233	127	112	62	698	34	128	260	10	55	33	144	16	12	193	5	109	97	286	7	176	22	40	102	288	35	136	56	42	394	164	112	586	53	254	216	345	239	20	318	226	67	1	33	215
V214	47	85	471	245	91	92	100	14	84	552	378	87	260	687	202	53	30	35	127	176	110	175	182	163	358	43	65	286	407	189	70	106	259	72	650	203	275	135	25	22	6	356	73	243	52	62	28	118	294	433	64
V215	235	170	2	189	80	21	43	179	435	25	226	19	103	85	1073	50	261	16	113	81	59	97	79	645	40	36	391	18	433	112	164	283	30	25	109	94	205	586	458	160	171	93	82	935	63	12	58	344	178	24	208
V216	319	243	106	2	475	55	224	89	340	490	10	232	379	276	100	9	95	13	61	193	115	41	518	46	456	115	110	456	631	223	180	138	190	107	96	179	140	58	224	84	88	560	297	375	399	274	39	341	283	568	280
V217	39	28	284	161	165	598	588	348	115	494	110	724	157	71	356	60	559	96	79	249	28	139	64	248	1	252	103	64	315	179	80	22	289	64	40	489	494	261	40	252	144	8	268	206	525	319	136	104	355	2	55
V218	73	270	621	286	41	42	186	85	12	458	68	104	40	278	176	10	16	311	113	298	13	890	48	19	454	128	324	150	37	70	94	123	36	109	353	208	226	70	52	532	30	163	19	75	15	73	164	32	69	54	138
V219	1099	207	477	425	120	48	98	155	169	48	2	59	66	177	103	81	186	41	485	377	1	297	45	304	334	459	452	94	55	10	129	21	85	48	402	241	251	146	158	41	200	37	86	5	101	139	170	197	221	212	758
V220	328	167	208	197	14	12	205	4	4	77	202	4	69	751	292	560	10	201	447	159	50	116	231	113	39	277	474	71	173	257	121	152	44	101	85	185	401	33	244	254	91	23	166	356	205	313	71	170	517	169	288
V221	256	10	23	268	79	83	166	48	123	42	357	269	205	2	214	399	96	39	88	441	270	57	111	69	0	144	22	641	81	94	64	146	131	34	21	253	74	47	184	24	91	86	109	21	422	265	289	81	75	166	148
V222	56	217	61	84	287	249	195	1381	25	877	175	300	273	81	387	172	137	88	123	247	178	214	105	218	26	99	235	32	107	5	34	291	230	378	22	243	162	135	25	180	416	92	0	65	95	200	252	48	247	260	108
V223	86	643	34	195	192	90	140	147	136	409	137	229	107	459	8	12	260	227	155	50	78	373	57	244	206	128	1	164	206	451	246	73	138	83	302	184	211	152	199	557	121	96	337	22	287	11	24	181	49	66	247
V224	28	441	88	182	16	67	214	75	228	123	49	72	259	42	13	126	8	54	145	92	380	232	404	134	272	123	655	8	4	104	505	250	415	20	62	619	215	1272	53	274	18	254	143	39	96	257	29	80	112	224	169
V225	244	50	209	140	261	112	39	84	48	492	412	15	214	395	443	186	38	681	424	222	221	101	176	11	17	243	178	87	6	349	281	624	670	528	98	250	184	81	178	299	125	142	718	26	855	147	81	366	228	226	156
V226	98	156	453	19	71	51	11	27	339	282	33	45	169	200	272	83	245	294	27	177	65	426	109	81	72	479	23	72	354	401	192	10	81	409	163	8	29	416	142	20	28	46	224	146	942	95	24	723	226	8	124
V227	249	301	158	131	658	32	104	430	256	198	171	20	362	59	98	133	21	67	264	1144	307	175	24	436	66	95	16	195	0	195	396	866	20	31	180	16	328	58	26	485	175	305	686	201	33	77	181	234	325	895	271
V228	181	465	184	115	27	242	149	130	122	419	72	127	86	629	274	520	487	253	58	260	28	445	268	283	49	34	75	122	279	155	131	123	50	9	312	203	267	231	172	40	346	109	629	98	82	168	720	265	81	413	256
V229	228	84	503	173	33	72	6	25	38	443	686	126	87	675	215	270	304	19	736	133	199	410	88	74	96	506	172	79	143	810	218	212	166	384	239	112	72	65	532	233	345	463	40	136	67	1074	6	80	478	688	190
V230	177	531	244	319	170	73	235	81	57	348	305	25	349	175	39	36	1031	115	110	57	141	160	123	71	43	15	102	203	138	134	88	225	189	137	0	110	273	417	126	54	124	149	97	36	179	29	219	87	566	73	272
V231	378	24	374	916	0	636	73	367	53	266	134	23	144	163	269	581	240	78	23	260	385	174	329	1238	79	245	184	518	397	322	34	62	68	126	621	24	166	82	214	111	149	311	241	989	370	154	119	391	106	163	246
V232	180	332	57	103	64	94	1	59	28	36	429	28	66	390	186	129	259	330	43	182	71	360	695	180	354	143	214	119	94	312	162	4	26	408	2	87	12	362	86	68	347	326	107	361	38	414	493	324	127	2	209
V233	494	10	52	285	67	63	45	820	60	129	10	198	182	158	787	479	84	4	106	1443	9	122	254	28	92	420	80	54	130	94	51	172	69	46	241	342	157	57	69	5	518	22	136	323	240	237	110	642	127	457	341
V234	275	42	220	273	11	80	72	272	12	98	160	165	443	35	0	413	38	60	27	288	51	22	713	54	250	228	402	73	50	167	17	572	31	59	24	51	284	257	25	25	1045	165	42	111	20	25	243	158	225	35	220
V235	69	22	44	621	193	9	226	75	21	157	249	214	142	33	152	402	209	326	141	375	90	103	123	402	50	317	58	532	0	0	132	171	301	50	68	956	310	348	256	256	8	227	376	188	202	230	64	41	11	148	72
V236	507	47	141	133	211	102	369	352	90	149	439	122	70	80	7	78	11	111	88	33	481	21	259	442	349	116	418	162	197	416	72	186	33	424	660	60	246	115	243	41	462	132	72	384	16	71	91	172	280	238	356
V237	137	0	123	151	287	172	49	2	237	112	122	203	282	428	10	455	12	155	54	118	53	474	335	55	109	496	114	56	193	20	286	11	6	26	592	35	68	208	59	3	148	336	235	630	36	111	334	223	33	254	113
V238	239	29	19	39	296	216	9	73	85	789	211	119	2	82	249	67	123	226	293	104	46	103	169	223	78	219	34	593	60	49	1048	657	161	153	53	140	151	92	96	568	97	101	161	243	337	44	79	121	9	16	183
V239	266	174	89	136	256	247	488	46	173	152	119	80	127	137	241	79	232	493	89	213	64	191	8	19	456	90	59	84	457	24	247	21	58	469	66	226	156	78	105	23	934	144	27	216	238	736	354	18	501	115	241
V240	1340	62	362	304	10	1	485	207	138	110	85	285	612	824	133	84	144	62	975	311	22	94	48	1	25	30	210	740	113	216	29	88	205	38	301	23	617	45	393	106	49	3	131	73	19	381	193	186	71	40	897
V241	34	64	106	226	203	85	1	62	82	155	38	189	72	231	255	176	75	239	92	267	145	17	449	173	15	506	126	55	128	160	35	204	254	252	16	172	234	118	28	446	152	158	251	105	65	15	524	77	71	429	65
V242	211	136	232	117	18	124	284	156	57	115	36	360	186	241	433	54	148	25	434	483	78	245	313	262	268	297	143	121	164	223	86	57	396	315	65	302	53	83	141	196	244	793	117	58	15	240	298	293	439	119	196
V243	152	56	348	3	245	57	52	632	106	2	130	111	853	491	339	325	30	51	206	460	51	403	110	158	76	153	251	700	80	205	117	73	208	253	377	271	144	77	201	749	11	59	55	17	479	123	164	55	78	734	125
V244	19	88	90	176	128	174	91	632	73	357	86	61	339	19	119	84	107	27	274	152	449	86	116	584	68	17	251	114	440	223	312	89	335	1158	177	53	82	181	320	181	454	193	45	71	268	401	5	122	40	106	46
V245	146	518	116	125	633	309	213	111	66	7	181	423	60	50	132	77	40	604	171	37	35	427	169	38	172	200	485	219	187	27	5	460	132	18	173	147	417	77	344	22	48	60	591	105	4	93	255	198	147	36	256
V246	104	397	172	241	20	33	520	354	191	53	35	33	258	135	48	0	12	172	31	131	216	70	212	173	0	17	65	27	161	347	10	300	156	185	139	28	109	331	104	366	5	393	401	544	1075	464	78	527	209	81	183
V247	188	166	183	282	200	130	403	189	61	33	459	295	73	58	19	221	129	369	100	47	118	129	2	456	117	130	120	3	364	192	32	66	181	632	596	239	173	180	170	35	532	64	563	130	570	77	148	107	119	239	183
V248	222	201	9	181	30	64	120	12	152	282	36	23	16	115	508	13	87	178	953	175	61	265	86	211	263	331	661	30	497	346	56	125	152	664	50	238	279	460	262	282	71	52	172	184	87	209	260	33	31	42	233
V249	767	165	15	175	7	311	116	169	35	64	385	100	114	37	4	285	23	221	574	386	113	238	241	218	158	274	358	253	112	280	285	78	34	37	845	44	272	470	377	89	28	480	127	105	645	8	35	50	199	190	547
V250	974	53	43	30	18	112	719	14	202	190	186	132	187	227	750	105	160	241	128	12	149	46	791	155	662	113	376	179	67	187	150	8	79	362	38	47	398	459	165	216	308	95	645	347	14	60	61	37	74	3	685
V251	47	153	718	16	59	108	259	196	424	115	78	52	259	209	36	125	113	28	145	197	9	416	75	120	570	52	369	6	65	87	489	247	663	712	109	67	39	82	104	891	623	79	24	75	178	317	460	152	268	54	90
V252	56	372	95	240	348	37	101	8	136	200	112	3	243	241	452	4	81	374	105	773	403	211	102	48	19	616	130	5	24	89	366	72	48	202	19	37	9	712	522	200	249	786	111	465	97	54	132	29	57	459	167
V253	174	22	211	154	248	312	111	10	251	251	52	443	231	61	117	107	41	0	44	924	198	428	207	121	595	20	11	5	234	137	30	1082	227	279	106	98	207	166	71	709	104	54	5	383	203	254	1237	670	176	72	122
V254	210	199	36	188	23	64	135	364	18	53	15	99	368	223	24	77	394	109	74	450	226	500	283	640	210	371	83	112	93	229	140	20	144	433	212	444	18	371	101	160	181	454	134	41	6	882	42	58	267	119	188
V255	298	178	5	250	174	144	867	34	300	261	96	40	524	292	79	327	64	61	70	217	547	279	79	160	16	447	206	11	84	1142	162	127	134	148	56	99	966	104	9	5	147	149	393	31	386	46	60	160	103	93	224
V256	215	148	174	494	342	156	140	99	1	204	209	16	34	180	129	125	688	33	378	142	81	2	102	376	578	318	289	12	114	371	31	332	71	10	409	551	100	336	90	257	113	49	161	125	141	277	501	49	117	82	190
V257	147	207	533	138	190	101	501	27	129	327	142	184	78	184	261	175	46	47	484	174	90	32	358	29	26	211	64	29	98	131	9	321	200	263	505	190	419	167	114	12	284	102	9	119	766	249	83	53	816	83	160
V258	183	644	38	37	143	163	104	73	538	456	144	90	358	173	3	134	47	212	344	11	284	363	114	3	132	113	667	99	56	32	62	102	73	229	209	7	89	35	10	262	194	204	61	21	157	119	867	94	288	29	326
V259	319	75	137	33	123	267	18	195	7	277	547	6	73	103	348	41	361	55	245	16	63	33	365	56	338	74	54	125	9	145	378	6	256	340	651	398	445	233	378	312	45	0	261	168	15	42	337	451	102	293	277
V260	127	434	771	383	73	65	73	151	528	570	51	158	177	104	121	197	303	160	27	443	9	617	21	116	11	263	183	64	168	51	392	56	32	451	171	393	630	143	195	214	25	155	46	84	621	52	37	77	2	109	245
V261	280	71	129	66	30	383	35	150	211	729	952	45	12	495	181	286	165	188	86	10	135	732	65	26	123	10	282	58	193	63	206	134	128	123	88	34	68	10	1525	220	81	194	48	67	147	16	110	269	578	292	218
V262	91	136	144	38	2	6	257	38	1433	28	35	157	275	114	562	259	33	42	93	105	68	19	371	240	168	58	99	122	74	209	86	25	358	105	55	113	328	55	208	302	93	38	233	89	82	530	168	216	24	79	131
V263	227	141	19	236	322	521	639	10	59	532	291	247	77	155	27	231	418	31	174	164	260	52	92	74	20	138	12	147	59	18	282	200	113	343	111	670	101	320	330	13	52	71	154	270	105	162	187	577	28	117	201
V264	226	109	493	154	20	179	207	111	36	53	370	113	223	95	129	12	8	354	76	54	191	245	115	55	68	25	261	146	140	127	70	365	328	157	65	87	136	264	14	49	20	238	207	11	100	218	514	267	563	161	203
V265	243	276	5	3	204	135	313	137	356	118	344	106	338	201	349	149	123	154	402	169	214	273	353	260	68	41	128	106	282	500	49	133	45	82	41	50	245	688	97	1177	101	28	96	169	218	30	219	242	166	136	251
V266	31	265	30	3	268	43	53	0	47	103	318	14	250	85	146	83	63	77	35	283	261	90	223	3	250	197	236	507	17	248	2	67	202	61	126	6	282	111	30	178	9	102	129	48	9	269	708	87	9	233	111
V267	203	285	78	92	326	37	193	408	391	412	357	2	83	42	31	266	16	76	137	94	218	379	93	106	11	151	133	46	144	315	215	248	339	145	28	281	15	143	2	38	214	52	357	54	31	16	49	120	13	107	252
V268	251	56	481	448	245	380	123	60	15	139	74	63	334	293	451	12	37	124	244	340	1021	101	80	355	338	21	85	67	340	233	164	83	56	10	240	256	492	245	402	365	91	22	278	378	178	369	266	83	62	144	198
V269	74	103	293	107	229	71	169	276	23	12	235	26	379	2	217	70	22	458	263	366	48	86	179	658	938	141	91	208	143	457	203	146	191	3	23	162	71	127	289	472	52	332	161	16	57	17	549	532	10	22	99
V270	75	393	9	115	575	122	232	286	258	354	41	272	12	453	79	229	178	229	67	388	430	57	1540	103	55	77	38	103	169	460	34	23	272	191	321	87	124	68	138	139	58	359	10	31	148	95	254	88	31	2	189
V271	293	747	67	34	240	165	88	270	677	80	264	265	125	80	88	211	3	260	53	31	171	67	18	155	239	288	4	75	97	497	593	150	123	207	279	435	17	522	255	32	947	176	415	176	168	255	168	260	129	98	430
V272	138	7	148	486	99	134	226	153	106	87	114	295	201	60	239	197	350	62	523	212	25	48	82	319	64	88	137	126	188	111	285	203	35	226	47	246	38	457	359	200	366	83	177	101	195	196	641	294	81	29	107
V273	141	145	52	362	137	283	523	72	138	272	19	99	130	35	77	79	16	95	377	51	205	75	317	138	234	588	537	139	127	638	42	413	172	77	385	131	122	14	373	107	113	422	65	54	7	317	252	29	196	261	147
V274	1	76	45	63	124	21	534	104	38	233	324	49	363	127	41	59	24	483	186	128	141	20	334	480	340	222	84	0	864	50	60	214	743	128	39	51	186	495	105	189	159	37	6	77	314	550	132	152	228	71	41
V275	172	6	609	164	407	102	160	410	26	353	239	40	71	707	41	687	597	416	475	463	46	214	294	135	16	107	156	27	321	339	93	186	159	433	1	61	221	4	114	260	13	248	243	139	125	1192	601	10	44	11	135
V276	112	82	26	103	21	290	122	154	50	127	194	312	327	437	222	42	464	80	62	107	382	163	39	0	13	389	144	260	71	15	90	175	259	183	10	660	965	371	123	318	290	72	59	28	146	173	39	154	75	254	121
V277	122	542	483	22	121	31	312	67	157	10	150	537	352	240	201	58	230	93	86	66	54	673	147	53	345	127	230	302	334	124	122	655	174	188	126	261	36	623	89	258	79	37	129	699	205	110	15	219	145	564	245
V278	376	68	2	1	85	1	98	2	185	93	22	153	163	360	188	231	148	66	351	21	52	52	104	0	411	802	49	52	278	44	55	58	19	159	3	138	182	21	260	337	516	135	84	677	32	47	31	262	263	426	258
V279	39	155	21	232	186	66	181	93	153	593	124	2	138	169	134	83	257	159	302	11	55	0	38	27	212	601	766	377	144	48	516	73	23	5	284	1	690	393	200	25	193	103	226	112	594	13	11	473	360	66	77
V280	322	194	40	105	270	468	169	317	54	570	26	31	273	326	85	200	208	764	92	168	65	111	120	113	662	8	151	2	565	162	23	103	83	14	80	28	160	260	387	556	66	262	346	38	184	49	613	360	62	112	269
V281	296	16	8	22	56	206	149	10	52	62	296	259	57	749	331	96	105	5	51	755	285	169	34	3	97	196	393	43	32	593	497	187	68	120	301	155	153	74	25	43	164	186	296	254	82	30	68	145	52	33	191
V282	517	191	43	44	16	20	392	63	678	111	199	127	287	24	1256	97	41	170	86	1	68	167	232	6	162	475	263	29	93	179	337	77	477	26	183	290	82	16	63	55	1184	94	94	266	8	67	234	38	23	20	430
V283	154	18	123	307	347	139	297	242	273	61	172	75	12	204	7	23	608	36	27	53	129	55	24	22	111	358	299	435	103	319	357	592	99	495	76	509	50	263	79	756	457	37	148	294	385	135	110	176	436	287	128
V284	106	55	187	476	131	176	1	29	591	159	65	264	458	118	42	250	60	114	1	336	258	8	199	36	82	74	111	210	102	168	687	156	227	65	285	115	76	169	78	248	20	520	115	68	244	95	2	66	16	222	85
V285	46	184	48	236	139	148	257	133	731	289	448	172	130	95	364	50	472	34	483	123	80	379	333	18	496	17	133	947	0	4	309	172	83	799	118	314	441	800	23	176	430	2	379	520	187	49	112	335	69	732	113
V286	357	277	260	388	344	95	26	17	339	23	4	774	133	597	15	352	148	346	184	145	740	254	212	6	289	65	9	33	110	413	106	203	710	98	327	155	178	75	132	304	3	327	180	338	117	535	16	344	249	508	318
V287	423	74	342	222	283	132	66	378	56	95	62	17	66	81	67	341	123	605	162	432	2	119	108	596	210	350	88	11	83	18	5	104	276	103	210	477	93	102	20	26	333	289	225	184	39	106	403	309	107	167	304
V288	21	19	440	187	209	309	175	62	310	44	19	143	41	62	137	47	63	100	63	864	266	14	205	426	210	409	15	224	396	37	143	113	53	249	488	523	594	177	132	180	158	108	652	254	193	80	10	61	278	311	34
V289	188	205	179	166	558	78	59	123	346	503	171	86	111	5	70	260	12	120	376	17	611	24	1278	142	147	163	422	757	10	172	221	310	190	574	262	463	324	73	520	708	55	35	382	188	22	102	409	655	14	53	203
V290	63	43	61	794	395	31	6	36	117	187	44	154	51	403	113	54	303	72	518	162	206	500	61	331	231	100	207	206	443	351	49	287	170	730	219	48	24	39	43	133	41	168	224	84	451	11	112	50	257	334	91
V291	188	10	80	16	221	15	428	7	118	373	34	88	296	547	205	90	242	217	0	310	31	29	94	79	512	280	144	1	30	378	49	44	222	330	352	461	46	154	56	100	355	236	122	85	236	17	418	103	414	154	135
V292	383	182	242	169	8	319	28	26	296	103	187	183	119	172	575	245	97	45	126	123	37	566	57	155	84	160	169	17	1	269	70	1050	115	248	87	269	144	422	155	425	65	157	422	48	159	63	411	933	7	243	305
V293	45	330	37	139	398	221	55	96	200	46	57	418	530	530	256	212	302	228	729	37	98	626	110	178	376	69	287	162	52	537	267	572	108	23	179	42	66	9	742	3	176	103	104	171	5	26	314	84	184	513	134
V294	627	144	336	181	152	92	182	111	18	130	260	9	66	169	538	355	205	86	352	116	192	32	4	24	13	0	23	355	127	188	52	350	582	58	423	317	236	490	301	60	6	261	187	36	202	94	323	91	521	57	452
V295	24	404	77	540	254	50	72	838	197	115	128	248	213	301	417	492	134	444	269	204	27	20	268	73	184	20	53	60	31	47	572	268	324	418	151	16	244	428	57	124	493	424	36	16	165	131	23	5	485	1009	137
V296	104	207	61	515	332	223	223	1287	457	325	10	73	169	136	180	172	6	17	351	235	578	37	58	25	104	119	620	40	177	81	19	9	26	161	9	43	166	47	170	319	32	213	181	363	89	542	470	456	189	2	156
V297	509	790	311	79	102	213	121	38	242	82	254	26	234	58	9	20	212	95	12	173	28	28	15	19	155	147	436	136	16	191	22	1	66	205	48	963	15	338	84	66	16	82	286	625	414	133	21	247	66	129	526
V298	16	329	127	367	181	77	692	106	200	172	10	115	352	102	327	861	301	415	121	110	282	249	27	374	397	41	492	160	189	321	217	410	252	329	92	55	159	28	497	107	178	456	317	432	27	88	1	199	34	18	123
V299	98	47	20	199	59	164	260	610	53	47	22	28	114	319	99	84	176	69	110	43	3	290	58	318	62	9	38	89	77	459	395	5	93	820	127	317	28	154	188	210	334	36	665	116	427	453	25	73	421	135	91
V300	203	125	514	266	48	49	443	671	2	93	267	267	155	9	121	248	125	158	125	70	280	22	195	73	0	256	40	79	45	117	85	461	459	171	12	470	196	119	52	31	133	210	503	20	166	139	53	20	325	252	199
V301	39	239	113	260	152	128	259	1002	103	75	85	77	119	15	224	227	158	425	157	94	391	169	190	416	503	354	27	619	91	94	65	134	112	276	593	48	14	543	136	120	57	207	111	199	84	143	447	108	13	114	126
V302	188	16	143	63	164	331	161	81	289	92	137	241	1143	9	87	535	207	34	386	44	132	67	9	16	107	436	19	136	207	50	168	147	34	42	413	205	119	627	28	444	166	71	130	351	471	240	6	12	981	416	141
V303	242	349	30	23	378	288	25	179	49	121	391	158	60	18	57	84	100	23	65	20	1	291	38	210	52	85	418	362	170	0	10	428	755	313	45	74	37	167	286	40	562	139	35	58	63	119	64	418	0	155	253
V304	22	180	143	13	14	157	104	284	135	130	200	623	297	54	356	246	16	367	132	199	596	21	68	58	1135	208	27	3	59	547	20	45	607	218	81	329	7	399	4	417	104	681	13	24	8	75	303	138	363	8	95
V305	189	154	20	220	392	44	34	161	29	16	1	146	229	196	39	6	81	25	147	292	532	59	109	125	44	26	150	127	47	174	549	35	98	181	507	999	33	1	45	126	209	282	285	31	363	218	90	20	149	816	208
V306	49	489	48	556	420	180	232	46	222	70	38	817	640	14	679	375	104	198	21	11	58	8	465	141	513	18	132	107	30	52	194	90	43	70	92	206	253	124	291	74	583	21	158	104	223	57	9	167	134	249	163
V307	232	136	192	5	1	248	202	399	35	379	31	226	23	313	87	358	106	3	135	94	38	29	76	1081	8	377	36	476	291	61	24	215	158	523	125	342	859	286	527	354	206	359	204	32	509	13	105	65	174	147	208
V308	108	495	142	489	135	163	78	206	8	378	173	288	284	108	48	69	34	250	81	322	210	17	32	313	100	191	32	157	132	18	17	107	162	59	30	196	51	80	131	36	435	129	192	163	117	222	97	344	93	96	194
V309	16	261	116	492	319	279	492	131	99	24	255	220	107	195	393	79	78	233	24	557	234	51	89	70	276	121	83	56	32	262	204	22	264	381	166	47	430	83	10	63	80	98	413	62	3	500	8	44	22	36	92
V310	36	250	139	52	17	31	254	37	11	71	242	69	186	326	507	19	58	105	119	359	215	84	25	278	84	56	10	286	296	19	410	0	124	112	250	73	173	107	155	0	138	158	105	46	248	11	201	213	77	44	120
V311	27	11	317	360	15	141	166	79	112	80	15	28	4	82	77	49	91	37	230	245	219	54	51	71	142	206	135	520	33	154	26	319	212	373	256	234	269	302	200	333	27	650	383	84	449	392	137	9	180	215	38
V312	122	21	110	150	148	141	458	105	335	353	398	42	152	34	403	61	168	196	385	67	2	705	87	17	37	86	42	692	180	477	474	177	128	297	331	403	33	39	37	28	557	117	43	10	24	45	206	47	140	193	101
V313	64	117	203	101	42	33	705	173	784	331	70	83	4	37	227	31	300	23	332	65	211	369	52	90	52	126	1136	257	244	77	516	474	78	101	783	45	508	473	68	109	41	52	238	106	18	359	300	384	93	131	105
V314	286	278	63	37	70	54	129	382	71	117	58	55	74	150	513	619	79	779	46	178	130	12	41	474	401	256	19	402	89	129	100	23	84	304	93	129	231	294	584	1	44	73	1058	53	149	107	216	105	37	15	275
V315	216	3	41	940	18	516	361	599	516	40	892	122	104	5	62	315	75	61	144	183	79	70	445	302	141	45	145	126	92	105	367	956	93	92	69	123	26	206	340	17	59	444	32	1008	218	0	315	176	87	335	183
V316	892	530	222	393	43	384	76	114	63	412	44	158	0	372	141	103	447	292	501	357	111	58	23	199	212	3	368	25	209	565	98	38	350	19	173	363	596	13	90	202	235	68	279	59	77	332	216	31	45	185	711
V317	18	578	360	54	18	80	134	314	133	302	174	11	171	135	84	24	219	715	32	533	655	119	325	116	346	53	6	32	129	415	31	113	101	19	143	41	31	34	137	317	137	58	741	41	1065	281	257	473	38	102	204
V318	126	84	54	217	90	197	73	16	364	174	222	35	394	366	119	14	25	224	380	66	122	303	279	456	290	116	165	20	17	191	126	63	114	779	51	254	10	105	87	147	589	14	23	1	139	258	57	2	121	298	139
V319	10	298	296	151	251	3	491	216	634	828	220	24	256	86	59	444	257	6	486	211	206	35	549	83	173	111	319	107	395	159	43	491	14	343	58	138	429	563	162	72	514	152	201	18	15	255	66	57	159	99	113
V320	62	771	29	161	23	582	71	136	294	276	101	482	12	42	320	53	182	148	9	60	50	80	253	9	783	122	212	65	272	667	766	162	93	156	2	64	75	3	262	91	114	474	241	352	142	248	206	67	285	65	254
V321	123	148	116	100	244	279	404	31	285	189	235	124	139	35	119	470	308	345	86	6	369	165	173	225	53	89	163	226	186	165	340	89	236	136	158	463	211	178	24	286	53	12	839	509	225	12	16	134	153	40	123
V322	111	124	171	461	380	228	13	439	103	305	265	340	49	162	50	86	141	30	52	102	105	282	132	594	96	254	174	97	27	13	396	96	12	173	438	145	237	211	85	258	271	570	153	230	238	102	208	21	291	822	131
V323	177	52	199	515	306	139	453	320	49	243	152	5	40	28	0	42	50	957	131	468	160	76	20	994	134	70	311	72	524	148	225	29	175	118	29	64	71	131	157	118	8	213	548	403	220	41	111	8	32	25	145
V324	200	117	495	1091	17	515	111	384	212	143	0	451	202	440	320	478	434	148	29	341	142	352	325	20	100	39	51	155	152	220	42	53	469	326	405	21	321	287	277	194	135	10	190	112	115	331	138	47	140	405	189
V325	33	12	234	248	168	59	14	349	393	187	424	47	240	310	24	26	41	284	362	118	1	27	3	322	541	193	233	63	293	296	5	17	119	659	187	49	676	22	501	78	145	5	714	236	186	913	68	116	409	70	43
V326	37	605	263	656	0	666	2	13	32	33	117	381	39	135	0	242	3	105	393	473	296	141	97	246	211	318	490	43	62	894	138	2	120	5	770	81	87	35	16	53	734	54	0	176	138	300	268	238	196	135	208
V327	429	171	61	112	15	395	656	660	218	35	37	43	299	386	440	1163	223	26	13	109	56	119	108	65	19	90	15	23	10	436	496	77	43	177	164	58	116	197	202	204	280	56	181	62	106	35	416	11	271	138	347
V328	94	370	221	30	927	1462	16	115	90	124	64	1	670	27	35	39	241	707	160	167	108	120	253	95	104	130	51	349	273	47	136	54	37	85	233	42	151	82	381	363	387	260	162	556	47	227	585	179	321	113	178
V329	51	10	52	9	771	354	33	8	78	91	100	391	56	75	806	28	43	59	224	178	31	585	55	121	386	71	15	216	130	432	213	192	45	67	29	148	184	275	145	119	6	252	16	39	343	30	90	59	382	148	49
V330	153	114	164	11	69	38	130	4	595	258	666	425	506	145	52	1387	50	95	467	193	146	55	461	232	374	81	287	273	500	100	376	449	63	198	183	35	148	289	26	279	418	102	141	31	91	4	666	878	45	336	152
V331	152	59	235	36	436	163	408	167	618	26	48	77	12	12	35	223	132	52	585	329	109	250	317	463	230	9	203	14	320	26	60	279	366	76	38	20	236	1131	319	134	245	242	117	537	32	279	123	257	19	431	154
V332	50	293	42	294	64	87	7	386	34	51	45	97	18	170	49	293	24	194	187	114	242	70	27	51	4	224	877	105	10	310	331	4	55	425	98	187	89	79	97	62	1041	321	4	758	313	7	122	39	406	11	125
V333	8	25	33	54	676	426	12	28	0	47	35	1023	31	236	48	49	0	63	365	64	1	176	142	43	254	271	46	396	254	17	73	454	112	798	691	120	309	202	40	52	152	321	155	194	209	639	65	452	1	166	32
V334	167	129	287	337	55	325	466	44	555	38	311	34	500	105	157	217	211	88	144	0	162	196	26	114	45	74	2	350	285	267	101	179	112	899	57	266	324	110	357	1	86	193	265	254	37	301	59	93	719	36	154
V335	27	15	134	14	185	128	0	574	552	48	51	230	2	145	241	66	23	92	237	52	175	101	96	66	27	535	166	20	88	19	103	68	177	184	3	113	198	663	132	345	181	19	87	56	56	150	82	9	22	158	36
V336	237	37	201	61	164	80	60	5	256	365	344	17	31	54	81	122	176	51	122	51	104	6	205	236	215	50	41	18	35	164	12	49	9	144	19	376	791	13	64	79	491	406	0	31	172	108	28	159	155	132	173
V337	130	57	42	506	450	270	115	130	39	398	116	2	155	265	28	258	188	161	80	51	547	46	442	57	65	938	429	141	268	119	0	283	130	28	19	168	68	8	11	21	48	403	10	17	348	209	89	404	640	59	122
V338	3	123	151	465	125	365	261	204	517	141	561	562	344	48	30	215	256	193	339	66	442	46	76	104	242	348	29	41	251	394	62	86	31	57	199	126	72	2	36	378	257	625	164	365	476	189	81	9	543	223	56
V339	8	135	41	32	1026	146	86	239	362	67	6	38	26	208	609	90	70	203	47	423	194	524	48	146	215	267	166	439	38	342	50	115	168	48	24	175	204	179	142	263	530	74	29	88	112	55	174	476	163	325	67
V340	86	7	25	91	510	111	24	24	139	163	419	867	125	89	345	456	62	43	408	809	167	47	5	55	86	64	36	96	71	62	937	47	440	183	86	76	116	509	83	135	157	140	209	146	291	19	97	542	76	402	68
V341	302	25	141	99	0	618	208	95	14	143	91	53	144	232	128	561	588	148	97	283	112	204	281	53	326	43	560	37	5	394	164	191	106	266	268	43	7	250	316	164	138	309	417	232	530	12	16	57	21	119	227
V342	2	235	536	110	113	19	16	169	243	87	4	126	445	298	533	244	399	576	20	103	31	134	59	138	74	207	175	427	85	6	77	213	90	259	139	658	375	263	502	82	330	200	627	383	60	219	113	59	141	88	90
V343	37	133	117	398	79	115	208	470	122	143	18	1	65	174	88	264	686	33	335	240	10	140	9	49	587	131	221	272	789	121	6	88	378	76	29	178	189	155	503	0	48	130	407	171	312	53	1229	245	125	449	74
V344	70	356	147	167	284	173	218	135	468	98	196	236	244	283	8	46	90	29	7	150	58	467	675	206	76	150	127	705	132	161	156	46	107	247	185	292	349	200	256	445	538	51	239	233	365	93	261	147	177	173	189
V345	122	62	536	90	354	21	149	573	299	80	614	175	12	466	11	95	361	17	205	101	232	1	295	1110	175	178	334	268	121	455	71	156	202	28	11	41	25	10	139	129	18	130	63	88	331	324	59	89	134	217	99
V346	2	419	63	75	119	236	141	8	79	350	124	268	133	48	147	171	12	191	141	104	381	820	292	85	67	355	78	40	124	221	290	436	54	12	570	24	150	110	70	125	303	14	219	250	170	21	29	83	315	236	125
V347	567	1038	182	35	314	10	90	0	337	108	209	275	214	62	32	170	22	254	27	288	173	252	65	171	449	1215	72	73	91	295	256	534	530	306	92	181	145	58	32	145	124	242	12	63	398	30	36	67	149	271	638
V348	69	65	317	379	27	197	52	17	26	6	55	20	273	263	44	204	82	10	145	128	300	18	243	126	332	131	46	95	59	152	406	0	48	136	35	167	173	338	50	30	162	124	109	771	396	114	44	501	38	71	69
V349	72	372	55	1264	17	290	173	94	145	3	239	177	169	182	11	2	326	26	33	426	202	331	126	182	86	160	216	103	59	101	209	71	98	97	195	45	375	485	179	350	53	30	439	21	53	288	292	63	71	179	170
V350	50	529	40	28	185	399	141	12	236	79	271	151	157	453	114	370	364	25	570	118	84	164	9	142	30	23	759	247	167	8	262	40	314	26	159	139	222	3	764	167	48	324	147	165	430	245	67	54	45	132	189
V351	25	125	17	295	239	225	105	32	16	10	6	195	30	34	154	434	156	183	133	81	586	7	154	330	486	414	277	101	239	7	177	128	87	427	213	191	493	34	29	398	512	72	80	81	123	48	763	18	391	24	67
V352	57	502	246	83	21	65	66	20	156	25	506	50	680	631	714	11	114	33	160	14	82	109	233	71	36	4	111	372	136	120	26	131	129	5	23	79	536	232	90	121	96	242	740	80	4	236	143	188	190	284	195
V353	289	45	230	21	152	21	113	4	172	69	10	316	176	268	219	53	18	9	13	46	118	26	152	52	178	85	29	417	4	158	337	284	125	32	532	200	39	7	196	795	286	84	167	107	109	212	132	210	161	101	197
V354	429	84	185	154	251	400	144	126	169	280	10	336	109	128	168	25	62	106	589	206	12	263	752	51	9	528	91	147	78	167	177	442	84	735	215	142	45	342	98	355	66	30	73	265	75	324	191	129	49	180	312
V355	80	371	106	198	407	279	99	71	960	59	336	148	393	201	71	171	0	56	217	394	3	282	300	53	145	5	536	56	345	14	64	135	45	374	10	81	51	822	7	157	82	267	216	108	20	507	257	176	66	6	165
V356	164	59	14	3	143	92	85	113	16	18	202	82	151	215	101	5	38	333	660	233	189	140	319	793	34	149	170	54	106	843	54	108	408	84	237	184	172	127	31	81	215	171	16	69	106	22	102	353	251	38	134
V357	262	67	18	49	16	32	239	138	121	521	384	5	3	296	209	275	137	190	121	358	170	22	392	402	131	413	336	172	529	138	177	217	548	62	994	11	683	32	523	21	317	354	159	40	33	14	16	678	272	795	205
V358	566	108	88	540	124	101	8	87	123	150	167	98	26	84	255	191	129	30	144	34	251	121	25	562	62	4	65	159	100	169	109	735	341	114	579	291	613	280	22	12	18	355	101	589	309	59	18	30	179	369	427
V359	206	6	121	258	14	46	221	252	71	248	104	32	504	98	8	30	77	362	100	324	485	535	9	197	660	340	305	59	151	70	92	10	272	45	254	55	351	167	13	69	145	30	260	99	72	281	57	99	148	203	150
V360	751	320	561	106	118	1184	224	119	24	279	425	26	86	145	201	115	29	10	195	174	18	146	811	92	33	127	999	200	180	126	226	799	216	38	897	65	1	361	178	33	544	47	135	41	148	221	66	13	42	179	631
V361	91	431	41	133	152	96	224	433	55	1188	347	28	24	4	51	639	70	966	236	27	373	115	346	596	282	16	240	185	341	211	25	221	575	12	56	234	154	32	99	167	634	201	215	470	98	59	398	21	132	273	188
V362	634	89	310	15	731	190	244	89	567	133	17	398	236	175	473	71	160	51	26	453	129	86	508	160	976	311	4	6	31	131	84	310	4	139	151	350	193	166	260	382	465	19	287	3	167	33	85	163	236	598	426
V363	296	638	2	82	150	164	112	78	210	24	112	228	128	64	217	121	377	136	205	167	119	23	3	4	141	710	386	96	90	214	194	179	796	472	20	210	367	670	161	234	67	3	56	375	390	43	259	122	424	169	386
V364	33	166	132	59	30	667	215	195	59	283	231	237	161	70	202	202	265	217	6	218	80	15	89	228	25	146	172	552	49	333	36	13	115	246	99	283	14	58	370	24	220	60	413	51	132	131	113	105	17	91	87
V365	230	180	245	44	14	181	304	580	176	213	33	138	216	141	28	127	85	214	62	435	86	122	34	582	541	182	130	460	342	211	256	917	143	257	50	303	40	259	18	21	332	15	227	214	756	153	383	176	185	108	194
V366	104	306	69	30	95	430	17	667	34	202	66	380	157	80	82	255	175	65	271	211	77	121	70	21	13	7	95	74	109	328	0	93	163	172	199	36	12	21	214	1171	29	804	231	740	98	171	20	267	123	28	169
V367	95	34	326	286	149	1	438	196	229	3	107	148	663	94	286	98	623	109	96	797	392	193	91	205	9	275	73	92	417	518	145	162	16	36	143	429	300	25	114	1126	127	185	419	250	222	14	85	74	274	281	91
V368	30	267	11	1030	265	515	66	191	16	469	73	751	77	62	19	72	340	560	174	622	108	220	164	158	101	4	260	277	8	366	111	247	20	535	314	144	29	115	57	229	122	191	69	22	319	38	114	214	120	160	114
V369	544	24	24	19	156	181	162	323	242	37	5	26	11	26	22	350	234	16	113	254	81	1	440	201	839	12	64	159	173	151	9	41	37	105	25	19	75	254	38	51	763	180	177	662	24	157	153	22	370	23	397
V370	81	303	396	259	70	96	278	402	871	555	72	11	260	0	7	335	265	201	48	242	496	1275	0	60	89	613	0	114	622	130	356	31	182	34	171	25	272	114	72	581	29	129	73	22	231	233	602	251	382	428	146
V371	168	24	120	21	71	444	347	55	53	518	324	673	81	70	150	294	670	1154	239	136	192	119	203	87	48	653	105	71	707	56	44	208	328	191	84	89	103	169	227	116	48	368	10	110	48	134	206	32	233	485	156
V372	491	68	265	24	317	24	193	150	41	150	256	107	304	88	496	10	88	471	55	54	54	103	276	26	73	373	42	24	49	139	13	105	256	2	159	129	33	341	52	99	63	167	129	5	9	113	488	97	213	13	351
V373	937	334	30	545	14	4	203	19	58	237	24	259	179	461	88	142	19	45	250	13	11	37	277	281	115	76	286	129	48	94	279	694	245	54	146	37	675	368	14	185	295	15	464	374	437	83	74	417	336	50	763
V374	4	13	217	177	101	113	281	80	32	39	63	312	20	197	144	282	70	18	6	101	54	46	164	175	405	1232	560	164	119	52	73	243	69	32	47	56	139	122	208	180	186	109	29	159	5	74	81	90	203	970	26
V375	189	122	5	271	126	218	244	181	336	72	28	136	46	229	153	6	366	245	104	13	4	84	569	38	19	193	37	294	72	270	38	88	252	285	131	69	33	315	289	205	704	42	337	43	450	67	179	455	48	198	171
V376	333	232	13	115	165	133	422	483	262	425	329	260	569	164	643	54	165	22	426	15	134	47	127	452	114	151	674	59	182	227	547	29	27	31	234	37	11	15	386	798	196	55	78	62	306	197	566	55	67	284	295
V377	5	6	443	375	409	32	8	467	195	78	60	134	357	180	86	63	426	48	513	69	99	54	496	3	425	37	747	57	220	392	149	153	148	485	22	76	225	71	314	481	163	452	62	99	297	373	361	440	278	10	28
V378	556	141	329	118	470	27	642	224	568	233	81	186	341	304	149	112	291	47	331	100	30	198	18	111	310	43	158	31	301	67	216	206	74	416	83	166	294	86	110	127	124	122	102	101	293	299	79	79	272	54	414
V379	182	716	5	507	352	75	142	156	21	988	246	273	311	225	342	128	66	11	29	104	105	142	103	79	0	235	287	416	40	24	337	57	114	7	293	70	366	520	273	3	65	342	70	237	291	88	244	424	25	550	314
V380	106	272	204	339	101	11	78	138	132	11	737	118	108	34	31	518	68	37	354	50	150	111	102	206	215	364	56	40	233	45	49	278	603	291	194	11	882	158	127	523	195	5	46	103	164	147	194	72	198	329	164
V381	136	368	243	385	27	105	469	332	335	95	219	18	108	53	180	72	226	564	19	333	362	115	216	17	80	398	221	298	67	151	170	80	284	191	156	106	197	66	76	547	41	301	111	36	81	147	131	24	64	68	191
V382	4	26	47	275	44	139	109	394	313	109	44	260	549	436	1280	19	142	93	203	25	160	7	221	269	126	157	584	232	91	210	10	183	263	132	122	96	414	404	10	8	133	59	416	80	166	503	71	42	184	6	26
V383	2	764	102	245	118	70	142	68	120	203	87	318	314	132	36	92	194	461	145	998	177	39	5	24	288	380	22	218	194	28	107	53	191	154	128	76	63	92	22	118	204	88	166	36	122	10	48	241	152	74	208
V384	149	189	2	124	715	101	316	767	585	100	69	4	29	51	50	163	172	445	138	154	76	476	53	82	340	267	79	605	711	141	333	444	64	23	48	118	305	36	177	9	135	359	93	152	133	81	23	239	41	377	175
V385	154	72	312	201	206	93	68	475	52	76	62	250	336	69	518	22	145	160	426	435	276	104	557	153	115	8	211	148	238	140	116	316	565	531	116	1	138	51	482	56	102	253	213	38	34	263	113	5	300	67	154
V386	270	441	622	261	326	650	101	91	624	62	199	49	313	269	118	600	97	344	510	573	118	164	292	197	174	166	555	290	43	99	237	132	621	363	45	191	21	8	31	533	241	47	181	152	29	26	140	84	94	152	321
V387	202	161	541	166	120	0	1004	37	121	441	585	441	70	240	260	619	64	92	349	21	358	82	253	151	191	0	672	360	87	779	70	131	240	36	291	258	323	83	103	179	63	107	288	136	377	371	59	45	754	159	196
V388	365	55	3	204	197	43	10	137	217	42	43	252	53	483	32	46	307	2	394	48	332	306	441	130	98	98	2	49	175	105	68	330	261	197	510	11	169	222	586	11	68	88	92	173	162	21	39	59	525	295	272
V389	480	258	113	114	200	261	105	231	26	14	142	1134	163	158	189	287	40	132	288	55	116	0	275	21	688	119	118	124	77	257	18	86	70	46	127	880	116	128	442	34	79	91	161	701	83	32	341	298	37	135	400
V390	88	51	186	76	170	135	33	121	39	73	235	12	105	227	11	10	458	73	56	343	148	185	37	235	779	409	104	114	173	71	35	18	111	61	487	200	14	12	3	79	141	271	307	268	49	399	352	341	16	13	84
V391	24	89	106	1	7	842	30	61	26	180	202	162	47	18	56	508	74	36	62	56	5	156	193	221	126	243	2	185	334	81	134	397	99	50	196	103	36	499	234	112	113	44	148	396	636	119	50	112	31	180	50
V392	191	75	127	610	92	6	132	479	158	60	240	209	119	99	157	18	136	113	328	99	139	111	31	194	53	147	241	334	409	76	265	385	73	170	94	573	133	148	40	221	8	256	374	5	462	183	50	299	1636	490	149
V393	237	627	237	107	186	16	53	849	84	123	66	426	103	43	126	82	61	95	254	15	141	349	153	6	666	73	274	80	269	55	163	40	66	310	187	52	131	391	11	97	118	331	16	37	10	28	329	119	114	55	338
V394	36	5	172	366	83	300	38	63	48	268	53	165	528	33	37	92	154	383	37	249	79	465	251	36	59	335	274	144	44	23	983	123	417	53	245	1037	223	155	75	117	41	178	130	142	290	147	219	6	23	157	32
V395	271	36	197	142	214	60	142	131	121	922	587	134	124	118	170	448	3	157	300	45	227	106	550	196	312	1077	102	62	106	35	41	209	59	70	166	51	51	0	101	73	146	61	99	39	430	75	6	337	148	55	211
V396	19	107	82	164	35	257	277	49	363	610	122	230	163	3	39	461	755	50	70	161	690	48	120	174	133	53	65	440	146	98	76	230	406	362	20	346	125	33	169	183	393	32	895	78	290	150	72	380	126	156	72
V397	79	378	110	108	307	14	91	51	471	36	59	0	184	390	21	263	99	83	226	173	19	6	339	240	89	207	9	326	539	69	21	31	204	80	323	57	83	88	67	448	551	458	392	209	89	34	267	249	168	5	183
V398	834	464	316	300	23	157	144	195	6	157	7	913	272	216	103	187	20	126	18	339	335	120	49	66	110	256	90	5	140	222	5	655	387	178	9	88	22	52	15	198	34	91	7	6	476	509	8	304	120	41	700
V399	51	162	135	300	199	98	187	251	76	170	23	339	180	63	125	202	377	379	92	10	74	171	440	326	342	120	252	163	27	16	26	158	52	177	37	48	302	5	285	222	5	167	43	174	131	442	23	11	370	96	97
V400	41	537	133	287	35	4	527	809	63	423	515	171	65	378	802	33	374	322	29	436	177	38	599	129	580	139	779	65	1016	255	693	377	5	323	1146	370	136	135	201	42	362	140	84	54	2	242	36	130	601	121	196
V401	0	8	655	56	199	425	84	516	50	76	221	229	165	21	154	119	53	86	90	583	351	242	237	170	296	1	327	131	341	588	119	260	67	55	42	658	141	441	22	28	17	103	286	154	312	84	37	23	803	103	31
V402	165	226	110	44	6	24	568	130	115	153	343	259	100	117	955	298	568	88	149	432	277	41	316	80	516	547	227	74	246	5	202	532	18	43	255	36	12	437	151	302	106	665	277	138	246	9	803	23	64	242	194
V403	278	766	327	21	483	24	103	270	108	10	299	20	67	51	245	192	82	629	108	107	322	130	932	332	23	129	28	274	106	14	191	79	327	749	149	25	125	102	198	75	51	142	28	155	143	210	233	731	541	68	418
V404	14	256	24	162	392	235	138	556	180	72	500	182	162	7	315	17	294	500	43	72	185	337	13	167	325	101	121	74	330	57	124	66	193	75	457	145	184	137	272	150	11	13	577	113	404	290	118	208	457	247	96
V405	305	46	118	30	283	97	168	286	416	85	216	250	2	656	89	175	143	79	364	208	261	923	146	65	10	47	129	13	154	105	29	40	6	197	86	82	36	443	45	203	94	150	22	769	149	18	6	105	685	102	212
V406	210	201	5	48	50	142	46	205	258	350	241	197	206	24	147	206	157	510	39	0	104	612	122	20	38	549	167	303	145	349	55	212	71	41	37	222	577	255	130	26	7	69	691	252	362	557	122	54	343	3	205
V407	101	61	2	79	25	153	198	135	207	352	138	313	75	175	114	151	71	85	113	121	381	11	367	106	16	4	155	34	17	52	147	115	480	253	198	30	120	476	22	90	215	94	477	6	135	13	155	53	241	184	83
V408	110	315	61	55	302	248	16	26	98	481	37	617	2	49	79	98	480	175	203	373	318	148	28	207	70	170	149	59	61	198	535	183	240	3	44	127	361	88	308	128	228	219	166	101	232	69	68	118	350	624	156
V409	104	296	3	60	24	19	695	178	74	76	12	83	479	2	10	417	365	88	155	53	157	36	107	228	854	439	71	436	272	10	31	329	284	25	197	45	63	81	530	331	143	307	155	139	89	308	147	13	270	43	168
V410	49	97	19	14	57	862	75	839	106	258	58	2	117	147	211	246	215	175	149	223	184	78	762	107	198	15	116	195	62	206	16	215	233	2	449	115	238	43	226	103	62	90	637	16	77	43	391	710	424	920	67
V411	257	55	89	30	49	138	297	329	1	345	234	34	60	91	74	274	50	219	39	171	125	1200	282	101	257	193	217	133	211	54	105	1001	50	182	225	566	46	595	211	80	203	151	65	661	163	190	73	264	104	293	196
V412	437	44	188	50	527	47	301	27	252	291	284	129	318	256	155	99	42	121	116	541	361	374	192	406	35	125	104	122	544	69	399	151	16	496	141	307	390	21	163	11	101	594	76	54	464	394	272	10	45	171	301
V413	325	418	451	116	296	186	143	92	102	118	240	919	427	5	328	105	683	34	86	115	186	126	215	37	13	239	401	319	34	167	21	1	173	201	749	5	214	28	39	33	29	72	218	15	389	333	87	100	236	107	340
V414	21	60	4	222	90	434	190	181	694	152	549	43	110	13	33	373	118	550	7	12	31	225	124	51	114	324	83	244	116	296	154	571	71	284	220	24	698	86	30	140	206	12	188	508	27	162	228	347	171	155	57
V415	194	67	227	17	56	68	92	286	206	170	12	13	94	318	266	71	57	54	147	10	33	355	581	47	393	16	429	997	1031	72	1	65	211	191	219	70	128	26	70	221	184	264	104	53	413	172	319	20	245	35	166
V416	89	142	376	104	169	193	97	40	70	40	323	62	33	20	476	88	637	21	176	215	30	43	81	343	163	48	48	4	180	2	77	3	280	42	365	106	135	56	174	130	423	256	184	109	482	267	507	314	958	149	109
V417	315	206	62	57	224	297	625	349	378	371	818	49	496	10	66	357	198	169	672	344	387	314	59	189	101	82	183	158	366	308	211	33	478	186	19	76	226	163	80	51	167	873	85	2	78	266	163	0	137	304	285
V418	255	0	198	453	31	307	117	134	247	175	168	92	28	360	80	148	302	193	126	386	227	648	11	84	146	289	7	40	2	17	291	251	11	30	961	609	52	52	181	182	420	103	42	963	139	268	50	47	319	30	182
V419	206	505	587	21	48	173	94	349	48	46	154	235	146	275	267	105	76	220	126	318	758	187	342	223	510	262	8	249	122	79	462	78	391	185	28	178	6	206	3	79	199	167	153	309	167	124	176	208	133	55	266
V420	74	37	161	334	151	244	27	87	26	477	20	146	35	213	295	143	868	140	145	149	24	209	32	7	34	97	84	216	45	460	524	293	260	307	113	294	541	445	238	127	2	170	198	623	76	248	324	168	5	83	79
V421	87	602	711	463	422	89	57	97	112	52	112	68	79	937	276	280	535	64	242	111	1	274	89	112	99	215	113	62	907	144	242	120	67	206	1436	422	74	114	330	282	400	132	219	50	268	181	102	283	183	131	229
V422	46	56	384	31	15	26	554	68	187	7	232	56	519	29	366	53	127	98	235	32	12	46	11	316	97	183	535	106	481	302	106	604	86	45	173	205	756	453	515	419	6	588	19	129	43	174	69	271	78	172	91
V423	344	174	772	538	217	82	79	341	501	499	78	742	117	65	69	438	71	33	613	168	59	269	154	435	191	39	350	4	11	8	169	84	116	298	203	40	310	401	55	64	250	183	366	252	177	48	268	289	62	25	299
V424	203	20	55	45	89	114	252	233	31	75	285	25	640	111	8	214	161	222	374	267	15	100	130	149	308	853	203	369	368	31	255	108	198	160	45	314	133	18	135	49	15	662	39	46	16	43	100	80	259	11	168
V425	34	131	4	471	1001	86	29	1078	425	324	29	241	187	76	420	174	105	591	130	56	60	66	199	49	337	45	29	672	112	80	34	122	5	41	11	415	205	71	9	8	398	4	22	123	379	41	122	101	15	85	77
V426	123	260	62	118	170	584	200	128	795	347	125	411	343	267	228	102	246	26	79	81	38	37	165	407	26	25	95	54	178	61	384	95	31	766	8	75	115	187	62	36	344	134	399	4	207	184	250	27	178	210	167
V427	198	51	0	80	483	360	67	568	71	369	493	13	341	8	584	564	173	178	340	256	267	33	186	10	402	103	76	181	442	288	123	53	44	243	131	33	399	237	248	132	131	80	52	144	316	660	4	118	20	114	161
V428	48	255	101	61	168	97	290	0	170	786	110	66	412	76	296	25	74	258	260	22	70	449	17	91	658	54	98	80	493	53	282	181	234	88	376	186	252	0	337	110	202	101	269	75	497	412	389	23	263	530	117
V429	277	249	303	4	9	102	62	41	86	454	425	105	26	284	48	14	90	269	390	429	78	437	260	231	207	40	528	21	305	209	148	123	186	2	62	196	294	20	454	522	417	223	67	160	33	22	11	71	45	555	270
V430	15	373	201	140	239	218	345	353	21	204	339	42	52	265	61	283	72	3	151	71	7	358	229	210	1095	109	233	24	276	120	209	9	57	398	13	28	73	40	210	107	22	64	248	100	281	259	190	17	377	75	138
V431	808	69	130	188	53	551	3	393	258	257	147	72	92	96	207	354	61	252	28	33	358	11	132	428	46	178	250	5	91	428	105	71	191	9	345	310	109	319	693	779	386	162	169	83	671	47	204	85	14	16	510
V432	623	520	71	338	221	204	101	131	246	85	102	127	4	27	94	89	308	107	50	715	944	101	6	146	260	198	177	325	195	194	233	152	460	148	47	235	189	51	78	330	31	542	267	26	82	5	84	352	22	127	568
V433	23	58	391	88	105	49	133	476	277	189	401	330	40	14	169	259	604	816	203	80	103	59	68	15	60	115	48	32	70	411	168	22	62	83	73	77	317	202	683	24	27	176	45	104	204	168	569	23	143	49	52
V434	70	65	388	689	14	329	311	100	17	661	228	44	119	502	167	414	37	162	31	457	57	487	47	280	42	102	268	134	36	32	54	77	58	595	102	12	548	561	1	168	19	174	549	247	154	114	32	20	47	3	80
V435	28	87	97	46	117	196	288	12	93	159	299	190	30	139	139	964	13	376	573	31	494	415	66	140	133	321	778	119	50	113	83	404	260	82	41	300	74	291	15	415	60	117	132	130	606	42	279	825	232	527	54
V436	166	171	218	121	5	7	389	6	368	139	12	233	43	164	179	264	622	135	9	70	144	57	707	241	706	80	617	105	34	29	266	102	619	162	23	188	16	170	7	25	7	100	174	37	90	56	3	90	156	404	176
V437	335	64	82	11	50	353	265	73	42	28	7	275	320	18	205	28	180	373	40	142	298	120	242	107	207	0	196	0	251	110	505	53	123	163	103	284	39	5	472	170	174	339	160	544	111	183	61	78	136	26	242
V438	54	70	21	14	114	66	173	43	55	20	14	398	256	88	110	209	252	191	169	52	104	250	73	63	481	47	25	197	92	761	671	159	177	225	364	93	290	26	21	72	207	214	44	198	8	0	126	340	133	595	52
V439	355	21	136	79	164	65	71	21	155	414	13	85	124	13	450	67	508	59	66	3	382	159	472	46	293	38	482	325	322	154	171	242	265	108	44	136	19	337	151	115	200	77	156	56	47	152	75	620	62	208	241
V440	156	193	419	467	34	135	71	2	190	253	143	240	374	429	250	53	16	7	81	8	437	316	243	216	177	99	257	22	228	508	290	14	146	94	245	60	462	78	812	741	2	85	454	816	206	519	417	201	20	103	155
V441	125	462	90	44	67	119	656	56	89	101	73	93	90	514	69	16	64	102	217	75	454	2	107	409	322	687	147	74	48	208	151	254	55	42	363	421	75	57	700	177	83	152	138	38	270	71	435	164	513	48	253
V442	108	347	471	682	26	903	265	629	32	784	199	230	4	250	4	176	435	64	44	43	212	13	416	119	10	320	26	12	22	73	47	375	784	379	356	531	605	46	979	627	488	331	84	265	70	114	116	79	22	154	193
V443	173	78	128	771	346	137	45	48	105	546	128	211	153	46	312	21	33	138	97	42	154	102	0	26	38	309	68	177	278	469	213	289	137	144	81	10	43	61	67	199	2	21	212	63	264	27	256	177	189	486	164
V444	417	65	17	293	119	340	46	432	101	200	50	25	1	57	280	145	12	5	449	132	149	440	155	185	632	87	66	14	144	284	166	4	523	86	93	82	63	99	77	95	105	155	98	285	168	272	122	194	42	212	253
V445	50	280	916	35	157	379	482	130	228	27	183	134	96	327	21	481	104	6	239	641	268	430	260	233	120	378	15	256	195	141	492	302	35	231	411	476	107	119	296	454	47	146	63	148	16	797	313	113	240	53	126
V446	61	54	345	5	228	13	266	152	50	125	277	101	5	410	519	189	162	151	209	76	9	89	166	88	244	445	36	159	13	338	103	172	216	69	18	211	126	137	59	173	270	200	41	423	95	231	36	73	96	242	70
V447	125	9	104	81	88	313	68	245	530	449	86	123	32	54	409	496	52	267	344	68	29	46	93	90	80	330	14	127	272	22	554	208	99	22	19	115	186	239	245	105	2	27	426	311	280	92	15	390	488	283	103
V448	157	151	19	4	194	186	1	62	11	85	217	98	179	134	433	208	95	269	620	25	333	54	78	160	40	29	76	206	223	29	273	399	304	520	102	85	103	56	441	423	204	275	751	307	140	348	585	148	546	94	180
V449	52	347	175	395	58	84	432	69	25	107	50	122	36	59	224	75	5	1156	349	398	89	157	0	256	110	132	576	266	241	74	68	2	134	11	330	19	1	219	584	299	379	12	72	347	22	68	10	44	133	91	131
V450	40	8	212	28	46	47	41	1053	218	118	120	456	43	111	768	64	247	219	14	239	626	61	63	386	87	11	91	91	1	75	222	151	853	93	573	340	251	681	323	71	255	322	62	29	57	122	198	189	66	213	61
V451	24	32	388	81	94	242	148	255	346	196	144	130	159	1	163	106	407	288	263	156	110	151	365	115	293	248	33	44	314	74	11	181	74	73	44	355	284	58	59	195	117	197	365	150	131	914	264	610	303	126	45
V452	8	425	347	562	42	473	21	52	114	146	77	484	691	213	491	273	86	62	71	225	82	1063	283	26	276	734	7	51	186	369	99	28	35	83	326	72	58	303	200	555	23	30	453	244	52	521	41	67	66	436	123
V453	66	46	372	173	595	44	260	12	71	52	521	330	179	75	881	79	15	743	108	13	45	105	189	534	187	181	235	136	297	361	307	62	513	160	14	117	77	174	97	0	28	50	97	72	168	8	58	285	153	273	65
V454	311	63	110	776	138	647	505	460	54	99	676	9	383	428	177	62	95	41	112	336	131	2	124	2	95	186	522	712	388	3	19	67	133	27	29	888	198	538	21	207	349	107	117	13	303	106	38	31	87	152	216
V455	665	218	219	98	117	11	168	199	154	64	154	302	356	338	46	40	316	81	86	465	25	21	355	27	192	253	281	316	408	72	126	358	95	15	26	99	56	188	297	62	94	57	828	22	35	331	316	16	435	14	493
V456	241	131	199	389	332	225	185	65	182	68	110	262	92	69	251	339	114	57	86	27	498	92	367	99	47	287	348	159	50	308	2	125	130	112	327	56	124	66	616	40	234	45	19	160	21	78	108	129	268	23	209
V457	194	268	95	94	190	7	62	345	311	5	196	4	105	650	39	52	104	381	93	525	19	256	700	341	169	91	434	368	1563	3	132	82	24	318	319	635	62	48	91	122	31	83	269	25	281	72	212	531	27	58	197
V458	205	121	1094	50	77	223	179	273	258	176	36	347	76	213	167	240	9	177	153	768	187	556	100	7	270	66	11	351	37	104	250	197	156	113	219	300	53	307	36	165	459	479	24	457	25	497	324	143	311	10	165
V459	637	86	116	12	140	302	672	592	427	87	8	446	12	212	284	254	551	1289	267	167	122	179	340	419	61	174	20	1056	151	467	55	1438	83	523	447	472	68	28	32	124	80	66	121	216	99	478	159	166	935	301	487
V460	37	411	210	6	376	72	5	146	371	56	355	54	317	190	379	177	40	70	515	144	138	122	145	307	18	231	13	167	16	42	331	137	144	198	0	588	332	225	431	96	222	4	78	44	39	103	86	22	155	668	145
V461	113	97	135	10	357	68	65	177	205	52	46	133	133	339	107	97	0	92	677	13	160	969	376	3	166	586	332	293	43	335	400	351	194	47	140	91	12	100	11	52	269	100	72	194	445	67	24	50	4	180	123
V462	24	218	117	530	69	344	374	23	105	493	50	521	746	38	330	429	43	53	214	260	76	363	141	334	86	356	76	155	28	96	133	427	91	283	41	765	651	167	260	606	861	36	300	225	25	189	664	192	46	45	101
V463	253	43	144	118	144	482	115	293	385	47	303	109	66	276	156	313	421	314	62	379	754	18	13	134	193	406	622	43	181	63	629	61	53	115	156	38	136	64	360	10	3	290	67	542	200	432	62	44	5	307	201
V464	125	164	315	42	145	289	55	95	183	86	169	62	126	192	575	5	96	105	305	78	39	107	69	5	3	75	389	363	45	264	21	282	6	189	40	220	442	89	409	200	274	104	12	159	16	720	124	110	31	272	134
V465	205	30	337	947	4	709	132	51	34	592	4	129	41	0	220	81	436	63	3	32	10	20	36	810	594	134	564	101	81	480	87	25	37	45	52	428	150	75	79	21	682	206	177	53	38	77	415	251	580	125	119
V466	258	48	283	63	560	190	212	226	115	319	111	62	63	277	20	52	576	104	255	18	76	0	72	724	307	998	220	301	86	397	14	31	734	86	38	277	398	827	81	128	27	219	69	184	110	110	55	122	45	863	217
V467	226	134	157	131	273	17	35	405	137	143	8	21	38	717	59	184	118	71	211	81	311	663	31	274	166	118	160	569	163	199	227	78	768	431	413	591	393	272	66	184	172	11	311	33	165	75	94	196	13	16	233
V468	120	45	0	70	22	136	68	33	199	198	182	58	164	152	514	9	215	61	155	243	67	51	4	6	283	378	236	391	138	19	154	192	19	48	89	27	1056	103	103	162	265	44	38	338	302	662	92	39	604	239	98
V469	40	440	224	80	364	365	179	158	63	68	68	8	398	26	315	29	49	8	0	155	484	456	65	286	166	266	260	142	317	69	116	25	26	151	289	145	6	364	206	299	221	98	79	452	388	87	80	88	86	268	160
V470	59	102	462	42	88	271	697	217	62	43	105	28	458	55	914	135	70	352	174	107	218	187	13	116	80	10	95	19	187	45	166	321	935	172	497	42	22	39	307	49	97	165	295	8	64	36	10	32	9	161	82
V471	26	460	15	45	262	38	77	77	39	38	63	29	434	250	0	358	803	174	24	97	369	263	176	45	1	123	68	279	328	1069	91	164	10	587	272	460	15	193	217	310	68	392	17	96	227	295	327	18	167	52	157
V472	48	149	431	69	482	13	7	73	31	116	115	53	172	114	155	46	25	0	70	104	179	283	299	61	328	270	29	357	458	99	101	49	515	190	115	134	322	331	85	98	119	59	57	140	590	112	14	35	97	85	94
V473	9	367	29	370	64	205	68	704	907	161	128	126	237	179	46	620	260	195	42	1044	251	92	228	45	28	323	712	71	60	78	245	38	425	227	177	232	90	212	12	332	114	186	212	35	452	72	279	368	12	36	129
V474	289	51	483	34	161	134	19	189	176	25	352	357	181	57	492	6	176	110	259	63	444	240	165	4	212	21	12	273	42	10	74	638	54	68	175	140	68	474	77	292	389	189	215	231	168	68	55	517	858	63	217
V475	359	94	111	0	15	142	12	47	28	50	4	71	50	3	33	9	42	198	36	209	83	18	80	89	18	437	389	93	143	86	141	312	157	135	812	359	7	19	211	459	142	169	21	186	72	24	58	208	38	638	256
V476	3	76	400	30	13	13	107	505	236	21	179	7	93	265	27	294	210	96	178	569	75	110	41	19	68	18	5	8	512	364	153	207	321	122	267	437	170	215	178	80	786	5	347	79	158	1	583	70	36	413	48
V477	7	49	238	47	444	550	75	18	247	43	195	13	116	242	193	215	109	59	39	122	0	257	20	163	80	46	494	263	151	794	169	34	877	198	309	128	474	5	226	85	17	84	263	29	173	7	592	337	431	40	31
V478	99	318	294	159	670	120	313	424	196	33	556	117	427	96	129	116	210	88	256	113	71	3	207	130	333	25	46	285	268	115	75	442	266	354	463	98	1	2	126	145	495	7	42	166	57	535	38	25	70	414	176
V479	75	2	75	59	161	34	194	267	64	12	621	138	151	723	247	167	32	10	190	118	401	128	7	202	48	82	7	194	88	105	42	223	488	357	178	30	330	28	46	307	34	123	72	208	551	42	267	27	137	412	86
V480	41	184	382	62	20	156	59	158	13	3	45	85	209	52	182	106	504	859	468	330	76	343	260	110	219	2	206	16	87	68	346	77	470	433	303	278	1	873	0	257	41	220	252	294	27	387	142	12	183	249	100
V481	161	399	228	188	179	85	393	101	95	151	280	5	117	200	52	72	181	211	71	263	344	105	336	28	68	39	214	32	257	35	731	24	1396	145	171	578	66	68	873	81	325	140	295	93	207	92	17	169	45	247	228
V482	89	152	26	105	72	112	95	329	485	183	141	40	94	112	16	5	96	338	536	64	166	21	276	448	8	150	69	20	152	399	335	81	506	113	58	111	232	141	42	19	24	321	20	123	28	53	375	190	174	13	118
V483	194	472	2	55	58	802	529	500	143	14	23	59	34	40	275	76	545	48	6	1062	47	374	10	57	50	661	124	194	270	220	351	170	74	90	282	236	109	38	146	78	318	14	55	206	37	17	45	477	112	37	252
V484	37	65	420	46	95	603	6	50	167	38	93	393	117	159	34	186	33	50	68	32	1010	54	207	197	109	132	108	257	37	13	30	165	35	165	241	22	166	5	295	283	63	22	114	345	77	49	15	7	94	0	58
V485	201	26	64	36	240	45	56	52	3	72	72	273	43	297	31	33	283	129	122	86	828	84	247	399	323	252	97	189	3	34	140	672	211	483	325	2	58	68	89	21	418	151	45	196	283	279	190	787	211	33	166
V486	325	475	99	393	86	250	280	519	306	170	101	296	106	131	110	234	832	168	106	54	612	113	52	151	298	12	265	81	335	146	507	87	30	243	1395	97	333	58	566	331	206	217	290	198	104	24	170	277	371	89	335
V487	93	113	148	64	1157	29	139	100	262	85	36	233	208	131	16	77	113	155	166	103	86	29	297	338	110	288	160	85	11	11	73	131	240	130	132	255	367	71	516	2	13	36	103	7	12	416	15	129	156	63	107
V488	52	1	204	187	556	194	7	73	59	406	46	95	40	20	355	3	706	140	43	338	66	121	444	84	397	113	23	2	40	167	178	125	361	17	154	68	368	48	476	370	162	736	113	48	300	547	286	281	156	129	44
V489	338	450	115	182	30	0	170	85	397	260	50	133	88	454	79	16	193	222	299	181	62	107	72	350	486	205	0	1200	155	73	219	165	571	49	43	923	202	72	453	176	370	235	79	392	3	183	5	367	291	43	309
V490	24	188	162	151	269	352	885	99	476	7	211	200	131	228	274	506	710	7	760	263	45	19	231	47	14	65	164	72	85	468	137	125	111	412	421	429	42	271	0	116	435	390	406	423	274	108	139	6	129	79	96
V491	128	161	29	216	102	153	2	136	59	124	5	129	192	265	22	961	3	727	80	317	16	68	270	669	138	31	28	395	40	2	385	0	25	29	9	103	30	304	72	182	797	404	94	539	52	8	130	89	54	363	132
V492	343	1	9	323	133	32	305	290	13	265	148	641	27	105	1	67	168	281	33	255	244	168	327	431	29	127	411	158	241	364	105	40	824	93	81	70	64	121	103	36	15	261	502	11	141	80	76	238	72	79	257
V493	310	30	62	56	85	472	113	45	179	485	306	162	594	848	219	693	68	78	147	104	141	130	694	247	201	194	159	496	100	119	487	280	69	79	23	93	89	178	196	546	21	103	153	459	74	515	93	71	67	250	220
V494	19	99	219	66	233	20	67	448	44	427	29	104	9	24	105	296	112	18	158	225	115	37	381	110	406	223	1	276	221	75	773	233	181	381	34	38	119	18	21	14	111	576	11	75	74	188	116	164	196	120	62
V495	508	89	311	137	250	69	157	542	459	71	102	112	449	72	374	385	71	19	399	522	424	76	298	16	379	37	244	67	1006	427	79	65	2	7	20	67	284	150	418	160	267	72	528	179	876	11	10	194	425	1	379
V496	16	36	172	7	440	165	297	190	292	138	161	40	388	38	3	0	427	113	15	95	31	630	133	50	196	113	141	283	4	762	424	394	177	106	131	40	142	103	318	74	38	100	197	112	76	127	199	137	85	287	30
V497	217	466	362	8	374	124	143	237	97	73	253	62	633	193	80	383	32	209	117	1323	375	622	154	200	40	353	39	64	62	24	317	294	96	21	135	148	12	34	484	20	470	135	57	75	179	268	570	6	250	96	269
V498	669	300	15	211	267	301	262	1	485	177	197	76	223	24	54	378	160	130	213	347	341	214	11	88	268	35	400	387	53	131	64	392	202	595	115	142	116	287	125	18	42	118	594	165	95	13	54	212	30	178	519
V499	326	263	291	99	102	192	471	94	193	20	453	13	165	456	35	79	80	82	19	355	1117	54	40	44	53	148	484	14	92	82	251	942	17	165	39	270	70	139	400	182	69	612	233	248	19	604	935	381	104	89	290
V500	464	234	75	119	523	50	505	15	59	69	111	335	471	119	29	64	366	209	138	101	246	26	497	250	165	268	402	161	111	166	18	6	2	90	75	128	128	47	314	188	173	343	68	23	22	145	281	178	56	710	331
