Source001	Source002	Source003	Source004	Source005	Source006	Source007	Source008	Source009	Source010	Source011	Source012	Source013	Source014	Source015	Source016	Source017	Source018	Source019	Source020	Source021	Source022	Source023	Source024	Source025	Source026	Source027	Source028	Source029	Source030	Source031	Source032	Source033	Source034	Source035	Source036	Source037	Source038	Source039	Source040	Source041	Source042	Source043	Source044	Source045	Source046	Source047	Source048	Source049	Source050	Sink
V1	509	238	132	110	29	130	194	182	223	156	263	14	254	245	147	3	229	129	541	352	301	142	29	803	485	121	79	22	193	298	6	108	191	109	46	247	167	362	230	226	205	349	653	134	0	19	164	199	419	96	347
V2	397	21	234	120	284	275	15	119	286	4	200	137	98	133	628	26	105	952	79	83	13	389	138	132	298	18	6	75	210	20	136	242	116	353	462	210	874	88	410	228	151	136	222	54	20	59	506	68	347	80	198
V3	142	13	26	268	31	1023	24	927	80	265	203	21	273	26	60	8	25	290	40	280	11	244	152	240	278	2	40	212	130	20	638	295	186	54	328	361	15	61	9	132	8	278	203	223	190	74	95	70	212	832	87
V4	436	130	107	96	352	40	238	381	582	5	5	542	90	23	219	74	39	82	127	371	123	96	643	36	234	193	40	71	97	210	112	14	144	813	342	231	310	6	119	18	190	91	30	179	6	293	5	552	1033	202	285
V5	6	188	431	218	73	46	27	680	2	60	139	82	253	121	361	40	169	202	302	101	256	88	177	67	226	55	84	162	222	146	157	34	14	386	23	311	167	109	293	169	63	503	258	155	506	135	358	82	276	98	116
V6	124	76	124	246	257	88	518	6	433	36	11	485	16	62	95	508	185	50	87	149	8	19	204	299	34	73	364	452	133	320	22	161	36	25	232	429	64	6	436	214	263	20	168	563	667	168	114	178	72	772	116
V7	569	62	251	239	201	272	13	56	99	822	415	306	313	583	423	252	1	169	22	13	442	259	21	96	360	9	0	23	36	26	249	102	112	13	146	13	29	63	242	128	306	2	684	731	179	411	151	22	14	223	275
V8	15	127	45	22	35	57	769	353	0	82	62	100	321	149	404	167	5	847	141	225	106	177	91	99	264	104	211	559	15	121	527	282	14	83	55	351	106	303	291	5	81	58	235	37	69	30	208	145	229	286	90
V9	21	163	107	312	208	153	771	32	115	74	183	413	158	433	62	150	26	81	2	162	7	440	1101	593	570	78	117	267	181	44	109	72	368	205	41	94	128	163	279	412	176	82	327	272	559	142	54	384	270	321	130
V10	18	63	54	663	93	95	229	114	19	26	47	80	5	65	594	50	69	28	67	35	384	221	137	297	121	4	234	217	159	49	62	159	140	271	8	7	278	295	125	249	209	35	888	7	636	195	191	51	200	16	39
V11	25	376	123	327	83	217	217	75	12	150	162	5	69	262	158	183	51	267	81	706	593	359	149	68	9	57	95	636	23	384	122	367	5	93	123	255	40	74	785	68	242	22	104	13	166	89	71	272	456	11	195
V12	351	215	14	91	527	77	228	186	288	106	68	70	208	211	301	0	207	330	90	150	148	35	21	508	23	190	226	211	101	54	13	40	220	21	38	130	97	75	85	171	24	293	145	330	64	78	303	76	70	134	281
V13	138	62	110	601	47	138	10	3	370	309	524	140	289	144	84	139	424	1035	42	137	280	443	139	138	254	467	158	408	30	69	88	177	787	147	119	272	152	98	369	70	212	144	1	165	59	253	55	159	130	56	114
V14	713	47	183	29	24	111	123	284	230	53	245	33	513	132	61	403	98	135	164	5	22	270	170	228	915	50	490	49	282	506	10	488	170	42	338	102	300	431	188	46	39	333	11	98	290	175	57	73	24	119	344
V15	53	202	165	346	189	320	161	280	58	24	47	140	37	14	220	165	175	300	105	413	120	145	250	144	126	3	161	53	194	286	5	44	310	170	623	107	97	11	193	286	39	51	446	29	109	224	101	356	78	140	163
V16	628	75	241	86	586	132	43	29	3	4	476	79	248	7	24	129	36	21	156	10	44	564	205	155	55	406	89	9	98	131	105	459	62	431	345	33	83	46	21	44	11	98	147	125	134	143	495	198	195	155	306
V17	0	51	13	210	202	92	160	334	147	204	130	3	7	98	313	33	154	146	762	329	166	9	32	218	89	58	208	142	181	816	101	137	169	51	149	464	84	165	80	73	551	253	34	192	283	543	149	43	437	101	42
V18	73	130	195	177	146	438	185	138	42	294	163	15	15	98	157	85	99	66	369	144	350	88	357	485	187	51	417	14	460	126	387	257	73	15	229	117	229	263	91	90	1192	123	126	75	317	344	46	252	125	51	103
V19	41	29	54	5	309	389	11	57	18	192	284	201	104	241	226	369	690	113	116	109	82	214	202	14	147	237	71	107	48	78	144	153	82	55	41	203	369	448	443	0	205	233	559	57	313	234	26	580	134	569	53
V20	168	372	473	62	26	408	174	168	344	265	154	124	11	13	159	454	463	326	639	48	57	82	524	52	238	298	254	247	311	87	9	78	736	16	384	208	422	583	183	7	293	26	169	117	112	298	124	196	171	140	254
V21	76	530	65	724	108	144	28	93	84	24	152	48	145	292	185	322	413	212	53	30	123	28	136	504	13	243	311	299	178	250	2	117	676	425	370	155	72	106	20	196	657	66	166	139	331	393	108	142	51	215	320
V22	321	201	266	464	279	64	64	630	236	1	6	738	361	132	154	44	218	571	223	358	262	38	314	39	0	156	120	39	518	5	185	199	477	225	102	25	124	123	118	0	20	180	34	235	269	36	263	452	82	82	262
V23	24	52	92	69	357	117	17	11	113	653	2	147	705	37	99	160	99	87	56	545	39	133	113	118	68	67	145	114	276	84	231	114	13	333	156	440	175	592	428	75	52	38	708	189	7	267	39	9	34	490	61
V24	53	58	112	260	21	3	129	186	43	231	344	106	138	81	23	161	229	2	461	60	20	633	13	209	902	4	218	367	27	25	80	206	32	53	296	21	245	73	640	74	44	444	321	33	30	220	75	233	130	153	60
V25	676	108	263	13	176	104	7	394	3	559	90	401	658	36	3	133	229	451	143	263	5	348	225	101	95	151	1	314	29	267	74	240	60	270	257	68	288	240	268	58	231	20	205	356	34	25	385	145	25	60	337
V26	108	345	18	188	43	208	165	44	132	23	195	180	699	405	12	97	166	544	75	354	159	14	198	20	93	534	47	232	224	110	61	62	265	137	163	157	261	74	656	132	68	184	14	144	246	48	20	397	44	120	218
V27	996	31	179	225	235	47	80	242	387	53	99	65	332	261	185	29	223	72	30	340	117	61	77	58	149	75	396	1	150	195	3	151	109	220	21	28	32	135	160	99	573	219	69	39	277	186	483	15	384	376	467
V28	37	43	11	87	56	151	435	2	36	381	46	43	257	438	33	285	42	40	560	130	96	110	298	165	201	695	67	478	171	11	8	39	3	34	18	152	7	154	48	21	91	31	220	492	717	119	63	53	81	554	55
V29	471	230	59	59	60	129	640	330	45	155	232	100	163	83	39	114	332	2	114	85	187	689	18	132	107	1	208	113	40	13	38	106	127	42	129	166	139	592	222	102	231	21	308	9	48	52	56	64	276	234	331
V30	115	174	462	56	10	123	14	33	347	356	16	117	37	80	66	30	481	34	342	141	217	91	58	29	561	141	34	72	11	159	211	143	139	316	27	310	54	103	2	158	686	130	13	136	93	0	75	44	431	164	142
V31	197	218	8	201	137	369	329	663	203	94	12	336	155	82	220	361	172	502	301	31	160	94	42	518	186	110	54	41	84	256	290	355	29	339	166	234	677	12	29	107	31	112	274	254	96	97	35	523	63	295	238
V32	189	840	195	68	276	147	125	323	253	263	395	302	114	198	32	214	198	176	0	247	53	6	229	660	106	177	26	7	6	185	322	287	248	46	72	250	171	193	507	25	610	2	24	5	276	886	58	532	184	115	499
V33	27	69	173	581	40	308	146	68	243	63	71	141	254	146	100	356	152	136	575	38	104	248	2	163	454	319	13	0	55	197	882	20	339	160	167	194	223	128	4	185	185	47	55	77	12	132	13	109	66	625	58
V34	244	183	150	32	6	10	311	185	64	89	30	55	3	43	79	103	15	19	572	76	198	256	344	210	103	21	120	58	66	608	29	25	56	96	474	705	31	194	136	689	110	163	690	210	531	391	287	149	93	89	225
V35	999	172	52	58	655	406	156	34	351	20	222	28	284	182	188	81	355	38	80	374	429	35	279	263	336	65	4	850	1113	28	18	53	27	376	35	94	153	27	96	35	13	199	534	316	128	152	51	118	297	75	522
V36	601	163	309	161	24	194	350	517	11	1	490	40	58	178	112	189	73	88	40	7	8	60	160	165	420	313	211	93	87	65	40	6	4	1	0	52	118	28	84	196	132	357	88	395	92	384	48	237	1089	222	322
V37	23	56	72	125	431	170	30	97	444	94	6	77	21	39	392	6	505	405	36	174	50	108	898	527	28	349	387	192	236	512	130	367	105	649	85	224	306	70	585	140	194	61	49	50	30	228	645	6	48	15	64
V38	243	298	22	144	81	9	195	77	457	37	89	334	7	294	141	488	554	3	37	41	36	126	152	133	33	153	133	294	318	376	8	280	270	203	9	160	10	95	429	96	41	3	399	244	296	440	641	682	151	153	272
V39	5	63	247	175	1473	74	111	126	108	151	73	149	70	180	206	214	147	10	323	625	181	124	53	138	92	51	47	406	133	379	667	68	400	8	252	7	59	458	10	56	325	112	168	82	116	43	245	323	121	218	54
V40	213	25	118	36	75	29	541	169	659	8	121	22	188	473	72	170	84	209	217	241	364	651	137	342	166	266	622	301	299	73	69	13	134	273	409	67	91	81	165	98	15	28	353	4	292	80	72	205	195	42	130
V41	111	135	95	297	116	49	138	757	24	561	128	63	167	37	113	156	333	52	128	185	87	90	399	222	94	371	173	14	78	14	207	137	17	325	429	26	397	326	154	183	61	68	3	231	183	220	79	134	138	32	108
V42	90	264	87	213	119	483	245	617	147	791	29	52	92	17	36	165	186	6	111	75	152	110	173	71	191	58	3	10	58	204	642	15	137	557	30	65	139	349	314	45	160	50	196	591	75	230	435	368	57	323	187
V43	29	35	181	118	88	168	413	389	168	62	171	107	106	695	194	48	306	16	37	59	40	220	259	76	152	25	128	218	614	168	81	105	283	19	177	312	329	851	230	368	54	264	56	23	92	41	514	146	33	2	53
V44	140	108	107	119	3	65	184	220	54	305	97	751	253	209	259	29	21	175	209	108	643	381	40	162	157	169	190	37	142	274	143	315	10	44	37	131	42	162	129	432	21	361	176	275	128	662	284	53	319	476	144
V45	381	42	200	556	187	74	90	609	5	64	95	234	151	91	71	284	662	48	22	69	104	531	249	162	57	23	77	3	257	80	299	19	151	13	226	183	8	792	73	104	152	46	165	521	14	130	96	709	453	251	216
V46	92	270	394	99	2	15	142	22	107	76	15	38	14	299	210	48	948	2	129	421	52	45	38	252	39	55	67	93	12	478	5	83	58	349	414	153	140	157	50	266	155	120	655	47	72	74	140	252	339	46	202
V47	173	211	293	400	62	22	1185	81	82	20	86	49	229	74	679	83	202	244	85	89	228	402	21	784	69	56	275	564	144	84	720	7	79	200	173	604	402	186	244	126	170	93	101	11	17	332	308	35	34	137	217
V48	422	114	39	592	93	5	313	47	172	40	186	80	601	14	19	50	109	161	148	203	74	291	502	118	0	182	195	183	457	37	8	4	347	10	391	658	157	9	410	276	106	64	737	264	67	251	255	461	154	111	246
V49	311	92	20	15	54	105	154	25	35	184	112	221	577	391	81	96	16	465	33	95	138	56	19	87	87	580	364	313	17	13	50	453	15	64	94	347	117	152	262	82	256	373	267	98	56	432	40	726	197	429	188
V50	87	509	490	214	280	409	95	115	111	47	371	95	223	232	219	181	1	82	18	11	238	309	740	5	64	995	220	325	65	197	336	21	284	364	49	17	344	97	89	230	130	102	260	93	46	72	85	165	153	59	306
V51	7	35	306	503	486	6	326	0	413	450	100	49	1131	23	101	463	2	380	96	692	173	17	22	83	44	114	143	42	25	330	24	315	460	38	45	181	152	432	33	151	419	93	42	65	128	131	6	27	291	14	39
V52	40	208	198	172	24	228	225	215	89	3	351	370	79	67	115	208	76	989	614	10	176	8	104	10	221	436	246	170	22	163	1	144	496	306	116	2	26	267	161	417	153	1831	1480	103	173	101	212	155	10	419	140
V53	168	7	466	88	85	289	14	75	180	8	222	447	241	429	262	231	31	248	41	32	253	55	90	214	148	627	192	143	0	387	13	361	46	750	258	175	273	214	85	171	0	134	27	107	235	18	7	57	48	74	81
V54	332	61	349	158	297	142	540	198	78	366	178	11	397	770	284	120	371	14	390	154	263	8	374	119	13	386	612	334	49	104	143	59	20	276	72	348	29	187	326	611	496	300	7	30	15	393	657	260	108	35	173
V55	180	246	119	42	111	305	164	152	114	686	12	119	172	615	177	111	123	542	186	144	780	78	138	104	72	284	14	193	657	85	30	411	230	271	104	232	393	408	65	57	1199	481	249	9	71	636	24	733	47	20	221
V56	420	61	200	232	1	31	32	362	420	77	36	147	112	40	180	885	102	28	95	191	211	112	230	23	47	88	20	70	625	155	112	359	127	110	270	503	41	78	127	118	62	421	2	74	112	138	83	110	14	142	211
V57	94	288	693	69	341	640	51	9	39	594	4	76	807	70	140	307	251	83	89	7	107	121	153	387	210	42	355	274	163	632	70	21	26	15	39	727	291	261	26	56	191	165	81	173	300	600	639	564	256	2	221
V58	7	175	140	97	135	9	213	245	36	32	406	222	318	304	131	109	72	839	13	227	203	100	8	102	75	197	48	258	11	62	210	40	361	208	155	519	31	430	184	81	162	92	7	200	63	55	94	23	185	35	90
V59	222	423	161	30	295	85	92	37	384	200	781	68	190	701	39	58	233	69	33	444	346	2	58	122	84	5	76	41	106	27	74	82	59	187	246	329	434	283	58	230	29	890	2	209	49	139	720	100	152	66	325
V60	37	101	194	301	39	478	114	19	399	430	247	144	293	336	221	325	221	7	90	536	38	26	104	7	0	212	382	75	52	308	52	323	79	278	180	124	78	82	293	246	9	168	102	25	124	538	781	14	288	52	85
V61	146	264	330	36	172	84	135	80	49	297	11	26	689	60	254	0	196	23	160	135	222	145	140	82	316	596	58	5	95	133	62	83	20	43	58	91	71	472	113	103	87	12	103	552	7	263	1	61	625	100	202
V62	3	38	73	224	937	344	110	143	695	294	276	76	47	72	309	148	10	357	0	107	22	152	48	314	145	12	91	23	0	160	130	66	106	265	855	143	16	335	120	322	201	3	143	169	517	314	39	205	1601	531	42
V63	312	245	22	61	135	29	294	21	48	612	202	115	73	84	24	802	41	217	2	100	76	200	9	618	98	250	268	202	43	355	33	18	208	342	24	744	34	206	18	213	216	176	22	44	267	2	250	68	127	119	260
V64	619	14	75	368	27	539	391	89	178	1	321	131	36	246	53	666	120	178	795	269	81	7	274	112	198	91	183	131	7	129	175	209	485	76	186	3	332	23	995	251	191	89	132	85	428	424	80	54	315	163	279
V65	438	32	484	427	81	45	114	1	10	115	37	268	94	817	44	21	170	257	88	14	88	300	496	1141	13	164	136	90	536	28	43	57	79	60	162	241	104	118	462	151	321	17	69	47	300	245	92	189	142	142	225
V66	26	121	87	189	35	35	275	397	107	461	182	223	58	156	2	104	5	317	92	241	14	103	309	219	32	4	16	829	444	131	51	19	378	38	10	556	668	94	74	152	379	124	230	333	4	39	300	35	0	91	83
V67	247	307	102	68	110	285	323	460	80	44	351	75	309	15	371	119	155	63	553	311	10	75	353	622	61	134	191	54	73	914	211	414	28	222	322	148	60	269	87	546	41	110	70	61	100	291	23	294	246	168	251
V68	266	193	467	523	365	276	266	407	384	91	311	700	29	16	31	30	241	138	26	39	13	482	140	166	97	217	371	67	52	212	133	382	223	91	502	256	200	116	217	372	68	158	236	200	17	21	117	452	93	36	259
V69	759	1085	191	50	36	483	27	574	49	135	705	82	108	36	78	158	708	589	79	11	456	620	229	28	207	187	423	30	34	48	145	151	141	453	241	27	310	11	272	376	11	417	4	270	556	264	1	29	21	5	904
V70	65	95	85	134	5	125	220	22	3	155	52	45	850	548	101	821	347	68	20	508	164	71	117	304	251	64	488	80	150	63	157	96	460	377	306	332	220	150	66	568	501	306	70	65	107	87	89	48	5	21	94
V71	107	111	132	40	333	21	137	162	101	667	113	274	45	469	12	117	154	57	281	136	23	318	179	219	109	153	267	224	396	297	772	70	415	269	125	177	28	577	242	669	146	24	162	27	395	347	70	345	19	147	110
V72	137	138	696	16	117	44	121	202	504	97	291	293	439	327	352	384	216	736	569	86	285	171	229	105	62	123	224	317	8	132	204	392	89	112	247	165	105	153	615	98	1	27	30	870	176	1114	414	232	49	108	164
V73	28	376	158	676	332	12	252	132	31	197	446	7	300	105	85	41	111	82	182	198	283	89	345	253	119	335	729	218	302	48	243	77	179	179	45	43	128	716	192	522	410	2	261	505	4	52	108	273	256	36	203
V74	46	143	131	443	207	22	279	53	225	56	345	193	91	44	15	225	287	294	31	64	405	182	31	308	161	264	13	203	3	134	180	48	413	281	108	106	26	364	292	460	30	105	118	899	124	20	192	146	462	310	111
V75	142	113	97	247	25	0	242	318	167	2	380	362	293	349	110	18	9	212	170	32	443	8	40	6	175	655	0	57	135	10	65	17	359	242	153	383	315	460	70	81	128	73	156	76	49	257	53	569	355	276	132
V76	13	15	22	312	506	64	672	24	627	109	0	114	113	97	100	151	103	271	347	208	390	24	219	53	34	369	4	266	275	18	221	17	477	341	791	57	666	90	164	52	40	155	723	171	111	340	730	105	68	43	40
V77	213	531	340	655	193	46	25	23	63	241	1016	171	41	59	131	22	445	7	199	105	115	334	1	99	37	440	422	219	472	341	7	42	48	139	699	26	63	10	74	180	34	289	45	144	4	159	235	197	7	229	376
V78	121	235	44	36	219	426	27	390	58	258	137	0	365	62	301	117	47	637	43	208	97	304	754	94	196	87	229	219	49	222	176	171	52	644	19	82	34	54	15	58	662	309	371	50	51	26	48	371	490	94	182
V79	94	45	135	144	159	87	32	1193	65	413	303	101	167	3	12	122	13	1	253	417	387	222	580	29	869	28	479	147	122	232	335	21	57	530	121	66	20	93	366	61	106	97	61	425	1	98	128	369	661	152	89
V80	32	186	4	432	108	108	205	801	365	145	230	289	57	30	37	53	38	130	604	444	184	20	86	91	282	81	692	413	367	198	94	140	117	86	107	363	103	448	123	38	50	89	38	235	199	253	254	25	39	21	139
V81	78	29	365	417	149	206	14	98	387	81	638	85	370	842	153	26	650	275	215	1	771	191	153	43	40	161	297	545	300	84	237	266	30	22	322	44	37	13	85	399	322	74	241	724	162	5	461	260	7	105	85
V82	238	94	29	9	3	87	244	245	105	183	202	549	82	858	29	630	19	1	56	38	234	413	131	331	41	78	100	37	134	245	210	39	474	189	165	11	262	135	295	578	71	210	245	141	87	807	196	366	597	467	181
V83	83	71	218	10	281	134	152	133	334	22	300	19	66	179	16	238	60	161	46	256	428	107	1052	372	23	42	18	2	176	160	364	2	125	90	348	45	139	188	448	266	83	122	101	808	154	172	152	19	592	171	92
V84	228	192	47	71	562	529	13	19	71	609	26	840	16	331	28	91	702	60	65	26	80	473	378	315	101	147	226	50	1096	731	81	197	0	0	384	246	301	436	143	177	78	126	514	54	505	216	24	165	329	45	228
V85	69	196	132	21	97	67	94	774	705	414	143	24	811	68	134	734	36	224	46	100	141	69	552	334	0	99	42	59	360	109	134	346	141	133	90	107	386	27	72	68	261	306	27	191	584	544	33	325	97	69	172
V86	407	172	189	33	229	220	393	134	19	116	126	130	143	106	56	866	161	276	60	363	348	184	188	24	72	31	175	178	93	125	0	94	582	5	191	357	88	10	74	183	68	257	196	144	154	205	2	229	177	180	256
V87	17	52	74	174	78	436	26	101	99	220	80	12	352	72	171	27	12	134	150	98	396	80	132	305	210	229	312	182	831	110	85	82	32	48	603	221	72	14	43	26	653	135	411	27	88	177	146	99	23	49	56
V88	29	185	30	412	583	59	263	78	108	68	277	284	19	174	95	415	67	458	46	80	125	221	45	62	377	76	293	376	101	153	30	92	163	6	116	334	436	97	94	34	179	72	104	276	207	130	27	298	633	24	133
V89	266	11	18	41	18	89	4	239	199	60	12	371	317	33	102	142	21	102	4	85	81	531	237	139	167	320	23	229	375	72	61	382	28	123	73	334	176	96	16	768	129	24	134	367	33	630	35	93	160	62	146
V90	136	591	434	191	80	153	6	316	1	140	224	436	23	391	19	117	297	72	54	62	458	488	547	17	380	262	399	46	72	600	312	128	24	28	8	109	117	355	4	10	129	448	49	233	211	520	832	38	111	40	363
V91	787	349	27	15	205	795	234	157	47	5	8	296	344	444	114	81	39	196	194	921	55	32	217	72	4	204	63	147	89	172	364	45	145	139	0	9	189	148	230	182	97	394	452	104	23	80	6	415	334	29	500
V92	96	90	27	30	528	17	885	32	81	469	1010	13	216	283	80	920	129	443	22	37	1	58	54	198	89	247	193	21	31	119	237	173	443	87	189	15	57	47	138	401	199	72	158	8	113	7	147	420	149	38	113
V93	416	213	185	32	204	257	151	204	49	161	41	584	89	113	2	130	216	280	76	72	177	43	88	71	85	115	917	266	96	129	238	494	447	95	26	0	45	295	98	184	23	173	339	127	207	78	164	523	115	111	316
V94	38	661	402	162	89	96	62	123	130	231	285	361	94	85	196	22	35	582	486	94	120	262	56	114	63	237	320	11	41	94	192	338	529	558	45	78	22	7	166	14	357	48	313	231	58	221	119	490	250	59	339
V95	210	183	370	283	73	0	468	5	40	32	41	81	226	50	254	50	125	311	354	38	261	30	75	64	161	195	297	271	298	288	9	137	51	196	24	19	18	27	27	311	261	349	218	323	32	217	460	152	65	87	185
V96	784	981	30	64	101	0	220	30	138	19	129	43	88	1206	31	14	73	190	32	161	50	8	138	175	520	94	306	146	29	196	256	224	166	7	209	125	316	17	270	379	209	62	259	74	86	48	112	85	379	49	864
V97	176	138	61	281	47	254	62	376	246	56	155	56	577	607	275	97	55	110	2	53	24	378	180	135	21	616	178	650	75	494	52	83	138	227	384	45	127	90	796	117	9	306	341	104	158	46	416	364	775	238	151
V98	3	512	325	25	151	421	705	64	104	39	35	227	197	151	35	113	94	69	250	18	906	28	33	269	74	94	53	13	160	318	514	152	448	75	14	206	280	183	106	67	167	160	51	305	14	558	104	184	345	5	250
V99	31	37	19	917	210	27	115	251	98	25	136	175	40	1	718	112	21	30	46	733	133	24	286	519	18	80	261	42	56	40	385	245	226	180	182	280	653	134	0	27	311	0	227	64	75	3	4	151	935	19	42
V100	83	161	263	32	95	13	74	368	30	337	58	86	152	70	59	123	225	87	6	200	300	4	38	126	135	14	48	208	211	137	54	39	608	136	42	103	190	6	17	49	494	72	52	9	66	15	93	292	19	221	135
V101	431	340	392	596	321	174	398	25	263	183	266	70	161	27	107	39	194	48	131	38	372	128	337	200	0	85	232	112	269	25	114	164	124	40	163	220	23	519	119	34	269	7	187	41	633	198	781	16	7	426	373
V102	7	469	518	38	98	54	151	322	478	149	116	66	249	255	9	309	576	403	260	259	124	0	1	17	165	84	14	132	217	466	113	1	3	40	528	88	275	198	138	128	14	128	29	270	3	303	9	306	15	35	238
V103	292	289	236	81	110	25	14	407	40	179	213	565	34	115	14	31	39	437	185	466	682	70	9	71	409	46	290	339	144	4	152	76	57	308	3	88	209	505	106	382	76	146	61	146	414	419	96	62	582	379	258
V104	246	486	76	140	775	2	150	140	537	52	134	104	201	75	98	31	97	5	411	139	622	125	84	308	123	108	1	340	330	20	149	226	57	321	18	8	235	45	467	488	123	40	64	66	22	29	177	149	188	155	350
V105	3	173	488	486	79	59	171	174	5	437	500	176	145	19	31	103	113	29	75	24	59	221	276	59	122	231	107	83	190	88	154	3	375	170	147	96	130	61	462	2	56	186	550	323	144	395	158	79	159	181	117
V106	27	202	164	32	171	27	52	177	52	322	31	59	301	151	70	32	102	37	765	242	91	175	308	146	61	384	48	51	1	320	512	1113	7	128	298	35	34	24	13	208	548	43	194	74	165	64	146	438	131	28	149
V107	94	228	136	253	145	148	31	576	144	146	129	251	240	22	341	182	106	64	67	54	251	288	167	10	56	419	324	236	40	274	319	226	0	45	55	41	129	99	470	432	311	47	445	212	111	23	251	87	103	481	150
V108	99	310	90	246	161	35	200	141	274	65	196	199	400	90	76	122	329	189	438	4	7	107	52	42	364	1265	119	648	239	129	297	13	30	24	132	43	620	82	70	27	283	401	217	270	278	244	115	151	3	155	205
V109	169	308	512	148	379	247	145	392	405	88	334	49	481	47	172	29	665	309	440	688	105	75	199	254	69	172	62	590	548	751	209	186	137	208	36	38	159	0	47	82	8	104	64	4	118	59	105	125	142	94	228
V110	259	250	178	69	183	249	73	800	204	240	208	121	103	207	393	465	379	149	456	215	160	773	245	373	1167	219	770	85	35	265	81	1329	65	173	98	760	1026	232	184	22	318	12	194	163	345	117	559	657	230	97	276
V111	81	423	292	405	517	335	42	236	121	178	115	111	645	207	259	211	177	60	31	31	3	587	158	113	318	107	23	130	547	410	195	20	74	222	127	31	34	163	13	4	38	167	140	256	67	58	152	32	192	263	260
V112	671	462	213	96	121	101	16	314	572	2	95	109	22	152	123	113	192	0	634	1441	303	205	282	116	227	117	153	94	204	188	132	218	72	160	525	99	39	167	211	45	335	538	398	22	171	32	78	226	131	2	554
V113	4	110	974	182	120	73	274	235	19	80	79	37	136	39	128	132	290	54	342	749	21	210	66	12	78	144	262	162	119	31	152	216	79	5	269	6	21	341	580	201	49	211	49	859	172	543	264	47	118	783	77
V114	128	965	142	353	169	57	234	196	192	127	13	0	417	473	70	100	19	39	173	424	452	28	20	460	101	19	425	363	289	22	268	205	229	5	255	8	282	1245	551	125	426	238	362	22	551	351	17	206	42	55	575
V115	65	8	320	8	658	505	116	227	40	61	305	449	5	25	22	141	637	255	11	86	7	240	12	174	172	168	69	185	108	662	94	187	58	651	18	614	271	200	234	304	140	108	140	69	9	312	74	544	257	257	50
V116	147	37	118	181	19	198	415	106	9	237	368	58	155	191	202	155	87	263	590	145	69	96	10	1	4	151	68	673	10	364	189	92	267	121	92	178	122	332	44	118	344	310	63	832	312	156	153	77	109	97	100
V117	169	60	30	7	37	476	146	47	274	44	109	85	198	15	86	566	262	172	98	67	69	2	189	449	287	122	201	715	19	192	79	142	254	42	230	109	88	327	38	360	262	127	148	75	45	141	338	39	0	267	114
V118	0	535	341	302	152	171	287	121	100	320	28	272	58	129	56	255	396	275	7	173	248	148	383	347	81	81	276	272	220	380	74	304	277	86	43	139	327	182	1	84	110	42	134	177	187	8	170	118	117	291	283
V119	35	608	25	37	299	1	65	155	32	115	310	68	53	44	102	43	389	130	373	2	196	657	768	157	166	71	311	424	41	472	263	298	459	98	110	172	132	238	62	671	8	57	347	48	139	556	6	112	2	249	287
V120	105	295	1323	315	159	228	134	223	167	87	59	220	21	25	131	347	28	121	198	300	33	22	81	109	193	581	113	194	154	225	266	48	239	110	20	15	9	245	655	106	40	57	107	146	305	49	10	234	112	184	215
V121	148	112	85	0	375	85	413	217	23	45	276	207	170	110	198	52	548	304	379	22	77	69	31	61	33	82	34	66	109	56	11	25	355	204	113	312	146	2	20	209	127	121	111	325	107	83	108	75	6	286	121
V122	38	73	187	301	146	37	74	65	52	681	578	272	204	137	0	418	559	129	83	259	1	113	9	147	205	208	92	388	48	152	277	172	146	135	112	18	133	659	271	602	61	279	39	290	164	2	15	219	195	200	70
V123	322	35	74	28	88	24	6	53	38	53	27	269	306	191	146	143	259	135	161	59	100	184	342	64	428	0	183	245	190	34	475	55	666	31	99	137	129	111	86	26	59	127	79	295	44	159	9	313	43	176	165
V124	19	50	782	174	248	38	294	3	146	178	624	417	289	113	207	27	157	278	233	3	31	424	56	372	129	233	154	165	577	52	177	165	103	285	26	169	99	127	197	129	25	211	227	160	5	29	96	472	38	497	52
V125	10	51	622	108	61	695	334	78	345	1	452	153	91	171	1315	32	160	252	61	282	32	51	191	145	120	92	186	199	49	20	99	173	224	384	71	450	67	45	17	175	209	124	204	241	11	40	195	76	19	117	41
V126	46	60	300	30	450	54	533	377	45	4	19	71	113	203	277	132	403	148	32	35	1210	232	43	40	410	340	317	200	198	4	443	71	255	83	111	27	44	257	142	89	353	30	36	24	28	432	72	154	87	162	66
V127	1122	127	141	403	21	124	712	165	231	128	131	517	56	35	13	196	96	417	170	57	20	220	270	48	92	111	4	71	282	243	0	401	261	340	38	281	48	188	285	106	104	219	116	461	148	140	487	83	109	36	568
V128	175	316	169	19	69	140	73	281	34	114	166	55	127	426	105	204	141	205	177	528	51	165	341	44	276	408	139	61	214	233	209	304	171	194	94	37	30	27	99	306	205	108	957	4	111	464	33	73	234	137	240
V129	117	129	26	6	552	50	213	29	29	642	180	178	99	128	5	19	219	57	8	501	64	299	11	131	40	395	93	209	361	211	112	371	166	113	9	249	232	217	12	304	770	137	110	9	77	300	0	180	46	330	123
V130	435	37	716	252	74	260	45	139	101	126	312	272	24	21	86	89	631	271	47	35	819	24	11	217	151	438	270	66	142	251	320	202	124	337	138	379	475	167	223	478	8	119	101	142	628	54	1	42	90	90	232
V131	143	106	26	18	179	191	54	137	330	287	141	770	63	73	186	188	63	33	232	167	337	380	122	879	107	208	218	188	278	22	76	111	105	351	53	227	164	387	104	208	141	596	328	327	127	280	115	274	60	7	128
V132	274	191	317	165	150	85	125	266	39	594	72	112	265	162	120	168	55	67	48	108	510	247	268	149	29	126	222	21	21	275	119	126	78	362	10	11	154	62	252	107	14	100	145	100	72	301	15	2	48	45	215
V133	188	186	44	291	17	183	90	11	210	383	420	74	86	18	105	179	166	66	28	254	16	173	7	105	210	141	435	48	438	122	305	117	25	476	485	40	68	112	108	501	256	67	165	243	24	528	0	88	126	160	168
V134	108	96	180	223	7	250	147	47	275	521	2	81	153	166	143	30	165	83	62	245	60	50	118	252	137	370	149	12	97	325	497	85	237	170	355	694	95	347	151	430	334	138	185	137	2	169	147	753	488	205	120
V135	61	140	345	740	163	148	15	87	156	419	73	114	78	59	35	172	237	114	93	51	1496	173	126	125	239	12	427	230	198	356	38	0	52	329	374	144	310	279	134	135	232	451	246	261	348	57	920	128	549	189	115
V136	206	165	444	185	132	142	215	121	91	368	14	297	574	268	191	282	7	66	120	40	157	1	278	266	245	326	11	32	160	89	280	61	96	220	76	12	239	78	108	81	33	38	65	110	79	276	153	96	676	200	199
V137	43	32	179	19	310	11	726	88	348	34	90	302	46	145	406	309	624	118	355	290	243	232	89	183	45	213	90	258	65	6	121	41	36	294	96	157	13	353	112	69	77	22	246	72	120	60	224	100	80	807	49
V138	1024	302	121	230	366	48	122	85	130	239	472	76	751	42	96	52	505	146	304	415	267	227	287	528	101	36	549	30	83	141	106	176	133	148	315	109	354	120	219	56	9	342	55	141	25	9	275	44	107	408	607
V139	200	11	375	76	24	256	104	81	126	98	208	289	281	128	184	233	162	995	409	664	103	117	698	31	525	73	380	152	67	50	174	83	261	0	7	39	188	254	2	30	104	53	83	227	255	325	85	114	97	117	118
V140	575	82	139	173	191	513	60	336	809	62	58	257	116	181	43	441	542	229	378	138	75	125	9	70	409	130	308	87	30	28	147	442	39	19	217	473	155	116	361	0	270	897	113	9	25	48	123	144	47	15	301
V141	77	346	296	58	11	176	66	198	396	471	45	466	88	249	80	7	772	92	119	121	455	178	11	6	23	589	0	22	29	154	238	7	180	233	40	15	399	449	164	616	384	342	99	101	29	81	307	285	492	85	218
V142	481	119	114	405	60	409	78	101	628	169	76	93	155	195	678	415	101	299	313	956	8	65	191	296	4	57	39	11	366	215	418	56	100	28	214	394	265	7	192	40	426	903	164	671	850	460	55	112	102	237	277
V143	229	313	203	546	281	921	603	34	157	180	198	358	132	68	41	342	162	37	716	65	112	125	23	10	823	869	1237	0	154	182	79	30	43	1	255	158	18	566	56	37	166	80	42	377	9	575	156	254	243	155	269
V144	17	585	763	15	30	36	233	308	612	19	445	984	452	156	165	95	167	27	256	218	22	507	194	184	90	137	30	172	336	68	0	298	10	205	192	157	43	301	230	109	286	82	59	168	40	195	118	119	988	35	288
V145	57	47	59	96	325	68	29	17	76	54	371	218	344	16	37	114	2	163	282	577	392	379	135	400	29	361	500	128	340	30	159	118	338	320	428	117	484	215	114	117	98	201	82	349	71	3	80	126	188	862	90
V146	350	309	22	442	10	25	223	203	574	56	710	195	168	518	173	597	47	269	17	82	74	172	368	107	306	134	783	228	40	842	221	48	214	63	169	161	174	566	426	178	501	77	465	132	213	567	680	51	71	385	311
V147	250	153	60	173	253	31	190	115	207	19	180	88	212	74	119	14	66	27	117	50	548	133	141	704	247	276	266	102	130	4	281	223	388	7	416	94	373	53	92	853	444	433	0	73	365	388	217	358	128	663	185
V148	188	9	188	73	114	47	218	547	511	35	537	210	7	718	408	132	78	214	307	103	128	228	262	0	25	78	134	349	276	280	133	137	296	22	511	125	67	23	81	35	103	215	50	21	5	7	4	300	4	68	107
V149	298	137	218	262	341	136	22	64	87	163	152	134	149	124	243	158	222	187	111	218	153	131	433	851	362	109	567	363	505	194	4	222	63	0	408	145	18	19	250	14	91	292	161	94	24	496	329	73	34	65	205
V150	142	6	126	193	248	134	360	39	221	360	10	16	176	573	11	58	382	111	193	100	258	377	110	44	114	17	7	88	495	260	17	89	49	24	49	158	309	317	162	200	45	90	10	126	55	334	19	293	53	69	80
V151	91	107	130	176	36	426	186	102	743	79	355	281	101	60	211	141	894	550	462	184	393	326	83	88	41	9	133	123	8	65	344	424	139	188	133	57	205	876	75	13	65	706	312	28	38	116	55	360	8	72	114
V152	207	74	129	181	24	1236	284	645	53	137	49	5	161	244	14	108	95	80	39	141	35	220	731	88	154	249	291	46	53	506	43	1597	51	12	161	125	167	58	128	22	149	690	22	183	404	22	68	133	188	188	139
V153	76	170	17	404	394	51	509	344	326	426	222	363	283	167	194	602	292	87	57	22	40	885	284	154	683	25	241	19	423	768	49	166	432	32	19	1	148	321	761	3	176	36	179	10	209	52	72	569	304	88	151
V154	38	140	349	62	295	579	156	354	117	371	5	157	361	253	498	125	907	198	97	245	112	225	916	264	405	1086	43	94	85	46	308	32	30	143	11	170	61	575	71	67	77	905	371	102	171	39	231	45	34	115	107
V155	432	40	540	101	49	456	164	70	209	269	14	9	231	68	813	87	216	69	228	273	164	200	230	152	75	313	246	93	458	184	34	531	373	104	7	42	42	477	159	93	122	20	312	323	608	447	139	276	140	360	217
V156	42	0	59	57	110	132	118	16	197	18	20	116	83	278	203	124	39	614	281	95	78	107	310	139	398	397	42	550	247	248	53	4	216	107	371	148	22	462	220	406	6	75	206	46	200	572	43	152	5	51	39
V157	148	131	8	254	41	264	6	164	57	6	120	146	129	366	442	60	69	483	214	36	153	6	18	32	390	70	61	165	670	88	131	195	365	33	127	64	505	120	201	14	645	24	59	437	59	34	24	105	311	41	122
V158	181	2	42	559	7	726	36	88	156	971	227	246	3	35	212	216	559	216	191	18	81	242	11	620	160	14	18	295	458	229	478	1143	90	80	342	182	96	32	86	199	77	117	305	23	234	26	170	8	602	32	98
V159	285	84	5	2	222	31	205	212	111	588	116	104	108	315	107	508	186	153	10	188	37	90	16	30	37	100	797	74	4	307	14	144	49	592	58	28	31	2	442	720	4	40	3	218	76	121	59	119	539	342	169
V160	4	140	116	19	133	233	49	10	483	129	15	488	691	445	82	43	81	54	454	485	69	22	411	65	6	29	509	146	130	8	138	23	42	57	271	294	620	30	198	51	26	162	107	216	351	18	900	301	74	134	80
V161	132	71	114	457	387	43	124	11	6	149	8	608	435	218	946	113	450	84	129	262	309	141	140	86	363	23	280	398	558	28	126	470	120	24	495	191	94	296	296	319	36	160	84	93	117	229	728	155	171	649	117
V162	414	122	112	514	111	79	24	898	6	767	198	617	124	295	501	9	118	60	361	97	45	167	278	258	262	287	40	339	392	175	199	263	206	39	111	57	342	158	11	264	73	38	105	29	46	26	111	20	95	63	249
V163	154	11	85	126	19	236	4	243	153	105	80	197	52	125	22	263	133	1	132	101	108	139	48	18	178	433	208	393	210	117	720	12	37	63	193	23	36	3	205	65	127	187	156	149	227	640	53	46	13	159	83
V164	731	261	130	197	190	43	121	129	199	97	104	112	110	334	551	218	316	46	107	181	201	125	386	91	449	534	39	166	36	3	311	12	121	330	550	406	116	120	202	60	38	376	270	109	70	16	74	62	199	153	451
V165	709	279	296	186	262	123	447	213	370	20	577	208	229	549	47	88	155	337	73	1	325	25	100	27	33	187	1098	7	510	107	2	70	77	56	255	118	718	62	449	175	49	37	21	54	114	323	309	125	44	37	469
V166	348	607	77	118	305	58	272	279	51	105	77	109	463	41	88	11	280	51	161	105	989	1142	254	76	13	100	178	30	76	9	408	553	61	62	440	4	192	17	238	123	333	669	158	98	261	320	15	38	88	355	446
V167	161	24	172	96	16	200	341	1071	0	4	238	18	1113	451	64	147	85	39	84	936	361	32	79	80	2	255	12	111	60	87	256	67	144	51	81	172	36	384	150	94	597	100	98	47	356	272	104	112	257	111	92
V168	581	22	32	19	194	506	124	170	216	142	3	6	328	271	311	38	62	57	18	167	72	574	167	419	4	99	189	204	123	358	135	463	524	33	337	41	16	104	252	16	221	343	24	683	157	285	81	448	5	323	301
V169	44	45	228	543	482	152	7	49	454	12	101	105	60	59	156	299	117	11	35	427	212	120	132	125	66	27	210	66	56	105	243	0	165	76	204	114	297	61	69	63	17	21	49	345	37	80	136	25	112	1	54
V170	665	57	121	1	361	300	62	28	175	21	16	12	71	2	139	334	45	263	31	91	18	275	122	581	242	226	699	105	2	1010	16	123	244	178	517	130	141	10	239	3	55	7	30	91	86	358	142	481	52	429	336
V171	256	128	610	2	61	96	60	358	337	262	19	320	262	113	17	186	10	96	2	224	93	334	40	227	2	145	64	144	18	38	26	501	347	46	90	205	54	411	326	159	49	213	56	87	827	214	102	325	463	793	189
V172	83	110	182	196	146	18	47	488	139	330	243	253	45	288	419	22	487	138	254	61	45	35	237	278	6	55	765	752	383	15	262	160	223	209	219	661	115	236	19	82	141	49	65	54	13	381	109	441	418	69	118
V173	614	75	14	403	11	156	45	136	206	117	9	107	19	103	534	188	285	20	80	430	12	165	141	599	73	125	104	198	22	393	88	671	197	182	24	87	130	240	695	125	231	101	508	345	108	246	8	26	65	389	287
V174	270	306	87	70	95	53	310	89	33	91	230	89	1	66	50	178	104	92	90	69	42	120	131	50	201	797	227	2	211	33	388	228	401	190	339	482	132	261	557	171	57	261	585	686	78	63	670	22	63	183	250
V175	15	420	306	17	87	437	20	11	209	407	22	63	24	30	146	200	112	148	277	531	5	68	172	88	329	69	170	734	270	42	23	43	42	505	207	279	47	195	327	249	303	417	196	146	172	55	84	125	76	208	215
V176	118	56	295	47	26	143	388	151	355	281	1231	227	183	15	311	183	235	207	7	124	50	214	98	143	773	644	206	21	23	120	266	560	419	234	463	17	183	240	118	3	83	132	73	150	0	8	237	82	252	246	99
V177	35	283	99	268	295	161	66	77	199	86	3	106	24	126	245	127	286	190	12	23	177	388	240	665	72	412	150	65	21	120	64	53	331	113	87	541	38	228	132	510	8	2	94	56	37	21	67	278	298	69	162
V178	661	520	465	144	119	22	131	114	268	228	98	27	116	374	275	81	399	413	210	718	301	7	288	507	389	444	29	280	373	145	27	62	46	64	82	63	3	126	174	275	454	130	42	8	71	77	16	464	46	353	534
V179	100	66	47	217	13	74	209	1517	149	75	416	96	169	18	87	158	274	67	254	106	281	213	219	435	155	82	109	393	94	100	195	261	78	716	390	606	57	21	114	161	152	117	127	510	78	20	127	302	131	507	88
V180	148	71	706	234	89	26	184	73	236	1	291	43	598	64	43	89	156	399	391	47	289	3	45	151	137	338	169	9	235	193	74	164	104	222	221	17	416	88	496	104	468	832	164	272	300	19	39	155	64	113	115
V181	45	330	76	134	152	337	436	177	43	230	531	67	136	74	409	105	97	82	253	18	26	205	224	247	201	53	360	52	853	52	310	292	226	79	18	283	50	64	5	47	702	93	118	40	124	32	47	1	125	165	230
V182	44	183	55	160	39	279	207	96	122	67	85	35	367	1323	52	127	76	170	76	631	318	173	136	171	31	16	195	480	14	173	131	149	446	361	67	248	101	10	701	10	294	9	14	210	204	328	45	453	87	342	131
V183	47	231	83	174	381	118	5	277	114	134	22	216	29	192	272	186	133	174	469	91	481	230	234	139	42	267	60	46	477	262	504	206	261	38	151	98	387	402	5	51	441	185	1	153	162	16	429	124	436	208	185
V184	382	268	16	471	173	157	130	106	23	571	253	552	25	641	162	35	18	174	263	70	57	295	59	398	216	797	109	91	191	128	35	188	623	37	95	102	53	41	297	1	476	16	60	518	184	498	89	37	416	33	329
V185	516	402	74	75	5	129	125	527	151	216	736	290	6	283	92	164	467	97	203	123	504	101	285	179	224	118	487	215	76	145	113	320	51	158	8	10	31	152	15	78	204	315	165	230	334	80	7	62	81	178	399
V186	63	147	90	197	66	16	190	175	289	176	154	21	71	4	48	4	145	47	81	125	130	4	98	310	115	257	73	48	425	330	95	288	19	189	11	78	637	79	78	196	337	345	28	262	240	35	39	409	142	548	124
V187	30	114	76	34	137	459	230	253	78	0	65	94	139	168	14	233	70	490	6	100	68	267	100	113	251	354	244	60	181	122	582	213	451	221	3	277	239	265	374	183	21	141	92	202	3	615	18	69	216	998	87
V188	130	80	891	298	402	429	314	344	200	281	196	249	105	242	365	72	395	135	55	101	884	157	98	95	366	317	281	449	259	363	118	113	224	249	495	166	33	275	114	62	145	7	37	446	70	138	187	49	294	12	113
V189	19	469	136	608	69	30	99	180	34	210	161	70	51	159	140	288	121	114	20	266	382	186	349	14	220	74	6	62	465	60	344	23	567	38	66	133	11	43	175	710	37	36	345	17	679	35	302	315	19	115	273
V190	132	39	6	672	174	310	306	104	93	88	20	257	13	59	241	16	61	161	181	24	27	142	22	8	379	29	21	122	109	36	247	151	492	149	109	36	59	64	300	273	613	41	477	53	107	252	191	109	155	144	85
V191	17	34	158	110	438	42	467	99	200	92	78	30	55	494	178	58	422	85	44	128	281	399	193	135	41	333	157	721	165	84	114	555	47	329	78	219	349	1	218	157	1	57	5	563	649	138	243	47	98	19	44
V192	226	388	313	393	454	164	61	60	80	42	426	76	239	99	16	775	20	43	1	24	187	190	366	317	38	480	19	119	404	165	37	295	102	513	16	153	757	271	296	350	348	26	44	64	535	21	298	214	52	223	286
V193	40	12	223	272	439	39	15	139	311	32	1642	108	465	135	26	1327	25	37	32	388	499	1032	15	172	81	13	76	389	14	11	459	8	26	280	6	60	169	822	51	29	58	144	102	54	65	350	386	46	25	214	42
V194	37	201	126	378	55	287	81	234	131	3	42	235	48	217	839	19	43	124	24	287	166	20	256	120	195	7	117	311	8	1029	54	125	90	257	114	87	2	53	210	157	27	342	184	620	29	320	111	141	64	244	138
V195	26	206	12	18	101	115	66	130	246	15	84	2	132	213	267	164	109	235	19	534	8	83	86	25	154	2	345	74	230	77	31	46	270	41	350	628	2	318	132	193	31	512	55	78	250	21	123	927	432	231	123
V196	25	768	272	48	189	169	116	525	308	67	27	73	80	39	203	183	46	786	7	24	86	307	149	15	264	41	291	21	2	175	238	1345	183	303	178	105	31	264	291	561	237	336	140	77	87	202	449	96	55	14	396
V197	184	184	494	252	619	187	22	226	124	118	166	113	32	320	353	13	121	21	257	122	439	255	31	214	190	614	230	75	32	76	270	171	147	119	9	66	122	362	227	568	369	4	12	13	107	135	28	181	297	52	183
V198	414	366	220	386	210	928	197	234	151	237	160	12	131	317	504	205	116	18	30	259	72	134	22	390	60	19	64	45	72	624	232	13	111	73	33	1	13	151	368	41	195	585	758	51	135	104	10	339	286	344	345
V199	179	909	21	198	533	149	64	78	132	232	131	30	119	178	461	50	94	4	194	227	739	210	37	97	179	32	89	218	25	22	253	232	70	21	281	93	115	137	121	85	67	113	38	165	76	504	281	91	83	25	565
V200	34	399	199	150	336	864	150	450	4	277	28	62	122	26	10	74	56	330	337	131	19	27	16	581	88	642	203	51	51	272	20	126	1	31	134	163	332	1	68	287	3	28	146	1181	316	765	39	498	115	712	223
V201	248	52	10	198	63	66	72	554	160	30	290	149	37	249	268	45	75	68	99	66	47	313	362	145	102	167	20	90	93	240	103	22	376	17	612	201	414	92	260	330	332	234	298	123	259	20	61	348	209	282	179
V202	167	33	812	71	28	115	124	301	402	59	330	153	823	35	334	58	229	135	205	392	319	51	25	122	160	0	189	69	46	270	184	35	30	126	34	24	25	201	713	367	930	198	11	287	134	283	49	277	55	73	106
V203	1045	13	35	17	665	120	67	223	82	60	78	237	158	419	116	495	75	209	75	463	151	625	16	279	41	161	80	76	201	37	175	55	55	113	25	57	125	128	280	111	311	48	715	13	355	60	152	391	125	88	445
V204	378	149	270	755	100	212	132	16	152	102	324	186	75	193	48	521	361	450	77	56	266	164	100	257	125	130	255	1127	20	21	265	511	272	807	20	402	301	190	93	34	288	39	221	469	473	103	200	817	16	231	237
V205	20	37	281	105	206	79	267	19	195	390	167	226	83	94	280	309	219	19	151	53	346	4	1005	35	456	388	1288	178	13	109	151	72	75	284	431	11	190	277	217	60	270	31	257	11	36	352	208	271	159	154	50
V206	37	747	359	43	311	14	55	275	619	200	81	144	57	223	216	384	92	306	22	52	132	219	30	177	142	162	37	46	220	123	35	241	132	163	217	26	130	287	40	130	225	79	11	7	508	909	124	99	417	142	399
V207	1277	303	156	170	552	543	186	590	4	144	619	92	257	101	514	689	33	249	109	49	75	329	105	96	467	63	167	106	244	51	103	65	57	220	30	62	159	6	187	126	278	196	149	21	44	24	55	49	30	114	692
V208	272	360	443	7	97	447	265	12	226	172	228	653	401	599	177	184	528	24	168	0	33	81	171	560	143	47	61	133	87	25	372	329	270	73	52	120	541	140	144	100	515	46	98	42	675	47	128	105	60	244	305
V209	115	804	94	116	17	24	593	509	188	125	23	176	117	55	1354	52	43	1334	67	96	33	63	72	7	248	327	25	172	196	166	206	77	209	68	175	125	391	318	240	72	185	33	167	425	168	24	519	8	1013	379	446
V210	129	312	209	54	153	292	474	125	86	99	336	145	56	120	140	210	224	384	151	763	568	73	77	808	85	72	86	523	150	0	88	116	198	24	128	68	444	412	153	151	23	34	427	676	1073	166	159	62	174	233	244
V211	0	100	9	37	5	91	163	804	109	9	554	28	92	62	69	5	464	252	105	21	9	12	70	448	529	71	198	302	149	300	99	166	149	267	292	237	158	38	492	593	56	32	109	904	680	518	155	404	527	202	60
V212	59	126	142	252	28	60	63	49	2	129	15	50	178	258	180	125	87	316	5	16	187	316	74	84	188	200	1000	23	59	51	633	7	158	104	12	98	204	625	145	51	61	420	57	244	487	150	228	1009	508	112	111
V213	222	11	235	94	248	415	53	0	112	139	300	329	138	25	305	119	301	3	243	267	26	3	215	17	138	145	72	179	64	120	21	402	250	585	95	383	1	53	89	99	166	44	53	93	373	428	62	154	32	466	104
V214	39	169	170	197	363	357	40	40	82	122	145	661	70	44	146	141	148	12	83	75	119	839	64	131	15	17	667	75	97	103	31	91	254	344	110	223	8	557	179	315	139	87	554	55	92	528	626	243	46	1368	101
V215	100	30	107	196	157	598	41	297	40	74	631	171	1	94	152	196	457	400	114	71	160	56	53	379	580	112	43	183	33	378	217	36	409	721	21	290	129	216	488	149	269	534	70	186	375	574	58	214	122	115	91
V216	17	161	436	105	353	437	519	191	147	92	21	160	61	97	35	31	61	411	498	327	47	438	90	37	478	230	184	70	42	87	55	56	161	292	18	287	236	1196	82	12	257	469	247	155	134	140	31	369	248	42	86
V217	81	149	133	280	74	66	503	167	18	88	23	44	110	376	127	272	198	174	11	132	109	116	325	287	167	52	149	57	586	279	6	585	202	6	11	56	426	13	48	21	76	1025	821	27	135	3	489	95	134	23	126
V218	80	394	195	472	211	111	227	102	78	362	309	598	45	203	239	56	131	92	74	170	88	3	33	59	150	254	336	753	346	343	616	305	4	112	135	495	205	404	299	196	10	30	0	449	44	523	277	54	219	155	246
V219	34	74	53	306	423	96	60	339	15	200	24	246	185	23	93	353	476	237	241	219	212	66	395	70	40	105	73	302	61	145	230	102	1834	97	86	73	20	39	2	98	112	327	226	20	263	42	529	238	150	329	84
V220	172	63	174	1	89	83	413	176	53	327	250	692	128	177	95	78	304	5	248	105	30	226	49	47	140	250	180	144	285	127	287	40	103	478	103	127	129	44	506	332	311	382	41	244	90	233	97	82	126	313	108
V221	221	29	239	152	19	113	372	74	83	183	98	140	132	245	516	83	288	190	103	107	305	182	160	262	913	149	186	251	462	0	43	110	134	103	243	319	112	170	1148	29	26	140	0	113	50	187	257	410	152	96	141
V222	212	25	109	36	200	265	6	13	23	156	292	188	189	15	26	96	387	121	65	242	210	125	387	487	13	228	102	25	186	149	13	66	372	255	363	237	29	102	766	229	357	380	305	9	3	75	575	0	410	15	144
V223	249	650	283	730	68	116	2	364	107	540	19	66	542	472	42	476	128	137	81	24	184	59	104	11	98	143	7	127	15	287	411	271	7	92	303	72	122	197	37	49	54	33	597	36	25	20	275	139	48	60	430
V224	175	55	221	65	38	78	553	173	125	379	235	701	24	393	214	257	534	152	114	310	100	338	85	197	447	93	192	209	41	63	753	112	22	242	54	33	59	9	67	79	12	151	26	337	223	96	25	375	86	371	102
V225	355	159	34	213	184	1	126	148	497	115	15	75	374	473	19	245	8	402	339	34	97	7	294	237	17	360	274	80	121	629	491	96	22	56	9	143	134	34	69	129	179	8	124	229	301	125	58	292	519	32	255
V226	126	161	1347	99	101	218	112	192	124	259	68	247	138	397	380	484	547	64	139	157	104	64	407	963	20	341	239	250	6	90	81	27	305	26	318	0	19	334	139	152	210	380	126	271	253	678	88	215	142	774	156
V227	222	550	78	85	61	88	18	90	13	555	341	52	607	208	112	708	175	220	42	120	65	688	55	635	454	13	20	50	105	295	372	473	463	105	102	369	31	41	289	36	302	87	27	111	625	269	842	122	78	268	408
V228	24	71	22	263	11	492	169	130	102	214	91	128	52	425	334	58	59	64	134	181	36	15	39	44	40	28	3	328	45	165	25	383	221	4	129	15	247	181	89	78	67	24	182	384	37	16	397	598	0	146	62
V229	29	58	22	36	452	255	6	76	62	44	139	214	300	16	143	17	342	148	113	45	182	43	22	298	81	91	32	25	89	164	32	541	22	19	61	18	76	29	77	60	196	48	84	89	7	34	358	507	194	96	49
V230	199	395	156	115	172	40	152	137	689	80	233	469	441	121	63	65	80	367	201	42	64	95	11	397	79	37	20	4	729	267	255	46	83	174	182	68	105	354	370	92	246	343	80	0	120	325	107	37	432	95	271
V231	111	403	141	164	78	225	76	90	324	476	584	9	135	17	322	382	164	9	293	135	8	214	25	259	112	593	17	651	333	486	460	72	8	19	531	372	331	349	246	98	159	793	591	8	140	458	323	388	38	34	239
V232	293	67	61	181	417	273	353	53	113	333	290	35	36	137	844	36	275	125	1003	389	143	228	325	14	97	352	51	285	186	163	139	100	488	592	25	262	0	471	279	205	106	422	12	513	194	284	5	12	301	276	193
V233	178	294	301	110	127	146	17	136	248	400	319	24	10	200	419	43	500	491	345	701	533	323	170	27	141	653	802	116	446	46	72	199	288	303	338	544	438	100	9	36	99	514	127	64	395	39	1	137	21	194	238
V234	83	587	320	63	1	44	146	29	6	256	481	133	301	18	238	27	10	162	378	374	89	43	313	168	311	21	5	32	17	87	27	444	8	128	309	124	207	191	20	270	55	151	286	99	212	789	67	117	5	112	334
V235	16	415	174	159	47	4	84	161	90	76	95	1	113	71	495	476	83	191	23	471	371	99	403	210	4	198	122	255	235	74	105	247	370	0	217	60	535	25	53	235	159	31	16	318	3	1	188	26	43	2	257
V236	14	147	295	157	467	576	290	104	245	123	80	345	167	107	704	134	24	61	655	450	65	83	92	446	19	238	62	104	228	30	105	820	72	471	0	8	322	43	61	123	333	332	386	282	69	44	5	519	41	179	103
V237	177	71	40	119	137	60	62	187	353	109	139	84	230	177	356	437	48	256	561	300	279	94	33	470	837	325	48	78	139	39	18	400	87	85	256	22	46	157	57	84	15	120	87	19	432	24	306	50	326	21	112
V238	29	50	397	153	262	89	119	729	196	276	184	177	305	634	5	85	212	72	84	663	125	30	117	168	48	44	248	14	90	149	314	631	74	142	68	157	70	9	38	354	61	357	484	462	30	36	107	445	32	323	60
V239	117	190	343	62	14	49	61	178	85	110	476	788	230	159	210	281	42	675	225	31	378	88	212	410	227	287	52	192	7	357	795	326	53	5	73	248	37	4	421	10	125	56	94	36	68	58	70	38	18	118	143
V240	154	69	33	261	156	263	275	430	85	61	331	171	129	89	5	206	648	45	280	50	96	200	98	348	209	319	122	497	136	200	122	378	97	190	142	199	212	323	37	9	372	155	1	112	56	47	97	80	100	248	104
V241	133	361	183	402	146	18	59	29	338	21	43	38	534	73	52	89	247	121	315	147	178	500	338	139	413	108	68	50	49	106	45	47	65	509	83	68	48	573	398	84	81	274	85	738	406	291	14	642	174	577	269
V242	0	65	7	237	242	173	36	286	237	309	724	542	45	58	70	65	157	157	339	44	192	261	83	230	414	204	313	94	198	108	268	158	171	559	341	64	503	185	375	62	5	523	95	42	109	184	385	32	24	120	52
V243	107	312	387	333	139	104	152	423	298	32	122	189	172	568	280	185	132	463	2	115	10	37	71	56	40	405	111	138	65	74	8	402	361	101	45	239	118	236	229	251	19	60	301	384	159	203	270	110	136	381	221
V244	5	379	69	537	191	360	38	52	144	330	70	43	5	153	31	65	16	69	312	430	240	82	20	240	20	60	25	0	267	8	425	55	14	40	373	467	361	866	93	154	75	165	39	502	400	14	12	123	97	24	183
V245	125	68	460	225	28	144	530	98	219	680	21	99	114	194	33	133	19	137	411	27	11	49	430	73	126	303	265	272	172	531	65	392	65	383	133	156	79	153	42	137	0	901	97	82	42	386	44	635	837	190	105
V246	159	71	220	142	0	43	51	182	289	443	229	671	160	120	1142	64	363	144	42	127	452	104	381	106	74	60	274	35	580	89	391	211	997	67	129	211	32	33	70	361	829	24	190	168	126	12	75	333	379	130	148
V247	21	126	157	465	28	0	2	73	68	161	67	64	65	746	53	153	143	496	35	454	208	1	100	89	677	116	62	48	23	21	0	264	9	101	3	230	115	223	250	101	999	111	142	18	684	177	53	80	3	18	96
V248	383	59	351	146	68	199	128	142	444	107	226	19	278	14	673	216	372	114	22	154	519	25	2	443	158	134	77	84	96	183	210	328	119	89	18	23	113	490	35	12	52	36	216	157	587	53	122	18	105	45	216
V249	169	222	425	268	20	244	46	247	181	60	90	127	230	35	9	38	395	331	241	370	178	12	117	24	306	98	157	574	35	482	110	425	689	97	113	108	31	509	140	64	79	147	143	99	13	366	52	133	604	71	198
V250	58	181	5	18	669	598	148	218	40	9	162	378	203	141	55	140	455	118	265	166	126	518	144	79	123	191	2	281	902	922	185	170	364	128	72	287	194	64	5	217	297	402	122	0	153	9	242	208	97	35	131
V251	264	1	452	196	15	312	154	482	336	31	24	109	75	33	142	1187	149	200	4	11	71	19	30	149	71	36	532	173	800	443	0	87	24	114	310	18	230	262	85	71	78	290	69	156	494	794	551	117	70	34	150
V252	263	192	172	44	567	45	964	16	83	480	256	59	24	51	22	145	6	149	25	21	844	100	26	55	3	366	376	97	212	78	157	58	93	71	400	114	215	232	72	429	469	25	17	65	10	21	382	23	542	66	238
V253	288	178	56	190	52	149	116	15	332	37	1	192	33	741	95	14	407	174	85	7	584	586	310	173	213	405	511	47	458	14	479	169	137	324	184	54	375	115	266	7	77	553	7	45	74	289	251	22	130	359	237
V254	30	901	185	242	55	135	428	338	184	0	581	424	246	669	43	0	130	57	132	30	72	291	218	9	12	46	21	130	319	14	283	143	157	687	112	355	46	346	211	83	28	157	386	99	94	10	256	105	12	825	474
V255	80	24	7	179	84	221	396	135	30	99	33	326	248	265	117	299	241	684	94	100	452	8	6	39	350	2	135	163	244	53	380	384	136	19	220	265	93	201	94	850	27	148	8	26	41	443	106	260	130	206	67
V256	6	119	104	389	26	114	42	109	764	297	193	165	87	122	0	134	447	26	442	19	16	280	88	339	877	64	56	9	517	77	257	619	111	76	60	55	281	32	81	137	10	28	57	31	655	300	12	88	747	209	76
V257	65	104	50	83	79	251	231	58	411	270	515	64	359	392	56	212	263	1285	415	109	323	115	138	316	22	427	56	354	36	3	156	262	242	68	28	217	1209	195	164	615	215	137	216	1	33	335	28	64	58	141	92
V258	466	56	39	869	31	153	68	20	371	626	68	331	550	275	228	63	33	251	115	287	158	91	554	279	143	126	576	109	57	324	137	21	67	170	455	273	25	179	17	88	200	25	186	461	178	13	169	23	608	688	249
V259	479	3	64	236	306	6	540	25	153	90	296	54	174	90	436	128	159	271	621	47	228	129	28	423	269	130	202	39	114	784	287	183	682	26	172	494	391	484	155	169	50	68	401	84	278	95	685	127	121	88	224
V260	220	313	125	111	58	176	30	365	114	278	92	360	58	309	441	183	156	234	482	328	370	462	714	104	179	85	283	364	62	101	252	37	303	282	309	267	222	26	179	67	16	228	12	135	85	113	114	20	162	245	225
V261	12	19	62	62	327	544	257	164	44	62	217	132	41	106	625	17	33	231	177	238	169	59	283	426	256	348	99	1	19	166	279	78	12	305	32	256	77	112	78	140	110	282	486	364	326	20	175	232	39	123	25
V262	31	139	49	82	91	122	107	190	7	138	252	92	52	868	50	62	74	66	107	146	85	62	62	205	80	258	538	177	20	537	267	17	170	304	193	415	340	139	312	346	206	39	22	17	10	230	211	34	148	538	81
V263	264	56	31	270	8	354	128	120	362	341	136	140	17	414	183	78	50	186	159	22	140	615	210	195	467	432	61	74	102	15	15	667	733	0	50	709	223	61	441	11	137	108	581	147	111	131	314	122	257	435	158
V264	486	107	113	432	357	739	313	32	416	3	126	87	208	27	491	214	364	58	173	348	190	744	152	295	326	21	4	160	394	100	307	99	92	296	594	218	176	275	47	67	148	608	190	170	212	5	15	7	150	133	260
V265	455	14	232	2	218	169	239	41	31	46	240	9	22	437	44	279	60	75	570	354	20	1017	421	72	103	434	36	134	32	301	251	288	3	228	169	132	244	71	136	188	544	425	249	440	33	27	1	101	5	165	219
V266	158	558	10	262	46	195	235	196	126	156	139	219	231	452	547	274	8	315	381	70	176	130	185	759	395	226	196	35	22	11	734	286	229	33	282	168	56	298	45	53	348	580	138	68	468	250	477	185	59	105	337
V267	201	29	35	103	509	172	233	34	54	77	179	12	48	257	122	193	1	70	403	256	2	412	246	128	256	418	102	248	216	227	42	232	147	207	155	307	50	164	353	550	3	376	199	135	67	854	195	241	343	9	113
V268	295	213	82	114	643	718	44	5	59	126	40	92	362	373	45	6	207	156	36	419	441	623	145	278	205	85	108	198	445	222	118	7	183	101	3	748	30	66	201	557	179	247	41	417	4	3	48	11	50	655	253
V269	317	99	60	665	113	248	310	520	112	699	102	26	183	105	483	245	494	18	16	40	21	201	46	135	303	225	300	405	69	184	105	7	124	103	52	1	108	415	403	554	480	336	734	262	49	246	173	102	3	26	187
V270	161	162	23	224	249	205	348	501	89	135	57	242	160	53	445	260	68	63	96	236	434	34	121	72	211	47	37	17	45	129	390	134	211	262	60	60	87	10	168	379	218	7	698	65	144	262	211	198	278	129	155
V271	159	53	258	98	20	1318	771	323	84	68	133	33	209	1	505	175	240	21	167	42	38	440	8	0	60	128	440	174	173	574	258	3	261	391	76	120	70	10	80	1521	559	169	935	252	51	33	194	50	211	122	97
V272	565	266	342	819	434	99	462	212	113	273	261	57	878	660	297	24	62	111	298	168	37	363	51	240	362	433	31	489	464	87	125	81	572	6	318	123	148	333	81	66	68	79	158	145	585	240	101	72	169	447	399
V273	55	226	132	15	188	314	320	125	232	111	48	66	95	151	1082	1292	237	716	164	62	3	199	176	4	7	420	363	409	108	32	81	109	125	168	161	1514	76	118	29	29	52	508	452	59	363	211	102	103	261	131	155
V274	110	29	6	560	225	368	0	0	196	133	1059	56	471	618	607	51	66	2	330	216	450	230	46	125	31	275	93	215	127	60	48	75	146	126	147	4	253	209	88	81	135	7	190	678	65	51	419	30	60	2	62
V275	50	814	47	230	473	149	113	61	97	241	94	337	84	40	14	75	49	51	1216	169	420	756	19	96	433	230	202	41	229	26	64	29	159	52	108	125	766	13	180	50	158	535	63	9	281	56	25	162	124	41	419
V276	38	96	133	576	72	234	1053	85	211	88	121	309	173	841	273	20	331	11	61	399	256	359	98	100	212	98	9	363	144	110	124	0	422	168	372	157	552	65	80	83	58	298	76	783	36	413	97	30	212	163	85
V277	165	323	226	366	20	87	517	22	196	61	48	100	306	276	75	37	5	63	600	13	130	394	614	207	368	634	73	20	192	14	30	170	148	267	542	91	40	114	26	81	326	14	535	30	17	84	21	165	14	3	254
V278	695	121	464	154	220	136	31	22	31	108	89	192	338	126	58	85	48	68	110	205	73	502	55	188	32	130	57	68	759	462	18	409	48	68	98	66	626	316	75	41	343	61	194	212	854	360	253	85	112	337	387
V279	209	476	189	186	583	112	84	106	350	229	39	365	125	197	245	621	179	217	0	181	193	846	117	419	166	230	107	69	586	167	80	84	117	30	0	41	43	437	38	404	370	23	112	29	587	70	157	111	324	11	352
V280	53	8	239	15	9	209	31	80	157	266	289	83	29	229	556	71	152	727	1021	14	273	2	93	70	113	13	96	0	169	144	11	458	48	255	25	472	246	52	240	151	408	15	443	283	33	214	139	29	92	52	37
V281	74	107	62	672	37	26	534	18	96	510	258	381	89	229	127	127	93	353	91	488	8	77	310	273	283	204	156	987	90	456	102	17	22	129	40	308	237	230	224	120	12	498	449	114	160	68	313	249	294	13	91
V282	444	474	71	77	103	287	83	34	7	746	38	149	78	179	169	360	128	23	42	150	59	39	100	34	68	432	466	226	19	54	50	689	81	511	127	39	128	114	115	1076	80	63	192	43	68	535	451	665	110	42	443
V283	57	751	20	167	205	474	182	59	162	111	589	415	332	2	87	136	7	514	77	90	91	521	255	132	238	75	214	133	17	391	43	22	22	88	46	341	1598	159	558	30	201	619	327	173	670	69	34	243	311	32	391
V284	54	171	46	290	120	869	161	187	426	27	96	42	211	121	157	20	26	233	116	228	378	138	330	31	20	55	89	510	594	799	44	43	294	31	75	532	18	67	341	77	125	151	510	245	230	83	171	307	24	12	151
V285	345	218	22	8	490	578	258	179	210	130	118	29	214	81	110	26	7	79	136	442	335	161	12	88	329	290	251	83	26	180	68	327	104	21	187	628	162	31	383	59	118	288	359	69	217	316	47	96	59	794	252
V286	181	151	258	125	225	490	27	90	299	169	293	73	12	51	3	678	496	62	601	149	3	66	46	809	63	202	331	165	9	600	21	270	282	486	434	268	16	285	18	53	68	54	493	202	7	15	96	735	0	97	178
V287	150	224	689	198	163	467	306	722	781	584	111	240	19	68	126	155	273	20	61	215	87	675	248	27	35	232	539	405	150	110	20	89	111	212	96	302	5	36	68	366	434	69	331	152	138	29	831	123	143	5	195
V288	422	115	111	469	24	41	168	352	434	107	100	361	49	387	353	995	536	748	462	63	3	358	256	52	206	107	104	48	139	703	30	10	568	149	949	66	298	97	391	176	373	127	349	1062	236	86	174	356	321	332	250
V289	390	221	120	37	9	269	29	228	611	21	48	281	5	193	35	274	112	65	16	19	97	7	89	352	259	268	40	95	40	505	973	13	395	155	97	426	139	97	267	283	198	393	31	118	341	330	47	313	78	423	275
V290	193	846	113	40	291	655	213	531	70	42	381	168	47	50	76	364	434	123	148	190	104	158	104	30	366	229	26	116	225	159	334	46	17	106	1097	190	546	167	125	408	29	142	68	0	786	315	80	409	1130	278	541
V291	385	32	306	102	50	109	292	185	251	11	57	57	422	941	157	270	63	42	2	269	295	541	129	441	138	185	427	128	243	258	126	193	503	456	443	183	884	2	160	36	413	317	269	146	39	91	52	45	24	299	196
V292	98	636	135	16	129	353	763	6	99	738	504	266	303	56	300	310	437	80	165	32	15	389	223	173	36	34	20	296	174	130	86	72	208	83	211	405	137	309	186	24	258	29	116	473	207	803	22	499	40	152	373
V293	85	339	566	79	1044	107	118	78	44	236	116	354	6	20	79	184	11	5	325	165	288	60	495	296	216	958	260	128	460	78	86	4	147	710	252	149	660	148	35	139	340	216	30	179	382	11	190	93	79	535	215
V294	101	94	92	47	5	52	438	13	28	58	379	182	137	381	367	360	347	326	749	10	164	288	41	772	501	437	490	572	37	4	128	27	233	425	41	46	29	116	336	47	45	3	8	350	36	145	182	45	169	438	109
V295	708	928	57	33	30	124	40	19	77	408	121	23	283	10	114	294	27	45	64	391	247	68	206	75	233	375	122	35	176	113	479	62	130	252	101	104	191	326	181	541	257	1	197	133	186	472	80	158	542	215	764
V296	203	22	43	15	50	189	14	272	465	150	103	358	506	247	233	6	39	43	127	24	45	50	57	259	103	48	297	187	58	255	9	93	650	303	109	24	73	159	562	716	20	39	63	265	101	76	920	19	3	44	121
V297	74	231	88	38	486	373	138	66	46	60	182	10	147	719	436	591	39	50	242	443	290	188	18	215	523	877	101	199	201	547	30	156	333	823	206	93	301	221	123	73	82	248	526	66	182	178	49	71	14	603	174
V298	131	135	148	172	166	9	354	311	96	47	9	130	192	254	573	64	36	691	402	136	352	5	148	24	169	114	554	42	14	380	417	294	97	139	113	24	448	393	16	190	72	422	9	199	186	297	500	464	259	572	146
V299	250	138	55	145	276	63	111	42	311	60	187	250	151	52	76	39	416	403	201	590	14	30	70	42	329	197	200	251	308	7	552	166	41	809	235	203	49	501	156	193	54	241	121	146	73	6	175	32	487	252	180
V300	18	213	1	378	8	2	53	16	463	79	253	223	13	94	111	268	511	221	180	77	315	49	44	148	43	20	72	93	51	28	249	201	1545	64	42	312	49	350	150	16	107	163	546	631	276	56	43	8	196	210	127
V301	127	568	546	27	103	124	249	90	206	237	3	122	18	202	69	17	242	45	99	162	36	140	121	43	196	234	764	81	214	219	517	61	100	158	104	17	200	300	101	86	258	76	168	768	581	506	146	447	101	57	385
V302	363	381	92	224	70	278	248	139	120	233	213	320	328	449	273	36	148	47	730	490	559	81	1001	68	273	127	264	29	199	154	166	436	9	116	331	226	178	75	61	99	52	100	163	288	48	150	228	482	395	327	393
V303	126	12	81	75	312	249	55	280	64	243	211	77	195	415	143	63	153	47	238	106	34	31	15	403	18	41	390	18	185	647	351	76	251	462	74	236	211	93	300	399	89	250	554	1148	350	591	494	85	58	204	83
V304	365	206	17	87	255	162	182	166	285	121	321	446	30	601	111	243	89	731	224	293	962	82	401	249	509	250	479	68	601	359	60	140	228	24	271	53	161	4	235	194	277	169	32	243	152	3	75	35	108	447	262
V305	27	76	227	47	256	336	99	251	113	786	63	2	99	119	62	86	8	296	275	156	329	10	69	23	56	98	166	3	143	275	168	326	44	228	0	108	31	62	94	95	99	181	11	49	181	50	467	12	1029	259	66
V306	128	433	572	113	61	33	34	1	196	90	4	25	26	143	187	2	274	59	957	55	714	158	740	505	14	60	359	698	123	389	268	96	55	315	10	120	407	98	25	1348	186	65	885	104	78	1362	34	234	206	2	234
V307	149	6	487	2	151	160	483	243	49	171	2	80	415	162	311	323	25	2	213	63	498	185	292	156	158	178	474	5	118	162	79	69	243	203	585	133	70	289	285	237	190	87	132	520	119	211	24	79	10	120	89
V308	223	271	45	28	183	35	176	51	176	89	202	66	331	162	74	19	256	296	80	437	2	283	413	26	223	158	0	415	2	253	26	180	107	105	112	615	13	160	477	221	387	46	82	18	10	42	24	64	134	30	228
V309	122	123	111	266	208	699	316	293	108	313	273	350	40	350	59	97	5	103	284	289	2	57	40	261	65	99	795	536	201	529	225	361	105	709	277	1141	632	483	20	0	498	350	268	199	303	191	51	153	153	224	167
V310	377	147	82	130	124	297	178	411	462	83	97	325	37	194	116	99	52	572	398	976	425	445	140	4	349	65	65	51	159	73	10	333	157	172	513	281	178	33	0	162	2	16	387	396	48	380	258	184	47	24	254
V311	3	112	272	48	222	109	12	135	124	272	41	29	423	22	652	45	114	372	25	165	1	79	71	193	75	269	247	90	381	32	582	110	55	48	335	36	141	595	9	246	48	52	68	692	319	217	17	344	0	69	63
V312	162	9	434	24	25	334	59	284	193	65	165	135	8	327	451	154	413	190	194	13	147	235	185	241	614	111	339	57	117	379	98	186	88	109	65	4	497	76	261	33	5	462	140	41	289	10	34	61	322	51	98
V313	55	3	268	128	592	213	163	422	253	18	59	25	129	226	16	22	9	51	276	272	203	6	109	319	482	121	76	286	195	11	325	102	118	76	252	214	74	28	160	52	387	140	289	108	148	285	53	188	89	144	48
V314	29	3	248	13	244	92	244	671	292	473	39	186	142	75	284	571	178	47	98	259	40	206	133	95	164	5	137	288	537	64	474	262	251	187	43	68	230	110	39	28	122	555	94	528	42	113	123	26	35	795	30
V315	5	126	274	404	26	357	8	44	64	301	149	95	243	3	39	302	108	69	83	91	162	234	562	87	82	59	309	8	889	76	65	295	573	4	165	115	26	51	246	265	255	341	18	111	36	135	62	826	152	160	105
V316	24	31	39	117	148	260	95	13	404	52	203	316	107	134	54	35	211	319	127	299	99	548	124	25	120	348	320	179	78	130	4	663	48	173	125	159	457	124	276	481	443	114	116	744	6	62	212	194	506	275	44
V317	37	473	214	283	56	89	71	219	274	42	13	217	140	187	2	130	101	552	311	356	109	59	372	144	46	549	288	214	94	76	97	912	22	100	65	2	12	18	371	100	15	46	178	133	460	164	21	33	475	0	256
V318	48	102	421	134	388	190	15	524	343	26	253	445	91	305	36	49	29	29	556	244	91	126	211	347	229	362	33	185	226	528	754	135	391	60	17	153	78	36	374	61	42	150	28	403	130	422	85	182	318	292	90
V319	70	68	26	496	24	40	40	216	48	64	123	15	177	10	169	40	209	159	14	16	236	334	142	63	80	52	291	171	548	29	167	60	131	57	66	143	379	237	99	58	132	79	163	419	106	237	97	16	87	411	70
V320	193	91	162	138	312	56	24	116	52	383	14	404	68	519	24	564	579	243	1041	164	128	138	54	124	29	12	628	168	147	477	17	1	47	263	396	151	61	181	228	418	10	222	141	274	69	42	201	53	81	67	128
V321	33	33	72	58	16	111	83	479	125	168	6	477	276	66	26	643	362	93	115	368	25	131	37	265	142	45	93	729	47	816	93	460	76	271	187	16	1	178	152	0	21	50	376	66	268	99	83	21	153	5	44
V322	417	139	49	28	92	16	163	40	249	513	155	317	97	421	249	9	182	244	114	58	156	924	93	36	233	39	114	177	16	3	116	280	9	202	23	275	59	273	578	29	151	0	76	19	61	540	121	156	176	14	233
V323	262	19	26	673	267	187	312	15	162	114	267	232	145	275	221	41	273	131	3	17	48	170	352	713	399	392	1	256	128	233	24	168	309	338	663	174	157	648	139	415	44	61	162	305	179	20	261	726	55	124	174
V324	127	176	85	587	47	225	488	62	435	221	40	34	5	179	298	97	340	115	128	112	297	17	469	25	187	308	151	46	1214	94	0	127	163	963	181	110	337	7	87	8	217	27	35	32	191	164	305	302	148	29	159
V325	82	59	293	1	5	277	78	189	97	201	693	890	126	238	10	25	324	255	252	147	38	362	121	1202	123	150	163	113	502	34	55	58	9	155	31	91	17	136	16	569	52	41	22	105	156	99	355	184	214	17	75
V326	102	207	449	138	53	63	127	58	212	340	82	686	343	187	391	0	50	18	259	111	93	196	85	279	74	58	64	245	109	19	185	69	291	40	8	94	63	38	77	10	220	450	1	260	618	64	488	40	225	257	168
V327	3	39	59	346	163	22	290	509	655	453	388	168	401	117	233	433	700	177	452	458	38	70	107	170	212	4	142	59	176	44	170	196	113	57	148	18	238	342	186	40	287	175	229	29	375	438	6	38	284	364	41
V328	658	240	380	235	15	94	306	83	96	9	80	72	234	246	113	509	171	60	101	304	74	1	262	4	58	98	57	264	508	68	270	333	117	71	99	269	490	643	120	569	3	772	307	44	184	62	137	58	164	4	375
V329	92	347	92	29	201	224	355	74	625	208	29	566	340	106	47	88	206	310	103	23	265	154	332	208	34	24	19	337	340	11	150	207	235	112	744	532	31	147	82	99	326	647	119	9	200	358	13	327	3	59	251
V330	161	31	102	204	153	475	32	217	4	2	89	305	757	93	142	47	70	550	319	206	117	223	243	578	16	71	131	43	130	432	206	325	236	355	231	90	596	39	39	80	165	116	72	193	86	199	116	648	31	11	110
V331	46	102	70	7	10	224	104	180	59	78	137	315	41	188	231	153	23	303	227	175	213	356	9	792	318	12	948	51	34	157	53	203	502	261	3	47	34	17	344	135	24	208	147	61	228	100	163	39	35	3	77
V332	426	1175	167	130	74	140	46	370	0	108	6	162	114	188	33	166	107	232	118	32	24	73	137	213	519	234	111	63	39	840	337	29	542	374	177	17	30	132	20	599	320	83	70	15	243	192	45	8	2	512	745
V333	75	225	129	624	88	320	99	368	421	115	302	208	237	52	123	142	535	164	101	140	644	329	169	49	180	272	85	130	293	78	180	116	173	55	8	56	482	145	196	170	143	108	79	166	74	2	168	83	69	74	149
V334	2	119	298	23	16	252	321	93	223	402	709	68	322	655	198	65	304	181	739	397	307	136	150	81	737	295	127	281	275	114	94	2	527	113	248	92	211	52	118	432	48	292	30	28	322	83	190	155	663	388	79
V335	122	163	95	296	200	45	4	38	101	961	567	225	143	2	173	3	192	284	166	18	195	202	191	37	281	7	5	296	264	70	35	135	153	403	8	290	169	29	97	89	14	338	40	191	84	6	195	334	4	96	131
V336	233	25	39	104	71	317	57	361	383	374	117	22	55	62	457	366	468	2	5	48	40	101	162	130	105	26	28	67	586	196	9	265	122	202	271	319	43	99	74	722	18	209	445	324	6	6	212	92	23	103	125
V337	40	597	610	207	311	53	98	79	127	321	159	5	106	4	9	383	31	340	161	38	24	156	396	292	46	36	306	137	91	314	110	80	0	40	386	427	13	46	822	360	50	150	148	180	102	50	168	193	1135	65	319
V338	30	131	657	145	41	13	248	273	223	454	150	82	159	431	257	20	181	7	10	112	107	80	160	276	686	276	28	419	68	39	4	13	173	62	154	78	83	212	17	281	150	496	219	189	256	39	354	155	95	44	88
V339	233	46	95	55	421	7	300	1028	213	29	120	452	353	64	118	56	216	5	29	122	110	33	25	361	332	118	618	50	569	184	204	465	242	61	595	31	16	7	131	977	474	19	84	158	99	10	309	38	613	94	129
V340	435	282	93	46	242	381	177	76	53	573	249	84	352	57	29	433	448	51	64	93	83	19	67	302	251	395	67	153	148	359	49	1039	35	152	231	6	321	21	436	135	28	138	99	88	64	95	435	424	62	479	306
V341	298	429	87	265	232	455	144	556	198	59	1044	138	393	5	251	77	152	5	79	13	78	129	219	218	113	644	15	20	159	28	336	759	29	175	319	375	636	33	827	373	527	94	100	118	719	23	20	24	22	84	377
V342	272	566	53	13	197	270	171	18	610	132	0	144	36	315	167	196	345	133	241	250	188	509	97	50	10	81	103	174	115	75	650	10	698	57	39	196	435	509	150	11	21	138	360	174	126	210	6	41	127	239	397
V343	860	16	32	203	288	449	334	213	168	317	121	175	138	11	1	23	9	248	162	11	317	138	250	39	62	84	60	7	134	4	224	109	71	141	281	404	28	10	288	159	209	45	128	68	292	40	254	98	20	98	352
V344	12	146	31	61	328	217	161	294	29	88	6	21	243	479	107	117	66	118	252	55	44	54	477	24	86	397	80	147	301	202	22	252	3	37	544	728	43	289	391	27	203	269	108	336	33	18	203	155	202	284	88
V345	119	41	87	249	444	480	365	1	367	431	42	24	54	163	92	150	157	877	621	125	253	139	146	133	382	64	97	118	283	456	35	312	387	220	305	79	341	60	67	177	17	151	57	8	57	36	936	172	129	542	75
V346	94	64	28	21	3	48	664	0	288	53	371	286	110	163	60	189	262	18	32	133	97	261	18	4	200	12	67	373	166	5	284	49	162	301	439	299	86	8	150	78	284	110	146	190	204	40	60	97	24	653	95
V347	216	110	370	14	102	144	5	24	188	61	8	583	118	273	61	113	323	71	199	60	10	654	18	210	224	527	348	2	88	54	84	18	164	286	265	42	157	325	166	45	160	61	424	39	25	32	49	148	38	71	171
V348	48	691	392	385	490	65	107	51	322	209	221	107	56	159	203	691	349	477	795	64	368	432	170	33	86	26	28	20	171	143	31	123	194	56	591	71	137	21	368	286	220	315	33	161	313	90	17	536	873	593	367
V349	132	323	154	181	50	121	199	188	26	586	375	201	128	219	151	87	5	118	535	100	10	42	232	296	14	51	397	529	68	88	63	134	36	237	59	20	224	77	183	45	24	11	215	524	40	35	13	65	123	87	216
V350	62	23	72	411	293	411	25	12	355	477	523	591	2	48	133	144	15	21	19	645	129	14	581	116	520	1	3	157	63	448	129	30	147	237	249	143	73	20	675	41	58	271	74	217	55	25	134	77	164	160	51
V351	21	237	47	166	296	30	73	208	159	8	8	831	8	312	106	248	131	103	797	25	227	76	151	344	253	36	162	442	153	279	90	394	126	47	98	45	46	38	11	852	8	134	178	134	4	47	862	267	244	41	161
V352	99	190	30	288	56	456	2	240	177	32	52	328	314	40	328	495	140	139	22	237	148	562	50	100	66	293	246	35	125	14	409	145	394	264	778	345	292	151	178	163	108	309	115	104	348	983	281	502	98	313	142
V353	16	107	524	274	125	256	530	45	73	119	52	23	61	91	734	215	28	191	101	189	4	53	289	42	154	205	183	68	243	195	117	847	144	363	475	117	89	150	302	457	194	458	200	162	623	15	159	3	310	167	79
V354	240	40	165	407	818	46	504	281	20	441	213	5	193	56	26	88	250	191	335	214	548	113	713	39	82	257	303	366	40	26	79	392	32	420	152	879	413	309	41	124	655	341	227	194	298	124	5	89	257	18	140
V355	10	208	12	243	111	312	265	7	62	217	27	212	49	26	126	191	101	410	97	492	250	29	118	9	131	503	510	196	168	72	497	156	372	562	126	140	7	190	166	67	85	72	63	143	55	24	757	27	212	316	124
V356	264	273	103	9	65	741	138	838	21	10	29	296	114	376	15	463	94	670	126	500	3	57	224	300	379	127	96	13	116	515	136	403	49	48	140	259	98	24	94	82	52	120	375	28	70	190	47	134	956	32	246
V357	211	10	53	262	433	41	378	462	313	273	9	521	12	359	163	384	163	293	153	168	17	255	164	25	174	17	52	16	86	87	370	2	5	43	23	38	28	27	142	280	38	276	78	100	160	90	110	307	164	267	119
V358	496	32	437	21	252	190	31	6	365	69	118	262	208	267	204	617	38	27	376	486	55	113	161	6	219	10	269	53	229	21	368	25	228	287	0	395	200	130	263	14	580	159	11	16	63	20	203	350	28	47	233
V359	371	289	193	344	64	107	13	45	93	319	513	773	125	111	290	130	184	19	445	556	680	65	59	60	161	88	280	157	176	153	186	422	319	61	109	63	17	598	234	54	291	153	159	67	80	13	1217	152	44	314	328
V360	457	197	65	173	25	22	121	170	460	30	178	283	32	37	37	162	26	253	7	1131	149	570	110	253	1575	210	397	16	182	6	257	314	121	302	389	1009	99	289	42	660	105	236	173	22	166	31	75	155	23	326	350
V361	275	178	44	43	69	96	425	108	258	3	6	338	48	182	40	69	28	80	165	38	371	74	58	288	580	59	59	31	40	231	20	396	502	93	482	21	253	27	202	250	386	281	500	22	339	188	63	42	185	2	222
V362	22	506	67	331	193	327	34	4	37	331	366	48	23	76	599	48	347	159	1	9	187	9	20	248	35	109	78	568	314	63	168	498	86	392	229	93	246	45	420	75	51	0	202	299	37	158	5	89	173	91	241
V363	348	454	30	82	363	119	232	89	297	78	566	93	151	174	276	139	106	242	173	39	101	221	152	391	507	109	0	108	74	14	88	62	201	554	129	31	55	24	72	102	77	32	181	217	17	398	642	124	111	419	398
V364	60	414	365	181	3	204	193	154	736	60	211	185	120	7	312	23	219	256	13	220	483	6	32	89	403	115	25	136	133	53	150	104	124	47	1065	71	351	8	164	114	52	207	10	40	225	19	1	133	60	21	252
V365	309	116	23	190	26	462	326	37	42	265	79	341	101	22	55	15	351	91	209	127	13	14	258	137	8	107	274	278	116	764	442	402	380	222	418	110	407	102	183	67	12	53	31	211	79	945	75	16	177	423	217
V366	217	89	19	635	250	0	107	210	71	81	15	441	743	121	367	173	276	87	191	511	38	27	433	73	505	217	12	296	162	439	23	358	529	80	94	134	888	70	612	483	198	236	77	96	431	137	270	42	96	152	164
V367	85	82	66	184	316	64	28	51	52	5	364	45	553	283	206	126	229	380	0	255	60	299	80	176	168	68	267	4	120	81	425	361	294	53	215	186	102	116	7	186	97	28	30	377	77	132	105	333	106	33	94
V368	382	343	38	6	142	269	21	230	78	291	285	176	174	8	148	640	121	0	7	57	672	209	297	240	264	395	494	299	140	57	476	273	21	139	12	135	54	486	95	131	591	156	12	361	59	76	402	184	60	186	317
V369	244	171	96	143	3	186	237	67	8	152	305	157	827	75	142	144	114	68	87	304	41	379	99	276	42	63	124	300	141	149	196	139	453	34	111	295	10	171	13	117	352	42	150	143	717	57	179	253	81	179	200
V370	137	5	305	261	29	29	501	134	236	208	89	184	148	64	19	284	240	15	309	126	292	39	211	77	97	92	97	99	4	219	52	65	229	147	89	47	638	287	46	179	165	105	19	467	301	566	76	10	16	296	79
V371	273	68	28	222	45	248	168	225	176	23	355	92	229	94	210	36	90	192	40	343	260	259	176	212	20	0	63	262	413	127	306	187	1238	111	53	2	177	69	134	170	90	458	98	795	10	90	186	204	121	36	154
V372	168	248	35	104	226	104	48	83	394	135	14	151	176	23	368	99	118	58	392	109	14	40	76	55	187	80	91	521	211	53	477	272	569	447	346	134	200	173	264	815	532	110	42	159	61	220	301	268	168	441	253
V373	8	134	201	225	535	297	89	5	154	179	1	193	335	316	108	52	35	8	20	13	103	506	635	343	216	148	89	57	49	251	574	27	176	192	160	107	73	235	14	229	126	51	111	466	34	748	38	44	12	77	95
V374	205	238	170	14	174	33	440	137	31	639	212	86	50	90	168	264	14	225	389	409	221	541	468	221	354	34	242	120	7	200	209	34	27	345	200	530	42	237	22	106	189	209	34	459	162	137	311	140	76	21	215
V375	66	240	622	90	191	63	149	350	552	88	116	46	464	109	190	263	650	187	16	234	430	125	235	184	405	221	283	141	37	16	1	101	79	156	784	365	10	172	344	11	212	216	57	182	8	17	42	468	46	94	198
V376	194	702	349	48	19	141	988	172	116	484	25	159	32	56	435	123	237	366	18	65	136	127	16	79	210	14	25	67	55	51	35	9	3	45	101	139	150	418	20	528	241	230	83	9	698	116	14	155	105	29	428
V377	31	34	88	39	68	193	226	25	119	312	233	237	40	122	90	195	284	936	146	93	32	515	16	211	17	25	88	177	177	754	114	16	114	159	334	195	104	387	415	173	165	83	442	148	77	127	23	7	70	45	33
V378	694	289	81	177	291	109	543	1089	3	131	130	141	5	661	106	126	58	120	11	114	339	39	52	67	299	51	355	158	117	114	242	321	302	56	188	246	236	13	376	555	438	6	283	123	172	54	265	24	140	133	470
V379	513	490	65	458	338	399	12	402	782	198	224	1	398	623	273	89	19	211	86	129	182	393	4	61	456	41	181	32	361	144	38	194	89	28	157	38	55	476	42	586	126	197	286	197	180	180	325	8	50	44	479
V380	18	307	354	116	137	253	130	55	320	667	272	2	5	25	1328	151	477	129	641	219	386	81	780	72	12	50	215	7	72	55	1014	58	78	314	312	498	22	240	307	129	310	621	270	121	80	166	464	0	6	63	194
V381	185	48	268	148	764	837	77	9	56	367	105	28	960	550	35	849	118	430	34	233	297	58	40	34	24	216	102	524	390	858	161	23	299	178	30	541	58	64	434	41	359	876	42	143	797	24	20	26	94	152	121
V382	8	349	3	24	218	15	39	257	54	71	145	442	276	13	21	93	139	9	129	198	181	131	186	140	5	203	246	55	25	82	23	77	123	313	189	47	26	0	14	16	209	38	0	85	80	241	306	578	245	40	196
V383	434	333	584	47	119	162	17	191	58	130	873	178	180	15	230	73	297	84	149	53	78	52	159	1	206	60	312	37	1223	199	261	228	106	23	18	235	48	126	82	81	368	98	82	308	211	360	141	71	299	207	353
V384	115	154	342	47	508	6	250	393	150	61	6	75	16	139	650	678	520	98	144	9	66	143	114	49	111	259	43	179	12	87	21	687	214	38	343	692	413	294	21	40	192	225	394	131	65	47	219	229	746	132	123
V385	98	485	24	888	78	206	575	25	223	167	12	54	438	759	77	170	306	62	92	64	359	74	9	13	677	531	42	329	42	7	58	34	251	221	144	18	181	78	124	123	205	4	38	314	68	222	320	327	121	44	272
V386	180	111	625	459	10	330	779	115	57	60	304	119	221	177	59	51	179	223	21	6	332	25	46	235	1	83	485	632	83	25	138	558	423	66	164	585	75	118	142	304	14	94	628	255	177	69	144	546	10	180	139
V387	38	76	136	1062	110	142	211	208	218	232	133	112	342	297	560	230	221	30	60	445	196	181	222	90	239	59	9	53	85	33	369	73	28	15	243	741	368	93	322	65	110	384	115	24	28	9	255	854	92	501	77
V388	101	7	95	24	324	65	16	219	3	331	87	116	147	43	315	181	212	42	303	19	837	31	134	131	24	79	59	94	221	24	151	188	232	119	93	522	150	253	35	27	19	522	19	639	131	71	290	53	209	685	63
V389	50	264	29	561	866	4	359	227	412	140	248	179	183	24	39	1	79	15	131	42	871	215	192	367	154	251	62	28	248	144	92	11	17	216	222	238	84	20	92	342	692	719	41	30	271	48	23	79	123	656	182
V390	174	15	623	122	12	124	169	148	20	354	9	138	27	654	494	162	26	117	8	101	212	95	88	27	76	35	324	91	211	55	34	85	123	226	11	309	612	219	143	9	249	14	27	25	176	91	93	195	161	337	97
V391	325	223	96	150	192	189	94	178	325	141	937	257	71	42	22	90	30	347	220	1032	194	147	276	70	380	0	323	341	20	144	113	146	267	14	187	19	269	11	135	111	174	279	170	157	192	199	265	224	116	210	269
V392	49	625	833	67	48	57	20	101	291	170	183	21	73	61	166	291	42	145	132	263	8	315	170	313	1	381	512	95	361	148	88	292	146	110	80	123	30	268	664	83	96	0	2	305	169	124	215	235	201	50	317
V393	421	374	792	845	358	402	162	44	298	368	145	73	105	696	17	50	568	381	177	25	76	171	246	52	123	258	44	206	411	474	65	113	503	328	459	108	354	71	236	25	107	434	50	102	32	968	46	37	265	369	384
V394	395	309	46	495	16	123	138	36	306	317	176	59	127	377	119	13	648	103	208	511	603	63	107	459	56	25	2	48	86	74	17	32	71	52	215	316	403	211	142	386	16	415	162	375	40	25	151	250	149	231	341
V395	86	46	493	295	31	94	75	219	125	140	177	40	257	17	259	72	21	438	42	817	127	36	68	209	59	317	81	593	85	423	11	253	27	23	330	793	308	193	477	194	6	11	597	340	177	105	63	277	110	220	80
V396	22	2	200	131	333	66	111	3	75	24	354	327	17	176	95	404	31	76	151	105	353	196	62	24	293	113	172	273	47	67	68	80	414	155	82	232	289	121	666	233	142	260	580	188	59	188	287	350	189	381	31
V397	270	557	2	2	754	160	43	558	363	115	69	41	41	3	39	10	29	205	4	229	248	43	245	152	123	24	176	407	420	107	606	340	92	65	77	101	148	65	121	217	112	639	109	31	321	58	16	175	113	68	389
V398	80	324	36	137	306	524	411	43	161	28	13	16	68	360	191	159	408	175	66	209	1125	90	88	127	165	52	144	121	100	456	224	282	308	274	197	51	27	288	84	382	330	263	527	70	383	147	106	82	299	121	198
V399	101	223	35	2	248	170	5	253	81	240	247	1181	93	405	213	301	285	22	89	168	358	275	460	56	58	120	69	258	237	305	50	3	203	111	283	234	433	619	165	46	509	28	734	242	247	480	190	141	33	462	178
V400	246	24	286	102	184	170	124	40	115	12	268	390	60	87	553	20	201	118	794	610	269	196	645	50	130	426	336	218	712	673	9	231	145	14	437	153	139	35	158	185	306	117	181	235	407	188	67	83	65	180	173
V401	33	61	904	354	263	21	324	83	329	628	22	76	268	283	26	22	69	186	201	226	160	391	47	50	293	244	73	25	160	100	90	365	147	135	92	290	184	369	184	23	143	733	545	64	304	172	179	45	1056	466	64
V402	71	179	65	150	287	186	171	45	15	167	47	673	42	50	769	168	100	941	136	139	267	249	55	759	154	36	50	24	207	42	30	236	219	290	202	59	132	108	91	378	18	147	244	263	126	326	232	84	450	308	151
V403	93	448	122	70	43	55	14	4	28	26	164	210	167	22	80	309	463	109	67	26	274	258	221	1052	116	201	30	95	15	43	610	240	2	91	39	233	92	0	5	153	1	40	19	47	288	141	323	278	480	161	256
V404	106	277	60	6	785	518	53	591	75	4	164	30	517	96	404	191	157	418	395	86	438	438	225	270	90	1312	306	150	350	115	738	283	201	62	276	214	233	170	28	35	296	232	252	22	127	146	20	134	335	93	206
V405	103	428	105	62	61	93	16	135	228	153	126	230	1005	190	181	26	264	127	264	88	48	378	44	214	9	50	432	168	79	890	505	326	27	16	68	430	44	236	112	317	7	214	296	784	73	17	192	108	716	0	256
V406	378	189	62	173	6	70	334	132	84	279	119	4	23	433	32	45	36	589	145	0	116	246	619	221	606	39	106	613	91	114	109	273	141	111	247	39	10	299	288	25	90	21	119	1	151	4	398	817	126	44	278
V407	21	434	39	283	669	168	180	204	227	283	424	372	208	271	294	84	128	207	353	206	47	233	310	1	41	92	112	130	710	77	201	274	44	83	181	26	131	26	98	320	597	39	5	135	26	8	17	182	214	307	210
V408	259	15	347	43	753	185	112	205	990	205	103	157	34	753	826	5	669	180	137	47	91	540	10	354	12	65	166	356	28	39	561	328	38	78	33	19	285	618	117	239	358	69	234	325	837	27	351	688	289	0	140
V409	214	107	55	40	658	105	216	573	181	608	328	305	50	50	120	183	40	414	152	118	8	680	213	190	380	43	145	280	369	35	148	97	415	160	17	111	313	253	262	494	112	102	331	158	1010	143	442	749	416	5	180
V410	79	197	153	310	340	17	258	345	311	330	57	52	27	315	141	180	13	95	100	181	127	191	258	121	38	172	62	22	96	43	853	414	5	740	55	151	366	393	107	17	423	36	217	34	3	567	103	349	682	13	139
V411	272	78	37	68	57	34	174	130	6	287	11	93	694	514	42	75	137	649	507	44	182	389	36	13	279	237	21	22	133	381	1471	275	5	228	580	322	162	64	300	4	222	129	207	50	67	99	66	131	123	12	172
V412	317	256	177	191	136	138	86	230	19	14	63	433	107	26	22	354	71	48	453	86	13	67	226	111	34	215	244	253	217	318	56	278	122	115	1	35	351	90	174	282	196	115	123	80	131	23	51	54	42	86	277
V413	250	11	888	205	428	171	188	58	19	894	208	48	114	403	69	74	593	107	337	542	324	175	316	88	64	312	342	69	288	73	177	151	47	47	69	162	1113	92	99	524	206	435	5	222	212	15	51	2	572	258	132
V414	99	513	285	69	98	157	593	169	398	416	280	150	484	30	6	157	7	27	171	195	205	332	124	4	227	71	441	494	277	273	27	500	65	150	81	212	469	405	180	53	193	112	17	3	128	13	416	10	46	88	290
V415	28	284	62	189	1205	120	2	14	9	19	17	100	400	111	42	233	413	393	8	52	256	321	429	132	165	24	454	36	416	4	21	267	533	249	248	14	58	242	171	13	134	11	454	64	46	40	251	519	646	22	162
V416	224	59	39	449	198	277	17	136	223	506	20	162	342	653	37	232	335	32	569	55	381	434	160	0	51	40	15	613	375	239	226	30	35	758	290	96	253	294	45	432	126	2	201	121	131	215	155	39	315	506	140
V417	721	1	996	2	119	271	190	73	190	46	242	138	39	102	39	203	87	99	117	50	163	29	76	213	101	232	65	653	38	76	357	59	290	9	142	877	184	7	238	18	56	4	516	549	395	35	14	112	320	25	320
V418	87	444	186	242	194	29	62	0	184	19	451	271	24	301	42	215	385	95	165	339	39	74	127	34	266	24	188	53	63	585	248	106	67	9	113	64	50	74	243	173	94	375	207	345	96	338	1105	223	204	842	299
V419	403	65	8	634	92	116	13	129	158	135	4	892	775	52	32	1	260	77	417	279	85	136	4	18	155	667	177	179	18	633	3	89	782	310	85	188	159	492	70	152	138	42	285	23	261	255	283	19	133	207	214
V420	129	180	194	351	0	638	142	33	202	116	259	394	154	119	81	24	69	223	286	255	189	586	40	37	55	194	257	39	19	94	104	81	195	10	614	691	987	40	42	76	628	171	515	41	29	41	300	547	61	102	170
V421	107	116	78	420	59	158	8	216	435	31	941	552	13	56	288	65	31	27	76	358	132	44	3	325	317	735	21	293	132	67	413	44	242	1273	37	319	283	44	50	129	66	57	386	14	40	345	54	47	228	281	105
V422	147	241	416	115	227	177	94	213	32	19	196	131	129	3	195	996	79	286	167	103	213	347	109	92	757	90	92	61	141	3	359	57	193	190	357	221	492	154	397	334	45	108	123	126	176	166	921	288	280	141	212
V423	101	169	177	690	275	170	295	80	457	86	22	252	100	47	20	466	188	77	54	49	325	67	227	24	53	164	83	793	251	221	562	69	54	138	30	103	43	278	20	47	56	1	38	190	7	50	712	180	16	47	125
V424	211	60	78	18	831	631	136	84	44	45	20	88	121	179	81	417	174	330	52	10	21	204	63	1382	187	68	67	91	115	33	325	48	123	171	117	98	113	762	1034	36	419	140	198	14	192	77	19	641	314	155	146
V425	55	210	301	229	47	111	25	327	31	165	200	361	159	8	25	23	1	85	207	17	126	64	135	75	89	2	347	174	211	422	115	84	62	335	185	263	427	11	168	74	771	92	324	363	17	348	41	606	176	69	136
V426	380	147	16	71	158	205	94	105	905	438	24	64	579	16	381	328	40	306	90	292	371	107	18	27	231	225	57	174	296	276	384	580	1	132	59	155	179	37	32	560	327	88	258	23	43	51	163	485	287	300	253
V427	75	58	74	819	223	287	65	138	624	155	111	88	214	77	1047	179	139	283	111	121	19	45	66	76	31	23	417	134	75	180	48	161	23	51	34	170	111	15	86	233	23	65	423	505	68	96	161	211	243	49	56
V428	132	44	290	256	114	17	563	29	365	188	4	25	321	77	32	211	59	94	78	175	123	110	498	549	169	450	8	21	396	95	129	248	275	260	173	317	263	604	11	27	531	240	98	232	293	274	314	114	123	199	103
V429	715	258	448	172	329	182	383	633	779	171	41	55	118	194	194	312	70	96	28	132	53	43	511	61	11	9	52	179	161	65	428	212	238	192	158	153	157	130	236	216	10	38	10	59	231	348	60	75	77	307	450
V430	258	41	214	49	393	66	270	19	513	512	127	106	37	219	182	362	91	32	111	222	169	228	9	2	26	198	201	219	123	948	30	51	91	31	194	6	4	950	43	75	326	43	278	113	894	2	349	194	28	91	141
V431	158	55	37	82	507	189	553	199	521	41	158	88	131	56	25	243	275	19	63	61	122	283	58	76	37	346	859	2	274	118	260	112	191	58	86	278	307	398	49	428	30	350	224	188	146	504	144	42	49	457	109
V432	9	109	109	5	32	13	58	112	123	211	243	273	86	71	165	92	23	39	52	34	413	61	99	204	409	355	284	391	8	159	499	877	757	396	87	229	58	44	108	476	484	67	466	170	184	232	5	89	307	724	75
V433	142	17	125	164	216	11	458	148	39	43	24	152	367	170	531	305	244	47	92	309	278	305	251	3	51	192	2	112	157	235	426	142	472	59	6	46	166	6	42	203	147	128	277	47	262	79	226	34	23	168	68
V434	258	187	217	22	6	191	433	713	95	887	254	725	11	28	87	21	200	63	101	496	183	20	7	7	26	12	65	65	27	314	506	213	207	291	105	3	230	150	205	342	0	17	92	246	76	131	140	254	1	109	213
V435	154	157	187	22	0	41	115	83	6	95	211	30	28	335	298	372	176	76	217	363	614	293	394	75	1061	153	161	78	253	93	147	74	47	362	148	36	668	89	152	268	984	159	27	34	608	49	808	852	221	260	149
V436	253	133	65	25	857	194	18	116	274	289	247	44	54	18	416	120	373	81	52	64	155	97	0	685	133	274	109	96	215	111	131	15	4	31	599	37	385	126	220	244	388	133	116	128	137	145	66	172	203	76	172
V437	85	375	167	33	94	339	227	341	233	159	247	58	942	6	95	508	71	50	283	46	82	339	113	61	43	217	3	168	282	44	71	160	29	106	67	128	10	288	33	33	130	342	185	256	98	63	39	425	324	155	232
V438	523	80	60	219	342	282	243	226	24	52	222	75	42	427	326	486	35	36	68	113	132	258	102	763	125	123	295	82	392	179	430	415	447	496	188	81	40	277	120	424	57	160	1	422	149	451	267	680	28	47	290
V439	61	35	216	295	102	288	312	128	592	39	30	109	174	115	155	194	194	99	45	42	64	308	31	62	131	747	37	182	343	20	124	140	142	509	339	484	52	60	202	415	286	1092	153	342	244	146	1043	220	172	229	63
V440	74	108	123	9	126	206	39	193	69	26	103	89	266	4	182	214	628	197	49	64	557	44	877	77	105	52	310	175	67	203	179	9	49	193	1326	242	58	45	174	66	131	19	254	12	156	198	600	190	246	10	119
V441	53	183	103	408	113	25	25	40	109	188	381	90	759	229	100	106	648	415	251	129	55	21	104	17	120	151	128	268	112	72	226	10	48	390	811	56	110	308	249	55	70	186	119	178	16	151	64	233	135	527	119
V442	117	436	229	59	868	14	93	199	148	31	146	364	462	52	857	114	259	56	110	6	461	82	16	436	493	182	85	146	46	93	74	285	329	49	35	59	64	318	424	664	95	240	23	82	119	63	225	92	77	10	304
V443	72	173	40	173	907	168	188	537	164	205	98	740	77	203	540	258	16	472	54	39	29	122	1157	157	3	296	143	178	127	95	228	26	291	76	768	135	13	307	121	423	78	619	43	77	197	52	466	167	39	808	164
V444	155	40	233	470	244	387	12	121	307	11	32	201	175	177	41	19	181	274	81	50	199	346	5	246	480	43	58	94	130	166	59	97	14	541	31	86	63	185	147	71	112	46	63	668	348	14	254	125	148	181	98
V445	17	122	105	12	363	57	409	89	338	482	509	290	26	289	155	217	66	105	296	519	271	36	593	174	21	3	492	264	24	171	150	235	27	171	204	224	354	181	73	33	271	138	366	553	45	54	188	51	5	453	77
V446	557	30	161	181	101	375	40	37	251	537	78	92	143	397	359	678	95	13	604	273	60	4	49	109	36	9	106	39	289	158	1225	142	209	39	148	172	244	171	190	229	189	383	19	357	184	182	159	9	326	177	261
V447	11	255	351	42	135	1003	88	408	81	78	426	401	4	332	193	417	278	41	165	209	2	65	445	250	319	96	96	63	45	64	74	189	43	136	99	214	38	68	73	50	252	429	110	502	188	92	348	252	22	127	151
V448	65	635	104	66	159	10	73	265	1	266	506	200	10	73	49	480	386	284	350	168	338	200	92	264	128	196	253	73	84	238	69	376	139	1263	287	143	367	51	300	117	105	3	315	120	609	144	77	602	645	415	376
V449	248	386	8	490	317	366	611	123	265	160	286	83	136	4	48	408	176	280	330	150	160	589	106	35	324	63	265	234	291	102	540	73	123	123	756	473	147	83	102	38	269	1236	74	102	78	746	334	158	189	39	325
V450	115	149	74	149	15	4	10	291	431	56	97	130	173	29	197	66	8	220	260	268	177	177	180	251	65	127	34	150	63	455	163	1206	353	893	58	113	146	81	170	11	154	293	11	31	29	269	174	13	113	20	117
V451	143	187	146	102	27	124	227	299	127	111	37	54	414	21	55	113	13	127	401	26	211	36	27	46	89	176	127	314	325	240	216	44	26	300	90	38	148	105	148	278	529	18	238	29	1195	6	42	145	529	71	175
V452	14	59	56	195	362	72	275	40	5	345	339	173	347	19	45	24	432	1	469	277	313	4	83	27	103	107	4	420	640	508	87	19	27	332	84	225	319	29	365	214	56	536	171	602	167	58	248	191	36	1	57
V453	131	249	209	1	116	152	155	236	3	113	528	167	55	41	120	300	631	134	12	19	486	248	505	6	276	169	480	23	31	173	559	72	332	35	79	24	917	902	136	231	344	181	13	0	434	150	545	325	245	69	212
V454	126	219	12	103	152	134	680	205	971	21	166	130	169	95	43	24	57	187	136	377	21	122	257	293	391	906	199	14	8	36	30	63	273	287	195	374	48	96	70	103	316	134	875	102	152	72	270	47	127	19	196
V455	207	342	111	308	328	103	152	18	5	283	38	840	279	269	258	127	61	321	110	162	446	87	156	295	169	269	9	547	297	492	920	166	51	40	33	101	79	139	119	352	203	143	25	216	15	379	87	8	267	15	300
V456	136	50	9	130	134	131	536	113	43	87	153	408	115	75	129	62	91	179	71	303	21	51	466	155	716	1623	167	573	43	728	26	265	592	392	97	92	13	182	394	225	23	127	185	82	608	573	197	19	226	71	113
V457	226	61	531	250	531	117	54	104	241	356	83	69	54	14	133	36	230	15	49	280	50	219	24	28	105	84	176	295	63	154	194	201	121	71	157	401	200	461	103	97	50	209	426	404	137	53	60	73	302	273	145
V458	156	57	559	26	157	778	35	659	386	99	227	24	152	67	14	132	10	133	158	389	220	283	149	91	3	296	371	319	263	188	18	124	58	53	98	122	179	177	336	96	578	18	5	245	521	59	819	309	48	271	115
V459	117	109	105	369	10	411	621	51	21	247	94	359	117	0	160	41	235	238	67	185	179	180	419	75	140	39	331	841	82	338	73	185	9	163	165	266	240	80	333	36	125	103	36	57	160	79	132	12	42	126	114
V460	22	37	258	30	80	352	246	114	48	275	387	1100	220	49	420	230	19	136	116	124	28	66	27	44	208	374	238	31	133	163	196	558	146	318	81	82	111	216	58	148	206	80	989	117	431	296	644	94	13	8	55
V461	427	476	308	99	164	1	140	420	499	154	69	38	589	342	138	118	524	18	180	400	205	360	329	187	59	155	209	82	50	19	226	64	50	110	55	14	47	24	375	30	90	178	74	96	227	145	261	3	396	327	436
V462	227	26	664	12	108	181	113	34	95	0	185	404	50	282	156	323	51	77	115	320	163	6	391	29	97	196	85	372	556	77	175	29	29	463	195	311	672	80	439	166	108	1333	78	227	145	20	44	215	297	53	137
V463	77	118	124	260	313	75	326	87	60	467	11	582	16	23	0	65	3	235	144	372	123	45	40	182	315	12	396	48	239	305	124	168	425	122	62	268	128	1035	405	107	75	33	418	73	75	78	167	315	595	23	113
V464	44	214	339	320	302	166	145	63	5	111	67	17	20	39	297	277	0	317	146	197	27	88	182	370	555	107	415	161	411	690	69	552	103	478	152	164	157	45	69	123	299	69	282	226	495	873	95	1	333	262	140
V465	271	58	440	34	149	44	346	243	51	94	19	21	221	47	88	128	56	677	99	17	21	316	84	423	387	219	261	140	1168	101	200	31	193	9	140	358	445	135	254	188	148	91	198	93	451	908	10	23	1	102	157
V466	305	124	39	464	85	119	862	477	23	188	17	756	165	273	363	88	318	236	241	14	56	218	577	87	9	777	163	172	245	352	28	184	14	1125	258	214	42	163	147	564	186	42	148	48	16	208	232	416	357	106	229
V467	253	456	59	260	189	41	67	38	95	54	83	267	4	101	237	237	31	47	413	61	258	229	313	87	68	30	134	368	155	134	435	21	422	76	255	117	10	355	118	235	42	17	452	82	2	26	171	34	95	33	359
V468	51	304	32	83	293	235	709	199	561	284	22	88	440	20	296	247	42	19	148	79	154	230	1246	206	470	306	46	189	304	59	454	454	27	326	770	336	16	177	263	170	428	83	99	118	173	231	463	295	222	68	195
V469	141	120	142	21	222	320	116	287	241	522	566	44	400	123	147	378	202	93	483	63	1	642	1022	36	612	105	60	399	161	24	151	16	58	53	129	144	78	202	185	674	440	135	130	65	83	156	2	281	27	205	120
V470	319	233	786	148	173	202	47	250	733	71	462	183	81	36	56	29	123	829	385	14	114	15	184	10	94	3	576	207	33	85	386	23	37	216	233	372	44	72	6	278	140	37	13	356	162	7	79	9	423	217	243
V471	459	91	566	152	132	60	120	267	178	142	69	238	32	436	272	43	262	285	338	345	7	48	58	75	677	761	189	58	10	90	114	202	311	480	59	373	153	82	530	1	202	57	346	10	17	2	112	14	177	577	215
V472	242	52	436	150	61	108	209	78	510	347	165	606	272	224	6	1480	105	4	74	244	70	38	344	631	79	6	83	399	60	772	522	54	146	127	247	28	119	62	78	90	250	462	164	57	50	153	250	168	13	173	143
V473	343	38	106	115	200	77	614	112	232	236	58	73	133	156	86	555	102	86	380	52	119	43	164	130	38	193	284	265	444	142	92	37	213	74	519	245	197	47	326	199	391	424	243	42	21	8	117	169	100	187	201
V474	1074	432	551	76	34	485	45	118	4	129	731	82	83	52	182	112	359	84	62	41	7	481	338	248	110	12	121	770	74	361	44	157	604	165	59	118	547	337	86	57	351	365	267	12	181	126	134	88	32	475	693
V475	88	23	36	96	322	321	209	141	343	452	83	147	15	71	118	54	348	708	813	126	470	1	64	367	72	23	12	336	137	34	197	110	714	192	112	357	348	514	8	132	739	925	66	621	96	281	466	89	303	56	81
V476	391	164	91	178	389	383	33	318	42	80	286	5	79	73	3	36	551	177	199	80	113	45	214	459	479	308	155	277	89	133	26	15	229	167	374	194	0	196	330	171	86	260	572	212	1	82	369	719	179	518	242
V477	96	24	193	4	11	80	22	250	230	194	425	10	185	23	16	75	72	6	172	99	23	53	419	471	213	124	4	198	341	677	203	88	441	91	266	468	379	65	388	679	352	125	651	2	594	44	322	43	196	19	73
V478	154	18	610	15	52	6	137	118	135	29	124	3	304	903	53	59	142	171	121	16	45	8	192	56	116	53	2	198	16	200	245	570	44	349	310	795	265	28	154	26	151	381	16	740	456	27	167	304	426	47	104
V479	119	216	574	19	23	263	29	128	507	66	107	171	85	110	161	336	226	251	70	475	1063	146	50	37	282	34	95	308	160	438	122	251	447	96	381	45	465	163	385	318	8	97	33	221	6	88	16	404	28	54	184
V480	149	446	180	70	36	133	556	205	623	101	1009	27	81	423	352	364	38	31	2	193	432	241	359	368	46	88	672	88	94	8	2	27	57	24	305	417	130	483	516	54	415	19	144	11	103	24	247	19	32	137	295
V481	195	156	239	106	6	83	55	56	68	133	279	230	5	550	103	158	510	175	190	471	261	247	45	174	16	85	36	298	150	35	471	83	148	0	111	335	101	146	87	153	175	16	218	11	138	154	399	30	109	143	163
V482	210	8	192	48	375	252	558	23	404	30	94	185	388	292	584	83	539	828	186	313	29	253	37	5	268	8	42	172	104	34	234	295	584	863	372	234	103	56	92	27	255	206	50	53	35	41	96	191	115	440	112
V483	178	252	24	19	372	66	24	50	30	109	41	10	567	137	250	36	12	170	834	993	107	53	184	248	61	47	78	28	63	213	341	18	199	81	31	181	769	167	202	440	165	30	338	102	386	441	34	8	261	389	203
V484	49	56	73	299	185	168	83	28	74	281	356	605	554	84	330	35	176	23	785	5	91	93	194	230	163	381	290	215	489	179	20	19	152	241	65	254	29	61	352	71	369	8	488	347	69	7	204	233	132	40	80
V485	59	4	11	57	106	416	80	250	322	578	121	87	551	191	67	425	330	350	96	103	44	241	302	74	46	21	32	48	250	114	550	478	662	210	201	155	27	284	145	49	87	56	126	62	248	231	284	168	229	213	54
V486	27	193	155	211	77	105	445	86	42	473	44	26	163	5	54	94	379	188	125	118	3	233	44	111	421	80	155	787	138	13	95	187	88	226	219	20	122	232	134	3	47	121	15	305	527	221	393	246	474	480	128
V487	75	79	35	348	273	184	21	99	117	32	470	12	155	62	47	220	190	75	115	102	64	95	67	229	237	255	24	408	699	67	56	29	92	343	117	118	30	177	211	452	59	656	124	133	424	60	94	95	19	424	71
V488	514	135	550	178	100	1	336	237	372	196	332	205	116	124	87	64	71	23	168	113	279	87	498	99	20	123	332	170	52	137	195	160	9	480	262	116	215	412	13	103	357	56	75	6	557	16	1301	72	65	307	312
V489	73	0	247	440	230	137	125	132	71	574	83	318	190	49	121	65	145	20	29	58	232	46	584	595	221	25	501	321	547	300	16	103	140	443	212	64	487	346	557	110	101	13	402	763	56	367	60	103	27	47	59
V490	233	178	19	952	101	146	281	265	424	3	182	33	60	17	68	128	63	52	210	412	228	245	10	22	666	217	246	676	77	34	61	399	71	83	1032	193	424	111	29	666	0	16	291	43	530	2	113	38	36	103	217
V491	203	122	341	177	15	26	72	51	30	114	4	626	115	235	443	110	18	185	4	25	28	590	316	256	325	32	24	50	669	263	696	37	166	518	37	87	236	136	174	140	51	40	408	145	784	21	355	92	403	242	136
V492	215	105	406	572	90	292	180	357	68	133	189	6	173	187	84	630	150	296	14	48	3	361	660	261	379	642	35	306	1	62	21	192	187	14	266	21	45	48	356	45	241	313	67	250	54	300	120	40	164	79	153
V493	636	28	99	5	92	191	159	470	156	88	214	312	23	289	249	26	228	41	287	755	532	429	194	22	377	49	13	655	52	65	53	72	27	312	7	34	33	298	53	248	254	1024	248	35	152	984	333	10	981	160	301
V494	69	301	77	42	64	221	24	39	15	117	13	154	391	12	16	561	163	80	235	330	6	155	111	123	13	106	47	356	329	89	135	62	177	45	470	5	221	171	119	33	257	71	180	280	445	156	80	31	8	246	198
V495	420	15	49	82	259	30	56	48	483	253	521	367	93	125	104	264	199	353	169	77	15	171	521	73	279	258	34	255	79	95	79	74	138	311	187	56	97	1	33	124	363	145	85	237	391	140	6	178	84	205	200
V496	134	342	2	226	0	489	0	302	100	198	76	227	117	101	1269	272	81	140	127	112	46	77	71	12	68	20	130	246	44	165	453	379	565	394	91	456	44	352	435	80	178	33	189	66	67	229	159	137	22	17	230
V497	610	124	277	478	106	3	229	62	3	112	320	50	22	196	115	384	204	235	118	95	3	184	22	204	16	723	245	28	255	276	119	479	43	623	152	425	84	131	400	272	305	139	223	74	24	813	155	306	77	635	333
V498	101	5	56	22	96	1	567	317	3	316	14	22	784	299	130	93	48	521	457	162	88	2	494	195	37	302	67	272	20	6	495	90	75	50	124	749	526	242	50	353	41	55	266	103	248	119	39	0	97	289	58
V499	136	110	16	389	23	100	287	78	527	224	272	113	606	139	13	452	34	207	60	170	312	83	88	144	112	39	121	121	41	27	66	225	97	149	41	198	336	52	145	541	52	0	237	71	43	188	19	176	114	208	131
V500	53	6	210	187	517	68	144	174	111	148	188	14	109	44	337	202	132	93	89	116	208	552	5	202	605	428	360	257	169	152	201	49	153	61	815	61	73	349	344	247	194	46	303	89	91	65	23	92	32	8	48
