Source001	Source002	Source003	Source004	Source005	Source006	Source007	Source008	Source009	Source010	Source011	Source012	Source013	Source014	Source015	Source016	Source017	Source018	Source019	Source020	Source021	Source022	Source023	Source024	Source025	Source026	Source027	Source028	Source029	Source030	Source031	Source032	Source033	Source034	Source035	Source036	Source037	Source038	Source039	Source040	Source041	Source042	Source043	Source044	Source045	Source046	Source047	Source048	Source049	Source050	Sink
V1	9	511	211	283	3	35	320	66	39	172	17	108	4	504	598	62	77	485	330	904	232	321	406	84	14	0	143	9	66	249	258	706	371	114	226	150	273	73	100	114	53	236	187	110	632	189	185	87	47	65	361
V2	347	277	211	162	817	326	99	243	25	160	319	367	287	186	210	78	33	281	740	139	45	95	14	259	108	433	266	452	114	186	188	135	21	74	57	12	647	126	8	21	270	4	144	6	475	80	118	74	140	32	302
V3	444	467	93	137	169	193	317	144	162	129	63	148	146	159	150	269	57	112	69	16	592	137	1170	328	21	147	362	158	228	109	555	246	767	182	338	1456	61	655	27	106	238	92	111	144	291	120	375	39	95	23	457
V4	135	231	176	45	45	303	293	256	47	107	2	229	60	75	383	559	18	14	142	317	32	163	648	41	334	81	7	151	281	6	18	318	243	755	463	473	59	214	62	110	22	202	13	2	71	34	126	135	220	445	180
V5	184	79	76	409	147	243	123	10	182	7	174	87	186	902	175	91	482	35	115	313	3	64	430	132	31	77	406	49	145	146	102	20	148	684	37	56	72	675	238	142	18	95	0	452	7	147	204	286	41	112	95
V6	85	45	101	151	543	104	89	204	474	125	358	439	116	19	267	17	137	104	11	86	30	314	581	475	406	219	82	919	60	358	199	104	202	275	67	57	151	129	115	415	162	119	498	12	1075	204	81	17	40	47	79
V7	297	452	30	100	479	428	145	210	680	56	197	51	256	52	178	430	85	174	321	1435	157	323	86	78	82	378	87	13	128	201	112	56	237	128	125	68	133	78	81	41	104	239	651	110	68	213	34	48	230	494	355
V8	0	10	31	346	246	331	13	217	134	107	401	5	65	77	256	21	234	256	235	380	16	146	368	169	258	113	102	58	29	184	204	29	485	36	187	198	8	125	530	113	252	339	205	200	172	243	74	33	531	58	25
V9	206	254	107	221	471	148	146	40	25	199	568	139	501	278	50	16	9	107	108	174	105	219	281	188	413	65	66	179	35	27	153	55	18	66	3	541	10	26	257	40	66	185	390	178	135	38	35	415	510	180	229
V10	191	135	580	290	218	734	94	205	296	201	623	79	222	274	114	56	59	505	48	312	43	6	149	147	96	49	60	166	102	71	182	33	300	31	124	916	48	62	230	143	238	301	32	733	160	10	48	833	9	170	172
V11	29	346	30	248	109	127	73	170	74	75	545	10	202	148	275	95	326	331	423	87	423	400	347	587	35	205	381	31	53	703	39	62	149	357	91	503	142	287	46	641	170	4	315	250	25	10	411	81	25	185	276
V12	541	437	658	191	44	217	137	122	137	30	142	39	39	53	749	121	379	288	114	266	94	348	4	439	91	327	306	168	8	310	5	181	114	164	60	3	392	166	50	37	389	30	25	307	214	27	101	50	156	129	451
V13	268	165	191	148	310	117	252	184	686	113	38	123	263	66	372	2	659	262	219	56	5	89	443	38	691	9	350	332	35	4	198	147	85	407	147	456	466	33	4	368	287	154	10	184	337	36	612	88	246	64	202
V14	196	56	101	132	41	111	498	79	203	210	67	77	240	227	8	83	109	173	102	44	54	36	127	172	252	268	520	97	5	312	392	230	109	243	181	78	53	26	669	446	281	746	93	471	116	284	114	219	40	359	111
V15	106	213	167	107	464	195	184	128	292	106	291	136	259	69	399	326	359	459	92	62	434	21	81	3	655	48	40	271	286	198	281	104	106	148	3	101	10	257	977	262	135	556	169	159	247	134	230	121	143	23	217
V16	401	291	197	63	3	145	130	267	126	133	106	537	32	46	452	92	445	759	31	184	5	491	108	134	173	218	63	311	371	105	233	11	794	157	31	156	2	165	542	126	304	232	152	120	355	0	78	2	136	63	292
V17	450	447	37	62	402	48	3	163	49	62	144	14	228	25	180	486	37	22	48	184	7	206	120	89	202	936	164	8	173	167	33	328	1463	87	158	40	134	69	337	159	166	59	179	97	268	255	57	319	181	53	412
V18	143	22	208	130	431	112	187	428	70	224	29	12	0	395	171	129	117	480	534	92	360	131	25	79	250	288	225	97	115	703	261	313	176	233	203	229	175	82	19	356	247	352	328	1073	38	59	408	198	189	104	71
V19	114	52	345	79	385	177	388	37	295	586	210	140	271	105	156	32	153	33	198	402	158	247	161	107	171	95	335	1007	44	134	572	16	39	159	125	49	67	119	75	686	54	29	445	30	16	282	213	562	460	204	79
V20	74	2	4	284	28	117	377	195	302	10	22	101	36	141	100	404	280	466	312	580	207	59	192	856	353	284	6	103	16	99	584	808	18	184	252	34	47	69	65	102	237	324	503	980	993	195	305	9	1059	381	42
V21	294	29	410	203	668	76	453	21	64	483	254	260	94	201	66	115	38	10	396	66	19	172	81	361	1	601	96	65	230	52	44	351	38	191	198	273	30	307	265	74	43	791	259	190	19	371	271	40	12	86	100
V22	8	103	106	575	211	369	78	338	45	35	16	70	45	1	204	229	23	29	192	346	173	101	225	5	9	42	133	144	364	338	169	13	586	17	281	56	713	36	266	155	147	167	91	119	98	8	23	350	109	124	78
V23	237	208	680	146	162	269	67	410	76	73	174	1	331	459	63	237	678	174	805	69	286	27	209	156	72	189	239	152	464	184	590	27	404	10	19	30	460	46	137	36	489	616	181	319	120	87	8	103	1009	104	257
V24	115	3	590	51	9	9	239	119	220	239	44	50	4	4	52	272	103	280	282	62	239	65	271	174	4	6	40	269	24	433	82	387	439	48	32	241	174	88	13	453	93	30	71	114	85	335	1	207	34	375	57
V25	252	341	114	248	375	108	3	57	45	377	119	53	80	376	27	176	229	228	50	10	3	71	10	29	34	87	313	148	291	118	691	34	277	290	21	750	394	222	93	103	261	4	40	22	37	19	501	397	178	20	297
V26	7	234	399	70	222	201	217	732	163	277	43	87	47	76	96	51	207	181	174	205	235	29	180	15	322	62	143	55	68	3	27	378	352	137	128	1119	267	825	16	223	127	160	143	172	59	5	336	374	60	54	177
V27	89	186	3	80	183	84	266	864	206	29	70	208	102	253	423	87	235	269	614	458	390	35	493	102	199	44	275	39	417	256	409	217	9	16	573	44	35	245	94	43	210	198	161	71	456	336	108	270	114	127	157
V28	518	366	485	84	167	111	397	31	11	34	633	196	200	5	80	613	63	201	100	60	2	300	232	51	257	168	64	180	112	113	285	34	736	112	273	800	146	1011	193	81	128	249	202	101	43	171	278	244	26	581	402
V29	249	16	367	17	83	320	235	66	56	77	83	495	321	129	73	129	497	25	151	183	123	79	939	498	62	6	26	116	311	8	522	673	35	83	146	241	72	747	455	70	48	22	394	159	219	468	56	498	214	82	76
V30	69	114	55	38	282	77	64	23	903	124	493	142	60	50	71	445	233	114	112	94	21	118	380	141	111	224	1038	71	381	136	1	91	189	292	169	52	20	797	395	33	125	110	208	151	222	59	145	78	348	396	121
V31	7	226	11	327	94	328	200	93	208	238	72	400	437	40	488	2	445	446	578	69	254	25	71	222	400	207	117	11	28	46	77	21	388	309	238	136	101	12	524	94	305	64	1	199	14	51	142	8	60	9	164
V32	83	116	186	642	123	100	80	45	2	214	507	151	666	278	199	328	71	460	21	152	242	487	6	386	32	244	25	293	130	48	531	0	153	182	556	14	164	72	79	315	220	205	462	216	187	44	305	280	466	64	124
V33	719	144	76	332	457	186	57	265	14	275	249	32	10	252	159	115	57	104	46	198	129	356	269	253	18	107	19	68	146	46	77	373	116	247	120	255	302	303	220	23	17	113	2	46	557	42	439	684	96	119	288
V34	293	149	593	184	417	607	446	85	103	149	71	131	105	139	753	153	254	734	441	159	163	184	50	563	168	450	560	166	161	283	31	24	53	53	77	86	151	59	65	97	364	67	124	55	6	203	426	206	478	172	188
V35	423	321	50	150	141	45	4	17	292	96	114	88	433	258	100	358	214	61	108	329	256	124	273	9	150	61	118	54	311	92	88	9	141	7	109	20	233	396	339	40	374	202	33	140	300	3	216	160	104	526	333
V36	634	451	31	255	267	80	208	138	158	160	545	187	236	272	234	202	18	36	15	590	136	60	218	88	167	36	64	47	152	242	321	313	109	266	124	125	84	28	452	349	2	563	39	320	362	68	146	32	145	214	475
V37	78	431	49	56	28	67	304	96	586	9	143	44	81	186	275	343	110	85	76	120	231	786	65	23	208	76	535	251	109	41	66	181	143	30	140	164	200	120	34	7	366	423	49	184	110	127	732	400	24	241	334
V38	31	153	19	13	1112	11	212	75	35	337	131	326	376	51	457	203	73	66	4	25	786	132	69	263	54	142	196	11	462	203	107	34	94	149	118	471	577	86	320	257	23	27	447	188	27	13	153	385	88	477	138
V39	622	721	20	64	167	696	60	85	120	72	75	104	100	319	12	116	41	132	3	73	208	60	152	103	403	5	486	201	404	34	34	91	37	73	132	77	89	5	278	208	72	19	245	785	116	162	24	341	9	26	653
V40	130	47	93	32	10	121	190	291	3	94	417	80	447	511	256	31	283	164	20	64	53	69	304	76	76	36	517	89	757	200	186	173	159	67	67	27	19	575	34	82	106	70	194	101	382	65	503	26	13	177	81
V41	14	29	392	127	819	349	44	58	108	215	652	30	189	287	145	88	25	144	210	12	353	166	369	78	635	117	22	217	227	362	289	124	88	422	847	25	6	45	215	28	153	219	14	1	44	385	136	6	1059	52	36
V42	46	97	10	58	372	78	413	125	92	116	1	80	114	235	74	16	331	12	55	28	355	175	200	7	224	88	356	51	261	436	46	191	209	40	424	91	1058	124	35	56	266	92	176	226	260	485	419	217	401	9	81
V43	139	79	127	119	155	1	21	568	643	205	15	213	55	38	490	445	7	54	0	125	193	261	8	43	192	202	501	53	91	21	33	141	29	58	97	289	107	13	204	842	12	79	9	36	46	96	554	274	323	81	106
V44	229	123	300	100	118	13	581	779	102	229	193	305	63	34	5	198	66	240	561	20	89	192	323	351	67	309	69	82	55	180	508	435	361	52	12	337	10	98	2	216	626	35	46	178	47	117	183	203	289	195	132
V45	40	5	110	38	349	201	32	62	2	195	367	247	132	236	147	15	113	428	89	343	3	209	625	220	180	77	635	170	258	372	28	8	173	88	24	341	311	242	233	184	152	38	664	87	229	73	23	26	10	169	36
V46	799	108	598	201	66	351	150	62	548	483	246	58	102	92	149	174	347	175	504	18	226	78	382	7	51	220	20	121	2	60	353	242	281	84	81	817	148	79	1026	32	98	33	61	33	17	293	38	418	287	129	267
V47	159	129	358	175	76	238	17	4	123	22	98	135	119	90	171	74	97	199	110	101	164	491	33	565	441	280	121	277	210	19	74	319	258	21	477	405	633	107	752	105	174	43	829	5	780	103	206	369	465	167	128
V48	113	25	203	179	226	331	114	209	308	327	159	234	185	459	125	120	149	20	189	93	120	14	61	386	373	117	571	158	553	101	202	195	46	230	9	49	674	175	175	115	41	270	459	350	681	108	138	352	190	110	62
V49	69	369	27	192	1511	48	92	170	138	22	71	264	305	171	145	155	61	99	265	28	135	698	246	192	177	307	101	68	291	7	238	2	81	48	437	308	193	67	87	49	254	71	521	85	48	138	167	152	337	52	308
V50	47	1	24	296	88	376	552	165	190	147	296	183	62	382	268	104	277	544	47	22	8	609	89	168	102	259	245	202	191	227	111	297	385	41	454	69	74	202	123	87	443	823	136	151	78	196	56	24	61	126	35
V51	50	188	33	88	96	375	20	38	416	229	46	94	158	44	346	119	196	668	94	63	236	22	197	70	255	31	125	270	692	316	40	638	50	1196	223	382	177	39	68	210	136	21	4	39	101	39	101	568	211	79	158
V52	83	8	298	19	71	164	88	45	225	338	40	445	205	92	224	62	196	36	809	150	163	667	261	54	323	45	238	87	25	276	55	107	87	249	32	467	47	360	1183	268	139	362	22	147	6	148	8	255	2	7	59
V53	25	148	60	326	46	135	78	808	111	344	271	139	711	276	614	341	76	6	62	85	260	95	78	295	354	369	31	154	143	43	68	323	342	226	78	29	26	78	419	135	725	417	624	126	241	22	189	28	54	114	122
V54	372	84	280	126	275	377	98	45	326	313	6	215	29	109	66	216	80	164	285	29	245	322	161	56	351	263	392	277	18	102	380	526	102	38	345	461	115	290	9	44	260	428	124	99	212	142	33	349	174	244	152
V55	356	82	983	449	304	125	66	278	19	54	442	90	90	443	69	43	252	16	418	64	89	656	438	197	159	356	126	1	235	7	247	119	145	40	381	15	82	133	420	13	554	204	104	41	162	74	189	353	134	380	137
V56	61	97	161	343	81	317	61	374	195	160	50	49	213	615	66	165	344	465	90	127	62	108	256	130	2	160	252	351	237	239	156	67	1	401	12	11	65	150	356	4	66	41	188	181	156	179	678	295	164	68	110
V57	100	713	287	324	536	98	79	92	370	84	213	761	534	0	97	233	19	565	48	142	29	93	0	59	92	38	35	74	164	112	386	776	29	5	163	144	139	50	37	424	641	238	97	243	140	67	49	46	109	136	577
V58	259	243	298	30	342	105	24	108	38	60	73	369	23	77	32	432	8	408	317	329	189	29	220	512	879	183	71	1198	36	278	177	49	35	110	185	62	55	238	449	191	33	30	365	454	111	128	531	77	334	99	216
V59	600	53	123	145	202	5	12	87	370	526	64	96	100	358	192	78	99	30	98	244	342	398	641	1	49	96	240	155	42	172	60	137	165	128	405	24	18	56	291	41	138	608	12	236	101	95	44	114	159	94	194
V60	211	146	178	16	20	851	76	306	117	17	635	43	32	122	166	750	313	279	162	481	32	228	134	48	115	194	75	12	16	31	104	390	306	420	6	70	803	152	141	707	298	146	374	55	74	194	63	64	164	307	154
V61	183	975	52	6	98	77	411	175	71	274	417	303	86	6	8	11	15	109	142	234	144	81	69	116	202	157	52	386	662	52	283	82	149	125	1052	9	167	113	64	13	926	455	452	72	74	103	44	274	22	6	736
V62	213	12	309	727	10	51	237	246	288	325	512	294	339	126	218	56	576	192	382	514	94	65	4	551	208	81	250	161	963	616	66	434	260	83	80	128	363	41	91	135	714	87	646	87	158	124	311	40	178	232	86
V63	159	245	535	80	13	9	17	15	39	78	100	69	71	198	62	32	507	387	23	30	107	79	35	438	15	235	226	144	148	25	533	66	54	290	430	51	18	77	530	33	43	97	18	505	59	3	33	232	627	157	224
V64	15	88	2	321	132	49	158	558	55	135	13	69	293	100	290	429	73	195	162	258	309	53	154	220	250	55	184	103	87	35	45	5	485	225	545	256	168	3	14	64	69	106	122	246	45	387	452	174	384	179	78
V65	23	28	144	112	386	34	162	547	790	285	114	62	624	105	30	181	313	137	200	70	255	24	358	269	179	108	5	17	146	341	222	225	358	154	863	351	441	247	4	916	10	17	130	12	6	27	200	374	118	116	46
V66	56	79	157	155	38	44	814	260	248	534	8	85	40	77	25	712	92	515	619	354	61	448	447	197	91	226	31	561	531	49	30	1	599	454	62	8	5	2	252	108	483	97	24	126	145	163	298	186	21	745	79
V67	6	158	608	152	428	318	29	156	172	586	155	459	278	60	271	888	235	175	23	77	36	120	21	308	158	56	325	32	127	376	313	1190	71	1	466	29	179	205	22	125	191	13	42	83	436	41	250	104	103	744	126
V68	407	90	78	399	4	59	20	202	38	755	14	179	114	159	116	64	81	126	16	307	24	33	632	32	351	328	351	57	416	77	20	293	122	76	154	467	235	9	86	56	230	2	80	52	829	71	42	242	104	328	144
V69	42	73	773	264	197	576	89	253	424	207	16	41	6	14	422	52	91	259	652	141	593	192	202	314	95	144	532	69	158	7	274	55	204	426	9	278	7	37	72	159	130	26	49	173	0	184	39	8	328	416	82
V70	116	226	122	194	221	446	461	395	6	241	87	75	212	718	120	49	356	7	60	180	307	224	0	392	97	134	122	33	106	260	61	215	26	365	65	0	239	62	10	43	2	48	86	280	84	99	63	274	95	78	199
V71	141	130	18	509	231	343	399	19	23	92	444	13	586	1	17	48	153	307	263	230	766	50	184	82	180	225	590	295	65	36	68	277	191	164	15	306	402	200	65	71	80	216	260	166	120	553	449	116	214	182	171
V72	53	355	111	0	55	424	435	159	209	51	151	12	169	75	336	305	83	24	23	327	44	1124	142	110	42	119	254	25	49	532	266	82	109	190	492	274	248	30	30	368	57	660	265	111	6	8	53	38	170	12	282
V73	123	137	6	820	366	36	327	258	281	223	133	60	203	166	253	128	250	267	522	219	179	270	70	199	33	335	117	64	24	161	177	97	193	72	161	9	26	141	186	159	102	92	520	249	1007	94	2	644	95	493	137
V74	22	435	453	173	9	280	183	181	4	15	122	0	330	598	150	196	139	199	24	82	26	95	78	118	360	501	135	82	108	69	128	98	411	309	326	904	64	105	183	410	150	157	101	16	387	85	265	148	246	53	326
V75	212	202	21	324	13	575	46	76	24	597	14	460	262	286	224	343	386	62	93	329	331	38	52	305	173	46	166	107	177	248	172	52	427	47	131	77	356	240	304	175	60	39	28	42	38	43	360	318	255	235	166
V76	68	68	337	337	204	349	236	245	179	90	77	6	238	236	162	252	359	202	75	446	51	261	86	105	330	69	132	151	256	16	49	10	101	36	146	104	447	348	190	202	226	329	235	58	27	1	457	349	159	250	85
V77	61	722	46	135	377	7	606	82	10	166	50	148	225	510	134	195	106	145	251	111	76	18	420	204	194	6	134	258	88	0	113	38	156	26	61	238	431	65	232	577	257	1047	460	208	122	526	81	67	170	198	512
V78	294	130	38	64	288	762	339	76	559	27	499	377	113	110	40	273	51	310	177	294	58	6	296	116	461	126	83	39	68	530	143	287	14	65	39	168	190	552	86	122	358	20	158	151	558	143	104	670	76	206	170
V79	81	55	36	34	319	88	845	137	66	115	86	851	23	306	267	115	215	8	41	59	371	272	268	67	467	247	26	487	21	20	40	265	128	24	391	172	53	37	181	107	231	542	485	95	28	136	173	1	160	16	80
V80	250	103	47	28	511	72	3	918	220	10	103	98	207	363	109	12	79	15	28	68	155	389	355	161	54	201	61	91	119	40	184	15	104	14	61	7	36	14	526	0	450	42	214	1	40	109	172	21	37	23	145
V81	72	138	212	593	472	446	145	241	291	212	147	268	23	578	138	290	33	444	9	107	35	27	137	46	89	30	37	220	24	312	51	139	62	734	84	875	134	16	62	336	78	87	36	103	50	235	429	104	98	89	135
V82	626	500	427	632	618	1030	231	262	138	626	68	199	294	24	364	378	486	56	229	138	43	266	336	139	217	241	283	97	243	4	239	242	330	320	169	112	9	31	98	237	172	74	52	312	208	705	333	130	87	141	475
V83	227	15	40	253	128	217	143	13	90	546	1	26	54	72	136	18	249	28	205	349	557	562	242	35	274	333	256	58	77	191	237	262	272	96	72	87	75	99	107	226	57	10	28	293	24	69	76	122	256	296	71
V84	1	458	4	118	51	27	194	156	310	113	72	576	352	73	80	41	564	477	98	23	238	250	217	70	191	509	13	16	73	270	137	358	63	131	93	29	119	374	476	47	44	22	70	36	184	167	264	61	33	150	339
V85	15	480	229	271	2	154	14	270	28	10	169	249	318	218	362	188	17	129	412	18	264	46	411	141	300	353	403	57	23	148	391	360	283	279	148	166	81	311	183	20	44	31	122	153	351	48	39	67	358	72	324
V86	657	10	77	142	430	22	85	150	237	201	343	31	10	295	331	18	269	123	204	340	157	62	77	574	183	248	279	353	11	312	450	664	311	148	24	232	356	41	484	51	24	282	49	533	196	506	369	56	725	128	190
V87	278	285	181	132	103	7	111	116	83	302	218	425	206	50	16	60	553	28	183	90	1	364	574	534	83	277	163	21	335	139	324	378	36	159	32	534	218	377	143	214	105	28	185	423	579	100	394	45	168	3	259
V88	23	375	45	13	552	64	156	593	181	1015	43	207	53	110	366	460	127	117	331	480	116	172	328	157	136	10	13	347	45	220	165	325	27	888	58	778	871	85	69	448	143	134	275	81	84	60	87	527	82	731	245
V89	12	262	4	3	154	9	138	196	59	38	860	472	121	285	116	257	1157	34	178	62	102	361	24	7	24	143	39	210	39	77	89	145	55	363	107	164	293	580	69	119	236	54	262	318	360	59	282	474	117	22	194
V90	124	45	132	185	25	124	59	104	331	222	498	494	203	63	83	492	171	435	377	760	433	417	291	144	1153	190	173	383	0	232	25	177	191	380	81	98	479	388	348	3	417	36	933	396	6	190	140	728	264	2	86
V91	81	171	83	213	44	207	14	30	582	2	108	302	490	485	1043	146	130	348	124	179	346	119	66	123	54	212	150	43	4	572	83	449	30	28	51	231	134	79	25	314	263	9	26	38	31	99	114	104	548	47	149
V92	72	87	30	5	83	210	885	423	57	247	593	136	121	42	98	211	446	3	89	81	34	265	159	59	279	247	976	308	225	617	116	113	394	243	12	141	27	149	394	190	141	611	443	230	52	1164	270	684	100	139	93
V93	41	328	252	61	9	125	446	112	14	269	666	199	16	138	108	33	200	23	91	265	111	244	116	157	21	236	91	43	10	156	203	48	266	92	19	75	8	185	461	252	253	55	300	343	9	14	19	890	120	25	239
V94	286	142	774	130	75	29	56	56	128	455	112	436	264	30	209	139	286	88	195	15	192	414	102	326	52	384	97	29	126	410	42	591	29	242	51	289	168	169	119	41	299	9	142	251	268	683	30	41	564	60	173
V95	57	590	6	239	41	151	29	403	188	215	78	41	62	0	8	282	49	140	470	6	114	726	439	59	199	237	309	371	98	320	133	85	1062	38	570	139	109	241	850	62	279	449	396	98	375	595	143	146	57	671	449
V96	660	25	221	48	117	424	68	272	168	426	315	32	27	212	32	232	86	42	332	297	347	7	24	202	25	59	265	54	5	297	201	413	80	58	51	20	45	38	918	456	58	6	346	16	168	9	592	2	87	700	182
V97	298	84	117	176	145	147	460	389	124	188	200	30	270	22	199	263	304	384	95	114	135	73	279	401	47	124	148	671	164	26	160	931	172	363	146	41	119	97	366	249	16	280	321	111	68	86	148	178	589	8	157
V98	421	113	77	8	59	152	96	194	150	0	96	27	439	425	20	165	175	127	192	9	230	21	12	142	149	7	224	43	404	159	133	24	29	111	148	369	373	122	69	763	180	310	220	106	444	186	82	336	14	65	192
V99	152	744	26	127	235	273	47	99	27	552	91	1222	349	79	699	248	56	43	361	187	281	271	6	37	472	159	230	442	685	3	18	108	116	125	107	66	61	56	310	309	124	46	27	150	54	277	253	80	1	378	546
V100	46	159	136	138	157	305	352	503	53	138	822	170	254	302	92	153	384	625	28	424	31	71	203	122	137	680	157	377	218	28	362	242	76	131	6	225	42	241	106	329	76	298	9	721	86	110	66	75	541	175	136
V101	80	213	222	80	65	23	212	44	198	38	121	88	670	16	26	174	268	55	270	376	135	48	471	468	210	638	38	19	514	220	16	297	407	280	146	260	249	127	257	166	146	258	232	238	128	60	21	14	483	20	186
V102	14	35	40	260	257	269	0	88	34	388	94	202	97	21	92	5	30	43	60	112	151	146	23	66	136	192	235	41	56	89	634	40	70	68	23	158	366	197	1025	517	59	97	54	971	6	216	250	197	37	429	38
V103	50	156	48	1	216	18	197	221	137	23	226	310	8	203	185	132	464	225	5	37	212	109	134	265	550	117	150	138	91	46	352	302	5	398	37	210	87	113	8	81	99	42	249	81	614	109	180	131	88	109	128
V104	224	6	3	112	585	325	53	259	32	39	204	89	150	190	58	45	324	158	112	449	3	279	54	72	399	122	172	213	70	28	226	24	67	463	19	42	412	2	142	419	243	466	106	190	51	35	9	30	353	205	70
V105	149	77	315	28	227	228	179	198	265	123	102	341	148	94	69	69	50	241	288	400	314	213	21	241	505	625	14	21	107	36	154	47	265	48	234	8	417	134	948	163	360	545	219	257	174	119	421	14	50	77	100
V106	411	1027	9	103	176	52	244	41	213	4	29	93	466	184	464	43	221	13	1	117	113	742	1	47	36	46	107	109	306	193	3	43	16	3	88	503	153	24	143	298	472	44	374	55	79	446	324	698	316	22	735
V107	104	278	331	40	224	162	398	166	162	408	224	93	40	91	13	466	485	402	352	191	85	6	38	95	471	815	151	86	486	114	210	42	69	220	67	114	126	143	57	124	159	105	461	23	75	314	163	51	81	199	244
V108	28	212	51	45	192	75	336	218	246	162	256	380	31	21	178	9	225	450	186	123	81	200	51	287	100	172	479	268	82	28	435	134	1026	196	73	34	121	707	324	597	166	104	43	18	167	39	127	1	18	44	154
V109	22	25	182	640	170	104	15	101	49	28	96	106	413	47	31	87	277	228	392	320	77	297	85	254	157	98	244	68	172	90	112	1135	124	134	22	129	84	104	507	115	166	562	15	557	226	189	49	28	207	249	40
V110	513	112	42	609	190	1296	11	422	147	16	211	0	107	135	241	247	24	46	43	376	116	386	75	105	23	59	290	273	171	32	236	200	151	140	176	457	50	701	345	253	316	261	204	14	302	117	438	316	27	111	196
V111	420	49	87	347	290	36	149	140	82	191	356	323	86	100	265	146	5	160	21	146	363	59	231	341	287	64	185	833	500	69	279	133	102	94	125	17	131	209	172	19	8	65	16	285	414	15	315	235	41	41	165
V112	95	97	370	55	314	237	268	780	307	29	69	640	465	134	204	178	34	176	622	90	234	192	304	463	42	25	34	491	58	77	749	107	129	502	60	74	320	40	3	25	439	276	203	168	435	20	307	427	83	163	113
V113	306	365	55	99	468	52	121	384	243	115	68	255	92	53	343	83	165	317	138	107	216	899	116	165	97	440	517	86	239	46	234	58	596	135	51	55	63	373	23	37	64	732	434	538	961	557	237	7	481	48	317
V114	124	3	152	5	161	259	83	113	17	87	4	951	110	6	339	309	25	198	166	42	7	818	142	238	131	269	9	634	147	42	75	558	555	442	82	303	65	342	1	71	79	153	146	6	72	124	205	207	88	291	57
V115	21	348	20	17	560	121	235	152	390	161	279	96	491	532	119	527	652	166	187	19	496	132	252	313	147	7	39	235	544	55	29	543	95	18	232	533	334	329	32	71	4	90	47	192	146	392	28	538	13	121	263
V116	185	681	199	73	16	641	311	100	112	119	61	84	241	71	280	242	119	90	316	206	123	257	13	46	236	302	107	106	348	201	50	265	350	118	8	210	6	15	162	16	118	85	261	73	164	963	496	108	152	137	513
V117	65	19	112	143	18	76	505	159	97	647	29	126	78	353	99	53	412	99	30	164	58	34	189	281	72	194	260	264	76	31	303	223	52	27	39	125	123	334	319	231	148	203	29	175	114	139	561	467	54	308	47
V118	112	55	324	290	54	24	193	42	196	71	107	607	173	117	292	20	27	133	77	173	536	42	262	650	299	309	65	295	274	172	206	440	20	10	142	624	703	714	21	213	138	94	234	416	273	82	513	505	855	190	66
V119	186	552	114	212	248	1122	15	102	237	18	523	276	327	105	246	181	197	1	301	88	112	69	25	269	33	22	490	1	324	167	25	130	199	255	1056	9	70	204	74	53	151	313	69	126	106	199	146	18	32	379	443
V120	405	100	895	247	24	157	16	301	123	16	276	123	90	274	52	10	531	178	879	41	265	49	142	104	11	170	148	1535	990	156	106	545	24	153	199	270	123	27	326	13	106	454	147	317	667	45	67	42	234	518	194
V121	92	500	348	387	383	129	443	176	26	77	168	32	618	446	108	483	46	16	50	110	141	74	41	30	53	117	68	267	234	564	85	64	664	316	280	26	15	99	30	591	68	14	115	303	116	188	12	232	157	216	396
V122	80	231	288	438	858	28	181	481	160	133	78	89	337	132	320	0	371	797	2	843	716	115	173	288	617	161	134	92	205	4	604	25	223	242	32	340	54	493	188	424	135	104	61	19	10	21	11	20	445	251	230
V123	41	302	190	263	278	52	207	28	92	15	145	377	61	219	723	145	152	411	16	130	98	16	37	72	797	542	135	69	148	747	126	47	36	36	190	148	6	272	19	156	362	5	151	21	374	79	194	44	46	27	252
V124	53	155	89	323	190	464	213	83	298	4	99	60	116	65	18	166	30	227	216	132	141	110	295	82	158	163	243	52	317	39	303	127	77	62	380	385	322	392	387	64	73	67	50	177	121	694	127	153	0	80	130
V125	177	493	130	471	353	135	194	126	798	52	226	130	125	297	108	141	50	278	127	101	105	103	2	7	140	117	134	24	147	200	258	266	8	47	119	154	1602	381	375	78	260	491	250	97	166	225	24	46	939	31	363
V126	71	378	67	67	104	9	10	109	102	731	364	8	6	67	96	644	54	140	89	972	248	205	73	89	189	289	483	159	369	24	606	10	318	449	161	271	62	218	67	143	29	96	41	216	110	503	55	175	179	99	303
V127	221	39	132	169	529	122	272	22	78	163	174	223	197	16	55	442	44	66	507	221	44	654	1	66	116	80	8	155	57	158	155	525	923	21	546	108	258	20	147	22	106	273	346	565	16	32	356	53	65	98	94
V128	228	133	38	459	571	152	123	539	38	154	429	731	763	18	61	12	260	13	45	82	705	87	469	110	550	170	52	360	130	317	61	290	1427	183	252	68	95	94	152	303	250	190	76	72	114	139	51	66	149	154	151
V129	71	768	7	372	207	139	181	144	10	398	923	54	398	74	173	359	102	581	131	131	27	326	281	871	169	326	466	289	273	109	429	585	147	192	200	463	187	41	331	342	32	167	276	577	236	60	57	289	120	383	565
V130	71	544	195	2	374	208	228	661	33	17	49	141	32	98	106	40	4	89	568	99	26	60	183	725	54	36	641	121	158	80	213	265	232	148	267	442	9	110	85	78	458	69	214	87	107	567	67	29	200	223	389
V131	338	330	54	5	412	137	288	349	106	150	29	26	196	306	165	81	9	17	4	152	98	128	91	64	149	228	49	303	747	36	27	323	95	900	44	506	146	110	48	24	100	75	69	123	27	89	114	409	233	109	313
V132	16	96	402	655	464	40	99	5	138	116	506	363	65	413	138	240	201	183	137	71	79	203	499	0	94	177	240	174	74	300	123	200	27	259	101	267	269	130	65	88	32	271	119	175	677	285	22	81	333	59	85
V133	164	387	71	132	39	215	456	119	10	99	469	190	12	0	83	402	174	127	406	166	880	35	105	155	67	9	42	65	57	285	18	672	241	203	412	33	428	115	214	120	26	124	300	1	314	328	381	29	186	77	344
V134	242	76	29	211	93	1	150	79	382	97	237	258	244	482	148	65	184	90	66	61	14	16	72	99	105	498	375	95	53	215	47	633	178	388	426	90	375	289	42	63	72	12	166	80	130	20	1	308	169	404	119
V135	67	11	128	27	75	55	339	369	251	66	135	108	106	82	420	189	231	285	142	36	139	543	738	75	317	103	314	368	300	292	191	173	396	327	337	155	360	50	124	47	334	93	527	482	234	128	101	0	161	262	37
V136	166	268	0	312	162	244	163	329	303	101	129	257	232	57	11	68	84	216	245	8	99	655	171	192	108	36	261	3	82	52	137	123	42	115	252	61	23	231	304	488	11	73	148	18	41	204	351	9	248	338	228
V137	154	96	358	457	462	54	254	88	94	913	19	46	34	241	72	203	485	0	58	206	269	338	244	9	129	754	349	214	166	219	122	125	300	215	204	181	244	168	180	215	451	94	297	4	230	96	454	420	418	81	140
V138	374	331	365	62	494	131	262	901	291	147	134	76	319	1	76	29	52	24	6	44	114	62	146	36	14	32	49	162	110	100	164	904	47	21	74	31	41	59	39	64	12	124	147	252	229	589	454	0	4	223	339
V139	135	145	116	124	139	340	10	19	20	40	13	192	23	43	16	12	355	71	313	153	296	237	131	38	134	111	70	153	285	201	66	526	426	127	86	104	51	54	43	3	258	181	493	317	12	31	97	27	105	166	144
V140	190	138	240	83	129	594	17	163	186	70	865	244	27	176	146	58	248	219	348	186	42	25	109	133	721	252	123	102	359	13	84	408	91	423	432	283	409	140	20	16	12	108	1	1	4	511	269	26	423	58	138
V141	93	68	577	0	345	299	15	22	62	296	3	132	405	35	201	92	385	158	211	55	4	15	220	127	5	223	96	61	139	164	147	187	93	262	85	194	413	64	69	66	506	190	135	243	195	256	75	97	149	755	89
V142	222	402	217	19	555	17	49	20	141	25	359	408	185	123	114	437	207	203	24	145	97	81	209	116	159	199	240	275	120	52	397	176	355	148	99	378	196	397	376	147	389	493	331	590	271	210	267	63	172	218	352
V143	27	28	267	91	115	117	290	98	170	250	468	352	49	303	216	223	86	202	258	477	784	96	10	268	383	707	196	53	186	270	172	321	145	186	135	355	413	304	312	96	356	181	95	56	129	64	336	49	71	9	47
V144	428	34	81	9	76	131	54	273	221	13	91	114	180	95	162	715	236	302	160	121	874	164	166	28	31	351	103	257	129	377	74	168	7	247	122	38	149	54	62	115	611	56	77	193	4	133	86	849	228	209	126
V145	674	223	0	10	66	32	414	208	158	2	16	350	600	237	324	101	128	771	42	389	253	99	5	82	458	14	344	126	26	627	195	27	83	91	160	36	13	98	121	223	29	65	167	80	4	244	97	114	290	169	334
V146	204	305	158	173	423	395	28	301	71	202	64	223	36	275	9	20	882	122	15	58	8	155	0	55	37	150	139	148	306	64	145	240	489	259	1133	110	6	725	178	96	242	126	127	67	37	322	191	26	128	156	264
V147	240	153	190	29	46	199	84	57	510	488	185	35	177	1	8	388	45	5	623	723	66	428	10	417	318	159	241	312	114	407	76	128	58	55	147	20	283	36	121	3	16	273	21	26	129	236	186	385	128	87	174
V148	56	84	448	178	317	21	48	421	232	155	147	359	19	3	77	344	279	4	121	19	348	193	270	170	297	32	348	284	245	154	128	24	3	304	213	8	303	243	93	131	386	31	281	23	59	117	76	427	2245	424	88
V149	46	495	203	340	13	318	375	167	1117	86	24	388	288	207	24	53	5	2	27	119	176	481	98	54	227	55	2	649	77	41	357	129	234	349	73	30	79	42	112	106	171	315	69	711	212	218	38	318	201	70	367
V150	1	171	61	130	70	171	290	107	99	96	434	4	497	40	258	94	24	71	28	168	255	167	666	310	252	82	175	16	163	111	449	425	198	3	272	186	1023	253	559	11	81	224	17	163	151	83	356	645	82	764	142
V151	22	35	214	230	76	569	247	62	31	312	161	224	67	74	14	159	256	596	120	56	285	75	353	30	331	395	23	296	37	1040	30	5	462	47	221	38	268	46	126	321	136	387	143	172	307	1412	93	302	513	271	51
V152	99	465	607	64	46	2	120	130	193	246	323	95	137	236	166	125	206	210	50	232	6	249	540	170	189	87	142	9	38	322	3	144	6	208	220	304	289	78	86	63	138	162	103	107	290	152	416	58	131	97	356
V153	14	599	32	70	264	93	86	62	292	48	60	95	127	6	36	26	116	303	299	230	81	8	27	441	183	5	247	378	397	184	9	145	43	75	2	220	516	141	79	46	315	474	124	335	9	216	236	30	81	108	410
V154	49	41	316	25	134	124	38	71	498	166	329	264	8	184	577	166	116	272	480	145	42	11	108	85	957	468	280	165	415	76	276	71	257	203	250	133	338	94	11	213	94	734	149	362	108	301	23	37	179	332	64
V155	150	600	118	17	652	184	248	23	139	52	304	16	382	162	126	81	514	101	3	214	162	105	111	0	271	259	215	105	741	82	287	16	623	9	593	75	20	248	278	537	74	475	0	177	335	46	96	660	38	197	464
V156	141	60	300	20	48	150	200	736	412	214	392	167	39	6	854	92	115	681	63	338	206	426	70	28	3	130	133	305	389	32	69	77	224	134	9	352	113	700	1	186	267	24	333	459	39	1	164	339	135	8	96
V157	82	427	85	142	760	110	1318	106	66	95	5	142	10	56	122	152	36	200	46	107	21	197	35	61	122	343	10	15	84	291	173	13	145	209	5	85	302	264	210	44	2	97	283	249	118	180	315	203	309	398	324
V158	83	26	352	351	252	46	269	618	103	143	142	274	41	13	296	177	118	137	87	198	346	36	268	312	283	477	165	43	201	293	334	14	239	258	193	723	126	69	128	144	711	1071	91	102	23	196	361	100	344	437	59
V159	210	53	144	20	91	33	509	527	138	435	120	187	303	8	230	291	1	1	433	144	4	33	118	4	230	8	214	40	331	2	195	520	162	137	7	435	344	554	65	91	68	298	9	12	517	146	201	96	51	12	119
V160	351	224	751	11	511	177	11	525	164	212	687	182	113	461	58	13	396	139	109	216	227	127	245	151	6	44	73	172	501	432	150	35	218	312	269	172	134	59	47	187	6	26	23	174	35	159	621	539	40	309	259
V161	43	33	150	187	7	49	461	32	52	87	215	145	143	19	80	54	252	89	110	466	395	218	121	60	36	320	213	56	82	80	441	67	309	158	496	361	12	17	375	231	34	435	9	57	0	370	184	197	34	71	38
V162	440	29	108	71	396	585	668	407	351	367	419	85	103	243	610	82	14	483	60	286	63	225	241	17	272	119	407	2	24	328	45	28	22	299	129	20	64	102	428	87	11	253	165	517	90	0	23	2	918	171	142
V163	0	136	183	10	437	97	13	79	249	247	570	114	11	60	60	411	114	83	34	927	112	220	180	540	26	12	358	160	464	220	136	126	163	262	62	267	151	60	194	84	9	374	561	25	43	155	296	74	297	409	96
V164	131	126	134	188	83	34	333	68	447	46	31	120	58	455	187	271	173	13	165	309	63	356	34	656	131	21	151	648	29	50	101	135	329	95	56	84	56	248	191	43	209	597	360	24	401	12	471	348	49	407	129
V165	5	94	493	0	31	61	79	135	101	25	101	80	89	116	200	38	25	36	250	86	150	62	50	365	13	27	3	2	21	72	138	220	51	48	73	524	263	180	151	21	10	100	183	490	19	358	12	212	570	281	74
V166	2	384	204	186	621	127	15	371	382	262	346	251	16	78	205	448	161	113	112	144	118	31	93	160	55	47	124	232	110	282	257	23	82	24	702	779	48	12	65	787	142	112	57	207	6	127	154	174	304	96	268
V167	78	69	119	20	182	257	201	57	122	811	13	300	82	93	195	156	189	60	593	66	410	138	127	74	159	219	70	102	5	229	409	105	60	106	188	593	130	157	110	79	912	23	183	216	174	202	701	136	174	631	76
V168	59	42	35	4	57	394	163	1	143	288	136	290	105	9	146	91	576	407	68	7	504	126	199	539	41	643	140	112	73	1160	514	134	236	688	453	125	57	88	172	17	472	415	243	109	849	254	303	298	277	88	64
V169	550	284	18	35	28	12	93	29	314	399	288	132	50	54	119	106	327	42	60	213	153	91	157	109	116	139	231	465	297	105	20	5	187	148	26	373	28	233	51	294	7	101	82	94	46	57	893	41	598	223	321
V170	62	151	170	277	344	113	18	910	0	387	14	260	64	122	110	90	101	39	74	308	163	523	190	146	27	122	61	2	209	43	319	81	868	77	66	85	12	5	238	53	14	34	200	439	5	274	1466	23	99	124	125
V171	109	78	34	869	26	44	103	34	247	470	110	150	83	406	47	80	399	62	21	342	27	57	730	70	127	55	469	34	262	210	86	4	84	109	171	353	309	109	681	108	8	148	63	96	748	862	118	265	1	28	96
V172	376	199	6	25	71	542	153	87	455	33	124	89	6	287	42	492	2	498	38	61	162	219	356	95	141	146	1	156	38	206	591	687	150	847	364	103	20	389	221	503	19	174	20	39	105	19	50	91	147	304	233
V173	82	36	79	252	10	91	244	46	12	471	31	282	7	64	32	52	49	569	243	6	29	63	203	48	53	72	21	358	205	613	96	81	15	7	309	120	589	60	479	4	159	104	458	8	105	86	116	61	36	910	69
V174	131	76	264	22	110	163	124	389	349	128	59	247	121	60	18	100	103	6	329	48	509	245	93	153	213	131	34	237	237	280	9	544	168	113	62	121	28	317	116	203	287	264	17	535	69	194	303	260	160	5	106
V175	91	193	279	175	215	59	95	2	152	13	186	52	262	500	62	484	115	58	456	507	130	2	79	21	13	1228	247	36	101	21	301	396	216	36	165	104	77	231	150	12	178	1	135	72	174	395	85	3	148	181	168
V176	211	181	275	319	93	759	45	25	69	54	54	83	367	41	159	122	143	22	165	523	26	0	139	665	65	138	145	123	76	34	206	69	330	235	658	33	67	86	200	65	930	235	73	35	238	123	164	151	254	158	197
V177	407	4	77	700	179	252	70	247	150	351	20	72	19	41	9	685	102	46	360	35	84	94	23	70	205	419	260	290	437	42	391	318	206	113	39	49	11	667	75	238	134	157	600	156	344	312	34	25	72	222	95
V178	458	213	460	5	8	58	292	15	134	287	536	62	246	33	63	163	31	102	755	2	379	165	42	97	26	371	76	202	108	742	289	147	201	37	367	84	18	439	1	231	148	3	13	30	114	150	386	79	115	142	254
V179	201	239	101	967	9	10	435	202	100	240	39	64	181	30	320	484	4	151	69	145	79	239	74	34	130	21	134	222	68	499	27	177	438	21	177	179	514	38	71	65	32	138	130	71	239	205	239	195	35	325	236
V180	140	121	79	2	132	242	170	27	3	56	266	165	471	11	209	97	126	237	3	211	153	193	24	525	28	174	73	286	126	218	109	9	74	21	14	37	293	39	128	188	1	217	27	606	331	75	208	742	113	233	131
V181	56	311	319	649	422	53	1008	339	63	57	298	157	131	34	74	23	157	107	277	92	83	49	44	552	218	175	200	25	288	193	161	256	471	34	77	582	12	305	370	11	560	331	581	450	60	471	49	164	53	38	230
V182	328	65	62	566	741	44	508	144	287	30	446	173	142	7	203	963	320	325	127	277	641	46	130	39	220	3	112	23	167	27	107	52	370	4	1062	98	285	544	128	160	60	43	145	336	143	182	472	294	151	76	126
V183	105	211	579	136	458	40	210	335	42	79	105	96	106	357	69	474	127	62	20	101	54	787	30	281	308	76	243	33	31	312	27	205	277	500	114	70	476	144	63	7	67	156	93	739	385	143	124	139	132	92	161
V184	82	38	752	119	179	24	88	247	104	44	50	335	166	53	81	285	81	101	145	164	0	1	387	297	2	2	210	122	50	1301	397	70	56	2	859	172	6	69	48	100	0	124	492	355	65	13	110	97	886	357	59
V185	73	37	183	370	86	22	881	39	12	158	147	79	34	346	142	178	18	10	94	49	150	22	536	171	137	29	133	187	168	183	35	34	150	18	30	21	350	224	271	70	185	64	50	180	55	96	476	193	101	44	69
V186	771	125	141	14	385	387	80	691	59	115	740	355	87	154	149	769	34	83	343	307	3	99	72	70	500	30	307	44	82	139	224	182	354	31	415	22	34	33	543	440	94	235	0	612	140	101	40	1169	267	262	248
V187	115	167	331	120	129	347	114	87	273	84	17	43	467	60	145	66	12	16	393	125	235	610	0	201	5	546	179	294	278	155	205	78	207	59	453	73	193	89	408	61	345	112	83	402	23	16	410	87	162	460	146
V188	5	338	124	51	52	110	534	37	56	386	52	416	236	546	76	410	31	75	46	155	196	44	33	3	528	617	164	255	74	75	264	17	14	138	501	91	46	311	13	351	5	130	524	169	70	0	240	136	0	75	252
V189	255	847	121	352	10	96	310	520	23	114	11	35	281	137	235	620	356	93	1094	89	328	121	231	369	111	333	780	82	115	121	7	290	58	63	285	31	71	279	108	136	369	6	54	20	62	192	44	25	86	112	670
V190	16	130	53	96	322	153	291	488	386	3	6	245	88	81	316	53	194	204	114	18	112	483	163	127	86	198	205	9	245	70	450	180	259	389	34	12	4	76	301	161	133	29	85	471	468	337	177	329	232	163	94
V191	41	105	1839	267	82	19	654	9	32	261	111	342	110	319	96	42	49	132	312	212	342	342	33	89	37	473	709	203	177	323	12	62	50	298	780	96	3	229	456	17	202	104	180	236	126	657	283	53	57	160	103
V192	107	196	909	296	66	289	273	462	203	547	506	271	94	269	24	20	310	50	1077	103	187	255	465	186	12	54	219	11	100	247	4	152	18	68	8	896	385	485	8	242	18	373	50	77	12	341	366	21	225	1325	170
V193	329	96	118	48	258	39	126	34	5	658	117	170	150	26	85	59	261	41	379	5	114	160	55	48	313	81	424	232	170	13	267	304	220	82	30	467	246	62	164	1	63	0	325	31	158	7	34	526	254	371	138
V194	33	73	7	70	114	176	68	19	424	394	205	454	464	95	32	147	190	328	546	150	9	305	34	742	217	169	25	827	142	41	197	239	60	99	411	68	59	148	49	491	261	86	321	55	376	188	251	49	31	26	93
V195	145	606	79	442	70	155	424	129	114	27	110	74	371	138	435	186	54	18	63	118	22	6	282	184	108	48	241	303	35	455	98	57	197	48	135	104	179	598	64	27	432	29	23	154	225	215	125	86	700	142	491
V196	511	129	81	48	99	279	62	141	377	63	11	0	479	91	1080	76	134	291	120	197	191	153	372	91	47	241	126	275	186	270	690	273	166	195	147	59	85	101	0	118	911	5	61	126	116	178	227	255	45	50	245
V197	60	439	492	76	66	4	7	155	17	170	460	96	9	98	16	95	374	223	136	33	167	161	447	173	393	271	657	504	783	61	27	342	399	227	219	156	184	393	134	57	292	189	596	167	493	93	189	51	96	110	309
V198	42	993	775	126	4	13	382	94	147	60	462	89	243	268	81	9	212	13	389	352	1206	211	73	450	154	23	314	103	254	185	157	22	67	104	525	114	7	40	424	128	18	81	38	13	176	91	51	99	5	25	687
V199	970	51	72	118	134	32	502	115	23	461	211	160	137	476	7	247	229	120	100	104	305	108	91	131	42	39	29	322	25	10	97	116	210	1085	24	154	78	85	31	332	270	7	81	207	50	950	138	80	410	163	275
V200	226	217	366	154	71	37	88	26	615	183	183	15	472	389	15	128	219	1094	163	74	34	26	170	62	34	534	235	119	191	39	38	37	188	39	41	37	157	16	556	232	101	74	37	378	114	281	40	141	400	106	216
V201	270	66	92	71	69	348	13	44	101	0	113	31	82	186	131	174	949	189	70	51	242	68	264	622	424	74	376	11	225	21	106	199	163	168	153	51	444	119	56	167	4	80	53	725	370	290	6	94	80	611	124
V202	65	255	20	55	19	315	224	159	171	13	212	14	216	353	37	96	109	58	60	34	176	105	389	666	195	248	115	151	63	69	485	34	238	9	362	46	74	485	350	458	270	397	337	244	203	8	63	90	249	92	209
V203	154	3	165	165	220	151	218	162	1215	132	753	222	32	64	17	9	126	355	122	77	256	511	5	56	3	177	128	164	15	58	1027	41	22	33	24	18	140	82	224	760	119	204	434	129	174	94	438	585	53	462	65
V204	246	195	85	1	66	328	6	140	88	38	176	10	234	84	677	13	379	101	706	25	20	184	45	162	0	50	222	42	77	259	237	70	302	3	103	61	276	203	112	234	116	425	530	9	24	999	31	520	174	153	232
V205	372	386	207	179	497	95	392	166	0	60	31	165	650	670	92	19	104	61	20	70	71	5	181	688	246	41	502	241	174	433	736	209	134	659	231	339	454	1010	21	214	95	34	96	103	15	231	475	260	33	77	389
V206	509	279	215	157	214	297	389	41	371	194	60	30	4	406	86	370	27	51	51	21	86	33	26	333	591	7	261	68	55	68	79	354	45	450	296	268	87	241	23	471	46	31	106	83	80	143	24	172	25	210	340
V207	44	11	495	66	33	82	750	158	153	5	160	325	163	378	46	276	186	16	556	29	179	27	216	51	279	0	774	97	25	81	416	158	597	91	149	221	86	36	266	566	370	62	49	261	385	55	121	81	177	211	48
V208	56	72	136	51	240	46	385	106	44	143	181	487	20	103	86	15	97	212	130	96	15	78	269	557	419	15	47	136	76	3	298	89	203	87	11	29	78	44	156	1271	332	15	82	55	225	252	146	186	39	17	85
V209	185	355	7	57	129	302	228	64	141	468	86	159	42	810	185	405	228	324	380	248	261	514	149	347	10	6	97	282	805	189	37	14	67	307	316	406	89	127	16	137	78	14	30	116	130	270	37	254	14	95	296
V210	57	47	98	365	447	77	303	71	202	730	607	217	82	103	211	101	56	210	156	93	86	278	14	31	37	386	92	101	732	22	179	53	221	49	510	184	84	784	221	254	337	76	321	518	406	98	106	131	29	276	63
V211	64	358	14	66	366	3	173	113	50	41	34	8	110	424	148	39	240	20	48	294	267	508	1	85	158	500	137	544	245	105	368	36	270	41	48	710	167	28	402	522	88	47	474	228	176	2	97	235	86	10	308
V212	149	153	393	194	463	209	34	88	237	107	361	61	76	147	241	165	691	545	401	250	184	401	23	122	279	73	89	192	79	21	220	89	96	78	33	78	139	82	304	191	63	630	35	373	130	237	68	378	587	23	171
V213	119	5	384	152	110	25	72	163	453	323	25	90	64	1	324	128	205	281	79	141	194	55	25	119	117	179	429	96	164	241	184	70	241	15	671	98	104	96	147	139	119	502	234	123	502	29	240	142	100	880	61
V214	241	79	96	598	39	138	403	1153	137	29	179	54	19	244	70	122	184	358	41	45	265	3	114	13	326	368	242	567	267	358	238	8	41	92	82	125	103	16	153	274	188	100	15	30	32	635	223	95	57	120	119
V215	220	2	217	47	194	134	190	469	105	677	129	5	150	968	105	103	270	457	42	273	6	153	181	4	249	196	605	289	935	177	8	145	55	8	207	340	294	319	74	79	112	28	20	28	85	314	51	75	142	60	65
V216	53	484	157	113	94	366	295	82	155	47	144	493	0	40	76	11	97	241	38	18	1141	185	18	211	363	256	259	296	274	219	1122	142	104	629	118	950	6	701	191	471	105	285	93	23	98	184	344	327	47	48	402
V217	114	409	450	212	142	740	22	430	36	29	143	45	40	164	407	10	169	516	227	447	22	539	191	144	803	129	91	640	50	183	25	433	329	6	234	52	392	184	99	73	143	90	119	79	45	223	171	72	179	77	343
V218	487	112	6	41	329	146	496	13	393	153	8	251	884	98	65	446	619	313	112	733	893	63	27	524	155	380	160	44	417	904	229	132	73	1250	80	9	29	53	662	423	15	293	406	318	9	320	23	149	16	188	189
V219	7	138	195	93	30	131	169	98	79	105	122	103	166	26	75	131	92	97	1	84	382	411	130	20	1301	45	162	2	36	508	138	60	185	531	263	359	646	282	267	5	580	57	251	80	71	19	192	1209	214	396	114
V220	75	264	227	3	221	110	155	296	68	26	150	47	206	176	419	108	191	259	441	369	145	40	0	252	245	370	252	233	347	150	213	53	2	48	393	32	109	216	185	37	199	76	515	540	28	195	158	86	68	72	193
V221	65	267	141	43	480	336	380	396	146	527	70	161	76	5	632	200	171	178	309	129	220	26	96	20	22	261	24	59	21	3	229	64	167	141	302	82	316	95	250	118	86	114	54	54	311	46	87	41	151	283	208
V222	176	59	142	90	275	28	29	146	485	6	404	163	108	129	264	140	376	395	64	135	81	62	90	65	134	478	85	124	3	149	465	99	432	222	144	283	137	272	124	19	75	1218	178	25	73	350	188	397	11	62	95
V223	431	50	52	73	828	52	182	384	286	246	620	308	36	66	99	68	135	65	304	13	107	139	100	70	388	39	55	205	174	867	133	314	337	458	191	31	221	835	445	108	105	377	379	336	38	115	16	28	134	42	171
V224	78	202	462	69	117	241	32	457	52	300	91	396	10	86	2	440	107	40	520	8	0	97	66	195	168	105	347	194	200	143	72	348	77	93	62	176	116	148	175	438	142	66	55	384	51	99	46	531	67	123	182
V225	302	115	48	293	433	28	21	92	99	103	243	15	60	78	109	420	73	4	86	76	124	102	151	206	168	50	207	296	170	27	275	198	99	97	164	306	309	217	46	110	93	83	26	26	48	107	34	127	113	317	172
V226	40	199	16	470	15	86	33	70	12	374	44	19	12	64	543	48	355	373	203	115	16	296	23	35	83	41	89	55	30	4	15	99	203	60	24	179	284	79	122	167	312	137	196	242	146	43	169	182	415	989	149
V227	180	267	79	78	327	2	294	9	95	60	657	601	965	672	49	480	386	317	74	228	338	467	132	127	39	487	479	4	204	496	106	24	156	227	996	218	208	192	18	337	130	236	90	7	35	259	34	15	112	41	225
V228	179	95	67	112	92	586	83	155	23	43	182	142	154	352	112	606	174	177	89	462	30	400	216	481	55	157	349	38	359	337	54	226	9	178	193	574	236	808	181	64	33	214	14	422	261	75	260	5	169	323	143
V229	14	294	20	14	96	13	44	314	584	261	110	148	108	463	379	212	114	87	299	107	283	400	616	80	410	49	118	12	1	22	36	344	164	218	31	7	14	103	26	83	298	31	123	215	202	59	0	71	123	105	201
V230	17	316	209	184	42	347	163	643	88	148	20	105	158	389	333	306	0	141	88	556	118	658	390	9	121	4	642	243	383	70	195	4	264	171	439	409	349	26	26	137	89	433	22	27	85	30	159	13	34	607	245
V231	216	362	442	5	93	60	128	119	6	614	32	99	110	217	52	461	15	125	710	203	395	83	139	172	9	94	6	190	271	439	149	50	360	766	399	406	177	163	8	214	62	57	47	452	432	15	103	541	132	114	308
V232	810	380	532	54	9	349	329	141	411	31	390	234	82	30	148	464	83	114	22	4	89	120	159	163	154	310	77	344	260	591	68	609	210	46	114	54	311	338	123	214	734	79	242	972	47	74	163	18	106	151	463
V233	242	153	233	12	271	367	600	96	324	453	406	46	16	88	114	356	557	1	62	71	725	597	35	12	98	104	61	159	14	267	62	18	346	218	28	33	150	137	544	129	205	698	18	151	339	12	433	64	308	315	172
V234	149	7	120	260	16	232	65	89	139	155	20	50	467	342	204	137	283	123	9	44	34	308	52	15	250	146	380	344	304	304	62	4	508	51	174	44	397	362	140	41	5	100	62	272	19	143	136	3	36	67	60
V235	373	106	102	338	1209	283	207	20	80	200	203	26	210	79	254	27	48	314	13	39	182	396	205	281	201	42	61	250	121	194	124	362	11	18	61	75	198	31	21	94	39	132	477	114	212	66	68	118	53	216	151
V236	237	185	71	269	40	31	156	201	32	195	91	121	23	45	31	290	87	17	0	1	43	27	67	185	129	4	123	409	278	71	52	75	32	220	174	84	464	23	336	132	655	253	978	6	48	52	35	364	102	1170	197
V237	44	185	65	376	117	46	36	52	228	189	395	337	659	21	3	96	306	59	242	415	222	319	34	38	363	29	110	230	638	9	347	333	201	41	42	156	261	341	64	162	98	19	268	23	138	215	783	12	125	16	163
V238	29	98	11	81	4	90	89	55	171	88	119	20	101	68	52	460	216	243	78	580	36	808	385	185	21	332	64	337	1	22	54	11	1089	10	156	109	146	5	362	37	6	151	16	407	137	10	260	6	82	338	102
V239	81	325	1	270	500	708	35	448	101	166	110	178	1003	16	23	185	67	296	98	103	213	46	35	347	11	45	26	682	13	164	124	335	329	416	34	65	67	12	326	215	177	73	56	267	422	459	128	121	321	135	253
V240	24	93	191	335	192	27	12	301	7	606	38	140	17	41	26	153	108	334	32	57	269	163	475	22	43	476	146	0	303	310	349	6	67	176	49	46	150	179	340	620	385	91	111	49	167	146	63	14	451	38	79
V241	254	36	406	361	21	45	39	163	124	358	109	3	16	234	214	264	918	261	130	657	70	113	96	25	70	195	393	62	6	144	277	107	123	31	24	137	339	50	60	418	349	34	20	44	15	325	155	619	233	140	98
V242	193	159	586	81	36	71	25	847	145	245	358	52	401	117	756	27	360	67	143	255	308	10	267	130	108	219	201	23	72	188	171	169	42	49	328	232	53	19	28	164	6	286	221	424	396	247	4	13	20	110	154
V243	145	160	484	154	191	146	103	315	330	24	18	36	609	433	280	744	30	8	62	164	270	103	38	300	89	146	172	216	65	209	5	20	136	234	364	58	89	437	264	190	173	109	20	167	29	99	507	1	502	27	173
V244	48	114	363	452	55	256	297	12	119	80	177	97	151	52	132	144	58	281	180	154	232	414	36	35	228	200	76	259	64	83	321	871	46	37	56	18	146	254	88	116	645	560	173	74	145	470	47	122	371	49	104
V245	384	91	221	280	95	10	12	450	503	62	16	753	131	672	139	80	473	71	39	192	409	14	496	12	144	24	69	215	535	74	210	164	150	118	91	14	411	677	231	13	118	15	100	106	533	71	265	79	11	100	182
V246	165	154	120	122	104	136	339	158	50	196	49	123	97	118	133	292	42	179	9	14	324	84	163	183	334	72	28	545	52	69	73	232	100	533	178	238	822	53	39	394	829	6	523	54	17	264	96	10	174	44	164
V247	261	5	615	49	103	56	205	146	81	154	321	31	7	192	18	2	170	200	450	34	124	280	11	35	192	169	231	185	95	193	46	49	147	55	505	292	188	124	360	107	56	167	539	149	307	32	189	34	206	279	99
V248	135	139	156	147	112	296	127	385	557	48	19	398	364	200	249	244	182	176	136	85	232	21	581	279	836	114	757	14	31	323	275	97	244	141	69	91	495	6	0	0	738	140	227	238	160	25	1068	33	167	52	157
V249	1042	114	281	15	587	287	179	15	189	137	253	184	163	869	1	70	674	21	94	25	509	180	805	90	431	103	76	178	47	41	187	79	431	13	31	83	23	66	12	267	161	78	25	450	770	297	310	65	65	480	322
V250	364	48	185	99	0	171	106	541	123	5	445	24	168	65	21	7	64	38	590	32	0	227	319	0	46	527	245	225	683	240	111	237	286	397	345	703	125	38	223	278	231	18	242	46	179	221	199	182	29	151	146
V251	441	64	94	131	85	148	177	840	223	30	295	35	44	105	135	141	174	99	268	152	167	48	194	364	293	17	86	696	475	28	757	392	8	7	130	16	63	99	102	417	80	33	165	405	183	78	31	49	326	34	147
V252	58	258	43	0	782	36	216	15	109	240	42	600	179	788	9	72	120	125	117	113	214	21	135	194	135	134	261	175	24	54	164	19	213	349	10	162	235	89	28	203	58	60	83	237	39	16	474	118	377	1715	194
V253	218	113	74	60	859	0	117	4	203	248	138	385	463	403	250	548	89	37	246	157	54	133	2	33	102	376	48	269	193	108	112	176	328	296	8	16	131	9	3	185	23	83	5	84	1407	110	153	475	1723	394	139
V254	93	176	278	557	2	67	64	525	48	213	152	30	145	237	36	407	208	145	24	36	260	102	185	264	280	39	35	9	134	91	247	188	380	83	143	173	77	313	253	322	166	88	46	138	164	327	46	50	218	130	155
V255	32	110	110	60	118	60	13	477	328	80	231	246	330	1	1	82	65	31	252	83	45	107	401	63	35	135	656	385	853	150	296	187	85	20	24	123	167	14	102	227	132	383	208	31	6	354	129	314	126	16	95
V256	8	182	226	40	45	122	46	527	29	352	53	41	79	512	103	174	693	108	150	15	53	111	57	203	70	52	27	159	106	482	262	169	149	66	12	172	529	353	217	50	117	302	59	344	152	314	77	548	117	210	128
V257	170	24	5	177	341	4	78	54	107	392	24	64	435	69	516	58	2	194	15	48	138	194	385	1166	47	223	101	288	75	214	518	180	94	67	2	513	42	67	425	328	197	33	725	98	399	50	47	158	240	65	61
V258	35	25	97	48	572	190	156	13	261	410	4	353	187	10	174	89	329	334	292	517	141	370	248	190	478	4	295	599	31	469	230	413	125	302	74	353	90	6	65	524	582	147	648	15	151	136	22	48	69	436	50
V259	33	30	348	167	124	15	297	107	45	359	291	699	37	257	88	62	402	76	324	219	13	89	444	248	5	229	263	89	121	21	768	357	490	391	409	12	195	429	602	568	184	206	23	20	7	217	80	231	551	146	53
V260	161	50	41	466	218	200	400	560	130	274	161	188	29	15	498	5	74	84	12	265	32	55	119	280	438	72	241	110	0	62	144	17	499	288	35	65	19	612	313	23	68	310	82	192	520	191	294	274	203	336	96
V261	287	50	208	92	96	371	5	188	114	124	10	120	254	206	285	567	71	323	33	70	189	18	134	705	127	7	421	128	59	449	175	1154	281	208	1281	301	539	111	191	185	130	179	334	287	65	29	276	205	76	265	130
V262	377	0	72	33	8	122	406	45	614	33	50	97	27	35	249	266	19	303	709	175	89	237	1	59	2	42	265	87	1158	154	330	51	44	120	70	1	9	383	867	23	94	505	151	54	309	175	41	642	604	658	104
V263	142	192	60	31	99	133	125	278	325	301	57	601	59	349	937	253	33	111	44	96	112	81	87	289	31	19	122	240	304	107	15	110	301	36	226	23	211	111	65	76	280	23	205	76	10	95	25	341	296	198	197
V264	15	232	1062	461	47	154	123	181	174	239	125	163	574	4	23	287	537	413	51	116	88	68	102	183	682	496	393	413	324	16	259	571	136	465	43	307	193	459	101	16	38	417	634	214	128	442	114	157	86	135	199
V265	912	53	272	531	0	821	30	286	169	14	64	177	189	136	170	88	603	45	136	173	8	43	126	278	489	33	14	429	183	203	271	87	827	288	213	332	174	271	99	140	144	91	137	257	23	3	250	1302	413	23	282
V266	497	1	136	219	44	314	129	119	0	197	297	262	255	2	287	90	361	80	114	179	623	213	45	133	53	39	111	48	262	111	276	122	113	198	75	373	285	15	173	287	241	284	138	141	148	246	74	2	15	325	146
V267	141	50	223	19	120	204	378	44	130	766	83	13	312	452	19	120	157	19	45	149	449	117	1136	85	131	56	244	531	24	46	152	184	83	655	35	88	144	242	66	75	169	536	197	465	150	20	89	186	194	539	84
V268	281	293	20	65	123	91	12	67	624	27	106	183	66	282	15	298	217	321	30	175	303	79	849	0	37	250	38	33	0	798	363	415	130	357	378	206	270	363	77	102	183	42	145	154	419	180	135	40	173	2	261
V269	261	430	33	303	22	152	1247	78	152	166	8	72	92	170	32	194	232	52	68	674	513	121	178	68	22	176	107	162	173	112	367	9	459	75	40	71	334	198	61	153	83	110	101	200	120	218	45	61	56	14	376
V270	0	18	32	307	9	410	43	58	92	65	63	196	181	237	0	48	58	286	159	92	3	91	566	19	446	175	77	54	345	156	0	241	296	183	271	39	58	49	12	128	46	103	446	535	59	305	281	295	171	13	31
V271	229	49	16	125	53	97	213	231	386	196	483	500	7	152	284	61	228	187	335	10	80	331	57	1	198	100	66	114	78	3	332	34	46	289	226	177	95	6	225	20	993	9	63	21	1	72	149	226	181	90	102
V272	258	228	104	322	160	76	49	16	185	520	583	100	19	639	10	40	126	264	312	105	43	187	85	142	693	158	61	102	127	90	145	40	290	109	130	94	114	30	115	193	142	524	141	733	89	421	541	3	285	78	255
V273	43	182	113	9	282	303	95	141	86	29	214	114	212	406	57	389	3	41	119	134	33	94	26	255	79	91	157	101	62	465	191	441	247	78	453	206	24	165	33	338	36	199	85	2	29	337	681	66	750	311	144
V274	49	52	45	15	126	231	89	111	851	9	45	93	152	312	379	186	107	333	43	206	156	98	45	122	274	320	56	323	418	107	323	323	335	57	75	313	414	191	384	339	6	0	36	138	302	377	26	335	127	4	72
V275	201	188	32	87	19	311	71	490	214	146	474	126	74	71	473	50	162	409	145	111	41	268	69	111	467	370	242	136	82	149	254	177	254	50	206	89	14	48	98	82	141	95	21	401	158	146	70	28	47	13	200
V276	259	104	93	92	120	509	36	197	294	32	2	278	3	100	126	166	140	112	72	433	151	29	639	175	221	492	185	331	46	6	9	27	53	43	268	40	503	17	161	51	24	131	192	809	95	17	287	50	26	199	162
V277	81	357	39	39	135	459	144	120	1370	256	235	176	43	14	198	2	260	78	27	79	62	80	54	12	155	17	17	20	40	377	106	117	36	81	216	61	312	140	11	149	230	3	25	273	604	202	365	82	196	116	278
V278	28	183	85	64	174	538	267	132	72	195	159	413	45	692	174	126	51	128	15	58	19	159	318	17	204	36	54	116	267	243	314	15	30	312	77	74	60	220	139	20	361	206	222	734	556	109	438	41	506	105	155
V279	236	537	13	21	219	533	99	37	271	59	152	120	263	214	885	163	160	193	116	1409	19	16	145	115	2	478	97	157	80	44	5	1	262	544	90	537	206	91	106	90	59	35	44	7	158	607	5	17	544	261	446
V280	83	163	102	246	102	278	119	195	58	239	31	337	109	154	38	154	164	244	72	51	47	306	220	288	31	81	202	140	306	542	752	12	232	194	166	22	295	6	41	189	235	570	40	131	314	200	297	13	238	93	151
V281	242	42	1500	61	90	335	71	133	224	11	22	352	1157	15	41	212	92	156	58	36	900	356	135	257	77	550	43	108	105	139	51	291	156	171	1021	91	204	624	132	630	195	234	0	36	37	57	113	83	287	487	104
V282	30	95	680	188	4	169	175	251	337	262	241	76	21	390	53	163	480	32	49	586	177	2	140	2	135	169	58	1	107	408	207	170	120	125	49	84	33	191	41	84	20	773	164	66	55	12	103	223	25	53	92
V283	56	122	220	110	293	52	467	31	4	510	115	7	311	187	129	227	147	51	303	73	383	200	19	490	178	91	176	165	172	116	118	1	351	148	41	93	26	182	124	1	78	726	661	20	186	75	90	33	34	13	109
V284	198	571	53	82	37	593	214	94	258	437	156	65	129	33	86	170	222	133	184	204	63	402	230	497	15	433	17	106	175	548	109	145	485	64	30	185	45	80	510	155	30	178	90	217	5	10	47	218	100	192	473
V285	77	1	620	37	94	143	24	21	126	255	81	4	49	139	225	59	708	178	111	1374	112	496	52	171	13	114	244	168	695	134	61	540	81	170	100	70	462	248	158	394	25	158	117	69	517	536	147	268	201	62	42
V286	230	109	91	4	216	74	187	191	273	122	29	136	73	70	161	115	56	54	153	324	22	31	324	47	209	333	73	126	173	45	224	23	124	64	543	195	339	458	5	28	422	36	38	152	113	9	18	35	111	62	164
V287	12	42	387	164	65	6	285	261	102	241	145	927	91	177	1	252	192	330	46	50	136	201	369	135	413	6	109	180	290	56	24	510	18	230	74	165	135	124	48	26	577	41	106	175	176	278	182	38	22	76	48
V288	38	120	499	375	7	141	62	207	620	55	264	46	123	573	345	95	244	19	130	492	783	242	72	78	106	74	517	40	113	156	85	12	222	72	39	1259	13	121	62	121	63	470	133	192	636	751	328	373	20	73	108
V289	195	191	190	16	7	26	115	367	42	215	137	48	0	862	123	237	523	60	9	220	203	180	481	11	129	110	610	1108	115	226	82	632	104	290	355	26	151	751	119	329	168	384	398	117	6	709	5	521	937	357	191
V290	805	17	173	8	138	408	265	20	157	138	21	13	373	173	80	420	389	7	135	221	183	538	3	221	214	84	434	393	431	45	18	51	6	134	137	27	66	224	193	470	45	57	81	316	175	473	7	181	429	88	221
V291	94	17	12	81	15	340	304	107	13	26	152	586	76	40	7	305	117	296	731	626	62	58	272	326	93	705	520	93	482	86	31	519	55	185	176	726	168	175	50	185	111	267	234	45	38	95	10	48	94	141	57
V292	147	80	365	257	605	40	14	103	701	47	210	8	189	44	56	85	145	180	215	68	40	47	92	295	70	275	217	265	331	310	22	68	147	795	40	212	319	283	238	103	106	34	349	248	290	6	38	168	54	33	98
V293	57	12	0	703	225	37	30	50	47	47	617	46	3	5	63	237	27	68	470	101	49	376	16	72	12	32	425	208	386	583	87	22	176	29	52	26	51	286	336	318	16	50	2	37	95	90	74	337	0	283	44
V294	20	184	403	95	12	27	341	501	29	111	72	125	4	5	202	101	32	106	284	304	28	79	137	23	519	63	89	378	285	274	441	213	18	127	105	1245	259	0	270	91	191	249	192	532	667	45	41	1052	107	6	156
V295	1218	47	323	173	20	181	170	420	225	237	19	12	78	264	34	215	401	134	1022	75	618	0	48	185	59	64	41	103	1123	115	105	21	339	116	313	333	9	487	109	352	129	41	278	220	581	275	956	231	63	256	347
V296	119	824	236	197	590	146	173	135	67	46	779	18	24	74	80	361	147	493	22	405	216	2	306	241	409	372	105	711	236	117	19	544	130	219	165	16	5	298	151	2	10	35	2	136	38	174	330	102	428	154	575
V297	92	126	0	107	33	16	184	1	113	38	222	176	621	25	7	117	491	94	95	93	3	102	53	88	5	127	23	55	51	76	454	203	34	57	380	296	470	150	69	228	774	230	74	228	93	97	480	110	63	210	116
V298	6	77	67	759	24	28	110	341	241	162	185	33	95	293	34	271	20	76	41	6	24	403	389	384	15	57	652	438	73	523	189	214	95	11	288	434	75	75	91	192	118	58	257	8	57	8	8	463	14	30	74
V299	0	484	165	406	286	113	201	9	243	226	238	143	17	109	66	336	14	49	71	28	124	268	127	246	437	218	1	112	61	7	255	99	43	31	31	160	233	22	100	67	654	842	163	600	652	60	275	24	26	107	365
V300	243	177	169	195	215	42	291	544	67	136	57	52	398	519	267	175	262	547	98	300	28	68	208	158	201	134	79	110	167	429	105	275	70	75	23	213	307	149	374	398	99	41	254	386	570	58	138	25	224	36	206
V301	154	25	223	787	155	134	140	73	8	62	161	23	85	696	314	179	399	190	448	214	257	137	188	94	447	418	363	108	78	257	748	63	2	340	601	9	2	40	181	475	271	79	49	24	40	258	266	109	260	71	77
V302	13	143	362	90	154	48	69	71	24	89	60	889	705	248	64	343	118	379	128	225	24	20	365	319	172	262	151	376	637	563	117	25	19	16	119	886	735	84	76	125	26	84	126	245	91	268	151	50	121	158	118
V303	271	77	13	171	10	246	215	12	63	510	51	376	65	98	135	112	173	259	870	3	371	55	97	390	28	5	26	145	103	313	72	207	230	172	140	223	181	37	3	133	242	175	242	11	149	261	47	492	13	306	112
V304	385	13	96	849	308	283	15	9	56	87	176	146	17	151	163	267	299	44	31	76	560	290	439	199	37	695	61	268	325	94	46	165	658	72	96	361	171	103	80	279	8	55	0	239	191	281	119	565	514	5	131
V305	73	537	448	442	334	574	165	185	109	124	89	253	14	12	182	568	96	274	524	113	230	77	180	0	66	472	234	49	103	20	25	381	354	1	5	42	243	210	230	22	4	279	27	603	247	206	149	14	101	79	427
V306	481	93	138	347	18	1148	54	125	328	259	141	427	10	454	169	68	273	132	116	307	222	438	178	152	104	354	132	47	49	70	300	251	26	57	122	20	6	15	52	293	324	639	62	567	62	16	717	320	36	219	178
V307	86	1	7	21	19	379	139	172	602	24	425	324	43	52	540	22	671	508	154	43	599	501	167	327	381	46	740	22	407	4	457	261	81	266	34	322	259	200	3	257	38	237	12	391	95	116	614	7	154	217	40
V308	60	309	503	189	403	251	65	99	248	252	96	218	189	331	172	44	487	120	214	23	266	179	236	87	193	159	273	8	884	69	488	57	400	147	106	130	867	149	27	596	376	97	336	30	11	521	22	35	69	324	261
V309	83	178	161	250	59	163	49	79	9	38	401	27	477	1425	259	78	95	40	1348	29	165	170	259	76	17	230	393	30	56	263	71	22	151	450	299	138	361	328	272	337	24	55	12	48	235	50	109	251	265	232	166
V310	668	15	128	272	89	46	56	114	192	207	10	187	140	602	415	46	3	238	178	217	77	224	73	37	101	314	527	116	235	21	221	120	616	23	190	23	24	344	350	71	86	69	403	77	65	228	238	272	466	143	207
V311	104	341	98	173	56	188	84	454	18	95	136	1337	108	103	238	78	112	54	350	32	52	786	248	4	280	76	632	95	64	161	239	127	259	75	462	49	2	186	114	232	282	162	127	212	170	118	421	37	238	61	293
V312	327	310	44	112	279	212	113	61	501	483	325	88	297	45	278	91	34	116	467	163	6	8	4	109	92	202	23	517	97	36	389	56	248	52	264	46	151	256	75	336	173	170	365	151	549	76	180	2	358	714	285
V313	433	0	67	156	190	461	504	1322	260	295	518	663	398	172	225	3	160	45	5	165	47	1031	115	22	1	71	125	153	746	5	94	374	118	415	7	6	266	104	62	188	485	51	97	266	32	1259	31	108	29	227	137
V314	27	59	149	56	227	53	150	325	199	63	296	271	241	203	460	52	40	636	159	67	330	76	55	162	453	43	372	39	352	463	101	355	331	64	50	35	54	409	602	420	73	294	73	54	215	4	156	52	128	49	73
V315	295	804	4	986	135	102	36	77	134	94	100	91	143	11	325	67	31	767	195	223	141	50	337	143	77	165	109	66	28	310	0	412	278	308	356	176	3	219	76	67	372	43	6	112	15	121	143	92	185	6	617
V316	196	57	172	110	162	61	165	676	21	26	26	802	278	259	4	290	108	380	105	681	246	309	9	262	250	535	148	259	275	60	45	46	685	41	88	5	45	241	132	0	83	104	17	358	15	315	4	94	140	224	91
V317	305	117	13	119	23	862	133	439	168	185	168	113	488	147	154	124	68	13	70	277	57	1222	56	113	4	18	40	23	35	685	945	146	140	676	106	211	171	440	93	40	164	22	30	65	21	56	21	99	23	189	170
V318	33	156	426	1474	421	42	85	51	90	718	125	179	32	69	75	373	24	946	178	8	143	479	150	26	18	165	11	699	268	131	70	164	66	391	343	214	13	71	244	97	129	36	224	51	119	524	78	115	491	555	140
V319	82	395	409	272	343	1142	239	2	112	72	31	476	307	474	112	60	58	522	12	388	102	70	200	152	22	243	91	46	10	485	380	500	396	209	96	129	0	47	102	387	261	100	42	32	272	30	141	1337	12	75	321
V320	65	542	392	491	273	286	19	155	416	65	227	11	84	195	29	55	156	130	74	446	444	391	157	13	77	89	580	218	241	57	354	27	310	79	212	189	192	571	162	83	181	474	326	53	68	20	91	399	403	52	364
V321	209	7	1379	130	459	86	98	278	151	210	255	256	243	215	25	186	125	181	232	158	108	182	41	33	138	112	341	3	11	370	4	226	88	2	197	426	48	101	235	265	186	197	66	35	113	221	23	260	398	35	105
V322	38	11	1102	71	206	164	138	86	221	321	311	511	256	56	496	105	311	682	166	40	77	360	687	365	161	35	177	228	267	16	75	351	98	60	106	211	162	141	18	62	295	309	51	43	562	45	322	92	125	375	55
V323	124	17	16	42	16	7	10	41	100	500	140	39	86	157	123	231	40	513	185	275	309	110	363	343	4	177	50	193	56	34	3	285	207	3	47	190	185	147	295	136	115	299	21	48	186	1	183	84	185	79	46
V324	302	937	21	156	120	202	47	4	206	7	71	556	110	76	49	261	29	348	143	343	137	353	294	134	152	70	138	553	151	52	76	819	5	174	78	172	687	191	428	127	31	186	557	520	198	409	314	132	67	415	703
V325	96	138	59	31	48	160	51	97	322	217	240	566	748	396	450	6	43	9	116	101	350	106	192	224	317	82	144	80	74	223	747	115	148	9	27	178	22	113	38	329	569	11	40	62	51	383	49	85	133	84	127
V326	9	8	69	414	154	46	248	210	12	237	273	32	107	27	31	40	201	29	25	197	813	64	135	250	143	264	35	3	180	11	64	156	13	591	48	102	118	5	342	100	56	212	107	69	122	45	71	99	32	669	15
V327	372	161	268	283	360	136	286	13	114	1052	212	14	224	107	104	7	232	85	151	196	78	65	64	128	5	518	12	125	233	25	314	528	117	47	1070	35	467	91	100	212	4	6	24	52	305	446	3	631	679	196	207
V328	174	2	33	27	327	12	196	344	406	790	224	363	388	481	112	114	669	220	106	158	96	336	164	177	0	49	149	350	66	125	249	280	71	158	19	14	246	358	71	366	195	17	196	465	236	75	336	52	33	140	64
V329	1028	89	379	11	141	656	11	29	159	13	17	56	415	72	265	1185	136	31	420	11	9	104	430	125	43	454	109	625	56	48	139	73	75	123	51	10	64	73	429	29	221	218	28	181	285	43	132	206	55	4	309
V330	139	296	126	34	90	227	0	362	83	99	655	21	64	33	2	226	616	171	42	125	43	118	126	8	279	758	21	89	409	314	48	252	34	154	231	190	857	76	62	89	4	117	127	490	335	438	889	920	246	135	225
V331	175	306	119	63	14	70	137	34	31	399	59	75	351	68	24	77	90	362	54	84	353	185	34	209	163	12	155	246	282	320	189	1	407	792	349	488	96	179	64	36	108	60	365	283	698	159	52	491	46	153	285
V332	309	41	454	149	55	223	6	122	136	471	95	326	188	67	114	46	235	192	7	642	156	365	114	98	152	87	389	393	69	381	49	25	77	114	419	18	39	430	87	31	8	76	188	30	18	17	115	241	210	102	122
V333	19	47	31	6	190	54	460	36	696	127	58	560	109	181	744	262	157	54	88	400	27	89	132	147	5	318	57	37	88	52	109	28	47	96	116	233	3	126	157	351	53	468	484	170	20	204	140	751	198	251	46
V334	3	503	22	27	499	147	152	72	367	114	112	146	28	43	155	147	91	195	56	79	250	647	123	252	219	11	85	246	21	141	342	520	57	161	19	43	347	82	1298	140	12	174	564	144	307	180	9	85	41	156	358
V335	477	14	57	114	129	30	120	212	56	13	144	22	215	118	9	24	166	488	29	23	203	261	98	175	150	334	181	51	13	92	115	192	527	153	42	51	11	166	402	101	47	56	142	87	1088	152	314	6	196	156	135
V336	415	132	10	262	266	254	374	947	97	95	129	216	97	1	201	99	927	259	155	117	300	28	69	165	63	152	25	476	442	461	149	161	71	388	103	10	411	696	113	462	7	284	4	183	260	119	288	231	12	39	189
V337	152	152	219	24	157	235	245	49	109	196	194	192	186	129	35	617	262	134	43	27	77	98	406	311	302	26	524	258	42	173	201	4	49	51	15	47	478	71	156	87	3	301	81	79	152	102	5	291	25	102	174
V338	12	502	562	159	133	134	373	668	16	20	636	184	249	9	21	657	2	0	46	11	327	143	280	538	79	91	9	130	122	187	40	40	242	1	171	287	101	195	275	375	840	137	14	73	184	143	164	269	127	321	376
V339	308	338	110	28	145	55	468	294	375	134	3	129	15	180	3	158	176	307	70	353	257	15	93	78	238	167	132	193	14	341	92	890	107	217	69	259	12	124	40	52	304	305	213	171	168	151	17	228	156	18	305
V340	369	17	231	732	282	4	63	417	365	28	154	123	178	57	331	569	275	522	126	224	215	201	301	33	587	189	59	143	173	306	185	287	271	353	24	308	156	541	262	273	58	1	166	30	582	32	45	35	99	45	118
V341	183	61	71	377	229	115	366	42	349	9	25	34	1066	731	504	610	55	115	165	45	181	155	360	433	4	545	154	683	266	151	135	20	17	31	36	57	183	229	8	613	127	281	282	141	112	86	97	29	7	213	100
V342	17	12	75	57	184	3	232	148	121	49	31	338	15	94	57	459	110	50	44	261	22	9	182	255	71	99	390	329	84	517	21	140	362	424	71	218	2	321	147	229	85	27	373	78	48	108	72	73	85	11	22
V343	821	322	222	115	101	51	150	5	381	76	696	24	189	31	101	76	64	181	25	129	346	33	69	18	818	800	287	29	27	188	77	490	320	354	241	131	150	113	335	58	308	271	16	76	1	84	195	69	11	50	400
V344	322	88	129	280	496	2	43	492	139	187	57	23	358	447	14	766	170	98	299	188	0	297	56	415	512	64	75	580	72	63	529	208	9	177	40	3	18	313	32	70	262	27	16	357	25	227	470	81	119	230	159
V345	801	97	249	334	120	506	237	977	62	109	13	201	215	48	76	57	876	117	562	268	88	494	384	33	31	95	37	4	84	161	561	179	12	33	44	416	357	155	20	291	57	18	153	79	188	179	9	615	258	52	227
V346	13	90	21	623	268	93	91	531	360	261	386	0	212	896	6	139	109	132	0	173	444	88	156	545	53	87	70	237	263	15	489	291	44	78	105	847	708	97	243	297	116	121	203	361	181	942	35	60	253	18	93
V347	82	356	340	393	113	91	5	26	607	30	82	115	102	427	792	488	143	177	887	13	8	5	26	362	155	526	354	206	65	168	271	103	795	109	273	5	401	134	48	180	283	637	819	455	16	463	134	143	95	325	266
V348	310	80	328	16	116	489	21	52	268	779	332	654	247	394	73	56	65	390	45	16	74	227	106	157	384	198	35	231	660	108	222	42	15	143	352	51	352	190	128	143	34	122	125	197	20	135	50	49	212	295	135
V349	67	339	124	463	230	202	193	271	117	21	35	72	269	47	2	6	199	231	228	43	298	16	486	97	62	347	465	584	58	30	249	184	62	84	34	29	168	80	109	159	117	21	270	348	11	704	30	360	41	648	255
V350	6	248	754	6	22	444	33	85	23	182	41	51	162	146	926	21	99	285	363	93	676	0	315	14	282	387	49	8	95	154	43	242	28	140	2	12	44	77	178	228	70	213	160	238	94	68	76	21	198	184	184
V351	62	140	57	137	78	278	242	358	95	147	186	139	55	189	219	86	198	9	150	77	162	198	116	57	49	192	350	25	323	660	53	167	365	100	32	153	598	50	189	374	76	42	141	74	562	120	92	392	495	113	121
V352	89	0	22	424	489	23	417	178	139	90	193	1051	134	197	419	112	758	77	31	134	2	282	700	313	68	308	211	55	111	121	264	68	22	258	157	171	60	8	181	357	146	454	388	62	103	80	213	79	186	130	48
V353	68	212	23	131	219	541	128	163	0	784	303	31	37	17	304	157	172	144	346	179	26	184	649	167	7	124	380	75	733	198	42	170	9	899	285	92	259	256	174	246	17	249	50	133	1	246	318	58	41	181	169
V354	240	13	37	71	35	438	253	203	71	318	601	599	372	531	756	389	262	291	126	204	126	106	262	120	61	222	372	360	102	237	65	14	82	32	605	66	361	888	129	170	119	276	254	65	58	46	67	32	507	65	109
V355	73	69	30	78	233	30	399	93	163	189	93	82	186	433	29	85	493	261	81	209	141	126	226	60	128	114	141	90	130	217	111	118	28	254	228	280	282	103	151	272	234	89	776	67	112	130	50	199	185	10	76
V356	97	972	711	26	349	2	770	110	180	102	681	144	276	222	185	46	4	20	1014	222	443	166	190	45	91	109	0	327	9	399	12	9	151	196	18	62	159	71	173	7	153	13	175	79	133	18	4	204	176	31	735
V357	144	55	45	1269	38	854	573	254	116	85	54	318	363	10	85	229	523	358	175	30	272	181	67	213	560	106	101	10	646	135	63	115	56	177	25	133	1097	261	457	206	114	217	723	121	52	140	181	143	26	1	117
V358	42	121	447	11	54	6	12	90	52	756	62	21	563	95	52	84	2	46	60	414	212	492	6	163	2	193	23	76	93	150	130	111	306	115	34	3	213	29	117	117	90	63	351	200	356	305	60	1025	133	72	115
V359	184	17	278	456	102	142	61	4	234	70	253	87	32	140	85	341	343	68	2	100	78	54	31	57	132	128	267	512	616	101	107	300	68	95	21	156	117	209	260	180	114	174	292	200	26	104	294	154	310	17	92
V360	56	10	84	138	145	425	37	228	44	337	153	80	148	353	40	364	38	40	17	159	8	313	93	59	23	270	428	223	75	15	62	58	21	393	307	132	74	95	172	80	106	111	110	152	209	375	109	109	29	226	46
V361	109	26	104	101	722	48	498	51	105	506	502	9	465	210	27	222	310	6	302	431	23	166	106	51	103	469	15	189	43	236	205	258	143	484	68	86	125	21	1705	126	74	32	37	292	306	82	215	45	329	64	66
V362	81	229	439	41	75	28	66	66	104	130	550	93	568	174	19	180	177	256	292	14	147	6	317	161	351	265	299	79	6	363	96	230	53	85	13	5	251	120	153	299	144	53	238	45	129	29	361	22	83	327	188
V363	195	362	202	378	30	219	874	118	113	461	104	275	382	188	100	252	46	50	343	147	136	281	98	99	72	269	190	89	374	16	33	23	223	146	45	208	33	13	39	14	168	438	204	305	259	108	388	773	41	305	292
V364	119	119	75	346	128	297	109	55	15	29	246	67	225	88	229	60	532	99	253	125	4	157	206	675	715	15	61	770	12	412	39	188	233	6	160	85	848	42	147	183	222	536	88	7	15	72	12	432	122	255	125
V365	13	999	30	158	124	160	380	36	175	150	173	560	342	210	354	1	193	37	243	573	48	172	182	100	203	716	217	4	17	50	43	591	62	95	30	174	113	322	1	200	6	91	180	95	46	102	61	283	124	164	728
V366	2	27	210	186	42	667	121	564	434	305	455	335	115	51	680	132	383	38	234	6	150	291	213	203	103	284	527	283	370	287	2	313	195	289	69	279	141	64	71	200	1269	300	406	49	432	94	95	28	12	177	52
V367	428	164	50	63	418	20	49	82	24	54	8	266	29	790	583	344	36	318	329	258	137	504	67	199	62	11	170	334	18	27	331	38	50	953	167	36	55	325	224	277	45	130	21	67	321	4	123	19	157	10	205
V368	172	43	68	72	56	255	69	477	128	141	379	63	290	12	393	45	84	96	166	360	186	92	443	104	95	433	88	203	244	327	154	76	14	211	23	110	303	10	5	204	130	88	17	333	134	27	71	326	4	303	82
V369	354	11	454	1451	68	134	377	82	406	200	40	61	109	211	137	466	36	69	191	367	82	47	456	274	63	136	43	6	252	136	189	11	325	517	313	38	154	493	13	436	597	43	25	172	160	269	41	350	51	13	103
V370	275	212	51	328	205	6	160	110	536	469	221	72	86	5	346	463	36	199	107	273	103	315	203	18	366	33	29	211	357	120	93	39	63	469	114	287	31	241	13	266	525	176	223	308	35	80	125	561	325	138	225
V371	182	49	9	93	44	511	239	129	579	263	85	4	36	33	255	28	147	235	159	150	10	81	383	114	166	50	31	121	86	495	11	449	97	120	89	8	93	81	265	172	255	378	133	357	266	77	266	93	19	159	87
V372	23	26	305	151	10	650	42	13	271	31	72	533	341	138	130	220	421	15	457	359	114	433	225	247	920	199	193	142	6	126	449	65	7	159	101	85	171	426	40	265	161	236	19	104	79	58	114	4	138	121	42
V373	89	77	251	50	163	361	41	3	68	6	185	272	180	56	509	964	257	237	34	194	932	89	78	279	144	755	101	329	2	486	108	50	424	336	147	151	56	178	414	60	127	21	233	37	155	221	253	168	38	79	83
V374	233	100	99	400	73	118	235	91	60	525	341	126	76	48	147	70	30	14	34	152	305	270	136	615	83	364	503	404	123	14	51	90	50	71	179	74	6	308	9	204	389	180	374	226	172	43	388	235	9	251	118
V375	349	613	366	161	16	39	139	16	447	59	200	54	456	61	235	37	57	25	152	301	399	185	9	167	162	164	17	56	402	22	862	36	228	438	212	150	4	107	52	274	146	585	510	73	13	96	2	98	209	251	551
V376	129	225	166	139	94	428	203	163	665	205	257	28	391	181	280	68	51	159	23	408	235	398	288	90	103	260	85	32	49	954	8	46	58	110	264	893	85	46	157	111	96	271	323	130	1114	98	110	155	101	32	191
V377	10	119	48	126	41	140	266	62	52	62	155	85	9	57	15	254	0	319	103	66	187	260	114	532	27	522	314	1	1066	1186	39	465	192	14	75	134	243	203	26	530	362	501	243	211	8	3	256	179	247	170	119
V378	593	135	307	119	385	114	188	668	162	84	214	83	0	129	26	95	165	80	835	267	146	20	624	221	886	13	179	155	0	228	44	105	185	62	419	25	5	299	347	37	37	85	94	72	755	340	70	91	139	408	268
V379	509	19	47	246	14	214	12	385	225	55	496	463	604	500	1034	13	156	11	438	403	545	249	108	92	341	94	17	230	55	97	232	1238	58	90	280	103	35	296	110	152	39	24	420	520	445	168	365	667	234	47	144
V380	265	6	194	668	42	189	5	5	20	7	249	326	27	219	370	21	664	162	34	414	756	130	441	215	317	0	97	70	70	772	61	456	64	188	187	300	374	118	66	15	277	267	184	136	23	101	271	66	5	231	84
V381	125	143	230	282	36	298	137	264	263	220	80	90	98	122	193	469	156	53	108	299	414	331	14	8	482	88	66	38	265	784	183	147	776	121	64	135	229	114	85	132	55	58	2	239	40	239	246	131	66	81	152
V382	140	24	913	50	322	95	373	294	324	89	32	218	146	37	9	222	11	91	251	634	3	158	424	387	360	905	95	274	185	66	226	268	226	111	11	87	8	65	155	495	30	86	141	260	20	400	69	290	442	334	77
V383	8	297	14	156	246	52	33	113	223	338	64	41	160	80	34	177	188	45	293	12	17	47	57	17	534	166	698	20	174	51	226	4	130	2	305	972	104	237	56	57	133	11	69	96	5	286	43	180	276	390	192
V384	365	91	15	371	255	174	460	208	124	333	513	18	16	152	43	333	147	35	188	94	258	773	28	168	267	88	33	72	30	399	118	182	122	280	76	225	325	204	342	100	58	69	3	691	283	206	523	58	4	31	164
V385	75	117	181	123	24	58	539	25	63	72	154	244	372	58	373	386	140	79	281	1021	627	16	632	631	10	100	30	88	1169	548	390	129	247	27	37	259	509	277	851	97	5	83	126	85	64	174	30	232	2	175	109
V386	197	16	11	116	89	162	380	47	55	128	101	75	144	253	194	41	408	251	55	520	149	204	57	111	277	194	83	36	51	125	112	142	129	63	64	5	206	190	464	188	58	3	75	51	12	20	133	113	422	64	82
V387	64	113	88	3	139	126	1156	532	139	303	204	485	141	310	162	229	116	602	90	643	24	43	26	38	217	360	23	82	347	164	40	198	61	11	116	14	70	41	491	298	115	36	4	157	55	14	674	117	277	52	125
V388	169	126	261	244	31	8	85	197	238	3	544	9	2	25	49	5	124	220	249	134	372	56	434	16	69	166	328	90	42	64	212	636	3	48	216	236	219	127	9	87	229	1494	165	291	435	58	540	478	208	397	166
V389	41	202	180	6	254	455	137	95	130	190	122	269	110	144	31	262	311	122	142	237	77	163	103	254	766	13	62	46	44	207	116	2	106	35	57	78	5	8	316	112	153	72	66	59	27	10	69	0	229	18	160
V390	235	73	86	49	154	28	409	0	189	188	109	26	82	732	387	36	501	52	14	22	824	692	93	262	94	8	12	47	72	255	216	129	385	172	63	407	116	214	62	124	160	159	15	766	210	43	138	113	161	26	101
V391	1	143	387	240	12	44	24	35	51	51	70	217	78	236	758	365	368	10	137	443	509	567	315	130	152	113	201	174	662	81	177	561	253	538	378	32	144	192	19	43	81	102	106	464	493	111	309	513	32	175	124
V392	2	223	174	154	14	10	38	146	57	219	167	159	293	43	81	154	11	355	561	211	43	112	264	8	1	350	143	281	16	58	107	129	183	63	918	407	267	168	161	592	398	704	179	67	511	174	606	13	193	157	182
V393	145	266	282	133	156	102	152	75	340	68	162	46	5	177	78	201	94	174	22	91	249	210	20	140	47	7	197	63	217	149	34	464	118	33	379	119	503	148	670	191	391	171	23	82	91	453	376	51	528	1199	233
V394	1108	132	307	8	210	125	62	1	60	215	495	141	418	88	11	174	70	17	160	40	289	169	372	45	114	291	217	21	134	88	166	61	477	458	37	429	378	11	83	165	143	544	66	3	46	201	95	29	139	227	374
V395	4	20	114	259	34	640	275	56	305	98	136	297	1836	27	4	14	180	182	8	440	47	44	99	336	61	187	416	73	232	144	485	64	265	781	239	116	70	33	613	502	22	171	120	251	105	62	34	39	118	72	39
V396	455	207	70	16	215	52	684	115	259	26	147	8	100	82	609	87	255	127	65	487	272	92	37	69	144	149	133	332	8	239	236	43	402	229	209	58	16	108	209	799	30	33	157	217	27	6	289	359	31	5	280
V397	66	201	15	103	57	47	142	88	117	58	42	554	682	67	54	1	315	315	3	3	293	0	478	341	100	54	93	384	428	142	489	116	11	311	29	40	13	279	0	208	31	299	89	399	139	154	284	169	4	333	176
V398	40	57	308	148	30	28	67	36	213	457	323	295	162	108	114	420	40	225	223	205	245	197	40	298	145	288	177	94	191	978	358	78	2	52	177	274	79	167	55	67	13	113	523	172	177	39	588	64	80	0	61
V399	354	450	89	54	492	25	205	85	522	71	67	49	186	63	260	396	154	224	66	59	598	52	29	204	173	65	1	351	28	399	160	8	128	556	362	206	25	63	28	634	123	51	7	45	114	72	206	177	473	0	387
V400	446	338	153	169	223	281	420	402	164	59	43	95	327	4	397	45	52	231	343	584	268	94	99	589	9	16	4	402	391	52	156	151	14	904	102	83	478	22	270	439	99	139	170	6	159	184	80	265	1	51	358
V401	147	157	63	464	236	8	129	70	521	345	122	199	2	123	208	177	63	318	176	156	435	215	51	4	150	316	257	39	15	20	479	101	62	80	39	60	266	82	180	51	225	68	133	82	57	169	1127	217	334	94	158
V402	1439	75	260	1511	94	114	595	222	71	137	501	91	27	181	69	190	84	116	50	98	136	141	477	101	512	35	131	22	550	247	87	122	134	411	530	399	32	89	294	180	60	157	745	229	125	104	316	685	53	40	408
V403	437	21	45	558	118	626	163	92	148	4	10	35	728	41	138	7	451	410	199	43	64	19	235	98	59	117	84	302	391	25	468	215	130	140	1	90	788	210	172	56	167	213	605	165	189	73	123	97	461	58	149
V404	90	339	405	12	413	198	182	199	1	28	593	192	92	1359	608	617	40	3	385	21	22	96	26	121	151	157	222	469	26	9	265	1	691	77	72	412	404	20	562	143	46	434	600	44	41	304	201	18	30	304	271
V405	180	430	368	72	450	159	559	34	232	114	173	136	107	1	319	200	28	0	23	274	39	203	121	13	144	215	146	60	102	7	200	143	141	1	423	48	293	26	232	27	84	749	3	65	132	114	156	25	68	19	358
V406	268	218	526	297	137	232	72	11	851	481	23	872	698	177	446	0	96	53	113	17	37	3	297	27	123	192	188	628	47	8	71	57	129	412	135	87	186	126	164	106	47	176	28	189	151	304	186	54	104	19	224
V407	204	1544	447	214	523	213	48	101	217	355	118	223	92	119	530	249	290	311	9	16	467	72	88	169	357	35	118	148	101	370	533	345	38	200	82	324	47	99	57	240	122	11	926	79	56	4	264	40	33	89	1140
V408	322	319	163	764	48	71	51	45	43	315	375	418	157	103	129	256	58	175	233	185	53	85	6	338	48	148	147	402	30	52	448	272	341	278	207	442	143	27	396	189	583	40	162	249	93	192	211	29	117	36	310
V409	206	312	226	66	28	500	119	1	244	14	5	279	161	301	327	122	19	20	15	512	323	44	19	387	386	218	142	75	48	262	47	109	231	1053	55	282	77	178	27	84	208	128	727	50	13	45	114	800	79	737	288
V410	78	665	594	150	246	355	414	93	220	90	32	350	127	100	125	128	34	103	101	47	2	616	19	536	16	186	77	420	49	93	188	0	491	364	282	108	84	211	386	156	41	727	176	230	132	136	293	23	266	76	489
V411	139	200	153	40	380	192	16	201	8	392	147	11	147	366	163	16	175	187	393	178	347	13	217	481	388	182	185	135	30	60	4	169	102	166	53	231	177	57	76	430	13	28	438	1086	235	134	341	666	64	40	187
V412	197	159	139	252	145	139	594	96	626	215	157	727	163	89	6	34	30	114	250	14	22	150	370	4	604	61	2	159	48	115	6	71	13	82	38	88	253	881	5	41	88	84	713	129	92	76	9	534	193	481	156
V413	6	129	21	142	380	12	85	14	358	132	56	304	189	9	152	463	81	145	95	201	1	17	312	583	302	450	56	55	416	88	656	62	372	231	131	80	92	154	273	225	174	308	118	162	490	153	48	242	25	20	111
V414	403	2	253	182	869	2	258	203	57	2	350	160	82	1119	75	147	268	104	121	51	170	174	37	238	436	13	208	192	270	90	614	372	78	4	224	187	10	268	180	49	1370	2	319	1179	430	166	31	154	945	89	124
V415	614	23	223	301	232	644	109	219	62	290	45	358	52	71	449	18	61	490	318	6	100	122	140	108	157	315	3	100	516	6	179	27	84	256	78	94	156	40	461	187	129	86	100	428	141	287	444	45	659	55	206
V416	218	450	36	412	17	271	94	61	172	596	184	224	16	166	20	209	12	146	123	484	93	587	65	69	207	66	42	18	209	248	251	257	289	305	617	24	15	295	262	2	309	89	360	38	392	403	235	4	21	185	338
V417	216	258	31	840	417	137	1092	457	419	80	171	87	50	802	115	233	208	761	135	63	166	72	320	139	341	604	777	234	406	250	299	414	174	193	490	760	382	89	289	28	81	82	215	143	90	83	350	131	13	460	283
V418	211	19	622	203	302	80	61	221	135	17	169	62	131	189	152	287	226	114	314	310	335	254	104	78	157	486	508	83	115	13	494	57	220	36	25	112	182	98	164	664	429	123	46	78	249	79	237	105	50	451	79
V419	51	940	427	417	160	156	168	394	38	562	284	427	33	493	125	196	166	75	635	368	13	122	151	139	9	175	104	216	73	42	134	114	594	255	144	1	744	385	22	124	386	395	259	235	293	104	53	34	83	37	693
V420	43	177	163	33	277	59	491	307	165	9	121	104	228	22	61	151	111	36	35	2	242	65	562	18	332	1054	21	19	29	15	69	33	2	138	517	724	65	72	159	38	171	85	208	25	827	595	554	270	107	221	154
V421	43	105	123	98	69	60	330	718	17	138	266	57	78	78	61	8	1020	13	220	224	60	0	35	59	283	645	469	26	185	166	59	568	56	105	57	212	180	36	103	38	58	478	443	101	132	73	212	92	96	97	82
V422	18	594	445	34	1	426	81	633	52	29	72	92	107	489	590	162	278	12	42	112	122	422	472	3	8	378	85	144	134	110	43	14	7	70	671	228	42	683	267	100	209	0	137	173	27	469	260	96	312	159	432
V423	221	488	29	0	267	76	22	447	209	118	156	139	191	5	24	208	222	187	271	140	46	159	525	255	395	83	118	665	28	51	476	55	32	167	302	20	104	346	10	51	1819	42	31	145	84	124	177	179	160	968	384
V424	883	62	82	10	117	201	102	363	298	98	193	433	249	140	1010	9	11	22	5	61	256	152	63	592	4	405	345	344	19	5	18	344	65	174	103	189	479	247	3	39	134	119	103	60	40	301	165	1	23	157	244
V425	81	7	56	47	70	102	109	119	102	177	102	808	293	94	180	429	35	475	77	40	415	7	122	11	171	40	93	68	37	310	14	70	82	1	202	54	180	423	251	2	130	354	46	62	38	347	38	78	62	28	41
V426	91	190	58	110	325	153	431	456	70	48	359	234	141	30	125	419	38	237	5	195	8	310	55	79	538	286	300	675	163	215	10	252	106	206	139	113	100	73	37	570	1393	211	380	425	19	270	281	252	100	327	174
V427	30	102	407	556	441	187	31	46	83	268	85	526	137	74	112	401	60	573	26	326	346	143	149	213	198	320	241	501	6	247	42	24	124	19	118	23	57	640	345	42	154	209	86	110	219	397	75	79	51	236	96
V428	33	79	327	516	28	81	387	416	202	105	264	744	219	629	334	158	131	133	658	307	98	88	86	403	121	40	159	113	535	97	221	954	184	63	771	0	4	32	114	304	322	70	28	127	2	143	475	157	116	107	71
V429	195	459	105	123	98	80	222	370	37	112	387	156	302	915	243	102	100	672	163	35	516	21	366	530	134	187	22	386	221	481	732	40	125	22	420	1	102	340	8	279	138	6	159	211	250	11	257	15	87	83	398
V430	202	47	71	74	116	219	230	246	64	55	46	238	16	522	143	692	9	13	99	45	22	198	300	128	219	310	233	510	629	72	163	244	89	549	295	150	207	305	24	339	510	90	597	49	71	229	165	18	185	373	75
V431	824	344	360	170	70	220	216	470	46	249	61	125	235	0	448	298	45	86	220	176	210	15	82	43	230	215	153	434	204	42	385	23	68	11	19	5	169	204	81	466	42	41	654	87	95	152	14	172	136	356	426
V432	246	167	63	220	22	141	22	96	798	449	2	3	124	124	255	41	17	31	536	136	248	445	78	48	0	111	266	12	11	104	211	14	354	607	348	130	150	169	584	362	852	202	404	92	16	415	10	326	588	5	212
V433	667	335	67	116	521	113	105	40	52	49	846	18	851	318	304	208	505	266	406	792	388	552	6	29	201	147	242	4	271	229	202	296	25	288	260	27	89	72	117	30	187	311	675	326	171	8	1419	16	171	1569	376
V434	433	82	315	159	165	312	82	183	120	136	190	218	99	41	101	65	274	123	122	9	399	160	196	704	250	83	13	348	168	60	132	344	6	164	20	67	33	189	370	53	470	42	132	104	0	280	259	277	463	217	188
V435	65	251	510	25	11	343	60	140	20	60	80	42	258	897	123	122	100	203	45	262	35	125	4	108	65	42	114	465	94	134	297	162	69	59	189	59	345	441	342	27	256	12	108	109	296	316	102	424	257	124	197
V436	192	345	35	84	376	199	55	328	169	15	299	132	7	71	11	47	256	64	29	214	7	11	53	549	53	35	253	359	335	170	80	20	41	63	5	50	298	118	211	353	12	734	123	86	11	187	192	220	298	157	287
V437	119	13	2	79	84	152	7	254	335	110	32	10	1124	54	593	320	119	182	678	268	90	53	167	22	59	28	15	44	118	475	295	20	64	342	18	105	55	340	132	537	12	186	186	202	147	124	114	137	410	37	56
V438	1276	112	248	113	279	15	1	57	104	253	371	152	67	877	366	262	96	192	6	100	117	465	22	86	161	308	21	27	328	373	162	283	201	228	61	119	7	70	156	16	853	268	287	155	220	149	57	617	173	140	401
V439	180	37	55	315	198	228	509	80	43	193	283	5	397	47	66	81	169	358	1395	574	83	102	541	53	212	83	21	43	37	470	26	187	201	533	102	100	121	75	196	62	45	131	6	113	218	683	39	8	176	0	76
V440	168	5	113	289	21	190	83	110	615	102	639	10	47	68	461	24	127	133	118	168	207	459	41	16	269	929	248	125	331	182	8	98	15	175	237	151	129	53	60	214	118	120	96	176	73	86	100	116	60	97	69
V441	120	299	381	31	20	103	47	96	180	449	568	241	72	123	658	237	135	79	548	187	360	82	140	104	17	89	211	298	131	49	238	676	119	48	20	13	96	428	157	26	164	5	9	196	56	480	55	14	289	343	227
V442	222	46	3	1	124	159	235	42	430	192	31	175	329	594	15	138	92	161	114	467	81	314	422	580	203	300	211	5	419	152	256	182	218	231	40	1080	377	138	5	179	90	91	304	221	322	396	489	451	35	260	82
V443	109	40	136	67	278	2	189	18	171	273	383	430	63	664	169	46	57	143	431	69	118	283	49	317	199	385	49	16	7	139	209	55	89	488	403	530	323	222	447	38	200	0	143	91	0	169	640	14	276	387	71
V444	240	458	36	76	207	199	56	6	71	105	22	93	268	331	191	356	25	461	94	49	396	45	120	48	204	221	196	424	184	6	148	450	200	33	665	98	31	47	248	33	325	464	73	5	74	147	11	314	143	236	384
V445	259	141	0	171	206	153	163	288	90	611	36	240	37	21	40	93	272	258	30	294	6	167	351	517	80	338	56	14	271	5	11	11	97	630	58	58	371	306	550	174	140	46	84	208	621	327	257	182	351	42	181
V446	3	294	91	154	64	15	37	77	134	141	265	289	324	82	230	399	117	65	103	63	324	200	5	244	54	158	343	756	77	46	27	621	7	79	218	40	92	247	209	75	81	518	102	268	174	158	29	84	47	160	215
V447	181	166	12	353	868	55	375	57	225	203	71	314	241	32	138	627	56	135	406	108	228	58	71	63	16	321	662	265	81	21	267	37	193	96	436	371	285	1	311	429	174	243	281	83	37	654	430	75	134	49	177
V448	76	84	163	269	52	23	49	165	79	437	255	167	342	19	581	354	1182	131	199	3	125	105	229	30	75	10	383	25	206	90	105	131	14	62	179	594	63	111	498	76	132	176	57	125	23	257	109	85	16	51	114
V449	151	138	20	202	15	317	320	39	354	128	57	227	25	699	6	9	34	319	825	147	341	198	108	472	97	64	212	11	196	209	16	517	237	1358	263	407	50	486	5	41	260	18	310	149	727	206	6	100	20	245	143
V450	32	404	134	342	305	59	44	93	288	228	149	167	164	31	149	335	37	154	257	382	5	83	133	55	676	205	844	331	141	107	51	150	110	3	211	104	38	769	5	439	34	207	70	138	147	520	104	629	360	85	287
V451	98	273	324	96	122	66	566	42	289	19	68	93	369	16	29	100	67	123	187	363	9	188	818	234	41	20	361	48	28	215	328	197	124	39	171	75	146	42	249	92	54	25	293	41	773	48	97	113	507	55	204
V452	450	207	176	450	306	184	191	59	102	202	396	3	532	126	218	139	218	58	24	147	357	173	59	63	147	195	140	114	2	310	333	896	44	391	45	397	154	143	350	184	90	255	536	8	178	13	432	39	14	200	248
V453	373	17	4	276	131	435	406	291	17	133	239	138	309	357	71	277	87	391	219	375	319	31	380	20	19	2	111	74	16	32	57	66	493	29	105	149	865	454	124	84	113	88	302	317	135	74	100	208	406	594	110
V454	580	148	113	266	4	335	30	231	314	114	197	348	334	16	382	144	170	87	192	81	107	256	87	90	381	346	43	420	105	74	155	210	312	16	28	80	103	281	38	116	257	40	340	43	175	89	61	46	556	33	224
V455	55	388	14	232	17	254	0	187	80	30	162	992	1005	14	214	179	404	371	128	38	8	276	458	50	8	23	46	156	564	232	21	62	170	168	485	67	505	360	157	386	503	184	130	218	30	135	86	6	229	83	306
V456	235	872	16	363	43	70	225	369	267	273	21	31	333	4	130	163	40	287	301	36	108	202	180	102	420	169	137	15	59	70	167	30	260	333	219	138	119	142	0	810	902	507	89	154	473	792	87	259	13	154	657
V457	177	180	150	55	109	191	165	112	99	566	598	45	688	43	64	135	271	948	111	135	304	35	268	3	91	123	33	285	89	282	8	93	116	111	179	334	63	213	464	238	122	168	169	153	405	30	705	243	19	168	206
V458	85	146	76	22	10	256	156	560	699	129	70	257	74	43	22	220	81	654	47	39	283	73	126	66	3	73	43	255	7	171	135	241	370	76	111	6	58	448	311	140	230	80	275	453	83	42	63	144	37	7	126
V459	230	177	190	313	194	43	107	42	143	40	173	30	82	485	160	165	182	352	372	90	351	151	259	409	21	250	59	2	83	409	85	30	61	494	268	96	52	152	34	106	187	1120	13	219	16	187	383	154	96	88	174
V460	122	57	463	209	92	307	396	158	396	133	94	254	279	215	120	270	224	7	42	207	151	32	55	46	497	28	52	38	146	186	28	203	438	151	3	11	20	382	83	20	63	246	248	115	114	354	61	322	146	122	81
V461	64	90	5	66	174	262	88	274	792	92	98	99	31	348	99	1	27	129	2	243	324	121	479	740	900	95	267	176	28	121	18	139	384	184	7	406	220	409	769	1432	173	221	9	122	781	132	70	43	439	664	109
V462	23	13	184	143	461	221	178	48	54	417	164	231	57	79	393	13	314	92	125	226	493	264	95	386	226	83	180	49	266	246	8	337	61	35	30	221	223	239	138	116	79	645	163	11	1	663	187	123	270	27	34
V463	28	710	158	558	100	78	77	82	105	265	69	443	213	27	38	284	113	47	9	63	700	158	213	33	82	37	244	380	333	197	90	138	407	188	1	235	31	78	162	355	35	1	39	114	56	777	64	110	383	12	512
V464	144	23	69	172	130	42	120	128	568	246	190	5	197	197	114	457	216	93	181	11	113	150	327	1209	444	209	371	64	11	362	411	36	79	55	194	357	868	350	18	656	201	143	315	63	86	43	147	6	145	56	63
V465	220	3	606	91	50	124	17	152	513	92	203	12	88	575	534	120	114	407	179	44	319	236	368	531	171	65	336	481	9	55	179	43	10	252	159	137	354	395	26	225	151	32	407	76	48	64	578	137	520	715	80
V466	14	331	160	219	176	471	27	84	251	214	95	107	82	216	769	58	136	57	93	162	127	214	214	191	276	151	213	228	143	312	80	370	179	63	120	86	242	170	35	617	6	211	41	314	77	6	370	641	64	145	238
V467	337	219	13	76	21	116	220	60	65	1139	3	68	110	59	52	35	14	113	43	21	140	491	156	27	119	35	274	61	2	204	6	295	176	660	1299	176	113	39	231	99	154	7	414	165	419	3	23	223	324	33	230
V468	82	101	48	79	234	170	43	196	116	760	245	142	17	236	133	428	0	5	370	58	58	782	156	147	249	143	16	55	435	75	263	23	8	93	182	26	52	31	97	246	22	136	174	51	168	259	1	59	311	193	113
V469	108	85	146	17	44	71	95	127	229	4	158	105	270	688	207	66	263	222	102	427	216	130	203	434	23	335	143	216	73	394	103	173	102	3	12	92	540	18	54	97	194	772	421	1016	235	340	368	404	8	218	114
V470	58	103	63	162	304	41	8	91	117	149	21	459	86	301	67	385	125	16	35	28	250	25	94	138	32	147	145	80	57	152	333	4	762	682	411	48	100	80	36	49	639	92	70	212	509	228	70	3	56	333	109
V471	26	1050	299	256	22	181	63	44	117	317	132	105	167	563	33	202	127	404	178	183	229	25	713	716	479	200	507	101	46	341	339	86	126	502	183	119	3	234	45	95	157	0	32	110	34	149	127	72	236	79	693
V472	0	63	105	14	47	2	44	2	223	7	1	117	139	59	3	33	14	379	223	51	156	19	127	270	27	101	294	133	350	164	504	59	227	35	0	19	224	221	188	7	58	80	334	87	171	145	187	37	318	256	53
V473	223	363	12	277	280	903	487	112	265	317	373	11	75	54	257	201	88	978	169	326	620	83	545	71	192	218	391	35	202	278	410	118	76	200	335	930	307	123	42	113	36	145	425	19	91	25	48	34	434	150	349
V474	41	253	136	349	99	370	4	132	402	88	317	401	6	131	701	178	3	296	278	30	186	266	621	139	318	67	260	340	552	213	272	37	6	403	77	160	47	1098	39	68	443	15	245	143	5	498	103	93	82	234	220
V475	51	61	95	12	262	96	249	65	266	278	27	176	114	197	100	212	31	249	10	282	157	118	702	995	11	434	34	163	169	295	686	123	1337	37	1321	145	222	207	287	15	209	290	211	35	212	353	189	294	101	96	67
V476	38	27	5	48	219	78	40	13	207	204	271	335	321	40	618	41	195	259	3	306	82	123	232	202	189	138	260	27	805	192	66	583	204	375	36	61	306	137	112	579	154	1297	64	33	235	211	92	56	798	177	63
V477	52	282	78	77	25	348	61	362	7	651	146	78	12	81	213	25	882	95	3	334	230	177	79	44	118	67	11	243	153	117	100	201	60	143	104	460	1082	398	105	304	127	61	423	88	5	47	26	141	84	243	221
V478	183	102	126	258	18	7	55	81	269	159	684	61	339	119	8	370	1139	386	42	86	1	96	85	33	368	123	309	0	54	641	232	19	171	344	131	215	167	98	412	140	59	0	59	53	411	171	257	270	39	47	142
V479	296	256	156	301	33	264	268	45	19	225	8	63	381	184	690	47	225	40	416	341	160	1076	323	178	525	190	242	145	568	227	85	103	40	61	229	494	40	403	43	94	0	513	319	758	478	272	87	103	8	422	270
V480	140	32	79	173	583	28	137	2	237	292	75	12	50	53	206	570	0	241	131	51	318	606	103	157	42	27	1104	94	108	88	43	199	114	57	82	125	121	243	80	146	55	382	116	15	116	344	226	244	171	633	71
V481	641	21	1	156	125	163	86	65	37	40	233	228	119	26	949	271	998	362	21	216	26	232	136	156	335	4	104	10	344	9	110	72	68	14	29	346	345	166	505	658	39	261	93	28	97	472	54	43	128	92	159
V482	17	75	61	312	158	123	203	32	141	35	376	24	24	692	139	457	32	364	100	165	79	248	253	167	574	411	125	42	14	663	564	40	272	268	388	31	36	143	29	25	104	10	322	316	60	92	10	126	49	295	65
V483	52	322	534	249	240	32	64	438	30	25	53	291	151	117	9	595	153	142	143	56	83	112	129	5	567	4	72	105	219	368	41	65	55	229	193	283	205	47	135	187	42	8	314	348	289	173	93	23	86	78	239
V484	158	177	31	398	31	587	4	80	552	138	187	324	277	94	549	91	286	123	168	396	150	37	846	8	53	325	26	1018	26	105	56	8	254	369	137	241	4	35	239	16	420	269	223	183	216	93	694	14	100	163	211
V485	136	113	317	79	102	428	125	125	785	160	25	229	390	159	45	307	215	65	207	128	104	147	209	1016	297	151	257	55	53	621	3	9	42	66	95	232	40	93	124	312	351	27	359	376	483	39	140	129	136	25	133
V486	189	42	142	155	142	23	354	989	90	614	500	9	195	60	498	41	82	254	122	44	119	42	173	325	53	171	74	235	245	293	126	129	141	695	125	1	173	307	237	5	90	279	197	16	1184	532	21	249	39	124	81
V487	103	40	59	141	43	351	145	159	238	9	456	152	250	4	78	183	62	432	152	214	196	62	203	63	149	511	311	308	94	133	216	109	380	34	638	431	11	90	345	206	347	105	118	279	49	228	37	121	246	296	65
V488	39	220	47	12	187	102	791	677	176	48	103	96	183	168	46	38	434	156	19	20	526	56	158	273	154	125	203	21	28	58	134	130	146	89	267	81	115	26	21	349	85	317	150	79	127	110	57	533	124	177	155
V489	953	142	513	180	70	72	190	107	477	51	25	598	99	89	178	29	117	520	27	142	24	41	81	277	694	157	94	271	54	171	199	75	11	118	147	34	80	94	194	789	304	229	299	265	313	273	14	56	104	443	321
V490	96	341	252	79	72	69	162	178	8	229	416	227	469	36	29	230	74	110	564	37	388	139	18	321	24	37	271	273	227	387	259	367	22	76	33	104	139	119	227	130	16	102	159	26	521	362	40	186	290	420	260
V491	617	15	364	667	89	142	324	36	146	151	24	172	156	36	131	29	225	329	11	131	803	466	385	491	223	277	89	413	278	283	40	224	397	148	238	531	119	591	667	74	33	12	718	131	335	209	93	127	771	30	153
V492	505	76	10	942	154	84	43	278	263	568	416	526	129	15	187	83	182	78	293	45	0	240	21	87	43	734	54	422	7	14	410	60	117	447	466	190	160	277	84	106	192	694	141	206	149	499	305	303	488	434	186
V493	40	721	88	150	31	576	16	116	13	389	41	60	35	527	245	59	221	222	33	422	86	64	38	109	130	57	323	232	28	20	52	72	104	164	83	357	199	29	686	304	222	199	68	397	151	1034	267	56	112	137	531
V494	265	302	8	160	56	667	128	112	27	1	99	148	112	60	96	269	63	681	817	73	66	101	26	246	148	208	61	165	412	206	32	202	181	49	129	189	33	22	88	70	304	260	428	188	83	333	90	1	94	352	284
V495	477	47	71	39	31	91	982	85	3	39	321	56	164	41	257	361	275	917	250	201	100	77	38	416	180	374	400	4	185	99	433	122	309	25	469	259	414	286	109	134	1	63	93	58	597	39	386	430	26	450	174
V496	476	14	106	255	504	215	181	287	627	87	41	346	135	101	65	254	31	418	37	1376	354	395	262	994	207	165	181	169	111	69	531	112	168	85	698	59	184	306	527	359	480	208	178	133	293	4	97	9	182	277	152
V497	13	32	193	252	208	591	356	191	90	273	356	45	33	217	119	81	58	249	603	445	410	216	4	31	114	207	227	767	184	7	20	206	884	253	113	35	21	100	0	102	28	136	725	485	84	366	209	318	333	5	52
V498	39	240	22	83	586	202	44	77	134	521	69	397	31	390	21	745	219	369	329	395	383	35	200	85	20	4	161	174	146	153	83	389	64	98	428	65	61	183	267	44	127	1110	115	447	371	119	549	169	49	401	188
V499	67	282	76	67	286	63	92	4	76	222	117	88	72	148	430	43	348	140	77	289	257	46	5	664	205	206	51	42	69	310	128	191	100	269	159	87	216	14	285	230	482	302	20	74	385	745	126	135	158	456	228
V500	76	294	24	227	46	63	240	23	85	97	211	178	23	129	245	20	211	112	37	259	128	390	209	247	55	176	356	57	149	19	360	254	475	130	136	40	342	150	236	582	898	210	283	656	240	484	0	131	378	556	211
