Source001	Source002	Source003	Source004	Source005	Source006	Source007	Source008	Source009	Source010	Source011	Source012	Source013	Source014	Source015	Source016	Source017	Source018	Source019	Source020	Source021	Source022	Source023	Source024	Source025	Source026	Source027	Source028	Source029	Source030	Source031	Source032	Source033	Source034	Source035	Source036	Source037	Source038	Source039	Source040	Source041	Source042	Source043	Source044	Source045	Source046	Source047	Source048	Source049	Source050	Sink
V1	250	20	153	3	194	161	934	171	267	193	33	149	162	120	95	533	52	175	9	154	55	35	273	84	67	36	71	94	154	321	370	104	126	61	768	89	115	728	77	255	228	12	379	349	75	107	245	32	15	35	87
V2	239	71	21	18	543	558	650	310	50	191	47	231	370	273	10	703	38	319	58	290	5	223	100	124	439	18	96	46	47	203	90	44	1079	340	113	225	121	120	243	150	66	252	207	156	31	123	52	46	546	212	111
V3	728	225	260	25	34	117	555	1127	246	21	135	224	7	118	126	268	110	676	106	262	153	317	102	35	166	113	117	198	19	364	189	38	47	109	145	12	223	6	17	6	170	123	169	224	289	13	195	27	531	15	328
V4	43	10	1	105	22	540	363	100	983	188	75	91	330	349	228	123	18	54	257	401	118	54	19	112	79	99	1514	177	163	572	727	612	128	16	40	209	139	163	27	79	308	167	227	209	394	157	174	129	211	225	28
V5	413	392	244	165	111	325	170	486	249	139	205	48	55	426	223	244	149	481	83	37	12	484	551	185	161	220	185	498	372	198	17	252	122	235	152	352	334	137	131	339	466	135	343	112	105	159	26	445	431	1	381
V6	53	69	309	487	429	248	358	130	38	446	66	129	562	31	200	146	82	346	310	497	40	252	135	517	101	805	292	824	118	126	429	216	115	362	23	231	275	353	183	204	89	193	57	247	32	104	123	15	84	187	86
V7	371	357	482	1	59	366	82	146	147	454	261	102	422	31	52	488	285	40	380	202	75	76	6	59	29	174	953	88	326	124	62	150	365	311	448	56	363	181	119	491	42	68	122	249	385	20	66	302	37	45	355
V8	39	65	101	598	186	198	207	353	128	183	252	12	75	116	109	139	132	20	145	279	57	6	104	198	121	107	27	48	183	10	97	424	261	46	28	16	363	51	288	249	164	24	570	437	58	141	209	259	121	93	71
V9	163	64	3	34	790	66	558	256	255	90	198	189	0	89	290	34	140	32	233	118	38	24	13	74	135	97	118	206	80	288	645	329	257	152	238	562	96	104	30	20	45	203	29	500	237	92	13	109	129	176	92
V10	40	68	158	62	16	194	200	101	2	189	359	27	62	490	131	635	99	39	119	330	292	218	88	27	216	611	92	99	61	198	329	126	380	82	143	125	94	519	43	46	125	145	32	9	107	38	180	146	396	31	92
V11	5	24	121	2	299	211	33	46	711	132	156	329	113	48	288	104	64	561	254	37	13	194	180	141	807	311	168	958	109	431	210	428	1	28	62	158	56	14	265	543	465	533	70	81	203	197	247	366	122	418	48
V12	94	49	114	194	53	4	92	141	65	52	145	426	717	0	32	325	119	218	390	160	142	18	252	191	6	14	19	33	89	59	91	409	37	357	306	69	108	152	111	141	56	70	7	53	65	31	267	53	114	67	42
V13	49	9	99	681	19	95	162	11	215	889	93	79	18	526	9	76	352	176	94	134	253	15	344	215	167	69	3	100	315	5	5	19	202	143	878	39	82	426	229	25	387	526	406	17	221	45	82	94	51	32	43
V14	191	248	263	98	375	16	105	11	6	39	22	16	5	1	225	24	472	190	337	63	114	30	187	47	130	459	37	156	102	88	88	291	86	8	580	248	110	496	32	149	260	625	958	456	164	234	66	44	37	375	216
V15	132	54	91	83	292	80	88	597	4	222	60	273	332	135	521	155	184	25	293	77	18	127	83	2	67	128	101	114	87	267	322	1238	92	573	116	20	12	104	13	241	103	56	347	155	44	154	955	176	398	156	93
V16	122	454	31	64	189	50	106	221	295	580	43	21	16	24	486	383	221	32	722	19	131	282	219	403	54	13	137	167	17	131	227	49	76	124	512	161	573	783	100	178	224	33	174	17	181	910	148	59	234	42	346
V17	289	8	170	241	1133	186	156	267	68	238	975	71	15	3	328	85	25	425	27	182	87	191	209	0	29	306	11	76	109	141	87	152	315	247	266	19	450	22	224	442	55	374	300	358	119	91	15	43	138	558	64
V18	127	118	75	24	352	45	573	279	95	35	14	3	220	178	163	171	234	553	30	146	269	160	506	50	108	13	287	116	63	102	113	249	329	686	85	254	39	85	89	19	168	280	140	27	79	87	130	51	44	157	120
V19	371	129	150	370	308	3	72	19	86	279	855	375	196	196	209	416	261	71	158	64	732	33	196	199	249	88	39	312	152	253	65	255	20	65	35	48	283	98	153	271	80	32	109	109	694	524	238	88	369	393	172
V20	259	454	59	519	75	315	152	138	2	59	835	721	26	97	342	133	599	42	238	349	531	402	138	237	94	31	398	190	332	328	305	97	275	44	652	243	14	0	392	40	335	84	123	488	249	640	220	98	42	352	406
V21	28	37	37	187	103	17	93	136	37	13	30	37	439	311	426	105	694	172	80	323	1544	62	279	33	272	127	93	16	127	117	182	38	42	402	449	177	46	79	144	1224	751	570	483	903	221	29	102	55	62	109	50
V22	164	9	15	410	30	39	524	38	2	134	23	93	49	189	75	315	111	134	384	0	27	300	32	42	112	6	73	388	107	329	722	84	5	247	73	14	97	51	69	27	343	71	461	515	170	119	295	10	412	55	52
V23	60	120	24	222	54	321	95	137	501	325	85	123	139	158	60	317	230	15	413	139	762	131	178	149	126	152	129	151	66	265	77	27	121	70	67	385	143	272	305	49	29	5	331	303	183	490	183	6	556	525	111
V24	525	178	135	180	624	592	39	41	43	32	14	92	360	362	136	85	52	61	639	97	109	51	331	281	43	202	234	155	138	26	132	295	126	279	83	176	102	255	327	785	124	63	266	90	23	124	472	143	250	29	273
V25	577	75	163	223	138	89	106	68	173	121	68	74	61	798	66	1548	104	139	29	30	715	58	298	92	40	37	31	64	217	10	9	72	333	189	93	100	42	190	361	735	222	41	101	6	497	287	76	184	80	160	192
V26	262	67	241	91	9	667	112	367	37	180	245	122	125	559	264	111	25	114	184	266	14	45	658	26	400	831	160	45	1199	143	366	197	265	21	267	297	332	531	385	97	755	360	944	490	800	72	524	201	27	187	137
V27	132	76	75	398	424	104	262	145	51	57	215	572	260	917	575	423	122	230	62	2	134	82	67	418	24	199	114	46	29	17	257	113	41	58	111	161	638	35	368	23	216	306	409	235	46	142	41	68	208	3	96
V28	604	32	186	152	140	256	79	34	79	217	659	164	167	62	274	383	39	525	132	108	54	71	556	176	402	77	211	5	211	66	44	333	230	105	95	109	300	266	244	204	84	24	263	299	512	304	402	558	156	111	162
V29	234	109	70	3	462	100	361	41	632	85	35	47	303	124	180	16	42	23	48	357	276	222	185	116	53	544	229	24	2	337	130	113	451	308	211	104	22	101	106	199	130	11	236	43	247	47	13	147	132	194	119
V30	107	157	169	383	397	527	69	260	211	190	433	111	302	117	120	136	10	25	635	7	794	73	493	156	234	90	307	93	139	103	268	34	92	181	169	14	93	230	124	344	109	36	73	371	95	40	194	76	498	23	158
V31	174	160	266	105	48	246	7	423	279	135	42	52	176	278	169	419	44	113	265	67	476	141	23	30	420	40	154	603	124	170	352	196	54	129	84	213	226	63	538	206	216	96	147	43	320	660	536	535	97	44	158
V32	226	158	226	569	29	971	70	387	217	5	143	165	70	89	550	109	89	388	126	170	93	15	4	203	281	246	18	492	18	51	11	55	65	231	62	224	518	305	54	21	153	283	66	233	46	131	208	45	406	3	173
V33	62	20	67	62	44	342	96	4	283	144	119	166	138	250	92	312	13	11	321	169	468	37	71	105	56	138	354	389	573	284	82	638	20	296	96	56	119	131	37	188	293	153	70	25	118	155	146	43	86	211	52
V34	163	575	5	110	323	76	376	322	334	42	233	146	137	112	48	133	101	114	294	120	163	481	65	488	183	95	279	56	321	505	10	296	312	70	82	49	321	19	130	133	2	1451	45	104	50	356	97	668	122	139	465
V35	242	149	374	263	284	173	1462	373	49	116	177	56	24	98	33	228	128	725	166	412	211	74	30	121	34	243	91	17	38	1028	994	199	112	85	500	32	248	57	93	261	388	297	437	401	54	12	173	69	8	426	183
V36	199	101	240	12	119	27	49	294	205	812	180	233	292	854	223	27	50	122	280	67	73	8	262	189	418	438	547	40	288	154	28	64	34	309	134	207	772	16	172	79	80	103	116	215	127	67	239	489	59	1620	141
V37	116	6	401	367	73	282	58	202	184	408	297	314	5	15	191	806	109	245	590	426	182	191	295	95	471	276	99	361	60	356	75	288	110	60	142	580	106	175	142	7	279	285	115	30	411	200	203	499	134	256	55
V38	0	136	71	164	123	217	268	267	129	616	831	26	122	318	344	65	85	81	113	9	83	528	127	859	74	136	195	441	35	46	49	201	50	42	245	716	62	65	20	662	24	74	233	511	557	274	77	4	232	25	118
V39	19	47	577	94	94	352	30	352	415	509	167	602	80	169	22	124	216	391	416	54	124	97	148	53	48	178	5	92	98	218	4	656	0	392	82	541	72	216	145	492	29	56	155	15	121	74	3	97	258	67	61
V40	408	185	22	281	127	124	205	277	121	127	99	110	38	233	121	499	766	449	625	548	320	190	1	292	85	21	207	48	34	184	851	35	138	28	325	230	216	233	681	137	20	238	531	184	19	20	75	129	41	306	243
V41	194	1202	170	7	757	516	30	151	270	131	265	304	5	39	199	100	520	505	9	150	82	23	35	0	79	260	38	52	99	303	357	160	0	296	26	174	421	153	109	521	9	569	22	9	41	218	249	1097	22	124	893
V42	112	767	188	89	192	223	163	246	242	109	456	15	37	349	114	149	270	251	11	200	141	353	41	557	33	41	248	116	82	168	66	597	59	436	303	157	267	4	156	100	35	74	560	164	206	52	159	110	329	323	561
V43	79	8	328	2	182	711	168	459	99	132	81	3	443	121	193	154	24	301	147	194	270	283	191	22	137	20	123	360	49	50	227	476	62	17	164	546	91	32	97	31	197	321	184	534	509	380	168	285	17	480	42
V44	19	90	54	109	157	679	292	38	25	638	188	173	283	69	188	23	247	95	69	252	109	380	178	23	745	35	186	412	101	92	57	133	138	42	65	40	173	45	349	127	291	596	228	300	108	210	364	79	43	79	81
V45	62	131	347	77	68	126	735	219	40	17	19	200	222	227	17	154	82	402	16	4	82	394	787	198	101	37	275	401	243	129	216	257	367	70	332	115	522	2	168	241	4	120	272	267	482	181	291	504	581	121	139
V46	273	723	512	396	379	156	546	49	32	159	25	689	67	39	349	502	436	279	193	40	161	533	750	0	23	47	598	75	12	39	32	13	487	134	219	76	204	111	89	7	266	64	223	609	14	512	37	21	245	1213	582
V47	77	36	23	7	260	108	260	101	64	412	2	90	168	1	18	44	233	62	20	410	41	2	1	325	418	358	443	22	471	342	43	9	655	287	40	722	26	115	144	199	219	419	1	166	857	61	20	153	308	399	58
V48	243	161	345	364	264	45	39	45	0	482	523	415	266	291	60	263	144	113	67	313	14	592	484	352	127	327	271	15	210	369	287	223	119	177	342	216	293	75	310	8	70	221	439	100	346	329	53	361	476	57	206
V49	92	250	81	391	106	21	387	82	57	334	238	325	464	256	81	125	3	23	146	107	42	5	56	78	47	91	434	245	0	46	219	349	189	170	433	197	240	189	18	59	154	112	121	337	23	274	138	119	62	59	234
V50	115	384	562	418	228	241	90	34	180	409	29	203	124	308	396	54	26	341	172	11	94	446	126	519	1	18	8	75	540	210	53	230	83	177	31	199	48	601	215	328	574	669	33	203	236	261	27	312	37	35	315
V51	501	440	4	87	125	2	179	67	900	24	717	842	85	558	44	69	170	272	74	384	317	342	38	126	137	253	191	886	136	242	69	73	176	538	260	142	8	387	89	85	98	142	17	4	942	38	72	271	49	5	472
V52	328	407	117	16	64	340	84	82	131	128	650	109	92	66	259	565	102	327	40	143	231	233	310	18	200	150	375	245	16	362	191	228	311	102	83	44	282	2	74	152	153	67	84	317	474	6	429	231	131	0	347
V53	58	40	16	165	51	10	99	145	239	309	175	20	113	120	218	138	117	532	569	79	457	17	243	12	253	340	91	408	3	54	258	512	105	10	170	14	50	511	11	164	73	53	80	116	74	509	646	338	213	413	63
V54	635	103	261	55	90	95	87	92	579	171	36	344	14	52	251	28	353	79	637	67	378	71	12	260	576	14	60	278	495	68	469	1	97	97	62	27	96	29	97	270	429	170	290	62	63	32	226	105	132	49	200
V55	177	57	140	191	691	201	98	193	167	422	245	218	43	34	217	54	373	322	275	417	58	350	315	225	109	81	449	242	570	600	296	3	16	383	110	51	250	56	57	92	46	669	221	12	251	19	187	45	96	5	89
V56	296	414	12	64	409	397	48	96	58	131	391	247	310	143	217	25	70	20	6	281	191	9	219	679	56	357	77	32	113	30	274	176	164	3	655	59	349	751	23	64	795	85	467	1085	149	41	20	41	38	582	386
V57	5	55	67	303	27	386	46	180	316	161	23	111	101	362	41	439	262	24	154	83	28	447	51	55	152	13	417	123	253	68	57	75	8	30	347	206	218	109	199	168	125	157	392	294	502	82	270	392	136	422	42
V58	181	32	236	372	272	69	320	164	1116	30	142	236	41	72	218	116	37	30	230	36	148	458	231	60	72	422	56	88	172	71	226	15	54	1	189	523	13	340	188	117	225	211	46	113	13	238	86	288	63	28	76
V59	74	102	839	51	325	83	77	115	12	159	964	45	585	4	838	124	73	164	20	106	146	112	103	272	27	717	103	35	111	556	156	149	45	110	98	130	193	740	84	38	15	51	661	31	229	93	43	281	820	74	101
V60	109	458	1028	85	607	348	8	18	55	118	93	32	60	70	134	34	915	15	231	78	13	74	39	724	199	165	140	263	148	89	579	304	40	143	74	30	121	51	99	2	234	419	73	63	11	23	93	112	146	123	361
V61	27	33	587	283	470	429	493	64	135	82	92	41	229	52	231	442	116	247	214	214	44	280	48	51	75	132	310	247	62	111	128	221	272	483	186	5	183	163	616	87	123	131	105	72	68	239	194	55	203	244	50
V62	24	119	78	43	100	310	68	80	620	266	11	0	175	69	0	177	729	203	67	484	70	170	175	446	4	41	235	120	99	28	36	19	40	3	230	167	31	168	117	139	28	35	243	181	322	149	259	203	26	49	107
V63	143	84	404	41	169	220	16	119	199	18	148	54	50	90	37	200	289	369	23	212	105	129	44	40	301	60	13	205	324	100	164	81	171	320	47	97	194	2	6	161	21	395	35	53	1435	136	96	177	216	221	105
V64	63	280	124	102	37	185	568	102	48	124	8	26	492	7	109	5	7	821	252	204	432	63	464	94	305	87	382	118	174	63	226	68	235	22	162	30	69	184	257	47	504	331	10	96	61	83	79	6	159	5	199
V65	1	439	140	0	104	80	65	240	79	329	107	370	206	155	369	169	167	25	39	103	64	510	110	36	137	129	60	327	17	344	94	403	1	125	402	630	728	166	25	372	107	129	459	205	110	758	220	27	270	9	316
V66	57	627	383	91	210	292	40	19	280	344	81	21	31	250	318	255	146	0	352	910	72	581	178	13	754	415	119	78	338	127	84	737	68	305	165	186	73	56	105	70	257	899	135	192	75	98	514	194	4	184	460
V67	420	648	252	142	113	170	453	653	55	167	344	54	86	73	282	123	317	29	827	218	157	358	521	121	257	398	234	398	550	75	10	154	114	445	197	241	80	158	198	727	498	275	72	73	43	157	730	53	161	40	545
V68	77	222	0	441	221	78	549	121	12	230	92	74	26	555	153	58	160	64	70	279	153	100	144	195	49	7	217	698	68	561	448	85	2	367	459	142	92	162	108	169	134	410	644	259	100	101	178	287	257	30	176
V69	301	13	33	34	214	26	218	32	536	475	33	5	278	116	21	25	5	13	38	1599	291	175	276	450	59	128	317	33	49	328	112	227	18	20	156	5	506	127	59	15	45	72	0	18	17	120	358	28	170	370	80
V70	33	374	119	323	6	127	281	179	132	369	26	296	844	190	89	41	457	35	44	136	287	201	40	246	16	21	156	55	17	27	21	59	323	24	37	59	30	110	478	604	274	137	273	235	66	223	343	23	123	237	258
V71	9	324	43	44	430	103	1015	67	136	218	71	0	194	108	294	611	24	261	573	1216	88	289	30	8	90	247	397	148	102	261	183	4	100	691	45	113	826	385	26	15	49	320	297	5	149	56	173	134	96	266	194
V72	33	28	242	141	3	824	127	89	282	32	87	101	501	78	248	48	358	159	426	63	695	10	377	55	71	375	135	25	129	597	170	560	60	219	455	48	430	1	56	239	149	176	53	221	48	100	79	22	222	310	32
V73	77	11	363	1294	156	111	107	43	73	269	82	6	41	105	140	120	0	56	125	48	203	218	2	250	6	82	266	58	395	10	208	1	167	36	278	316	36	233	454	266	40	97	256	118	43	382	38	27	210	122	43
V74	189	49	218	61	13	347	202	65	217	563	233	450	130	75	3	33	192	82	49	363	28	300	168	247	318	282	254	64	241	285	188	715	143	3	12	416	85	220	85	142	65	354	97	258	165	165	299	223	105	39	98
V75	147	12	60	665	18	741	228	335	136	870	47	157	76	39	65	0	311	265	537	1122	145	178	33	148	388	327	76	651	253	80	96	70	90	148	61	36	39	146	119	224	518	3	104	88	116	184	333	730	55	77	55
V76	65	383	395	290	235	196	25	236	217	33	145	68	325	288	240	81	103	3	63	180	130	370	461	153	711	119	40	172	107	126	10	371	40	95	370	72	40	712	273	201	131	60	217	279	92	47	442	241	74	250	282
V77	76	27	87	241	109	25	416	207	92	523	267	15	261	144	65	220	443	58	499	40	51	41	182	201	116	517	93	245	164	19	65	37	35	129	149	141	144	366	455	43	403	29	446	213	392	512	186	47	124	23	49
V78	94	184	46	338	68	67	254	161	74	170	234	289	490	116	15	63	165	157	129	435	87	4	64	227	438	460	92	109	519	0	317	181	37	22	82	123	240	37	612	132	88	41	114	134	514	64	80	118	102	893	193
V79	527	81	85	299	168	111	94	100	48	12	504	211	319	91	332	722	31	478	156	465	99	4	68	879	457	1045	40	27	32	495	518	128	25	85	196	55	1008	257	55	147	661	346	103	103	151	94	48	109	179	4	188
V80	379	244	18	91	227	344	79	160	643	352	282	652	778	355	38	203	140	245	43	30	403	248	158	85	16	189	26	174	208	232	282	48	158	103	1	167	1020	14	416	281	187	132	2148	477	216	372	376	31	190	84	283
V81	337	11	384	31	468	134	139	337	36	353	147	71	280	14	203	366	362	280	156	265	261	48	355	126	68	301	210	315	30	76	19	38	43	100	178	4	43	41	1029	8	243	149	69	7	42	678	31	896	91	70	100
V82	34	314	17	140	13	251	694	243	66	302	310	81	13	88	784	271	69	505	164	57	5	56	82	126	122	38	270	40	190	287	428	429	646	97	464	202	140	136	65	487	449	168	111	2	69	243	259	247	160	89	246
V83	151	4	55	362	199	26	207	374	289	289	654	84	81	347	999	97	220	59	611	222	60	1	46	0	404	385	0	45	271	124	156	141	509	14	293	452	60	213	650	106	788	288	6	100	4	43	222	588	167	75	68
V84	375	240	222	87	46	1	83	254	100	40	190	32	47	12	49	89	108	346	53	151	334	228	563	758	398	35	465	613	72	186	94	177	786	290	232	167	185	620	92	60	257	8	17	278	257	780	86	289	158	28	273
V85	178	43	78	266	377	206	159	178	199	3	62	23	390	6	162	27	6	92	53	415	66	209	400	168	118	298	83	59	408	200	112	109	50	1130	264	33	16	30	239	115	1118	88	72	65	7	16	458	314	190	303	67
V86	213	150	0	183	166	19	228	120	56	221	92	31	122	9	231	18	159	19	214	33	115	113	444	452	9	363	567	61	93	112	445	9	215	404	8	372	30	70	63	588	134	74	138	14	165	149	187	110	52	244	157
V87	50	342	386	555	25	111	332	218	281	152	139	292	24	151	127	83	22	63	172	18	208	235	363	263	87	63	206	11	327	120	209	846	16	12	178	401	0	28	172	18	25	176	411	5	317	121	209	337	70	71	265
V88	233	550	501	295	0	566	40	236	73	184	836	684	64	131	13	158	5	87	143	81	82	434	264	229	591	405	889	65	138	559	114	49	171	229	44	142	184	574	140	39	220	33	337	165	24	101	167	51	220	42	505
V89	39	71	268	152	209	234	124	84	158	171	158	123	183	84	856	147	128	87	101	64	59	94	417	68	131	89	32	378	41	45	128	126	65	223	134	189	249	74	174	77	542	830	97	270	345	143	7	66	86	104	69
V90	45	609	286	386	357	165	742	590	45	13	20	82	179	175	463	140	11	99	719	237	128	151	288	1039	285	176	423	19	167	944	31	20	95	174	80	449	10	27	33	102	295	463	21	128	332	185	390	88	29	376	418
V91	230	1122	198	314	102	46	492	147	214	61	103	122	164	143	232	383	68	126	245	300	214	55	458	38	154	176	747	340	264	182	32	51	247	334	436	107	676	32	18	65	334	27	83	523	287	152	5	166	56	86	886
V92	310	8	40	498	136	29	39	254	68	33	24	150	394	15	47	60	133	208	171	328	64	203	465	272	14	904	106	105	181	50	302	68	406	116	84	234	756	19	26	157	89	52	97	282	812	98	160	353	277	13	101
V93	28	138	806	133	317	144	84	25	0	116	39	44	45	41	99	236	210	4	49	15	76	83	283	30	0	242	278	159	24	145	98	118	146	466	157	108	560	166	143	43	7	74	20	86	107	8	91	96	302	76	118
V94	178	81	12	252	53	0	234	4	71	389	3	318	0	60	101	431	291	203	257	12	146	298	477	40	144	1	26	22	405	79	113	98	309	26	403	213	249	37	53	11	25	377	42	98	178	114	433	130	235	35	103
V95	3	17	293	293	200	124	258	289	159	105	253	155	678	51	31	52	20	235	100	136	36	468	97	46	51	94	152	203	222	303	339	519	76	55	199	330	50	59	40	17	41	136	235	2	8	17	235	23	362	101	36
V96	88	438	93	459	111	93	258	6	47	147	57	632	442	153	549	49	546	198	0	183	316	73	284	35	47	6	95	359	631	230	241	4	167	114	236	241	127	30	94	2	32	127	342	17	174	60	669	466	610	3	377
V97	22	151	3	117	450	2	109	55	1	843	557	555	255	43	594	228	171	70	231	169	527	89	261	107	239	432	89	26	8	77	260	98	40	164	52	71	63	22	19	302	667	62	171	530	63	100	35	427	434	141	125
V98	18	30	367	86	537	209	1016	113	280	282	95	41	555	367	187	52	314	145	153	447	357	27	205	44	0	610	90	803	148	274	50	272	343	160	821	317	178	241	20	49	137	308	95	87	87	330	552	194	191	194	44
V99	35	359	57	277	18	222	183	56	241	53	264	97	347	10	83	83	29	178	108	58	400	164	227	29	44	60	66	127	14	44	283	245	89	293	311	84	40	163	249	160	311	46	88	57	117	456	48	87	62	162	267
V100	0	297	127	18	62	200	72	15	86	633	291	182	61	143	138	145	181	349	2	196	703	8	226	244	305	52	34	180	220	1346	136	531	337	190	473	338	634	176	68	3	379	460	107	580	152	149	223	107	152	123	252
V101	562	170	1	12	954	717	31	222	174	195	217	25	501	157	7	362	605	262	58	107	52	269	725	138	68	301	504	1	105	217	21	249	187	337	2	375	1462	153	73	5	213	54	5	306	315	29	92	79	1248	69	242
V102	242	72	190	192	34	108	281	410	37	83	200	532	2	279	216	148	152	78	134	19	102	526	217	60	343	365	27	286	164	59	320	506	53	59	0	70	346	223	134	132	670	81	147	82	121	38	492	230	180	22	114
V103	139	587	55	6	305	197	412	101	105	39	24	164	195	119	341	469	165	208	126	4	635	187	40	87	31	6	68	180	149	85	300	523	3	94	202	113	97	748	0	180	110	34	166	70	465	171	163	14	96	651	460
V104	276	144	204	204	38	95	126	224	589	89	434	89	693	207	35	567	47	18	38	103	120	251	162	53	45	709	242	7	31	352	91	602	330	14	394	134	127	45	225	302	246	146	329	83	30	233	622	94	97	351	176
V105	40	277	29	384	14	460	115	73	15	66	162	307	52	636	29	262	17	247	86	391	239	58	14	20	554	180	54	263	7	25	656	41	387	145	145	56	73	54	21	8	1	35	6	228	47	66	277	84	493	49	227
V106	205	341	145	359	32	197	239	30	75	200	311	106	236	0	160	135	138	55	49	287	106	226	158	131	29	215	333	158	132	384	16	158	20	62	655	79	141	9	177	30	192	150	77	28	201	39	185	306	647	52	324
V107	142	62	61	274	118	523	79	310	184	171	519	281	64	244	303	300	7	61	62	79	31	104	131	218	135	67	273	144	7	211	135	144	145	250	30	212	35	62	162	33	239	299	36	67	98	638	195	99	21	277	85
V108	54	58	53	67	748	481	146	150	639	4	190	550	126	226	35	160	213	162	6	68	642	10	301	100	7	296	392	158	182	41	166	133	305	216	21	32	117	100	187	387	141	25	37	33	117	412	135	22	344	396	67
V109	159	2	91	292	69	58	48	47	316	398	260	131	74	217	207	72	493	53	25	244	263	138	140	55	90	44	78	586	140	31	131	84	401	4	222	99	450	356	78	197	156	145	278	413	49	130	262	155	104	27	59
V110	685	399	77	122	4	277	644	197	2	162	32	197	211	513	184	138	52	216	352	69	157	561	370	3	151	362	123	240	1115	77	53	114	315	60	504	34	90	1006	80	354	513	717	190	71	63	153	634	45	9	84	452
V111	106	138	299	207	25	276	40	407	39	311	528	155	150	207	233	125	286	3	98	45	230	142	404	177	44	305	459	48	753	123	700	71	42	495	148	135	60	10	25	121	0	711	126	119	223	91	156	369	96	194	137
V112	368	238	190	48	251	28	30	92	39	49	293	523	168	517	182	19	112	440	536	142	15	11	119	1	241	151	312	228	169	134	205	533	58	24	212	72	19	182	61	56	255	799	34	68	229	46	281	583	174	219	249
V113	450	116	592	646	1	486	44	71	54	320	609	159	98	575	315	168	192	288	192	89	98	211	76	14	150	147	75	32	11	172	125	143	655	65	223	351	41	155	551	199	128	89	74	108	100	30	119	344	578	240	206
V114	367	206	177	739	93	115	276	156	19	137	163	98	175	38	143	206	643	156	84	163	316	445	12	46	55	674	35	133	181	27	143	126	608	55	130	270	462	257	542	1	25	132	504	32	118	91	58	232	45	90	230
V115	316	363	636	38	30	233	54	324	242	120	216	27	138	100	113	67	436	34	48	25	156	20	328	367	123	143	59	78	18	160	16	35	36	100	29	40	52	75	131	283	243	204	369	98	327	522	168	18	228	6	336
V116	432	413	63	276	295	28	399	295	309	139	158	262	22	9	193	10	187	693	60	193	55	682	23	206	272	315	20	63	70	120	72	379	79	80	739	101	375	118	75	29	77	255	422	88	796	228	2	316	259	173	397
V117	109	361	15	506	96	166	178	423	403	129	507	124	122	60	163	346	929	195	12	38	229	425	383	142	122	131	14	221	342	520	365	67	22	561	152	208	150	103	11	11	107	393	291	72	69	37	76	54	3	30	282
V118	16	269	356	95	144	20	425	142	231	75	152	79	44	2	559	86	1070	139	13	234	168	74	1012	0	350	211	196	661	182	578	100	181	214	21	215	119	865	36	207	496	175	305	58	38	84	162	159	39	399	423	207
V119	669	627	39	134	35	291	108	82	736	439	213	134	270	170	27	71	213	103	852	401	220	38	91	127	375	979	48	94	111	55	9	170	70	191	87	51	19	480	0	854	82	165	32	116	188	420	93	7	71	370	591
V120	21	335	80	159	294	36	489	125	12	375	50	248	276	19	10	126	31	73	276	54	50	358	141	3	1456	38	317	109	617	378	117	28	163	6	194	716	350	27	597	167	17	361	114	7	435	105	99	364	262	297	256
V121	112	262	107	62	513	113	27	121	429	131	55	55	83	117	129	192	121	673	25	2	241	571	2	161	33	42	44	82	102	53	110	118	30	650	272	560	67	95	68	107	149	242	526	28	314	184	313	170	79	371	209
V122	18	736	71	77	135	274	73	60	307	112	191	23	210	288	8	79	99	260	77	85	1	128	53	3	63	392	68	139	401	126	47	121	235	252	194	500	277	245	562	16	183	59	10	101	27	46	73	675	16	281	496
V123	22	184	692	47	3	103	17	127	212	60	122	45	52	47	148	257	5	482	82	19	24	219	314	118	509	155	28	154	94	123	599	108	208	170	220	185	247	114	97	342	6	384	2	39	16	279	44	51	152	475	142
V124	3	461	142	52	130	6	130	21	101	309	434	463	87	95	60	155	143	359	179	156	19	48	13	627	2	8	326	62	602	74	585	225	37	61	102	88	173	159	58	453	1033	29	74	242	98	65	235	113	403	33	352
V125	380	91	25	356	74	130	9	218	433	356	35	84	141	276	95	990	303	113	72	219	171	40	141	585	370	319	283	113	97	6	7	474	68	27	95	291	568	180	368	125	57	13	22	90	7	351	138	222	438	94	182
V126	331	37	24	43	41	8	474	140	189	18	151	38	854	159	77	280	84	14	78	1	658	198	610	240	14	744	153	145	29	424	144	359	266	28	254	467	5	283	241	100	74	270	31	77	298	349	15	67	168	19	109
V127	70	382	450	321	28	495	5	324	472	887	54	147	11	125	1094	118	3	108	266	369	132	484	313	392	27	17	2	570	565	106	282	343	411	213	335	54	277	44	119	68	158	27	474	258	290	363	105	191	88	395	314
V128	642	233	92	18	12	230	8	58	394	176	663	263	31	245	187	130	308	164	413	260	56	503	60	230	1134	262	76	145	304	213	46	322	18	53	49	6	385	252	201	116	348	98	139	35	149	46	127	351	233	41	293
V129	245	36	247	9	287	32	7	127	373	220	4	199	30	147	64	88	48	7	15	189	287	73	31	690	9	57	30	294	163	152	67	213	225	18	80	194	264	203	31	533	223	298	116	237	298	163	12	632	200	815	114
V130	78	206	124	80	138	195	301	100	282	5	110	146	1	9	642	37	124	83	226	1107	134	74	454	123	152	68	185	161	304	38	64	84	471	7	144	137	300	20	147	40	226	186	164	35	329	94	5	206	5	53	178
V131	227	53	40	48	122	91	420	892	85	193	45	48	140	95	588	345	309	91	200	49	46	210	196	54	203	13	502	691	90	169	94	124	311	95	140	382	42	51	7	30	437	28	6	477	193	231	626	493	185	119	115
V132	30	57	11	7	707	226	231	46	692	218	283	190	118	269	39	158	29	206	954	30	43	15	242	443	122	470	217	41	111	120	264	186	241	45	472	216	205	291	170	180	166	189	307	241	41	379	69	443	13	26	54
V133	357	167	78	4	649	475	285	189	75	142	261	404	107	121	180	545	50	12	141	18	21	410	577	158	66	15	719	257	235	49	254	174	450	146	131	254	12	352	20	732	52	751	128	35	186	53	5	20	305	201	215
V134	119	132	35	124	381	85	410	84	77	165	671	24	41	68	102	235	22	258	444	286	115	277	152	529	25	5	11	20	52	1	65	34	0	96	258	657	72	203	85	71	226	1	120	74	132	3	23	216	282	211	132
V135	337	69	116	265	148	275	340	84	93	463	166	111	79	9	184	67	80	741	290	182	125	373	294	711	465	63	268	19	188	316	241	36	453	67	155	463	273	33	250	71	140	459	201	360	125	289	324	80	72	49	136
V136	167	172	55	173	847	120	202	175	63	144	214	108	351	91	66	10	34	691	194	68	58	124	150	305	79	93	201	97	96	306	2	54	246	62	5	38	254	16	150	155	33	573	24	22	516	17	22	221	99	65	167
V137	198	187	30	6	28	259	117	181	55	60	344	44	173	292	188	147	114	10	64	386	390	447	158	10	126	121	446	99	285	134	106	113	273	184	31	146	472	115	321	214	0	35	43	84	20	191	36	70	121	46	169
V138	142	159	56	88	38	104	135	41	20	212	32	114	67	11	19	62	83	297	32	262	309	244	12	36	249	495	27	183	143	11	326	59	111	98	64	37	116	45	4	236	64	852	92	617	341	267	158	650	155	180	165
V139	75	48	65	161	265	19	558	133	187	462	201	194	205	103	8	35	181	226	457	124	275	72	387	673	5	93	10	475	56	35	71	211	383	690	12	309	0	565	336	382	1450	176	271	561	452	30	158	78	173	755	72
V140	270	190	154	172	4	184	248	78	4	287	289	389	11	177	66	326	63	214	16	275	121	281	108	62	15	167	154	481	4	456	75	292	133	156	400	61	16	118	115	483	330	261	82	516	184	147	209	465	142	229	202
V141	34	288	166	271	144	21	252	341	146	156	127	3	551	73	306	145	49	394	314	64	125	256	42	22	468	103	238	237	658	302	24	117	623	20	280	84	38	173	62	56	342	112	26	567	116	250	5	1	118	40	227
V142	137	26	21	390	22	399	121	48	380	101	83	198	16	137	69	101	109	63	11	160	47	118	428	21	157	20	330	52	524	8	151	8	188	5	107	127	483	134	108	40	139	59	53	219	180	137	365	31	173	18	53
V143	266	150	897	72	521	11	946	722	204	107	2	176	30	3	228	160	75	127	51	220	146	36	98	119	97	19	289	25	189	39	55	766	217	67	49	343	123	226	310	53	382	166	42	472	187	24	54	300	578	5	179
V144	60	14	108	137	39	214	449	100	41	274	42	84	248	143	38	306	734	117	48	511	253	296	387	118	531	593	257	454	287	73	53	295	10	148	81	78	19	84	174	119	65	328	198	8	725	17	223	151	114	133	35
V145	516	367	667	282	140	357	169	13	291	244	24	8	2	656	59	213	364	383	355	146	10	325	211	111	64	262	236	616	444	147	256	149	24	93	87	368	38	84	9	9	177	275	180	79	226	118	171	15	14	225	367
V146	61	40	152	162	162	241	54	29	281	104	78	221	177	251	20	358	178	17	136	307	180	522	20	348	89	211	138	164	56	213	156	24	45	90	76	52	98	244	303	193	267	70	357	657	337	237	155	72	4	48	47
V147	121	67	131	41	354	339	703	373	575	15	6	50	208	121	384	48	20	12	136	18	692	29	28	67	88	298	40	176	411	316	231	77	43	302	663	125	488	551	68	218	117	143	767	209	171	137	58	81	125	260	87
V148	173	192	11	222	226	132	30	190	234	114	419	754	389	73	91	290	498	402	75	100	10	319	50	315	2	275	220	105	677	6	124	81	596	258	20	64	26	598	224	19	164	18	880	24	1673	407	236	170	69	3	189
V149	331	212	49	250	199	101	386	21	248	41	113	354	47	319	121	444	1109	50	67	103	4	94	89	43	377	56	157	243	77	358	1	33	399	199	101	23	117	141	170	23	711	119	676	128	3	81	120	298	156	31	238
V150	225	426	66	36	120	132	272	58	43	251	194	115	181	36	151	103	273	17	163	607	173	249	62	296	395	364	242	70	405	169	616	128	708	110	333	10	614	122	36	350	5	163	378	210	47	439	834	383	90	266	356
V151	53	264	221	382	20	433	343	129	208	63	213	310	95	296	438	823	454	118	356	30	16	80	17	651	37	171	32	0	100	6	11	440	169	190	10	158	56	109	275	154	195	28	69	17	34	256	102	340	71	40	210
V152	61	319	85	11	124	254	28	164	24	41	48	329	156	114	299	105	41	335	217	26	151	251	133	63	5	81	238	186	59	603	190	212	41	15	56	15	170	63	121	127	533	153	93	420	165	4	272	494	445	7	235
V153	112	409	59	31	244	42	256	34	421	172	522	129	318	100	154	77	33	148	317	360	404	230	0	257	222	30	450	95	30	526	22	23	7	254	111	243	518	306	204	148	262	237	63	9	42	165	201	356	138	184	294
V154	147	63	217	175	30	433	322	217	75	205	133	617	98	68	53	23	200	419	121	432	477	16	274	13	8	150	3	620	241	193	143	49	399	963	124	26	67	234	149	97	53	762	76	31	373	127	318	85	331	58	90
V155	168	25	10	39	103	417	17	22	135	51	542	52	327	14	5	161	10	180	23	479	165	150	54	145	19	86	290	80	396	608	43	173	175	234	247	328	193	117	274	91	279	71	85	105	86	201	430	404	231	344	83
V156	283	76	74	215	189	151	252	117	50	216	125	387	345	66	89	217	15	41	44	220	167	130	102	89	127	4	12	79	148	140	318	173	135	773	9	292	64	232	60	41	47	482	473	56	82	2	1143	14	8	156	136
V157	70	22	316	34	226	462	272	94	66	212	418	132	122	170	82	185	596	344	384	278	303	1105	1	569	638	164	190	9	35	336	178	150	387	155	271	81	14	41	32	789	161	93	176	43	30	109	22	173	59	147	55
V158	0	162	62	105	36	3	84	43	274	445	229	59	42	54	139	178	1	222	12	323	6	246	270	53	171	483	787	26	112	537	483	30	132	175	996	1097	35	45	354	87	416	112	92	60	440	477	68	156	38	493	127
V159	97	34	10	383	95	83	135	32	284	524	522	110	380	75	338	25	38	445	116	78	1	1	75	8	17	209	814	135	592	95	88	156	220	45	279	517	166	291	446	122	53	1	116	634	381	77	99	158	199	64	59
V160	626	120	445	258	77	130	13	349	175	5	106	348	1	68	86	348	517	17	504	161	155	169	558	90	679	107	74	171	530	262	41	892	19	479	0	502	174	39	25	160	105	136	64	132	880	49	141	94	21	48	221
V161	374	86	235	8	36	29	20	91	98	14	797	22	42	143	41	40	97	203	95	131	385	597	71	202	349	1	8	412	254	58	205	28	23	53	24	112	235	127	105	256	14	17	235	1	285	70	298	75	75	205	155
V162	28	361	13	28	23	199	109	510	16	45	46	5	33	156	94	219	78	101	298	83	157	23	121	90	819	175	22	349	202	65	337	289	206	164	713	4	23	139	625	48	249	100	73	172	149	98	15	25	313	245	266
V163	222	63	129	35	5	76	44	10	156	217	487	15	575	190	186	142	421	399	126	79	343	118	206	234	190	326	18	58	94	27	71	1062	42	440	269	274	175	87	110	175	8	7	206	510	123	143	227	63	27	790	99
V164	288	67	92	270	98	133	164	25	12	358	37	13	216	121	278	34	52	348	10	76	298	67	279	863	222	10	108	133	53	316	415	250	446	442	222	336	287	2	347	741	211	43	33	272	123	32	7	35	69	632	130
V165	4	153	99	97	187	28	9	0	227	4	267	343	57	0	45	44	138	195	22	1	66	330	75	440	256	215	169	37	572	12	4	480	291	58	2	24	84	12	230	429	453	238	81	152	93	189	739	438	381	15	143
V166	436	67	13	44	998	271	209	46	675	110	61	360	472	19	568	164	351	155	12	259	138	65	164	26	135	53	122	236	116	22	442	175	278	10	18	58	401	320	814	336	197	608	74	115	0	142	2	16	24	291	171
V167	363	124	102	439	297	47	217	52	413	453	134	354	67	81	54	66	293	94	90	34	428	20	15	42	150	4	241	315	705	268	171	48	18	108	34	188	183	109	126	123	114	251	41	340	549	590	45	164	481	50	175
V168	176	42	389	59	92	69	170	399	665	15	82	119	65	788	206	6	730	272	114	503	210	319	355	37	113	181	138	261	66	62	33	164	135	174	132	370	68	88	527	253	37	110	7	49	229	435	327	283	376	194	97
V169	200	34	155	9	44	115	132	135	135	23	463	480	70	203	65	191	16	626	15	54	147	216	1	138	383	155	35	11	90	141	185	326	31	224	265	87	83	288	160	546	432	158	25	121	172	91	24	692	550	95	85
V170	29	173	27	26	51	264	185	57	16	49	158	108	251	21	791	119	565	208	192	72	88	373	136	74	71	146	185	129	285	155	212	94	1	4	243	34	120	7	122	14	72	111	242	163	225	151	113	340	176	101	165
V171	171	109	703	511	56	680	163	1	159	137	89	27	16	389	239	1192	160	217	329	49	295	141	103	46	615	279	84	167	147	5	535	56	80	453	12	127	3	258	311	490	62	14	12	147	71	265	393	201	94	118	121
V172	9	62	210	392	203	43	484	63	35	23	99	52	86	428	10	543	80	175	119	221	8	58	70	450	143	410	1008	174	20	114	20	129	164	39	103	220	60	762	56	3	103	37	65	8	571	45	142	520	355	359	81
V173	63	96	240	161	458	62	662	135	137	263	295	121	35	375	8	101	82	27	7	84	135	114	35	35	43	734	236	122	40	128	225	71	30	75	163	1	424	63	483	582	222	63	502	292	211	24	164	448	398	62	86
V174	56	258	30	19	146	503	398	36	3	26	96	361	86	222	157	12	117	198	122	684	432	58	374	1617	130	295	303	50	75	47	86	107	140	132	93	32	68	42	174	71	70	45	609	254	944	312	105	17	192	40	216
V175	173	343	48	18	163	215	65	195	112	114	35	249	81	71	132	182	136	236	126	106	288	25	31	263	247	285	11	282	332	55	15	76	420	408	157	299	259	619	216	55	567	68	509	35	14	99	387	433	64	16	270
V176	34	55	581	431	253	13	229	517	259	25	74	163	53	258	0	372	12	236	583	31	105	170	53	174	29	8	65	51	61	50	43	2	59	697	83	207	151	922	110	109	103	293	111	530	34	453	21	293	43	963	67
V177	210	46	114	60	162	204	715	490	59	541	217	144	331	317	8	29	93	124	47	43	364	301	22	66	58	133	385	91	47	16	2	393	61	60	66	189	327	0	259	127	26	207	102	181	40	149	138	28	42	4	99
V178	8	328	151	245	435	86	896	352	52	66	4	67	142	129	387	11	92	297	221	378	216	62	191	487	311	217	287	80	99	61	54	159	31	450	330	14	214	337	126	553	176	716	68	278	5	84	506	68	364	204	256
V179	827	379	17	185	93	111	98	113	65	1398	174	221	53	24	81	68	169	228	169	34	174	291	36	10	101	298	310	217	822	38	96	365	191	31	256	497	131	7	212	761	56	176	8	168	443	306	113	59	36	57	462
V180	216	669	50	203	1	643	41	374	92	14	95	231	0	166	166	47	394	582	31	3	12	42	556	531	253	26	291	223	62	80	87	64	53	553	77	46	182	5	61	21	13	482	158	51	80	74	184	36	442	360	512
V181	56	107	459	9	4	554	122	257	291	118	217	53	461	19	130	38	422	69	54	7	34	100	204	235	296	131	264	379	684	139	131	47	225	514	69	8	74	33	114	280	19	41	416	43	70	115	543	36	294	544	83
V182	261	281	12	412	150	374	34	13	812	43	175	156	114	11	213	158	17	760	246	229	174	346	382	64	115	192	721	85	8	471	320	53	50	368	153	142	32	842	73	52	253	176	290	77	154	559	598	352	240	89	275
V183	233	82	149	427	67	43	136	186	76	168	51	61	25	181	0	55	781	218	119	307	46	19	486	239	50	4	7	22	22	138	106	144	242	76	24	50	6	243	559	267	56	372	97	69	58	181	350	41	7	182	114
V184	591	235	19	215	54	159	64	128	25	398	439	205	66	250	250	176	53	50	277	589	48	61	13	131	438	185	26	86	472	56	173	267	45	8	317	399	254	236	171	205	135	75	77	136	128	198	77	497	603	114	320
V185	166	32	243	11	99	270	73	207	2	53	76	538	207	61	31	242	209	255	83	40	60	40	70	84	40	262	188	38	273	32	182	212	23	428	325	184	339	229	629	43	149	59	117	17	49	106	77	178	147	38	67
V186	338	345	163	113	368	803	243	107	38	400	25	9	48	180	125	395	71	23	246	165	159	375	343	405	116	234	77	658	23	26	146	41	47	32	642	36	351	3	331	116	267	316	213	219	10	44	330	55	174	111	321
V187	225	103	413	314	497	67	55	144	127	87	451	22	868	76	584	18	85	316	280	234	445	92	502	200	152	154	257	481	27	743	46	51	84	369	67	133	17	67	1	71	68	189	156	392	110	94	46	507	349	283	147
V188	86	142	17	375	9	113	294	95	153	532	210	777	258	80	103	403	84	246	12	341	16	96	691	218	6	170	359	5	121	686	507	10	208	73	408	65	20	341	367	39	93	87	86	24	26	122	96	27	1319	233	151
V189	113	200	98	728	95	130	35	266	336	5	104	496	209	358	98	13	93	554	199	135	526	63	49	1022	31	22	299	256	25	129	91	262	84	18	66	258	32	620	8	876	147	203	260	282	127	6	34	37	128	594	187
V190	40	108	124	60	167	144	156	2	283	252	120	93	177	14	149	176	244	114	391	81	691	139	275	354	51	7	13	218	14	254	126	728	459	598	395	242	253	197	12	196	11	599	175	71	10	1027	119	347	71	240	120
V191	234	442	133	191	276	411	289	249	138	35	443	203	181	106	125	85	448	3	835	262	96	196	189	369	190	160	67	323	98	131	377	196	116	894	15	45	45	199	67	240	497	74	483	109	106	250	4	443	180	50	394
V192	17	223	185	293	84	154	21	187	172	12	71	208	282	101	44	144	357	154	37	316	324	103	2	292	24	109	13	78	138	26	5	300	750	180	65	547	59	102	73	128	4	43	215	64	204	135	72	89	2	114	179
V193	373	87	91	186	128	81	74	6	173	176	73	165	8	227	371	328	715	62	93	72	382	47	73	157	154	260	569	293	262	123	294	44	90	196	978	157	0	22	172	297	86	0	56	487	0	41	132	250	578	397	141
V194	26	106	99	342	487	224	223	842	436	105	283	10	137	114	122	10	43	160	26	295	227	60	83	297	124	653	565	716	121	186	131	184	77	302	45	366	252	394	155	53	212	403	121	132	47	209	84	70	540	67	116
V195	459	51	109	63	182	217	88	573	41	203	302	50	62	52	39	254	103	68	390	24	61	0	130	250	141	93	30	250	39	60	65	4	209	267	201	24	111	396	427	54	419	471	387	233	555	157	68	752	57	341	138
V196	141	35	89	34	61	89	483	307	157	234	397	149	54	403	168	7	63	23	264	820	77	265	34	72	409	240	36	883	215	384	72	249	49	3	300	48	220	137	387	200	155	0	99	37	658	353	167	24	389	294	73
V197	237	216	235	286	138	117	31	101	73	11	513	89	59	674	22	43	3	422	284	8	769	123	55	62	80	125	329	62	236	253	129	149	662	57	208	54	74	332	348	101	156	576	430	80	18	239	532	228	52	193	228
V198	16	420	262	31	354	37	83	636	229	83	76	133	146	191	286	296	111	18	106	859	129	46	11	202	474	128	333	15	43	5	148	327	220	269	630	301	373	53	245	463	412	38	21	71	1031	179	75	489	82	22	310
V199	16	644	88	230	619	8	307	170	494	690	33	302	170	143	385	79	239	66	145	0	69	817	68	90	7	744	31	181	655	0	530	244	315	130	102	205	511	310	55	58	17	86	56	151	145	85	95	101	66	204	470
V200	72	9	443	999	113	52	195	320	52	176	32	100	45	531	11	71	61	7	164	106	124	32	205	156	4	307	10	384	255	16	138	85	56	40	641	200	157	218	77	84	8	299	615	162	379	74	192	99	29	8	48
V201	23	710	105	40	718	376	98	0	386	95	585	779	121	113	55	297	27	196	150	148	337	522	3	211	293	191	417	74	35	79	548	7	96	3	78	422	111	55	414	147	166	99	43	588	104	294	46	1	136	187	493
V202	15	196	228	81	145	271	135	349	294	103	76	659	141	21	1	37	46	19	100	22	124	65	425	198	662	84	327	518	30	192	95	238	0	195	27	240	451	620	113	16	775	129	25	38	25	174	2	12	56	288	142
V203	229	197	709	203	341	388	568	33	428	91	155	143	108	73	24	72	120	858	234	712	99	335	69	824	36	150	71	95	396	55	81	133	34	303	10	115	344	156	16	25	512	341	508	93	222	160	13	53	7	437	203
V204	132	85	0	96	174	78	380	19	186	893	194	254	74	410	250	91	261	167	316	1046	301	208	285	309	319	215	68	46	22	143	103	307	174	11	138	471	82	99	586	464	83	377	219	20	175	30	112	215	114	41	104
V205	566	68	210	112	249	30	9	16	1	80	226	760	142	42	131	50	121	209	89	39	70	498	53	14	57	55	169	448	123	216	1	1242	64	117	126	222	25	9	121	271	17	311	302	423	47	36	316	295	35	384	193
V206	16	74	268	55	257	31	9	111	207	63	64	216	13	772	76	262	191	93	356	247	260	32	187	378	36	43	17	159	116	263	353	237	78	309	51	76	288	36	174	166	116	103	307	142	818	402	63	123	191	364	77
V207	187	400	106	247	412	49	94	105	721	566	186	109	102	302	374	43	68	76	30	263	58	69	97	168	223	40	144	535	27	171	71	58	121	384	146	128	281	289	31	603	326	87	326	663	658	14	110	285	153	171	346
V208	127	44	22	36	263	68	62	174	268	267	30	102	323	6	71	244	72	259	349	303	224	26	76	1	67	427	87	140	174	191	56	97	6	229	31	404	109	209	142	173	408	167	125	174	5	221	115	502	188	521	83
V209	424	157	61	58	94	147	12	156	175	60	43	161	114	52	171	116	146	522	41	88	640	653	73	419	311	188	27	60	443	1	669	436	13	47	25	12	398	115	136	65	1186	137	807	25	18	2	103	234	54	71	202
V210	183	17	27	246	68	615	8	71	16	178	70	54	152	7	477	471	393	207	151	498	100	171	377	41	32	296	901	262	352	6	326	118	298	131	133	212	43	354	54	218	295	445	210	217	483	496	57	19	261	498	76
V211	315	311	110	455	53	126	5	106	51	75	174	253	250	25	78	80	67	53	284	730	26	60	425	52	352	82	16	131	543	429	45	84	227	168	50	328	245	219	4	92	50	490	45	36	218	200	84	512	217	818	298
V212	46	131	212	220	17	25	77	240	573	131	11	587	136	546	32	67	152	138	67	153	517	62	679	137	78	100	166	355	118	6	690	45	119	264	63	322	229	262	364	143	169	417	124	380	10	464	126	134	268	64	121
V213	264	68	116	124	83	81	183	26	66	107	257	188	199	1093	15	104	299	295	252	239	34	24	172	64	552	331	33	34	2012	153	158	225	154	370	257	510	133	192	74	83	201	260	870	474	415	73	238	147	42	22	113
V214	33	101	7	158	19	2	19	116	127	211	494	173	26	10	40	41	119	167	17	3	699	205	227	168	22	59	158	131	160	275	379	183	97	9	655	306	69	339	81	10	463	109	197	52	206	210	442	12	772	147	95
V215	20	22	108	104	198	433	317	387	16	377	235	62	39	24	48	3	60	107	12	64	142	166	82	0	261	28	170	48	190	189	144	723	90	33	112	1315	297	366	43	26	43	105	32	126	166	336	32	57	13	70	48
V216	150	343	39	70	66	88	5	240	27	13	365	13	34	295	2	4	144	171	74	157	8	332	591	69	17	46	46	57	112	19	67	232	71	232	84	378	43	26	44	38	98	57	58	28	25	145	25	45	640	471	309
V217	1185	11	302	176	152	262	178	116	51	178	510	77	119	264	253	933	115	233	43	364	1116	26	12	183	14	31	128	68	24	313	56	29	490	103	9	591	368	204	113	177	360	975	140	129	314	53	48	151	511	31	271
V218	417	422	223	1	269	531	164	100	159	260	33	393	8	230	423	24	44	279	121	1275	121	457	23	130	20	121	239	47	316	148	107	58	219	108	354	261	16	293	301	270	158	34	107	9	76	116	41	388	23	404	432
V219	153	58	342	289	398	299	65	10	8	22	62	2	115	171	150	45	524	85	35	44	580	130	119	155	220	108	140	247	398	125	30	90	12	96	303	18	108	47	151	297	416	18	224	2	110	340	392	224	689	133	94
V220	242	31	771	20	125	379	308	246	566	87	308	180	79	203	146	223	413	60	2	647	109	5	830	71	159	274	328	448	11	839	278	245	26	10	103	29	228	132	29	43	285	73	55	73	232	2	303	153	332	124	90
V221	36	315	262	282	339	89	174	206	33	10	45	105	284	75	200	208	198	378	474	418	15	362	737	84	484	129	211	422	121	90	132	166	185	451	133	169	93	47	180	83	83	208	130	48	164	15	111	92	11	119	236
V222	744	15	39	14	174	492	427	206	366	77	118	554	5	124	756	171	445	77	35	132	845	132	19	402	97	69	35	253	14	16	200	201	474	88	389	151	192	219	63	1092	118	80	61	254	282	161	411	306	1	294	187
V223	162	113	39	69	132	29	43	87	257	30	109	115	142	241	292	48	542	319	132	307	1125	819	112	323	168	504	98	149	107	160	218	446	589	150	135	80	382	177	135	60	95	89	296	156	206	51	147	273	517	332	129
V224	363	305	40	388	189	128	105	200	225	132	32	134	491	216	254	114	493	708	220	83	143	407	646	500	249	45	141	156	726	19	10	5	570	531	19	45	42	235	227	84	93	63	180	180	49	14	204	226	371	442	307
V225	202	77	484	67	229	219	9	135	174	213	202	345	346	429	407	156	20	129	67	18	123	201	66	106	101	755	49	99	246	331	417	47	54	95	677	258	70	58	529	125	24	263	614	328	25	45	468	188	24	148	123
V226	153	720	44	233	134	281	164	64	106	339	46	97	89	151	50	171	36	109	229	389	166	187	624	258	234	5	44	109	203	131	205	5	52	141	301	132	140	200	134	31	204	228	23	451	149	9	118	76	773	28	554
V227	157	655	295	17	164	1	334	661	334	1055	193	267	508	112	56	270	174	57	8	145	50	414	44	66	14	169	34	26	30	204	29	58	20	600	200	52	159	98	438	16	113	301	482	303	25	82	430	380	88	17	468
V228	259	177	598	75	221	393	713	58	120	75	44	322	139	529	95	17	530	77	626	41	309	317	42	60	32	673	2	155	107	490	383	134	56	177	466	9	111	232	72	185	138	123	176	157	224	430	39	57	77	411	185
V229	160	117	331	174	355	150	314	620	434	88	472	2	225	410	226	146	7	600	99	54	60	32	39	102	77	11	64	97	47	31	174	265	14	260	243	41	415	475	0	236	124	155	79	77	19	340	266	47	126	186	132
V230	79	38	169	4	349	373	31	76	7	86	412	497	907	69	548	28	46	228	339	262	139	70	82	40	1016	565	148	385	108	237	131	279	20	768	389	520	383	434	275	96	458	730	3	13	639	119	79	154	1057	380	59
V231	1375	240	174	164	417	3	236	1003	75	186	29	409	108	223	135	337	15	26	43	289	137	78	386	32	10	70	54	299	186	76	437	82	85	1	53	285	447	276	189	373	357	114	60	259	54	195	210	80	32	550	504
V232	229	70	465	142	46	58	1	237	16	75	31	40	67	198	62	546	103	169	198	168	203	641	30	443	302	13	13	48	33	143	54	177	136	70	656	262	127	18	242	103	117	194	535	198	72	183	903	547	48	9	113
V233	288	59	661	56	287	81	110	100	366	233	199	784	178	161	662	93	391	23	310	568	413	601	6	549	77	68	70	428	275	19	155	341	85	165	7	273	51	256	77	16	28	22	524	49	5	226	381	437	176	357	128
V234	423	209	184	5	698	42	1	262	107	602	44	197	654	118	131	199	183	53	15	245	9	43	69	263	207	10	354	107	123	41	198	52	398	32	122	74	69	147	156	18	130	22	37	272	251	49	142	209	4	224	263
V235	68	45	319	217	2	529	360	56	141	353	102	394	264	100	394	316	42	20	195	410	402	339	348	174	200	84	183	57	9	197	172	277	296	34	212	83	8	162	249	495	263	50	457	305	305	189	453	270	205	16	59
V236	29	426	14	4	33	103	3	80	146	218	33	214	357	48	19	289	142	246	73	48	65	22	50	47	315	252	56	208	220	467	165	220	8	16	1475	181	66	48	163	89	279	327	46	39	154	34	86	420	18	229	317
V237	180	87	145	192	45	286	16	36	42	46	139	689	66	71	118	252	94	39	626	270	224	24	201	203	88	63	72	133	174	564	139	117	215	296	21	528	79	780	94	174	57	283	186	126	67	38	36	210	41	340	141
V238	79	183	114	262	163	661	172	276	61	93	434	219	176	319	100	305	4	110	126	116	76	199	31	432	508	46	391	10	75	306	192	487	156	54	317	223	31	53	276	13	355	75	276	11	56	18	16	747	44	339	155
V239	61	167	142	537	269	596	21	33	172	350	283	18	267	251	87	384	389	5	86	231	54	86	43	16	183	112	42	120	177	60	161	93	462	147	48	318	141	92	54	246	14	26	1	13	193	198	55	98	732	112	158
V240	147	575	106	109	281	389	112	52	210	521	98	66	144	379	64	240	69	18	622	199	18	239	214	27	310	163	352	274	147	342	565	3	17	173	65	328	91	38	142	54	1199	535	132	92	233	33	196	140	123	158	461
V241	16	73	34	74	254	798	30	131	18	11	68	192	97	13	8	37	58	315	151	207	26	547	34	78	61	70	56	275	167	231	131	85	10	531	499	2	586	278	42	60	145	607	34	12	26	184	484	3	99	375	61
V242	105	121	419	212	304	211	17	311	795	87	0	284	718	255	266	41	82	183	185	284	343	503	131	63	59	10	18	234	282	47	91	36	118	192	164	148	179	149	18	369	53	81	69	34	70	31	114	459	186	216	108
V243	16	88	258	51	294	467	41	175	550	559	176	8	4	799	470	356	71	113	6	440	98	61	21	104	122	188	348	385	17	33	434	13	590	242	70	129	199	379	624	268	367	456	323	531	78	236	187	128	403	211	93
V244	97	214	20	207	22	359	7	47	26	310	88	595	310	80	76	542	3	494	29	40	126	25	68	39	16	588	640	117	229	133	15	28	309	412	249	476	87	22	9	326	396	387	30	377	73	245	65	318	540	162	202
V245	77	217	617	45	118	266	275	292	338	106	7	205	808	270	37	167	10	115	1567	150	144	80	95	37	67	218	656	30	94	105	96	70	525	16	256	420	295	74	7	33	35	192	209	323	315	69	302	258	484	173	191
V246	59	866	52	103	1	120	354	56	258	78	1	83	108	93	324	137	62	501	483	33	218	572	150	146	7	46	13	41	230	20	277	81	51	77	85	75	157	118	463	67	81	251	66	68	418	176	256	21	108	69	599
V247	13	320	110	643	290	50	416	158	105	30	182	322	194	4	38	299	126	126	497	28	211	113	112	87	154	60	82	75	292	177	210	294	622	186	167	61	7	603	150	123	10	42	69	658	80	134	131	128	216	130	260
V248	2	23	15	56	498	241	344	398	668	385	1	311	63	512	442	94	81	920	57	175	133	132	104	37	110	31	53	266	93	148	764	187	49	502	387	22	26	113	57	38	296	129	472	6	135	10	448	13	167	222	35
V249	497	549	184	560	104	4	33	84	162	50	50	110	715	170	179	235	380	186	857	97	167	337	189	253	93	123	118	323	5	133	114	74	53	154	135	431	69	254	50	222	15	155	83	376	155	59	87	12	34	118	483
V250	305	101	3	660	77	161	78	61	516	39	64	226	488	171	94	263	167	283	94	143	30	116	103	5	118	85	424	126	51	16	212	288	149	112	384	227	212	500	354	171	278	232	173	193	271	174	460	11	10	77	145
V251	82	13	125	43	226	159	153	15	13	342	198	225	961	414	605	120	112	94	80	7	149	662	271	213	587	20	134	212	229	53	597	186	206	118	433	586	23	72	85	61	908	71	278	139	107	399	225	143	366	24	54
V252	256	132	236	27	23	156	121	29	171	52	389	6	53	179	23	173	161	719	168	488	503	281	146	403	50	127	24	68	684	325	58	440	93	393	442	47	527	189	327	95	232	218	16	381	229	209	130	83	52	34	162
V253	52	140	139	253	68	180	86	17	135	458	4	37	89	190	50	17	488	306	60	472	289	273	65	14	853	136	501	199	24	137	232	3	23	84	91	312	500	963	181	110	267	356	4	313	171	54	492	19	177	539	145
V254	32	51	341	17	163	96	49	474	203	232	163	386	103	135	6	77	90	28	44	438	15	127	324	39	215	234	146	82	295	40	78	469	503	67	414	145	233	449	25	46	404	280	165	16	110	318	137	150	138	74	72
V255	150	12	16	382	290	20	1	84	276	5	373	5	243	229	49	439	51	18	1025	71	824	282	80	260	560	248	373	337	180	1	197	135	311	270	80	239	95	14	64	73	61	41	182	2	44	136	167	292	338	61	63
V256	488	95	13	4	37	33	105	95	311	23	350	189	44	409	382	209	227	252	0	128	626	207	65	327	126	92	7	103	95	393	170	23	280	319	351	188	11	201	94	42	24	128	75	508	5	34	276	249	170	146	199
V257	10	706	216	149	199	351	27	65	248	319	55	644	159	286	34	2	108	385	127	14	13	97	134	55	58	80	59	119	76	772	199	694	64	15	163	29	230	37	293	269	812	55	27	81	85	335	28	166	255	97	547
V258	295	457	43	254	176	91	254	117	263	185	366	133	200	327	520	100	150	1175	52	66	2	452	278	192	154	204	542	382	132	128	621	160	36	102	69	362	90	237	349	18	104	409	42	549	40	74	72	226	86	402	416
V259	40	238	215	205	47	21	24	41	9	57	217	99	33	350	289	197	104	9	94	56	337	104	81	165	165	101	84	281	188	9	145	475	380	146	321	191	40	68	359	471	33	215	146	438	34	125	60	682	120	122	184
V260	272	149	83	460	187	45	42	216	71	409	687	153	537	102	374	23	203	503	166	190	501	782	541	145	115	76	3	189	665	12	773	56	225	280	86	223	69	233	121	33	204	2	6	36	513	37	542	16	60	322	174
V261	136	390	366	27	698	17	82	317	275	67	158	225	227	4	36	36	44	308	11	349	633	153	61	528	145	171	61	230	133	9	236	7	770	126	36	343	154	101	143	192	195	219	342	2	109	56	129	515	93	7	325
V262	20	402	208	214	118	34	228	161	384	151	429	154	28	247	282	86	286	274	87	36	0	214	0	6	98	18	145	321	60	181	364	193	133	151	111	133	109	270	113	178	74	49	449	94	31	55	223	104	457	113	300
V263	35	742	13	676	403	12	121	241	52	57	165	22	311	272	161	277	120	47	21	70	274	83	246	468	112	323	228	70	152	255	112	51	87	291	78	66	12	457	233	51	223	343	266	1	358	198	636	220	5	24	550
V264	633	442	43	43	193	65	74	415	190	165	671	206	244	233	322	51	12	87	575	33	144	44	18	358	129	152	24	297	765	6	75	94	350	861	69	367	92	69	175	60	57	15	256	241	429	6	445	167	901	160	436
V265	7	427	26	21	63	165	50	59	56	2	254	16	87	221	28	342	506	25	0	28	17	423	144	471	76	159	110	111	64	99	180	342	67	75	107	76	25	75	206	123	132	468	397	41	593	469	64	33	7	569	287
V266	162	4	383	65	534	114	555	20	696	26	328	17	102	49	31	552	42	398	208	161	121	189	131	148	455	54	551	553	371	35	85	156	62	136	221	312	62	130	33	3	140	160	29	65	70	5	56	48	139	11	55
V267	73	471	657	451	124	14	346	234	49	786	241	48	392	65	34	88	94	212	444	126	368	156	148	25	241	52	351	139	87	34	16	188	326	62	21	59	1287	129	23	83	336	26	99	58	106	30	226	99	41	909	352
V268	11	9	4	64	7	102	729	35	0	320	217	13	112	253	998	349	725	12	135	386	95	19	343	294	109	350	170	335	412	311	80	216	340	249	23	531	12	35	26	31	42	423	236	120	432	430	94	434	388	155	46
V269	29	237	201	171	211	19	129	241	10	202	98	77	82	140	408	37	186	54	115	22	280	20	112	28	20	117	11	54	918	70	243	262	124	47	165	138	11	4	1318	315	396	381	154	37	188	576	78	48	91	2	199
V270	217	516	62	96	130	69	72	65	241	329	81	56	32	180	242	155	288	50	2	37	271	60	257	91	248	117	24	263	154	46	201	58	173	37	256	259	102	209	1328	57	86	2	24	38	210	507	649	258	184	139	448
V271	170	356	55	263	885	192	435	99	108	420	310	277	298	396	29	74	167	0	196	209	72	62	0	253	139	12	52	18	103	316	155	277	137	170	68	83	15	400	124	73	200	241	38	157	34	267	415	20	34	231	319
V272	310	5	8	35	51	232	150	100	278	99	114	834	166	274	63	225	37	74	144	74	188	124	134	86	226	247	179	190	97	73	32	29	239	72	32	243	148	117	124	393	505	399	229	1001	211	162	27	449	73	161	87
V273	308	93	75	316	394	400	7	851	118	5	321	10	120	71	150	446	16	119	64	43	368	339	96	135	41	148	379	122	31	125	56	43	156	195	412	97	99	124	196	291	109	111	11	178	20	263	568	553	129	171	147
V274	27	84	39	68	196	351	16	146	331	67	75	63	38	54	151	137	690	86	171	46	653	182	149	262	2	148	571	475	34	23	18	241	748	27	71	209	274	154	170	52	159	423	409	109	193	15	40	105	317	80	89
V275	210	336	149	34	109	255	243	92	352	423	91	9	169	32	399	117	45	69	411	513	442	15	105	491	269	112	476	33	142	89	469	148	45	53	219	90	467	196	106	58	727	175	2	31	181	471	101	18	427	267	284
V276	98	119	173	285	2	521	159	163	175	252	31	21	13	331	208	11	190	173	287	98	212	107	255	76	53	624	947	1041	228	268	748	21	279	357	16	163	251	413	368	81	40	21	6	27	54	143	284	43	173	114	142
V277	212	86	213	309	12	547	114	57	269	451	142	101	298	94	47	304	175	95	501	35	27	501	129	30	38	175	160	26	625	207	159	14	28	208	20	248	307	60	665	297	125	290	102	101	36	45	313	351	195	41	128
V278	46	226	63	19	283	199	64	228	146	89	480	221	648	170	133	987	127	275	96	441	167	313	163	129	22	174	153	204	48	254	311	383	470	527	148	20	40	131	247	298	127	308	252	211	248	2	270	7	54	213	196
V279	6	45	264	257	566	94	357	18	197	189	169	32	254	436	210	9	697	66	339	174	148	43	389	97	351	418	50	235	50	235	101	37	195	467	38	27	290	8	295	16	163	44	523	128	271	5	41	136	6	61	56
V280	305	123	133	117	1174	20	154	19	187	34	324	155	148	3	102	59	93	109	326	165	143	401	101	408	296	109	12	78	859	367	485	11	2	57	289	97	177	52	19	58	44	44	206	480	174	132	51	76	34	656	137
V281	253	34	427	681	593	25	257	233	92	264	364	159	700	25	267	33	306	759	16	91	243	349	190	46	107	124	324	353	440	57	145	115	4	493	461	14	107	7	51	472	24	43	138	324	133	133	619	3	383	159	105
V282	199	351	217	33	8	61	294	43	162	287	69	172	190	301	104	135	33	217	288	3	615	149	192	52	26	72	185	284	93	33	82	320	385	71	174	89	81	19	42	40	481	177	475	58	338	216	791	55	432	24	310
V283	129	6	78	67	162	32	4	119	26	470	511	19	166	62	23	67	5	233	293	22	651	251	77	24	323	134	202	176	210	46	303	1	10	475	120	7	9	77	686	155	216	19	52	106	6	614	367	366	184	155	48
V284	53	45	765	19	69	145	77	651	64	286	105	146	539	195	45	137	85	20	150	97	50	42	171	75	11	222	112	199	38	114	667	316	29	132	213	63	90	66	105	292	312	631	85	199	204	555	11	697	45	78	62
V285	53	43	0	446	525	332	67	574	136	242	15	144	406	118	139	905	419	32	21	35	228	189	93	39	55	216	677	37	102	184	105	156	102	204	34	21	432	87	18	91	158	20	93	18	442	67	314	7	390	139	58
V286	421	6	142	448	877	416	115	132	207	68	165	209	311	101	130	186	116	106	111	407	110	78	373	162	81	67	25	64	187	356	193	61	226	613	176	102	16	196	16	71	205	256	99	81	54	384	925	653	240	100	122
V287	105	54	52	233	94	93	600	364	47	194	201	68	294	142	85	303	50	270	55	644	26	159	90	54	284	148	304	261	180	177	445	16	148	998	109	273	42	147	16	38	62	79	322	144	199	96	443	26	90	39	73
V288	55	317	40	48	263	35	628	2	111	465	174	55	206	277	166	286	2	1084	250	508	249	306	66	280	1	133	84	4	172	159	351	197	151	133	53	82	445	378	183	25	62	115	192	14	417	252	18	278	163	81	260
V289	58	373	159	311	10	316	30	282	95	98	112	29	207	332	38	21	789	157	483	226	147	586	41	84	463	145	62	23	43	12	208	189	383	254	126	65	524	281	218	215	182	252	103	259	74	148	95	239	275	102	293
V290	10	510	79	254	6	232	428	401	195	518	43	187	97	16	0	128	32	36	316	10	38	195	78	7	423	5	30	198	7	320	124	351	264	91	92	6	150	210	40	311	226	237	194	72	361	48	25	5	386	138	380
V291	174	345	14	248	646	162	173	141	684	210	159	86	94	24	117	570	43	26	89	33	12	397	284	413	153	88	126	110	271	486	74	389	332	39	41	18	5	246	190	29	397	41	271	91	429	420	301	309	224	82	317
V292	25	116	33	122	610	23	794	510	91	85	51	70	47	140	183	406	799	438	57	67	171	52	24	89	404	286	278	346	242	1	267	281	245	520	167	253	299	176	259	129	5	275	610	291	3	98	62	52	415	891	114
V293	45	202	252	146	291	3	169	33	47	249	239	98	305	11	250	123	206	219	94	90	231	43	292	247	96	158	102	148	35	67	687	320	301	35	44	106	158	153	835	777	204	593	127	121	8	65	1054	284	151	213	179
V294	930	36	240	46	81	173	44	503	92	54	92	87	238	99	113	450	369	56	667	705	233	97	77	747	116	279	155	104	205	76	35	3	97	96	31	10	64	23	123	124	236	186	86	18	84	263	121	310	106	705	218
V295	65	3	32	68	247	198	0	68	29	161	347	47	17	18	139	492	122	43	161	98	348	443	571	127	74	733	153	270	145	71	104	122	56	84	57	49	115	20	32	1	184	194	98	144	31	189	20	139	176	376	33
V296	356	38	13	33	105	231	0	347	120	158	12	103	495	896	106	78	8	2	6	110	99	479	16	5	557	467	18	164	373	132	17	22	678	322	162	238	297	118	199	376	8	141	413	259	51	98	42	510	957	410	129
V297	335	353	225	182	66	179	9	1	145	31	213	237	203	524	448	124	520	71	275	137	39	36	27	858	87	674	332	187	651	310	189	50	4	598	111	364	357	107	174	60	27	168	541	307	19	359	232	331	95	138	333
V298	33	99	121	251	270	54	32	6	43	147	177	57	79	116	363	88	80	222	85	403	273	6	260	422	14	39	637	11	198	12	39	14	435	228	6	46	148	431	77	128	6	40	75	28	331	1078	158	19	30	117	79
V299	274	256	83	23	184	617	133	120	57	54	97	15	10	467	230	138	171	340	32	29	543	315	67	104	197	107	109	74	105	10	26	119	83	62	129	101	199	373	121	1059	275	53	98	67	286	22	292	143	267	313	249
V300	128	146	31	143	378	92	87	4	21	130	68	152	19	628	35	126	35	111	72	1	116	11	75	33	341	216	4	79	85	228	141	54	175	288	16	446	24	79	250	340	92	160	108	89	43	355	3	193	311	128	135
V301	779	71	245	193	415	156	259	1137	53	288	358	90	900	25	270	35	181	86	213	232	82	73	1	188	0	48	36	283	19	21	23	24	35	291	155	339	720	35	303	27	383	47	58	32	4	443	89	58	478	402	254
V302	21	302	16	451	32	308	202	21	114	90	459	211	247	21	682	507	656	139	68	40	304	138	374	6	131	334	40	108	484	59	194	181	10	147	220	232	96	47	236	220	694	490	8	98	99	110	569	518	8	68	247
V303	319	47	67	9	31	27	242	223	263	208	382	161	77	68	7	137	318	181	212	252	2	272	162	130	469	46	27	32	200	83	188	306	97	158	64	94	28	39	46	14	124	214	190	64	166	304	274	159	184	32	124
V304	268	43	6	482	665	129	153	393	178	64	61	75	111	34	81	145	41	10	83	94	158	335	178	134	437	71	197	204	484	168	71	42	148	191	156	483	5	128	129	166	256	331	293	257	278	319	145	452	1354	400	117
V305	76	32	355	117	209	139	105	109	42	23	31	385	272	159	6	159	58	30	611	451	115	541	254	219	368	76	13	317	57	452	180	282	556	79	350	793	122	248	443	435	264	14	471	200	29	61	55	4	40	81	52
V306	153	395	86	33	168	889	2	51	107	54	59	540	311	584	57	700	258	226	424	212	181	34	105	461	70	680	642	377	12	136	9	56	92	251	272	183	101	838	0	50	2	268	177	0	109	218	72	45	72	254	313
V307	94	380	344	82	325	342	179	752	61	92	11	171	87	57	358	100	213	24	271	54	171	83	135	11	702	81	79	502	65	58	258	2	198	84	166	221	57	27	106	168	105	152	132	473	28	64	85	10	47	86	286
V308	103	75	266	241	41	425	784	569	322	4	11	257	52	10	99	257	1129	492	364	5	203	166	331	141	98	120	181	737	679	126	26	474	388	247	331	55	344	65	84	567	644	16	157	57	38	334	78	123	113	15	87
V309	572	256	240	736	277	210	857	45	131	144	146	13	1222	211	32	22	591	122	50	62	63	522	111	95	33	90	121	120	399	373	2	133	296	319	14	278	362	167	40	119	22	578	6	837	393	93	214	138	412	13	355
V310	71	127	264	199	734	109	296	42	594	231	36	189	21	25	115	227	331	90	3	268	77	33	188	170	189	96	374	89	42	14	38	430	82	81	134	135	3	193	806	270	29	243	520	205	123	226	168	52	295	51	113
V311	93	344	107	35	68	52	363	9	26	544	58	199	472	107	29	704	190	25	170	352	50	159	81	273	259	141	518	251	90	111	71	226	385	99	179	14	320	749	1137	18	41	314	56	16	146	4	302	81	179	607	292
V312	36	43	299	205	211	31	303	57	640	80	240	35	77	51	129	385	31	185	4	90	38	328	120	84	277	181	39	84	152	11	22	245	181	185	230	232	100	60	204	406	20	5	106	477	182	325	26	517	585	97	64
V313	750	160	94	46	723	344	14	407	66	154	15	170	14	272	114	12	534	140	54	329	152	40	162	241	56	160	100	106	18	145	10	7	56	11	18	630	219	142	87	107	41	78	70	35	448	213	15	23	110	397	297
V314	2	315	86	135	63	900	97	74	429	119	357	89	44	519	160	182	481	45	29	74	433	89	95	19	160	266	172	82	7	292	73	283	184	335	431	716	429	342	57	892	906	17	82	155	283	309	41	9	239	95	256
V315	40	235	324	130	299	122	261	247	440	78	350	195	64	389	80	186	163	448	813	149	119	106	48	414	71	15	11	218	8	341	47	53	177	65	3	48	227	411	269	434	147	148	859	25	327	217	63	74	260	88	172
V316	40	63	105	166	40	390	546	80	319	513	30	208	66	41	53	556	140	16	16	408	291	81	186	37	516	21	20	445	49	47	323	245	267	39	229	181	127	181	6	43	15	212	81	33	225	257	500	43	336	289	68
V317	213	428	815	399	18	75	44	383	207	61	20	98	275	520	54	52	464	105	49	33	406	109	83	52	495	43	15	771	118	149	211	28	1327	608	623	425	520	69	95	48	20	49	929	113	157	18	37	123	593	175	400
V318	87	155	151	9	30	181	197	21	388	209	53	199	66	155	46	301	71	311	136	949	3	198	5	48	47	684	101	146	282	246	41	429	382	48	794	249	50	175	12	24	6	342	299	147	92	58	689	195	6	276	139
V319	25	197	516	29	31	215	27	13	42	88	1161	491	62	272	21	357	410	93	21	87	15	269	18	260	9	171	267	6	320	136	178	504	182	248	285	62	271	185	261	8	32	233	340	82	80	170	561	130	162	303	159
V320	48	100	555	105	454	74	630	173	209	4	128	297	42	136	30	189	72	52	53	122	54	329	379	21	46	279	48	13	284	511	323	215	333	159	113	112	25	237	196	28	112	29	106	201	295	40	12	371	358	139	93
V321	291	58	78	143	103	67	141	314	695	58	61	20	356	591	203	107	16	130	279	79	12	222	142	112	22	81	17	407	343	166	104	44	172	31	15	178	220	33	4	967	180	236	225	312	628	31	67	518	223	270	128
V322	70	7	474	23	469	66	170	130	188	117	9	271	278	11	26	396	30	248	204	367	27	221	81	23	97	204	87	17	156	39	50	144	168	124	95	103	24	142	57	210	72	154	39	17	238	15	46	177	84	176	24
V323	79	80	45	191	275	82	479	297	373	102	422	11	486	198	505	21	410	241	196	332	2	206	366	685	102	15	274	3	25	42	284	139	135	178	610	415	586	16	115	9	58	67	194	229	142	142	324	8	560	52	66
V324	43	141	334	253	145	89	184	13	440	207	30	100	143	3	104	60	188	498	117	86	12	24	204	33	159	655	89	31	103	13	72	602	143	196	10	117	231	438	513	32	188	65	761	28	323	370	302	49	52	185	120
V325	17	219	307	35	128	103	23	659	559	66	199	363	9	212	131	422	293	3	174	7	36	34	1	99	90	67	104	483	116	266	567	215	172	135	8	601	49	194	367	361	90	122	42	712	8	286	309	154	313	133	192
V326	146	244	251	686	14	275	657	20	550	66	83	13	627	383	170	241	251	261	454	374	75	238	97	12	13	302	30	318	219	142	225	197	557	675	393	76	48	39	33	139	451	389	73	251	150	403	206	290	251	707	231
V327	160	31	23	496	759	95	537	182	239	10	123	433	89	353	150	148	177	190	83	245	101	88	324	257	212	274	146	12	36	587	334	4	220	166	25	572	8	14	142	16	81	649	35	48	95	32	649	747	455	58	78
V328	298	76	114	528	158	46	226	144	1518	47	201	224	25	13	6	159	381	495	241	93	89	25	99	17	151	259	124	241	465	56	183	63	541	107	23	23	578	121	75	494	47	165	51	91	26	32	139	750	102	30	135
V329	14	41	83	254	168	5	115	24	175	55	2	53	4	358	545	29	70	72	46	62	329	118	489	137	206	38	37	83	14	186	991	35	128	540	106	70	450	312	89	253	335	64	550	146	321	40	53	14	75	17	55
V330	123	59	84	263	96	122	310	139	781	28	462	0	291	194	59	142	196	352	41	35	3	32	394	324	100	76	166	263	37	52	2	612	42	162	459	214	536	233	131	497	27	225	203	75	71	436	337	43	253	137	80
V331	28	241	188	32	49	6	68	47	312	37	1161	18	73	258	325	17	151	404	155	44	391	147	413	16	9	155	47	46	19	42	846	44	523	41	568	352	74	146	271	49	168	209	509	348	295	121	287	40	168	69	196
V332	35	15	166	9	529	79	1	13	460	300	10	168	7	518	286	49	49	25	64	51	36	489	643	213	175	199	354	162	45	137	41	477	138	188	15	295	80	298	108	170	64	187	9	316	514	256	57	281	109	206	32
V333	76	24	159	20	269	166	617	981	243	0	14	135	185	48	759	174	2	200	199	113	220	67	160	18	77	8	171	108	169	182	166	121	117	74	215	1	367	174	912	68	214	16	26	342	110	467	338	36	164	177	45
V334	136	225	447	51	230	195	104	67	90	42	96	69	29	35	151	10	106	68	194	248	54	481	1	379	150	1356	131	138	35	164	0	551	488	104	234	20	93	521	945	78	314	76	99	133	11	27	107	18	193	760	194
V335	108	320	331	13	354	30	53	153	233	2	19	213	519	59	366	18	496	169	132	40	111	266	138	58	4	125	7	94	192	152	49	608	531	18	0	253	104	738	635	24	109	137	227	228	48	111	43	443	272	138	272
V336	212	428	84	34	295	413	128	239	1	2	91	468	399	773	157	264	284	36	128	584	199	576	13	11	104	197	36	17	342	0	266	99	46	281	83	13	25	541	217	362	272	51	208	249	25	243	101	395	121	6	388
V337	119	155	37	16	9	106	746	387	256	32	114	151	269	382	428	327	7	33	39	99	381	364	334	160	22	44	563	133	22	87	155	74	173	279	27	12	469	122	435	4	26	96	361	80	113	80	89	397	238	70	143
V338	17	280	148	108	78	65	170	689	180	35	74	69	126	118	68	288	51	12	8	374	83	5	215	111	182	161	25	21	458	61	162	158	1039	332	150	69	45	201	18	225	287	118	32	150	132	179	723	114	830	216	256
V339	100	133	109	45	261	31	289	1118	170	86	80	185	1	20	95	151	239	147	101	256	246	187	413	0	790	76	174	95	40	268	208	22	183	46	138	105	250	415	37	114	219	122	38	80	8	912	8	117	55	147	149
V340	237	13	218	278	138	271	309	88	19	59	206	266	28	5	644	111	59	42	56	615	156	133	233	122	42	14	106	535	199	299	213	47	956	1079	31	6	406	322	152	11	53	13	154	178	813	344	28	31	190	171	71
V341	350	449	13	43	124	177	43	211	35	304	135	202	499	567	103	154	60	164	81	101	542	20	116	17	35	386	36	208	7	613	16	635	5	41	156	131	10	124	37	0	243	234	395	297	272	217	106	205	199	369	401
V342	15	207	63	212	114	47	120	33	167	140	146	94	225	233	94	101	84	85	85	22	9	467	317	347	203	122	257	136	14	37	519	397	392	85	160	168	263	515	76	135	97	268	13	369	197	204	65	55	102	922	151
V343	299	65	399	103	108	20	64	473	28	363	1133	169	93	0	172	51	156	142	458	54	214	81	256	173	54	533	139	22	1005	157	492	465	338	69	103	223	210	179	345	375	182	181	11	508	88	219	81	192	249	335	138
V344	5	91	667	200	24	197	558	210	316	256	60	23	324	193	194	454	301	225	480	97	66	96	5	24	13	244	12	431	295	366	77	14	223	169	105	310	88	11	26	201	134	155	341	236	574	17	395	144	232	159	83
V345	99	41	65	154	265	445	217	75	586	376	184	195	216	29	219	104	42	68	257	88	101	411	15	24	34	86	95	111	60	222	299	201	13	4	381	102	472	351	40	112	26	23	84	12	45	18	295	994	5	293	78
V346	351	34	232	84	79	87	87	68	179	520	478	20	1134	12	78	18	55	357	321	10	362	49	178	66	139	150	72	229	213	27	537	126	127	89	105	830	263	197	160	44	42	2	292	827	205	59	33	223	21	100	131
V347	145	402	8	115	239	160	196	59	106	318	452	191	106	223	193	45	6	350	136	260	316	451	271	419	333	95	939	393	96	44	50	9	292	18	301	157	3	448	65	77	125	98	159	145	16	42	4	151	4	269	342
V348	53	425	73	300	55	2	114	133	261	123	386	96	59	112	24	133	1423	325	118	407	40	267	37	97	91	29	74	233	47	279	168	120	38	397	4	23	307	171	6	151	387	243	480	106	141	306	142	252	44	9	348
V349	73	550	118	918	95	196	497	107	93	110	8	429	107	299	82	30	271	206	198	38	3	201	218	38	438	13	161	108	77	355	19	5	68	154	305	11	159	297	17	308	519	28	68	363	254	623	321	8	206	126	408
V350	137	82	832	43	642	1301	54	214	99	97	74	188	36	56	452	151	187	42	63	183	445	247	74	32	883	286	386	654	22	66	87	182	37	157	245	100	78	167	470	152	163	30	115	968	170	110	181	341	147	336	119
V351	238	49	1978	90	127	47	62	44	113	193	363	1807	66	78	86	2	48	110	80	94	141	116	110	215	620	42	124	266	133	92	112	277	193	234	165	475	6	402	84	119	76	108	139	93	130	151	83	129	734	33	123
V352	26	39	190	31	180	44	266	49	48	174	212	173	198	98	9	265	123	207	119	137	102	312	296	25	261	114	343	27	313	487	106	24	280	155	208	538	441	69	267	93	80	81	636	447	51	192	18	255	241	154	55
V353	596	443	34	62	474	20	281	22	5	141	136	107	28	183	271	81	1	67	453	349	47	66	193	353	199	17	97	200	67	312	49	46	25	32	70	97	280	676	2020	50	157	114	193	143	92	108	220	61	3	32	430
V354	77	29	203	63	55	54	26	57	41	185	25	15	159	209	164	268	211	145	107	114	103	147	5	181	715	31	36	633	462	420	25	6	158	42	501	898	105	64	238	162	144	36	193	325	66	744	449	55	502	10	51
V355	183	32	350	18	54	29	368	337	550	354	177	211	398	159	68	348	224	58	227	273	85	1	422	31	54	79	330	423	80	349	83	90	181	655	317	251	335	355	189	6	77	772	318	79	240	271	106	173	86	11	78
V356	3	2	10	38	46	191	447	692	24	305	498	312	112	232	11	341	136	394	247	105	261	38	267	25	194	107	141	143	9	76	182	96	380	29	5	108	85	31	138	102	35	127	39	61	815	212	24	94	51	602	27
V357	318	73	235	472	538	301	62	3	30	6	81	205	36	72	1255	97	137	84	242	86	576	45	462	171	20	460	24	164	620	172	39	586	82	44	722	201	284	101	24	193	785	202	278	12	113	98	5	116	190	49	137
V358	207	118	418	88	92	124	90	273	229	410	194	53	139	170	413	99	1	376	234	12	144	312	2	180	446	332	279	195	188	196	713	240	43	297	403	84	269	483	17	392	365	243	122	249	169	463	514	136	167	122	149
V359	31	64	678	296	31	19	227	61	131	308	170	419	86	19	7	165	529	1161	7	62	532	371	236	119	57	617	575	114	34	389	595	945	37	223	63	330	714	116	24	7	36	356	108	576	36	290	26	191	131	14	72
V360	23	434	0	352	107	137	5	95	88	22	123	17	82	162	606	56	6	116	96	8	105	8	99	150	110	296	31	37	283	271	86	61	19	32	262	865	365	21	23	108	143	608	239	16	67	324	53	352	166	174	338
V361	113	245	114	54	64	93	476	403	396	199	275	3	723	179	347	165	241	253	135	306	1	110	12	64	167	496	165	35	10	223	35	520	76	22	113	232	124	16	151	559	34	58	89	40	61	16	351	337	89	178	216
V362	209	81	229	66	93	122	16	274	226	214	122	387	2	493	265	187	243	413	781	166	112	112	12	13	32	504	200	91	872	18	112	197	452	372	108	302	126	15	35	251	506	1	253	137	63	120	373	11	81	66	123
V363	36	17	342	36	106	204	329	41	70	74	19	217	103	35	8	239	121	46	595	9	22	117	189	566	409	400	703	247	144	132	137	424	52	164	79	52	4	42	9	415	129	335	306	322	128	67	704	58	110	29	33
V364	110	743	106	188	41	46	10	913	191	208	82	1461	193	27	23	43	5	101	302	129	488	195	209	154	189	49	622	14	163	111	778	81	60	103	99	119	208	187	127	123	97	433	181	106	359	21	317	206	1045	76	553
V365	311	26	406	418	378	9	57	572	268	181	169	241	650	85	54	490	18	15	45	364	312	102	80	51	470	145	173	72	119	356	381	48	48	3	54	299	333	549	262	4	32	63	118	236	211	18	69	2	339	77	105
V366	428	128	87	871	137	21	89	403	70	82	4	192	128	112	490	260	134	34	312	54	315	296	575	111	332	64	327	174	277	206	37	65	74	192	101	534	304	343	150	470	24	72	142	257	27	239	25	101	219	184	211
V367	191	59	187	23	296	627	11	19	216	363	112	50	69	358	477	110	123	148	41	77	56	133	230	252	590	602	387	27	177	996	105	66	218	182	163	364	13	7	46	346	180	131	73	371	134	83	73	161	81	554	91
V368	163	154	362	186	257	257	540	25	71	69	34	246	178	7	112	308	22	243	290	46	199	58	35	233	356	15	39	172	176	10	23	230	85	278	232	86	132	276	220	127	145	304	14	256	182	104	116	231	15	442	177
V369	391	320	314	67	35	61	120	10	140	19	597	438	223	124	38	142	343	151	58	181	566	17	167	3	109	108	164	542	12	236	78	132	230	98	184	116	4	16	93	89	7	17	145	945	198	100	217	159	26	717	299
V370	152	177	174	413	8	187	140	376	126	358	150	53	187	302	188	54	563	808	158	160	115	75	105	2	447	107	43	98	277	706	29	37	475	153	61	437	68	521	277	405	97	14	79	83	272	93	570	462	69	116	177
V371	143	26	58	542	267	141	40	421	491	499	57	107	151	129	311	92	84	115	108	107	65	420	300	55	112	224	167	675	166	316	53	22	443	53	600	474	163	254	432	196	41	116	528	44	230	567	297	646	46	472	72
V372	692	597	183	72	190	399	230	142	117	83	670	257	116	170	85	193	541	124	407	371	71	83	274	20	501	376	43	72	87	278	707	109	111	150	35	381	485	30	184	137	287	171	146	654	246	141	348	416	46	477	579
V373	53	208	170	73	274	502	175	145	330	90	28	508	73	79	175	590	562	93	219	228	8	787	70	249	27	117	98	329	106	803	131	75	17	117	305	29	202	613	355	192	38	133	37	124	215	172	17	72	135	68	167
V374	400	494	44	82	16	272	198	29	474	16	63	85	210	56	152	85	995	131	30	460	111	109	63	320	181	11	1099	70	108	40	159	59	146	122	111	507	156	94	81	281	185	76	1	14	275	141	1	126	6	86	444
V375	11	82	11	123	33	31	84	17	316	126	26	38	79	169	353	195	31	242	284	24	7	118	22	363	444	2	108	181	767	259	31	290	199	22	645	498	416	27	174	22	324	293	199	29	279	135	711	7	61	131	74
V376	213	368	199	92	5	99	78	6	47	132	3	149	308	497	74	189	106	97	17	19	79	26	634	125	21	662	434	31	37	248	249	894	330	47	191	40	111	492	61	266	138	231	60	739	206	155	564	39	427	208	305
V377	449	527	88	31	52	10	144	294	398	61	207	154	27	122	13	67	443	346	384	218	16	302	7	555	148	199	372	134	247	688	135	27	278	497	256	15	20	129	80	155	95	62	36	174	107	85	122	67	60	38	475
V378	75	606	11	82	90	78	141	361	79	664	91	525	336	159	210	347	121	101	215	274	341	14	318	223	821	48	112	384	269	308	406	352	20	49	496	81	208	15	135	118	178	132	78	576	262	70	128	118	638	224	473
V379	82	85	1	192	69	198	76	481	448	111	38	163	1125	108	133	13	223	503	113	407	168	503	202	146	620	667	1396	698	36	8	239	188	475	270	80	78	19	131	78	56	21	316	43	77	114	664	479	154	358	339	102
V380	438	10	302	105	152	78	154	230	429	746	278	175	230	174	54	9	411	128	264	226	76	133	783	331	22	35	39	131	175	119	108	375	57	1065	8	913	225	82	115	80	15	33	89	294	40	87	203	95	446	121	128
V381	79	215	221	0	396	92	42	560	109	4	471	404	3	67	72	64	101	52	278	128	88	52	5	530	42	145	400	114	61	26	69	42	129	10	197	68	98	145	175	113	253	29	683	115	17	322	62	54	54	21	177
V382	109	155	258	32	124	567	34	85	56	51	187	127	25	26	416	145	164	175	300	144	237	335	15	337	126	16	160	24	130	105	338	70	118	2	3	39	8	64	36	430	572	224	130	388	12	26	228	222	352	262	146
V383	38	143	142	409	115	315	86	138	74	7	47	922	308	317	43	407	92	243	243	10	83	444	43	36	26	477	411	174	200	62	510	171	91	518	12	505	118	70	677	74	9	495	155	271	402	234	238	3	399	736	124
V384	127	22	109	333	289	0	208	908	231	188	199	260	234	152	77	59	379	1074	152	82	767	686	48	7	284	136	243	138	308	29	204	75	174	82	518	151	6	591	244	64	104	103	645	18	110	32	33	89	87	319	48
V385	354	200	330	69	4	744	123	255	178	129	289	60	222	53	379	247	130	96	1	218	5	1	523	453	288	516	582	136	19	207	212	168	133	384	182	388	496	68	227	142	102	118	57	430	162	424	209	60	281	209	234
V386	85	0	313	1	253	94	442	451	85	539	367	86	41	33	341	71	95	26	16	386	117	106	83	201	182	123	75	370	186	281	36	39	231	184	463	27	17	367	667	64	427	216	55	69	191	210	96	220	150	138	25
V387	20	364	77	4	10	186	471	219	103	190	196	778	759	63	333	147	51	366	11	229	252	72	257	46	458	360	66	248	188	454	738	405	782	107	14	98	127	66	68	1136	207	13	146	737	178	353	346	171	50	17	261
V388	128	8	165	75	62	339	462	135	84	58	1082	116	23	14	41	784	201	85	559	56	204	526	636	469	35	175	73	132	101	517	12	451	268	538	29	238	7	163	82	437	253	458	191	396	802	227	151	120	36	34	47
V389	392	278	1	216	320	485	44	104	127	51	29	16	67	650	8	215	231	8	208	268	156	75	64	191	33	167	296	352	450	639	3	201	82	75	217	9	97	147	79	1	221	199	86	216	25	110	102	19	100	225	297
V390	262	375	147	10	151	16	34	271	25	123	110	620	9	128	59	17	175	89	91	130	273	68	153	332	251	36	153	292	71	321	70	31	38	2	142	9	513	36	131	115	209	394	213	45	67	581	347	68	294	128	335
V391	98	378	67	27	204	42	195	124	14	582	695	159	87	86	234	414	72	13	406	469	122	27	113	676	186	21	100	263	376	50	323	98	459	233	164	84	647	316	548	40	50	705	394	32	86	154	32	90	0	27	312
V392	291	427	52	426	232	220	224	231	5	156	832	11	32	155	352	467	365	113	224	86	208	193	524	595	317	153	200	79	29	220	107	291	207	9	339	23	59	462	244	257	84	28	15	63	197	111	810	755	429	177	361
V393	210	37	164	8	53	1071	24	95	120	477	52	344	162	563	94	327	1	54	45	101	664	51	402	468	85	190	181	220	165	399	565	143	18	349	88	259	82	411	72	642	116	38	1066	41	326	3	111	124	286	84	81
V394	138	598	319	13	264	33	80	219	227	24	462	222	23	102	13	67	83	282	215	194	44	94	580	647	630	68	98	347	58	138	590	306	115	9	218	244	935	303	553	0	13	103	36	117	68	156	202	253	25	6	439
V395	4	2	192	605	22	89	83	112	9	36	420	32	175	96	95	176	64	27	75	68	23	10	5	565	328	139	190	155	157	60	224	37	255	21	350	39	195	60	131	79	142	8	408	353	1087	169	16	157	115	302	30
V396	673	278	174	300	67	204	91	46	275	96	105	205	309	48	666	58	219	86	28	431	741	401	50	4	1225	131	315	934	86	60	443	19	17	5	257	94	136	123	79	337	550	117	41	968	90	10	51	371	38	67	340
V397	402	21	119	95	471	141	314	11	209	65	96	171	582	645	155	60	205	254	290	397	264	159	228	27	138	119	126	346	172	281	56	106	40	316	404	32	293	21	103	64	35	179	61	260	292	525	83	0	339	12	115
V398	76	128	234	318	176	133	104	260	169	172	455	254	182	167	319	550	403	243	63	38	270	234	210	32	4	269	116	371	314	427	128	145	53	221	121	25	181	118	177	47	185	392	388	351	11	298	236	70	7	132	132
V399	730	146	45	439	144	17	281	129	321	510	738	125	8	590	313	66	119	321	168	177	255	237	180	327	51	426	26	172	1	0	158	77	68	1081	404	269	59	320	242	209	330	251	128	525	90	202	316	50	58	13	277
V400	621	182	191	654	1007	80	163	42	956	253	65	114	74	212	348	40	372	407	130	462	199	27	103	129	372	156	284	208	2	470	145	262	20	150	55	502	722	245	7	9	94	433	106	113	59	905	15	116	422	234	254
V401	29	369	33	91	267	16	75	224	239	227	76	467	720	12	400	118	563	294	213	134	264	73	14	81	23	276	145	3	81	157	428	501	15	101	171	15	79	47	25	9	69	130	52	100	75	207	23	399	64	61	281
V402	508	420	97	511	260	724	101	269	44	170	55	188	446	297	357	52	92	198	52	240	159	61	1347	83	144	94	94	76	193	64	38	57	93	96	230	310	156	49	239	225	30	333	26	158	1	103	204	220	1	93	402
V403	10	467	1056	48	151	33	152	62	120	291	585	102	831	53	469	47	70	33	243	315	251	83	225	194	283	283	92	564	132	1150	167	138	471	112	145	93	255	19	22	261	564	49	149	430	288	83	26	27	365	30	372
V404	99	29	154	191	204	199	76	22	74	895	221	40	130	2	186	344	79	160	30	163	68	219	735	588	214	52	134	286	315	563	140	311	543	24	49	201	108	324	5	157	118	90	21	684	208	178	1073	250	338	89	60
V405	301	154	388	837	69	17	341	149	145	42	43	87	209	401	54	185	44	22	403	192	406	16	213	67	221	203	518	184	9	21	179	293	472	85	157	204	401	0	626	91	211	56	86	410	120	321	416	111	208	444	200
V406	205	14	37	74	17	94	232	166	8	238	35	66	74	198	174	48	471	59	246	239	0	126	27	31	66	90	21	854	390	306	50	22	24	109	31	25	15	133	256	347	148	229	214	8	654	210	108	201	12	292	63
V407	485	133	168	944	694	0	531	339	19	64	320	274	112	453	15	37	60	81	409	1083	62	164	116	58	804	32	31	380	20	1028	255	302	415	277	37	105	12	55	5	1063	248	95	26	56	851	209	63	183	91	314	218
V408	38	193	14	366	14	84	159	111	41	221	286	955	126	437	167	185	256	259	194	146	5	195	168	261	109	165	5	269	30	7	6	26	62	86	148	7	23	277	547	168	104	87	68	362	185	431	73	67	298	55	162
V409	139	170	495	79	150	9	317	935	34	388	164	170	93	633	54	158	9	47	244	6	44	246	413	632	79	101	531	219	16	156	580	217	406	52	324	154	220	271	152	26	147	107	159	178	174	283	114	77	565	808	178
V410	356	243	276	173	106	176	133	1036	44	91	148	265	77	243	0	137	45	148	191	11	367	477	125	204	135	221	240	77	101	338	310	184	56	143	139	15	190	277	873	113	77	42	944	343	14	167	10	121	170	293	309
V411	97	68	30	299	84	257	332	166	52	593	120	161	12	177	50	700	289	28	392	65	200	227	131	51	480	71	222	311	159	165	111	32	22	9	217	137	51	214	18	169	88	64	378	108	8	267	0	15	100	79	75
V412	586	525	792	4	83	400	33	15	327	227	143	162	92	132	246	63	24	229	33	37	18	109	81	317	86	288	158	103	194	245	35	41	89	63	54	105	97	379	35	86	136	26	176	554	351	24	106	521	21	35	501
V413	46	558	14	118	220	299	30	462	571	516	106	307	257	125	364	224	601	116	343	13	293	264	158	130	49	207	260	113	279	48	12	72	484	102	165	86	79	116	5	92	95	128	150	96	20	483	1098	130	80	195	429
V414	943	424	185	625	55	98	64	167	98	5	33	411	184	275	337	167	119	223	58	29	52	51	19	9	53	16	312	568	500	10	82	86	77	43	257	152	88	233	177	138	46	25	36	113	111	486	15	53	118	182	517
V415	265	314	35	522	457	582	162	48	188	146	478	32	180	255	231	337	19	169	7	58	198	42	444	99	320	283	304	34	457	32	32	14	17	172	520	101	437	24	221	137	201	246	239	172	408	81	149	16	76	255	261
V416	51	66	251	74	195	166	4	446	726	513	73	79	166	151	54	64	333	856	1069	102	209	109	159	10	218	31	11	59	330	169	126	209	218	307	5	27	44	29	166	166	221	184	62	154	53	238	109	214	87	433	85
V417	269	166	74	15	2	135	337	124	339	66	321	29	236	190	79	24	44	302	42	255	53	425	101	27	321	93	19	176	18	430	117	144	71	87	97	117	1253	422	17	33	120	213	18	44	289	197	38	80	140	164	188
V418	368	272	229	197	106	483	116	166	60	55	111	33	156	5	36	557	305	126	335	16	123	15	339	38	325	176	558	15	626	1255	76	468	195	173	429	30	151	13	274	196	151	115	25	28	161	262	466	492	256	102	270
V419	514	53	600	64	18	43	36	92	2	69	400	92	405	225	412	75	92	21	281	486	158	515	80	40	104	654	136	41	593	721	378	140	15	477	54	214	417	8	86	221	288	59	27	631	284	63	30	323	13	46	148
V420	143	85	3	141	252	361	62	692	150	95	456	41	26	171	51	213	455	4	109	275	251	9	203	265	198	213	221	5	438	54	6	609	224	37	27	21	375	225	66	61	134	910	115	126	638	190	107	32	72	235	97
V421	40	130	48	55	17	398	77	120	105	269	212	9	92	60	211	322	282	79	31	81	29	592	5	49	119	21	93	13	509	50	211	269	277	50	747	297	0	215	456	412	13	212	38	186	28	60	27	51	238	136	119
V422	56	356	720	81	235	100	335	359	42	516	223	164	418	24	78	60	303	82	66	120	236	627	147	457	35	28	225	123	286	11	29	248	92	57	140	105	11	155	237	86	478	138	205	64	83	202	270	768	45	62	282
V423	241	79	299	35	97	170	195	386	272	42	117	194	28	48	190	234	233	36	125	289	90	271	171	162	21	218	22	294	57	766	42	99	22	142	365	19	96	62	34	172	35	22	54	117	17	385	339	145	118	49	125
V424	35	266	33	423	41	71	146	57	72	374	265	413	179	103	300	212	127	55	777	56	218	366	123	82	38	157	415	372	98	141	27	201	341	221	76	42	170	286	61	120	634	136	372	357	127	169	111	57	112	229	197
V425	85	375	88	157	169	98	48	2	142	332	342	284	90	223	300	347	16	169	399	33	187	360	244	228	179	94	59	16	2	178	452	193	42	401	1	84	139	161	223	644	106	1132	132	58	200	361	8	10	289	54	303
V426	92	687	446	590	708	52	266	3	961	235	114	375	192	396	167	116	172	136	36	612	10	55	56	121	12	39	179	491	247	654	332	32	198	557	281	433	17	194	1227	182	176	91	181	758	10	45	17	78	39	95	536
V427	175	201	156	238	46	94	481	461	97	19	327	12	372	23	28	63	153	251	221	420	141	739	108	183	48	144	70	79	77	84	349	53	539	58	545	506	309	90	168	607	148	92	265	393	65	85	187	1125	333	22	215
V428	276	147	375	94	29	130	155	445	139	146	137	475	131	241	213	35	86	173	175	114	156	22	49	132	35	14	185	51	90	289	45	42	199	151	210	42	37	188	280	268	19	91	128	447	503	681	73	175	198	719	192
V429	506	297	210	127	108	71	100	122	73	54	4	74	133	126	88	25	31	310	99	170	168	40	53	169	194	14	99	258	44	152	280	940	307	330	179	322	46	240	134	208	100	97	8	120	190	222	47	105	336	188	320
V430	225	392	8	1168	3	269	253	286	140	349	221	68	155	8	133	229	434	170	83	111	266	4	321	8	17	120	108	137	192	64	511	30	45	999	133	67	646	391	31	112	474	239	10	40	443	179	411	299	38	37	327
V431	233	120	120	465	64	16	495	147	59	95	141	111	214	323	117	20	383	7	439	173	72	31	55	920	36	133	51	123	206	430	2	249	1101	292	308	9	251	155	90	554	82	90	367	463	48	672	505	1	91	242	163
V432	48	107	235	171	210	26	120	106	436	147	29	13	121	287	87	126	175	185	26	236	270	33	131	204	7	129	41	117	193	548	231	291	426	282	64	302	578	147	35	287	149	10	511	99	125	384	284	54	54	70	107
V433	302	205	330	11	61	16	262	18	1	328	121	618	47	86	126	224	116	414	27	87	150	29	232	131	155	151	190	527	152	140	440	157	258	40	144	392	591	94	287	106	830	189	21	46	169	175	70	341	172	73	222
V434	719	16	14	204	160	266	263	224	89	16	309	83	27	257	235	96	130	810	91	80	62	221	53	3	89	340	578	25	43	165	327	423	42	492	226	366	139	15	87	213	49	534	1	182	606	120	38	216	19	364	194
V435	72	41	227	398	122	131	284	57	47	128	155	22	182	1519	181	50	245	310	6	233	180	33	2	351	112	67	402	163	83	3	83	100	247	118	117	314	179	181	196	49	283	138	168	241	442	387	245	891	7	124	70
V436	249	16	55	280	197	73	5	84	18	351	13	14	52	128	372	49	199	30	115	131	115	103	90	172	112	22	34	194	114	213	139	211	385	106	298	53	322	119	220	14	64	116	102	84	157	48	54	136	155	506	85
V437	204	12	296	13	154	40	196	68	89	16	125	80	30	369	522	46	51	54	280	49	970	396	77	337	84	91	412	165	199	314	61	250	269	485	30	36	97	0	552	141	526	24	141	127	20	127	501	182	29	676	66
V438	21	222	621	3	168	184	141	373	564	16	110	107	36	642	368	110	246	45	12	29	159	181	330	214	140	445	57	317	528	215	305	265	112	226	329	442	72	286	216	49	53	264	167	126	155	12	390	147	149	49	147
V439	21	249	69	278	4	50	251	113	223	107	200	148	3	339	117	38	54	76	35	184	143	37	399	4	300	27	89	102	50	16	27	490	173	10	131	291	96	394	360	100	567	84	54	38	396	334	502	90	47	87	191
V440	1065	635	116	84	2	512	114	174	46	374	315	9	589	70	95	725	212	99	267	9	342	55	8	150	1	123	23	275	67	40	69	144	214	22	238	57	183	288	72	308	160	291	137	99	111	53	122	22	81	13	686
V441	212	57	304	255	149	473	18	26	196	73	131	304	57	173	115	319	238	173	576	224	53	109	12	439	249	297	35	155	58	30	711	161	92	132	25	675	258	24	50	462	104	79	838	53	228	108	244	974	110	187	110
V442	287	34	108	31	128	50	401	173	543	19	28	546	190	59	833	319	346	637	360	148	143	6	190	250	49	150	465	309	267	252	367	549	13	157	77	458	10	349	77	1	132	89	74	107	0	153	26	150	195	149	97
V443	19	130	246	467	4	288	168	79	22	59	2	106	350	133	216	26	91	156	199	497	390	57	125	226	69	261	151	104	275	2	57	274	139	89	7	92	33	225	232	313	243	297	209	351	47	305	123	55	33	298	124
V444	900	217	52	122	293	485	122	133	39	143	127	133	75	177	591	8	74	135	21	333	225	88	1219	115	3	403	42	749	217	374	254	204	258	127	88	338	145	32	133	289	51	141	285	63	270	231	46	85	388	113	352
V445	1	268	14	155	383	25	204	80	277	494	40	174	127	116	12	165	67	324	550	0	40	485	1000	19	70	67	150	50	49	9	328	230	372	2	115	6	88	80	324	2	222	237	66	69	15	424	189	37	35	158	199
V446	198	19	178	266	933	472	2	80	43	431	47	50	90	311	148	314	346	370	55	216	177	208	87	183	68	251	45	73	14	126	300	331	452	317	29	136	124	219	438	240	169	5	138	49	349	144	69	183	68	199	75
V447	8	222	818	545	187	92	266	142	122	19	25	154	205	128	66	402	143	244	89	274	111	256	273	334	1309	230	61	48	182	31	466	2	117	198	625	10	206	31	15	95	262	89	91	386	178	79	195	22	95	318	186
V448	395	93	88	55	51	47	28	259	243	451	58	19	268	160	347	8	261	46	160	95	230	354	173	667	47	607	42	11	182	851	318	1293	362	293	15	46	109	304	90	174	32	56	436	71	19	462	0	93	166	42	181
V449	133	55	133	46	168	334	133	35	39	148	98	17	574	172	486	590	111	156	32	45	203	166	741	186	131	488	89	551	278	19	5	354	441	186	13	56	68	291	199	296	136	497	168	106	66	140	76	147	13	170	107
V450	282	32	168	70	123	127	9	62	290	67	72	87	111	22	305	9	1	347	228	107	138	214	25	317	21	223	294	211	702	83	38	51	149	257	98	276	330	365	189	218	67	282	185	19	46	429	102	136	144	129	109
V451	152	20	169	1410	105	94	11	38	67	86	15	46	71	126	131	178	13	211	90	75	328	92	368	767	480	191	66	22	8	284	38	105	154	147	35	384	267	98	542	77	395	141	72	4	901	143	128	283	162	126	59
V452	283	167	170	818	36	30	119	129	8	30	5	769	356	199	84	178	25	383	385	98	560	5	516	125	17	560	102	160	121	205	396	217	512	1128	22	163	31	12	242	123	3	53	238	552	314	222	299	132	292	303	181
V453	181	285	165	39	109	7	149	248	176	41	121	588	159	54	580	35	86	32	22	518	431	69	27	645	389	453	54	367	243	10	141	413	336	68	55	50	23	356	35	4	208	606	266	217	35	35	173	15	37	339	258
V454	468	21	242	152	277	19	85	288	245	225	37	250	388	60	231	173	93	148	15	90	227	327	144	113	98	291	957	65	4	179	66	110	72	519	185	193	279	101	83	51	109	14	38	128	75	55	33	325	33	862	120
V455	352	140	91	297	232	287	33	69	1203	220	86	119	25	86	218	205	418	176	174	66	258	319	136	340	684	46	64	303	300	252	9	106	477	363	122	76	80	185	379	263	278	5	230	5	186	36	176	53	340	12	186
V456	228	116	684	70	197	29	133	35	115	445	200	372	820	390	92	403	63	189	320	61	92	73	203	195	162	149	623	29	55	208	234	330	365	148	76	39	219	268	2	0	41	335	19	45	334	87	183	149	26	141	160
V457	657	176	20	824	133	27	348	103	8	281	183	358	388	40	494	236	82	36	243	98	122	91	77	116	212	18	66	41	100	388	100	106	13	91	112	25	60	209	526	603	409	353	69	379	9	26	43	138	11	807	257
V458	310	59	681	163	42	25	43	59	148	3	369	177	35	184	32	16	325	170	1	30	244	164	113	3	44	110	1	28	35	4	64	45	871	33	5	627	145	546	227	153	345	194	81	493	54	50	176	289	280	61	134
V459	10	712	28	266	85	78	35	297	56	157	13	315	132	571	369	4	188	25	158	80	154	87	62	318	511	259	72	171	93	277	25	256	148	598	109	20	200	681	71	66	391	10	90	15	315	337	27	191	118	109	511
V460	51	1	44	11	70	289	28	306	53	106	124	213	14	602	420	163	146	299	94	404	115	375	180	275	137	214	67	232	350	81	182	68	2	8	907	8	92	23	464	305	121	96	200	251	125	4	374	24	34	752	27
V461	56	114	69	57	70	2	0	216	67	152	10	428	1080	14	128	476	363	146	594	313	204	280	329	261	225	15	370	240	199	322	160	36	236	263	92	111	40	75	189	244	29	50	254	694	709	100	221	81	283	42	113
V462	9	227	507	49	251	87	228	212	19	123	163	205	97	765	232	478	218	144	53	245	27	90	55	94	252	67	1161	122	493	194	372	224	92	295	406	241	269	267	91	207	68	408	124	1	10	126	39	269	309	42	177
V463	659	60	435	255	1	427	98	241	230	542	154	121	17	367	398	167	245	383	7	38	105	139	130	50	73	57	27	142	68	125	428	97	46	164	72	202	33	128	409	217	489	23	111	45	67	143	94	99	54	60	190
V464	214	278	548	1	102	147	196	532	212	280	141	80	251	6	196	100	150	149	201	141	5	100	310	145	43	151	145	3	103	260	26	341	215	48	13	32	95	140	398	559	125	270	101	107	1	284	17	761	332	142	258
V465	483	20	63	468	56	49	86	161	641	219	477	282	2	158	88	140	157	102	3	168	24	10	2	67	344	87	195	320	403	81	78	221	86	51	77	271	147	116	49	684	81	189	632	28	139	194	131	135	7	74	142
V466	486	547	216	0	31	627	207	14	162	22	21	261	70	644	784	103	171	194	248	110	32	267	466	33	178	108	277	60	171	132	601	13	4	138	352	83	52	408	31	27	132	114	375	233	215	436	24	304	274	115	493
V467	213	125	143	213	99	10	512	213	177	649	95	992	171	207	262	83	304	103	32	213	35	12	294	472	267	175	70	139	20	703	1	153	102	197	353	183	44	39	15	183	9	342	273	92	5	108	126	231	138	49	135
V468	227	18	8	248	177	62	101	62	307	1	57	58	5	1196	25	53	207	720	182	70	146	245	37	69	6	32	55	65	260	360	139	34	131	556	121	43	25	96	167	487	84	79	11	955	17	280	92	60	52	336	97
V469	397	348	193	177	462	58	327	68	16	25	844	0	148	281	516	8	59	113	276	351	72	507	590	118	166	288	85	617	38	86	385	349	414	10	22	317	223	409	203	321	26	37	23	17	4	62	97	80	201	74	337
V470	107	682	113	130	83	61	196	562	207	44	142	93	6	161	61	199	102	702	0	145	532	310	3	365	46	206	212	547	21	44	43	87	62	385	29	97	50	50	153	253	169	68	437	37	84	1016	13	69	12	0	513
V471	39	190	194	16	573	7	221	107	107	103	80	383	520	539	756	104	170	15	251	51	3	373	489	76	495	43	400	80	44	95	103	6	418	119	222	467	105	31	203	346	116	668	546	35	115	345	80	239	58	19	177
V472	80	191	335	101	215	38	51	154	226	14	98	173	296	453	19	104	138	203	345	75	119	414	518	273	507	40	13	111	38	200	82	264	358	239	140	9	132	294	686	60	122	265	47	214	281	532	91	273	292	62	174
V473	36	30	562	75	63	160	165	58	156	158	34	58	239	32	8	733	503	83	278	143	4	71	43	305	76	220	138	300	216	51	186	106	160	45	398	411	543	105	60	106	32	75	47	150	56	673	241	336	2	187	67
V474	33	737	1653	161	247	104	7	17	270	300	320	107	49	350	160	209	63	50	168	241	15	493	395	262	276	224	733	214	191	688	479	23	243	112	22	477	117	355	547	83	57	95	28	728	68	452	214	507	147	190	596
V475	18	30	135	283	0	984	92	242	149	138	43	219	112	46	388	215	273	607	43	452	98	312	0	81	1	94	35	131	294	85	202	125	0	49	20	16	290	249	423	839	62	79	71	189	168	54	22	3	76	7	35
V476	89	89	404	541	49	671	648	1105	141	551	134	219	345	46	68	685	122	67	85	191	298	26	50	297	200	113	90	43	144	118	562	65	169	295	271	167	18	418	287	0	382	69	26	214	111	323	52	56	126	244	103
V477	6	105	10	15	187	364	124	107	101	314	149	131	398	36	356	343	1	115	685	11	55	413	150	372	103	506	57	122	52	365	35	210	284	94	214	134	78	306	127	95	187	4	25	599	132	107	49	327	255	61	89
V478	65	101	3	43	75	329	195	111	2	71	132	217	104	129	371	11	119	503	363	1157	38	73	23	39	167	107	270	180	305	76	286	176	162	10	856	2	11	29	42	150	162	79	131	83	207	2	22	32	134	470	84
V479	21	53	213	152	55	36	50	173	129	1	71	94	172	488	15	1	141	1	246	126	756	449	512	41	301	64	68	197	76	56	166	558	200	490	591	7	111	76	135	204	301	265	89	75	91	318	165	80	628	96	83
V480	147	12	20	239	46	542	156	196	27	305	59	81	71	45	151	133	217	85	125	164	130	676	186	320	548	165	51	85	45	22	202	24	236	775	197	92	174	56	635	463	45	77	0	56	2	20	203	45	383	94	64
V481	203	156	443	556	333	709	161	421	34	246	66	54	100	189	149	488	280	85	478	144	65	359	82	26	316	38	148	186	87	190	397	95	43	129	76	53	266	871	110	501	525	82	53	208	25	141	198	123	37	8	155
V482	73	161	23	8	54	185	168	360	30	77	41	681	187	101	170	14	312	87	95	216	773	71	50	115	148	59	122	176	312	199	36	276	26	6	141	341	67	23	32	114	280	22	23	187	309	338	244	342	23	12	152
V483	8	236	471	33	125	32	2	94	79	51	368	77	130	70	271	146	33	125	99	97	10	309	164	546	0	369	44	78	155	245	121	14	78	229	38	99	80	15	312	284	0	171	360	479	303	397	71	236	19	187	195
V484	473	166	2	126	472	68	89	299	25	27	124	7	716	0	52	244	392	99	245	132	94	5	125	524	156	331	1	255	1	39	153	19	304	141	117	311	297	78	129	254	38	3	70	66	177	61	111	368	110	325	216
V485	308	268	162	23	41	345	207	103	9	56	417	24	17	84	17	953	37	147	59	67	209	181	5	973	179	79	57	149	70	489	16	194	926	35	386	149	202	74	76	13	97	65	337	76	36	1076	56	205	26	408	290
V486	68	473	87	246	17	67	85	168	237	309	212	191	270	96	72	34	16	140	47	402	241	21	189	341	65	12	754	181	992	24	333	12	111	81	562	321	87	195	152	303	136	39	223	7	69	2	100	210	109	89	367
V487	291	51	13	126	40	18	194	358	85	16	32	157	9	54	249	137	12	300	371	179	88	133	36	73	982	23	97	82	54	60	267	376	45	111	24	272	125	47	222	368	182	69	276	371	396	17	55	161	72	0	92
V488	540	124	91	78	352	241	108	287	155	10	36	110	64	373	75	45	89	126	151	48	213	45	227	47	42	250	41	149	11	317	13	49	55	25	180	233	121	510	163	62	95	4	1317	79	23	86	97	252	138	190	214
V489	27	143	338	36	135	441	92	19	554	500	100	17	12	29	642	149	37	345	51	11	101	145	1053	56	84	218	40	46	413	47	1188	0	200	226	483	210	518	45	104	395	110	631	420	344	82	673	99	323	19	168	127
V490	281	132	388	86	1	562	97	277	79	33	282	37	197	301	279	16	463	77	57	3	232	102	321	350	5	69	639	39	446	78	114	85	295	94	59	45	898	695	29	7	86	31	58	120	91	65	0	159	363	234	182
V491	133	41	319	272	507	92	125	111	357	12	184	200	499	982	162	180	44	127	216	65	9	15	184	225	34	371	392	273	154	279	1	125	147	64	28	22	108	95	268	167	70	119	566	170	113	56	261	85	103	458	79
V492	119	198	227	95	12	105	45	209	7	297	9	280	41	723	269	35	153	175	626	87	170	527	4	57	530	96	64	1	101	47	24	377	178	92	103	468	366	3	153	295	216	32	83	53	451	140	922	202	889	107	181
V493	259	253	154	65	211	309	307	170	322	131	8	17	41	329	177	845	78	49	315	167	459	151	148	134	584	61	43	18	143	54	111	7	111	227	33	107	147	169	284	442	470	84	47	28	182	231	195	39	737	260	234
V494	35	228	107	391	367	142	147	1367	111	304	302	87	332	68	113	32	48	19	82	171	102	61	67	193	173	263	37	112	122	196	244	87	63	163	76	104	86	22	129	43	98	166	212	4	168	10	43	120	3	89	173
V495	798	108	664	435	33	6	154	253	434	143	176	713	445	90	9	136	169	623	844	19	290	78	160	130	159	788	183	22	379	127	1	92	28	209	88	659	366	319	176	234	48	519	10	28	11	448	1	67	306	109	272
V496	729	100	257	357	331	57	181	57	66	51	151	471	198	36	318	143	333	0	380	101	91	209	240	253	224	139	78	107	134	29	153	49	99	262	398	36	350	488	246	427	203	110	88	218	77	196	0	211	79	22	211
V497	249	421	19	67	130	3	127	27	120	357	211	299	75	215	199	425	654	90	78	410	302	134	301	77	235	160	268	144	169	171	38	150	151	243	484	6	66	131	43	569	123	871	248	341	348	229	184	217	1	584	382
V498	203	152	222	211	261	59	7	10	195	75	629	304	8	189	93	355	254	301	80	17	188	56	12	108	59	1242	81	286	218	80	124	449	10	252	86	596	11	73	45	279	126	46	89	84	88	84	10	623	97	494	177
V499	191	74	309	596	45	35	265	144	180	321	162	404	241	399	433	503	199	36	84	247	23	58	262	119	158	605	116	33	319	16	540	272	142	377	23	101	310	320	102	176	18	46	80	182	300	40	191	250	70	291	117
V500	281	66	33	75	99	79	100	316	201	263	24	17	146	70	404	92	164	186	644	224	433	22	74	152	267	236	77	41	132	354	163	600	26	41	221	21	6	197	238	715	252	157	134	127	423	150	25	86	358	209	121
