Source001	Source002	Source003	Source004	Source005	Source006	Source007	Source008	Source009	Source010	Source011	Source012	Source013	Source014	Source015	Source016	Source017	Source018	Source019	Source020	Source021	Source022	Source023	Source024	Source025	Source026	Source027	Source028	Source029	Source030	Source031	Source032	Source033	Source034	Source035	Source036	Source037	Source038	Source039	Source040	Source041	Source042	Source043	Source044	Source045	Source046	Source047	Source048	Source049	Source050	Sink
V1	171	2	2	69	83	112	40	379	171	36	450	255	171	294	139	246	857	89	320	392	186	67	146	48	124	153	121	507	335	426	253	64	135	175	69	175	16	134	161	532	11	268	229	58	34	243	16	412	316	223	103
V2	171	150	61	2	354	518	19	162	27	10	161	137	418	73	7	217	199	106	386	10	299	8	129	43	78	52	22	26	416	193	61	26	391	42	712	300	18	12	27	279	68	293	7	117	116	138	86	303	446	104	169
V3	88	110	59	15	38	81	148	2	230	60	140	231	6	587	297	601	497	88	44	16	258	348	32	776	54	38	51	402	73	122	72	93	288	243	282	350	88	85	494	222	124	411	372	233	60	41	203	233	7	1502	105
V4	232	52	315	120	397	48	575	48	42	772	0	230	566	91	12	103	275	181	60	318	278	36	274	65	25	162	191	1069	12	259	0	434	282	21	54	37	173	58	63	64	6	20	166	104	178	509	46	34	70	145	147
V5	134	70	138	31	342	37	95	160	265	534	56	448	54	40	87	250	273	99	766	170	453	198	264	10	155	127	68	272	38	147	25	99	150	335	112	190	348	91	107	522	198	410	1132	192	402	147	11	217	258	62	135
V6	118	160	483	3	1050	188	205	57	7	260	472	102	658	407	151	204	135	361	91	55	419	130	436	640	123	8	98	351	25	284	273	98	177	301	129	76	116	12	156	235	155	10	19	135	966	33	854	15	438	40	138
V7	39	17	35	175	22	2	156	212	193	18	3	339	10	329	121	332	63	200	15	6	202	430	163	25	74	445	33	12	1	254	71	550	121	315	13	119	633	69	19	507	76	224	79	174	142	148	567	62	8	345	36
V8	134	2	12	155	567	10	52	468	56	34	126	245	94	168	69	95	292	93	183	202	205	93	235	40	73	324	111	14	275	42	2	305	81	236	391	302	174	448	54	177	398	22	96	459	5	73	31	360	114	200	85
V9	34	84	121	256	126	273	147	34	426	312	265	71	84	194	900	181	266	40	208	235	13	43	45	13	143	80	350	119	85	114	360	519	226	126	506	492	1755	2	498	257	112	5	776	98	144	143	563	183	40	26	83
V10	35	13	47	112	188	446	162	7	31	26	4	283	44	173	120	36	186	203	82	194	15	369	16	69	811	41	165	443	161	236	72	202	158	140	31	177	32	905	102	70	220	70	208	164	504	81	106	16	21	64	42
V11	64	126	54	104	523	115	538	266	3	6	107	29	146	160	588	131	386	228	460	352	120	92	186	128	9	333	27	834	811	83	31	81	3	400	786	610	193	5	174	153	180	1022	75	554	83	320	297	116	128	300	101
V12	865	155	15	22	21	355	712	221	172	13	1	4	161	6	521	340	61	104	138	186	4	95	6	131	89	209	115	266	30	720	295	319	103	2	496	49	243	492	168	223	1020	19	106	59	6	184	287	35	25	194	512
V13	365	79	315	481	140	379	667	0	146	442	78	100	96	189	111	211	86	102	74	52	14	62	307	48	348	186	136	420	248	156	240	28	223	288	5	98	7	22	38	446	756	39	33	180	32	126	148	27	35	24	217
V14	18	6	98	519	2	132	129	49	372	805	124	139	152	237	140	117	151	273	111	144	86	132	39	21	75	23	74	115	161	183	111	298	154	224	77	469	200	648	232	51	534	225	580	69	193	267	70	61	29	174	39
V15	276	633	39	48	14	337	157	13	124	145	99	57	84	122	176	115	44	144	20	70	35	52	297	5	508	112	68	41	190	304	287	87	263	324	43	275	275	354	507	38	245	100	202	106	217	116	15	33	11	46	390
V16	73	158	37	76	59	29	30	180	132	58	40	29	259	15	51	173	51	32	30	301	77	9	88	65	597	436	154	356	68	50	54	448	212	23	315	208	37	612	43	20	55	818	98	86	334	567	150	91	422	580	119
V17	19	565	493	428	399	391	49	121	106	188	159	33	11	97	22	186	288	144	314	367	3	148	152	55	12	154	25	2	255	389	36	53	249	211	143	198	189	210	5	26	83	9	223	297	143	0	0	110	157	111	272
V18	32	120	283	423	180	170	255	69	17	311	151	528	100	129	208	201	654	131	14	256	506	44	889	11	215	29	281	164	404	239	178	355	191	123	26	171	264	134	281	451	190	74	32	26	43	206	226	361	189	54	80
V19	83	535	583	20	142	56	1	495	186	381	21	60	282	21	98	439	282	213	709	71	49	154	39	464	428	505	513	34	164	500	78	334	97	180	194	49	75	514	186	142	92	238	21	168	93	350	200	128	208	111	253
V20	29	59	263	193	23	244	34	12	855	107	3	199	138	137	120	122	265	8	214	73	79	1516	34	86	44	2	40	980	50	337	76	473	59	11	468	240	230	143	85	929	371	56	22	242	254	11	42	157	132	231	61
V21	484	121	169	35	2	12	522	28	106	219	291	104	455	298	43	168	104	211	192	147	102	35	428	4	34	654	273	457	124	77	692	338	54	557	171	47	33	103	627	20	38	194	976	307	138	364	225	207	243	46	317
V22	31	194	6	153	107	58	313	1	138	1054	375	97	326	261	166	220	41	57	482	195	245	129	180	751	143	76	659	239	278	352	50	14	6	1095	23	564	304	166	250	274	316	5	272	254	84	53	4	90	428	335	110
V23	105	205	26	181	476	124	207	550	146	68	109	87	111	124	97	57	36	60	40	20	606	35	72	474	6	85	391	250	22	19	488	729	789	303	377	257	205	92	199	51	209	37	143	834	69	142	87	16	57	138	160
V24	117	128	15	30	59	274	81	40	83	235	11	580	49	293	198	58	233	228	141	91	103	824	322	83	47	732	483	223	136	175	85	98	5	112	47	175	576	127	228	265	177	369	26	225	48	36	269	14	87	298	132
V25	133	199	165	44	111	15	24	617	8	90	185	541	1	144	225	7	346	97	2	67	29	171	23	62	75	198	49	64	172	261	89	38	77	121	64	27	54	66	269	99	428	202	84	224	168	50	6	414	196	292	168
V26	57	118	259	7	764	600	99	15	836	115	315	115	12	253	605	747	673	614	281	64	99	147	76	53	212	152	463	500	49	471	96	139	2	88	691	26	146	240	130	147	33	573	317	21	127	93	23	93	31	17	97
V27	1088	11	18	132	316	1057	154	119	260	250	47	236	395	105	86	499	326	173	91	58	410	18	94	629	90	389	198	116	140	27	74	435	18	65	148	45	63	495	398	377	4	123	504	79	80	93	131	137	320	115	595
V28	404	490	355	223	13	143	122	95	153	225	90	93	26	132	344	88	99	31	421	4	146	77	182	18	232	277	248	74	17	203	376	383	651	75	912	179	68	203	344	18	401	84	106	48	37	319	273	602	51	42	406
V29	363	123	79	517	320	170	361	40	104	2	26	42	367	115	30	129	413	117	532	126	421	17	368	229	428	214	192	345	37	412	169	73	41	202	47	51	45	73	64	265	377	261	74	420	35	194	150	339	49	14	274
V30	125	309	144	27	188	135	54	105	64	641	543	667	10	93	202	536	375	151	172	37	420	198	2	103	160	336	343	107	343	188	115	29	138	148	838	8	243	575	99	15	114	394	56	580	324	305	24	475	13	172	207
V31	32	51	68	211	222	149	366	75	15	84	174	141	177	51	84	165	178	873	296	491	33	123	255	19	166	59	13	200	100	28	462	52	151	294	76	52	135	445	166	548	15	280	467	30	98	213	52	46	50	61	49
V32	200	301	355	503	438	29	172	85	18	130	194	20	218	242	75	36	15	455	76	126	210	147	97	200	91	33	127	198	71	55	35	12	207	22	464	74	107	112	853	315	351	166	325	99	65	154	215	36	104	292	238
V33	47	9	25	23	520	221	228	686	252	242	67	488	7	20	137	24	45	98	7	108	32	52	185	54	1085	150	418	357	1	155	407	143	497	44	7	211	3	239	15	142	645	193	193	97	30	213	243	18	105	231	48
V34	308	17	9	118	178	535	268	250	172	18	297	209	26	99	153	416	140	26	29	448	109	403	29	650	55	4	191	180	44	30	54	473	19	704	9	426	699	140	340	171	219	102	401	76	115	144	90	142	180	201	207
V35	1	102	47	250	633	188	218	217	15	117	332	114	10	31	71	176	526	154	36	50	31	22	68	420	124	66	523	262	124	5	354	296	229	234	166	66	35	625	183	194	282	33	119	24	75	97	96	90	136	146	53
V36	8	115	208	96	206	16	508	31	622	310	33	65	48	278	408	143	27	108	802	47	211	483	185	159	235	62	105	188	3	110	147	76	116	214	34	5	245	629	46	284	45	58	150	40	136	64	610	328	170	246	69
V37	43	149	307	241	127	242	252	200	22	104	28	64	3	82	34	13	51	100	64	103	20	17	303	50	159	41	161	144	739	90	4	214	20	265	36	97	130	834	278	40	335	41	18	30	54	434	599	49	1367	197	103
V38	191	52	15	5	86	152	81	12	144	79	147	82	92	335	137	49	766	48	239	120	222	185	178	211	70	25	103	184	373	481	105	243	11	63	531	170	46	164	199	30	454	145	324	426	87	211	99	172	35	40	153
V39	128	60	73	302	104	226	120	140	611	76	91	6	24	89	265	99	209	82	28	10	81	67	393	70	45	33	33	150	143	143	97	59	269	722	85	594	231	176	5	142	416	209	45	763	591	20	60	340	502	257	98
V40	95	349	245	154	544	282	462	338	453	10	380	42	106	391	81	19	43	352	184	67	317	92	31	458	870	111	126	270	187	124	46	355	188	102	64	32	614	117	183	149	88	79	107	402	43	74	52	238	535	262	211
V41	15	173	769	288	239	432	45	62	154	151	25	421	175	3	138	64	350	112	156	68	168	353	417	177	126	89	401	206	792	106	74	264	235	133	447	180	9	76	229	64	17	232	25	205	5	102	52	60	4	261	95
V42	26	205	106	337	63	142	226	151	191	50	162	75	949	20	407	81	381	89	252	294	484	350	882	1	267	366	135	259	19	135	194	256	46	468	17	44	177	72	18	365	130	13	37	471	50	80	74	742	159	238	101
V43	70	27	184	38	33	284	245	286	38	254	712	271	20	7	92	119	210	40	223	802	62	450	253	36	91	84	342	675	75	211	66	312	170	130	34	146	278	305	41	44	253	261	153	297	40	163	28	59	498	223	69
V44	147	383	128	21	114	293	6	102	202	258	599	410	747	237	435	137	200	119	235	172	341	126	326	436	37	474	6	227	31	400	101	118	320	113	289	63	72	22	18	769	20	168	25	556	54	148	45	275	82	872	240
V45	271	279	400	222	3	42	615	369	6	34	332	144	245	67	257	217	165	263	318	571	81	334	32	34	53	31	82	226	277	34	79	18	66	15	167	102	177	214	24	2	640	197	318	354	53	292	580	44	154	33	297
V46	13	52	150	51	40	72	233	158	174	61	100	70	418	174	745	112	8	313	289	310	401	944	4	193	716	128	299	258	743	126	1082	23	279	35	187	12	107	144	334	54	79	68	17	78	103	201	384	123	218	138	52
V47	309	206	188	318	94	29	543	433	516	50	234	200	20	76	45	5	166	216	413	533	58	35	70	298	165	265	62	87	296	120	11	162	557	161	130	129	78	29	752	304	41	997	307	7	21	283	106	431	508	459	208
V48	182	141	496	160	92	121	118	183	202	252	97	12	237	70	162	120	430	193	151	6	200	40	155	46	94	221	134	97	56	140	540	63	116	183	99	39	941	74	93	231	103	204	247	519	55	93	176	259	122	56	199
V49	340	177	33	17	349	1015	84	216	58	107	476	121	15	90	297	44	229	119	237	99	33	127	21	4	273	19	256	42	174	163	332	167	416	294	104	254	98	30	40	474	129	9	28	139	278	89	110	91	180	337	269
V50	265	62	59	285	76	101	178	377	89	324	140	296	110	537	180	2	217	560	39	0	7	228	61	58	19	6	492	71	121	341	214	70	222	4	242	39	24	253	1	380	68	161	447	117	2	30	337	758	253	15	211
V51	295	79	337	374	150	17	117	157	11	130	178	91	140	33	529	379	300	105	208	161	175	376	2	742	0	78	97	18	258	105	86	121	114	296	75	83	454	20	240	78	46	10	125	237	406	139	41	59	252	95	196
V52	35	192	123	142	11	83	57	684	362	84	147	80	46	234	490	140	101	568	108	141	342	221	188	54	281	378	220	209	115	34	424	102	57	170	27	600	10	40	228	101	25	132	726	142	54	27	33	95	30	226	126
V53	195	284	78	201	88	521	99	48	56	85	228	144	113	119	1	19	528	104	57	216	765	109	88	308	175	224	235	17	5	42	182	27	96	796	192	344	108	758	135	277	83	173	413	3	322	275	73	132	513	18	226
V54	61	49	116	48	56	22	147	46	112	165	241	113	139	155	646	273	120	75	76	199	440	216	328	12	293	448	357	402	43	436	204	105	201	157	180	294	608	240	622	9	396	197	0	75	86	283	4	10	212	299	47
V55	77	550	127	142	101	68	58	27	121	28	206	36	139	428	112	54	203	105	224	64	388	261	143	8	50	438	229	252	89	167	256	43	65	427	73	236	318	165	97	386	95	192	155	378	69	189	401	204	140	343	268
V56	57	219	145	496	201	83	14	41	17	122	519	116	160	872	51	45	98	311	120	329	337	351	324	503	700	183	46	131	589	193	97	156	222	40	426	273	17	46	175	19	58	5	9	246	363	111	120	73	355	273	124
V57	9	766	418	88	7	140	969	30	14	430	4	455	30	43	248	233	225	527	378	0	46	129	39	259	191	38	79	74	149	63	69	232	68	35	99	288	140	357	690	53	607	493	58	196	302	182	197	144	32	442	303
V58	30	154	313	51	15	36	38	611	303	46	89	19	502	269	144	64	436	147	690	133	137	3	475	124	193	60	446	331	70	305	356	38	260	81	185	23	240	15	243	230	43	172	11	273	157	279	351	235	64	209	93
V59	319	25	63	20	167	178	173	255	28	266	172	3	217	379	189	128	392	115	350	157	265	189	36	402	82	148	326	83	60	3	195	66	1133	190	77	102	43	158	310	68	8	39	26	55	35	3	292	34	28	378	182
V60	11	99	139	98	205	203	95	4	275	35	62	572	263	298	28	37	441	70	129	37	158	512	21	317	35	63	120	54	112	162	877	68	279	91	397	117	65	51	87	247	459	225	343	494	21	342	33	62	415	435	68
V61	580	155	229	64	904	13	340	62	139	181	504	314	88	699	168	140	56	109	175	77	163	57	202	3	437	101	196	326	0	107	132	190	269	29	64	99	305	457	91	127	769	270	29	979	325	11	234	469	186	66	403
V62	241	209	232	569	932	374	9	577	626	382	105	57	89	983	146	102	202	26	0	71	124	179	430	514	52	23	299	197	378	443	368	22	449	134	219	364	19	157	106	355	158	268	161	226	51	212	336	646	37	26	227
V63	55	481	6	117	319	91	49	408	60	40	525	165	18	15	683	12	147	86	429	99	146	9	89	1145	329	72	74	219	199	498	133	14	112	90	65	24	170	145	52	29	500	89	111	39	136	78	64	24	977	480	209
V64	286	108	114	302	204	572	89	331	409	0	445	31	588	2	13	95	323	68	22	83	305	174	347	43	234	146	88	201	371	103	24	323	42	7	497	49	400	94	19	288	100	171	55	192	8	110	19	174	390	61	204
V65	283	98	645	28	677	238	161	155	105	26	38	25	139	112	57	163	628	0	56	28	249	152	34	2	176	245	137	94	49	213	257	8	343	284	51	382	262	938	581	23	248	182	74	238	34	196	45	67	15	119	203
V66	68	141	2	67	453	8	17	693	268	248	352	39	168	278	284	184	74	302	180	79	178	47	57	175	234	966	8	56	122	38	74	14	30	153	25	410	428	250	876	8	165	46	32	221	5	224	1146	164	294	208	116
V67	70	342	301	149	19	65	544	165	165	182	372	119	55	167	57	159	11	372	245	309	207	195	35	65	176	36	152	95	165	39	274	681	366	2	377	417	205	260	493	62	7	186	788	155	269	18	97	94	243	242	174
V68	10	44	81	100	235	96	677	163	121	131	185	91	150	110	6	266	39	435	88	247	15	492	88	390	662	443	186	6	278	8	234	118	448	309	623	28	315	177	724	453	135	162	200	27	972	241	320	293	5	73	48
V69	1	814	26	99	272	12	13	7	787	15	62	41	173	72	55	236	46	164	107	15	0	51	23	272	131	579	53	119	248	158	21	71	29	219	41	253	445	291	299	317	244	501	240	263	10	189	266	115	63	766	338
V70	56	259	191	177	76	411	192	688	69	50	213	275	159	39	153	128	133	352	1243	172	201	39	7	77	86	116	108	49	72	3	77	3	48	52	56	14	280	105	294	564	79	12	167	209	1	675	288	12	46	257	139
V71	819	57	31	141	9	1228	185	32	4	5	327	63	1	64	305	181	242	740	186	517	228	80	25	223	245	55	278	156	19	75	193	95	21	52	287	136	304	133	358	63	50	1	25	18	33	55	119	210	435	63	457
V72	25	30	197	57	38	169	121	695	104	170	43	126	217	196	321	212	4	23	30	82	159	15	389	276	350	64	97	83	322	22	252	202	233	158	169	73	167	376	21	67	345	117	105	10	144	63	583	19	263	230	49
V73	97	95	522	588	25	48	180	43	181	153	72	124	4	375	5	233	412	133	91	552	224	17	58	139	41	82	405	73	9	132	103	419	249	232	71	70	289	705	50	176	956	22	325	188	159	133	42	397	63	3	101
V74	138	351	92	1302	168	7	163	16	128	101	90	553	766	59	56	361	551	477	120	3	75	40	378	21	19	84	175	47	195	5	225	57	866	104	13	127	5	350	185	47	261	222	296	21	6	232	155	326	285	66	232
V75	489	809	29	69	66	72	80	38	38	42	407	236	97	436	24	60	301	316	36	77	1063	297	408	514	190	34	748	266	563	375	481	9	190	967	228	676	656	307	161	755	254	149	505	97	80	161	161	40	346	119	614
V76	40	248	23	75	387	1	27	24	250	750	106	493	299	104	175	524	799	189	647	488	52	336	184	66	34	174	10	393	161	59	30	20	411	36	94	463	54	70	617	81	729	42	329	167	64	177	71	120	189	154	144
V77	557	146	16	108	103	128	520	234	153	950	388	125	40	129	337	377	56	90	253	81	475	323	278	27	216	175	184	364	423	27	236	155	173	277	188	2	322	232	110	121	578	86	130	48	153	446	71	330	221	88	357
V78	6	30	107	193	224	172	4	210	52	252	28	48	314	100	94	5	202	28	56	1	336	246	263	27	117	295	1	100	128	170	107	149	240	169	21	223	0	685	113	332	130	179	318	167	130	9	3	547	63	154	36
V79	256	84	32	2	79	478	91	382	120	349	102	187	41	37	91	678	273	135	149	16	52	2	125	65	196	1	648	137	355	20	100	46	293	50	6	308	164	56	1108	115	233	83	36	82	157	562	281	84	163	39	189
V80	453	37	126	197	166	212	29	52	1347	669	44	557	268	253	298	896	404	543	52	258	11	204	13	273	117	111	111	54	158	50	16	74	111	338	32	249	80	114	101	123	19	790	162	301	277	106	24	294	123	500	293
V81	550	75	2	121	158	247	12	22	15	383	462	119	42	122	75	31	216	189	204	87	47	1	180	75	495	27	266	10	295	239	326	185	106	24	123	1041	39	170	70	539	418	30	147	69	314	69	218	190	41	121	340
V82	23	27	52	317	835	92	218	8	612	16	200	54	194	504	235	231	181	538	42	167	460	475	87	157	302	562	89	12	248	181	318	8	88	328	39	218	171	145	338	447	132	284	178	23	2	344	204	122	12	119	47
V83	189	127	42	148	40	62	198	484	197	280	223	230	305	218	40	117	80	789	52	185	171	132	100	360	125	197	447	22	92	0	52	209	191	249	157	31	256	265	2	475	97	5	719	106	692	100	54	6	146	35	150
V84	557	224	151	48	196	84	470	474	337	122	291	92	7	208	517	108	186	180	459	27	134	34	98	526	33	331	181	302	55	83	120	25	28	19	19	79	500	85	49	377	128	68	463	23	166	86	429	9	28	354	377
V85	496	354	98	816	153	7	161	121	77	422	341	28	81	198	19	321	231	114	0	457	30	18	852	200	473	1	87	8	191	308	267	334	8	147	305	250	115	60	45	9	44	247	11	171	0	260	560	274	222	202	419
V86	33	257	362	130	126	66	168	96	135	852	5	141	129	258	33	185	188	100	142	262	165	335	415	20	287	20	124	50	432	112	50	119	21	60	77	413	133	182	199	96	3	138	393	19	196	80	405	21	324	408	135
V87	95	435	38	15	175	96	75	49	155	35	187	33	60	27	121	253	287	26	119	3	138	101	44	2	191	144	94	122	7	738	101	132	18	135	154	38	3	381	182	85	401	476	81	182	234	595	488	9	5	226	229
V88	171	20	43	776	32	63	693	2	214	10	0	191	186	124	42	179	258	44	55	140	26	256	89	81	316	162	132	179	250	287	603	390	213	293	41	12	174	143	21	110	41	5	76	153	10	4	421	253	134	12	112
V89	91	414	25	63	30	40	26	4	560	405	742	123	644	319	33	43	63	12	106	146	391	397	377	32	76	17	208	30	60	12	307	104	199	39	181	411	8	162	50	72	281	20	128	100	83	170	732	169	135	160	224
V90	708	369	1	162	382	245	599	15	190	367	703	5	8	427	6	200	1012	73	405	117	485	296	357	113	133	16	138	136	199	41	343	131	279	129	269	196	470	408	143	205	183	464	260	432	613	118	333	923	73	154	503
V91	422	667	244	612	141	446	4	434	333	2	25	12	208	31	292	88	127	62	231	63	227	87	232	64	25	401	228	86	249	80	31	68	4	1	235	105	144	561	127	310	136	104	154	260	500	350	30	57	194	18	518
V92	777	24	80	241	294	1	211	984	455	218	59	245	3	374	108	69	48	99	598	134	382	4	292	119	450	324	3	44	607	157	4	64	0	107	120	230	23	40	98	153	11	210	530	280	226	27	226	547	20	473	438
V93	140	209	24	233	299	127	55	277	306	9	261	16	104	412	108	21	41	174	138	135	90	627	215	477	199	593	191	768	312	491	627	21	227	160	722	111	158	41	13	587	337	613	35	114	117	156	99	298	153	371	190
V94	10	143	332	415	689	250	311	98	73	89	243	28	193	651	83	14	315	336	100	52	395	63	367	419	503	33	75	33	62	169	127	690	45	116	863	936	2	62	261	63	495	152	58	281	1	53	155	276	177	20	88
V95	308	149	79	36	173	84	289	166	377	315	57	380	292	103	545	152	191	2	107	256	599	43	459	51	715	823	62	6	50	186	96	59	40	421	184	144	124	460	101	4	320	26	205	6	8	25	30	12	200	369	234
V96	101	32	554	13	171	146	258	30	109	299	241	321	355	328	2	109	236	436	91	227	345	298	1335	28	141	13	482	46	407	586	106	174	340	47	65	194	66	219	282	513	182	93	527	115	285	32	6	280	124	66	87
V97	176	202	54	700	452	367	90	772	62	216	82	133	73	148	138	480	220	9	370	37	46	167	697	167	26	323	491	178	189	61	249	21	124	133	197	79	35	297	774	86	11	75	142	234	561	38	243	20	148	87	214
V98	221	25	578	58	6	581	259	671	27	114	330	36	168	20	141	73	109	166	49	264	69	99	74	61	106	676	398	62	215	266	214	28	69	109	91	36	87	31	103	235	228	230	148	562	194	303	125	85	156	107	132
V99	116	461	95	249	402	36	39	418	240	314	65	209	160	31	184	663	16	15	367	54	232	20	26	479	18	166	340	167	130	273	135	158	125	241	550	241	247	101	51	342	321	217	583	936	216	5	134	164	7	143	256
V100	533	28	168	318	146	44	63	482	450	660	43	40	169	258	957	388	286	116	594	85	37	73	3	96	42	292	121	138	213	1	79	4	182	109	330	417	111	63	276	97	400	270	268	75	233	171	287	5	279	141	314
V101	177	103	489	76	204	190	151	89	490	114	107	506	6	176	31	171	3	71	269	28	393	156	38	78	220	839	484	140	4	23	381	86	177	164	312	170	216	553	55	388	114	520	38	149	101	73	39	38	66	351	171
V102	77	32	74	384	75	223	69	371	136	44	91	364	57	517	101	420	360	366	208	72	34	130	85	79	49	281	551	47	25	645	103	45	34	285	57	333	165	178	112	7	138	17	339	254	216	206	22	102	403	192	78
V103	17	315	373	955	63	15	67	710	57	235	117	154	197	105	78	3	366	91	150	246	585	347	289	70	56	95	564	0	71	99	57	136	61	208	208	145	100	214	619	41	275	128	629	46	63	16	205	68	214	53	147
V104	12	37	272	167	46	158	298	321	43	286	42	21	6	90	34	309	271	61	111	24	161	117	298	998	153	89	205	277	126	59	470	413	125	84	52	63	46	338	32	309	21	836	284	196	143	166	56	340	131	73	36
V105	61	25	60	148	148	556	1369	73	405	24	668	15	119	46	46	865	349	85	132	162	2	16	118	93	9	54	303	30	462	177	75	59	56	721	21	256	623	129	107	520	98	154	99	123	117	99	371	119	43	35	70
V106	110	105	169	49	141	915	38	13	201	292	400	296	103	156	48	155	226	366	123	95	49	40	498	21	282	341	1	50	211	63	365	175	63	161	189	605	394	94	237	27	37	43	93	263	40	732	40	532	786	115	119
V107	176	30	61	79	28	66	230	97	55	305	382	77	53	79	60	57	239	340	8	235	110	186	289	82	113	411	133	66	114	142	118	244	490	485	274	66	113	97	353	137	33	96	357	256	180	229	192	45	208	278	113
V108	142	72	36	75	512	236	51	256	697	10	13	549	471	396	136	93	14	64	14	166	720	14	72	215	61	29	132	235	444	131	262	140	7	22	24	47	109	413	140	237	405	123	456	521	9	1	332	73	101	241	146
V109	203	57	189	746	25	2	139	452	372	520	13	26	115	324	187	119	36	283	121	62	72	459	146	90	197	163	701	210	260	85	209	71	872	19	47	283	44	130	122	81	117	708	81	289	107	70	76	678	242	165	147
V110	38	45	542	128	64	106	42	289	119	884	715	46	132	136	474	221	107	63	135	519	21	656	163	268	335	495	284	14	320	269	60	598	622	412	150	111	251	63	21	116	89	294	246	34	395	404	71	52	84	61	60
V111	132	17	470	8	152	392	262	84	14	118	46	87	129	180	20	327	175	126	182	399	132	3	88	25	204	336	201	99	694	0	489	49	295	152	20	161	114	163	120	57	185	65	146	51	297	129	103	156	29	27	102
V112	35	135	316	393	27	7	156	59	19	98	55	62	599	87	32	5	4	911	258	84	291	288	35	81	256	37	95	69	126	122	26	54	80	74	219	268	31	612	94	153	75	99	199	80	454	84	174	30	114	115	79
V113	267	80	2	46	215	38	59	243	305	332	44	0	108	35	107	68	97	21	41	103	467	93	56	769	340	433	56	88	321	471	343	255	46	454	216	74	95	0	67	272	37	105	5	190	212	295	259	58	17	411	171
V114	253	93	1081	166	455	106	1166	402	177	380	38	731	147	5	91	222	501	350	252	67	617	130	139	88	10	25	49	500	200	604	287	613	125	506	227	23	74	361	202	214	167	226	86	638	68	382	778	136	396	502	193
V115	179	1031	223	34	610	329	68	29	180	202	137	22	163	139	299	378	243	47	30	57	91	487	145	332	34	124	244	147	301	254	21	60	36	53	161	47	117	107	54	330	10	127	542	255	24	266	305	77	14	62	489
V116	57	232	98	189	69	54	9	770	126	83	23	128	989	527	176	211	300	61	63	69	17	120	72	78	207	484	858	281	272	128	73	204	277	131	337	133	170	48	395	287	244	18	73	121	56	81	522	0	243	418	145
V117	105	230	48	18	676	7	101	387	126	441	99	458	38	62	216	56	52	0	7	102	81	123	212	24	401	341	373	143	353	119	162	191	94	290	161	128	34	517	71	164	15	28	96	3	5	87	431	534	268	288	158
V118	188	64	182	183	36	163	158	479	215	130	321	1141	371	67	32	186	24	323	74	60	92	548	47	56	326	791	309	100	31	353	60	635	180	375	31	66	196	454	149	6	200	1045	553	196	38	249	92	52	297	141	148
V119	269	556	7	336	348	12	48	205	122	153	71	50	340	298	50	140	202	221	230	285	70	4	101	733	45	133	88	101	66	34	271	267	74	463	2	311	55	39	268	25	60	42	27	21	3	10	92	178	29	79	367
V120	384	258	66	26	61	14	8	122	322	821	157	13	142	278	11	422	50	96	552	108	97	66	130	51	199	125	284	1076	375	356	38	948	253	138	233	95	222	726	286	172	154	7	50	41	102	249	541	25	107	96	314
V121	132	183	118	245	25	215	94	250	42	136	4	215	231	161	94	374	3	551	424	204	146	175	0	330	94	460	19	60	312	120	36	152	64	148	225	245	154	14	43	71	118	1133	166	378	242	100	628	252	35	473	151
V122	201	123	110	629	58	56	114	116	193	89	204	364	29	118	173	134	178	254	81	143	85	467	116	399	221	203	428	404	229	127	127	187	19	55	117	54	280	542	2	50	81	91	527	61	15	38	346	405	13	116	158
V123	104	61	211	134	73	8	12	143	581	718	177	58	370	129	77	60	313	101	75	38	57	26	434	135	93	68	1295	465	207	331	81	0	197	28	128	542	207	19	214	46	195	178	532	0	137	277	61	161	423	467	97
V124	32	101	81	171	76	101	192	632	24	348	193	264	174	43	549	61	558	287	13	157	81	162	238	32	56	98	88	129	147	140	106	28	236	63	97	218	106	115	81	19	48	391	549	60	19	19	320	9	333	144	77
V125	163	508	133	309	74	61	463	401	8	306	274	87	55	141	117	124	425	17	287	103	153	68	12	865	101	98	176	103	355	1044	215	275	172	130	76	142	145	124	85	23	514	1159	80	19	7	98	13	565	77	275	300
V126	342	240	118	80	114	56	310	135	237	649	781	322	376	144	141	15	407	9	41	24	365	91	80	626	994	91	910	75	320	141	226	144	160	172	48	180	141	247	539	184	145	17	205	213	227	286	117	39	182	97	286
V127	339	153	356	169	474	345	206	146	18	36	19	380	121	95	14	810	20	863	28	46	24	483	35	138	27	587	61	383	190	143	24	316	181	81	181	332	178	265	95	356	18	405	151	3	240	134	109	203	36	125	269
V128	40	320	23	90	186	478	100	226	173	28	65	125	49	31	142	130	388	250	269	209	570	366	464	130	12	129	637	121	52	505	232	68	20	226	101	420	564	37	123	573	208	79	325	181	533	119	166	78	1	73	158
V129	96	141	330	74	302	199	56	218	219	639	111	374	373	533	603	26	7	194	923	130	259	6	186	641	299	343	222	295	133	333	37	202	12	145	417	115	153	167	565	83	18	60	18	485	642	115	551	395	349	134	117
V130	99	85	170	78	72	644	168	5	35	16	146	40	115	27	78	293	86	161	406	116	22	404	72	258	1044	46	221	216	50	263	625	436	58	157	42	77	1318	80	166	247	158	123	230	239	202	143	40	32	505	94	116
V131	128	34	525	166	270	72	126	372	235	319	70	11	49	119	476	505	482	164	208	458	17	124	355	103	226	86	102	284	56	82	53	122	52	87	79	545	214	106	178	0	386	20	93	485	500	962	711	1	93	162	95
V132	159	137	293	37	40	83	167	86	38	349	221	111	204	37	332	656	145	100	215	136	107	196	41	85	58	31	242	165	250	246	167	11	70	4	127	125	181	537	486	225	363	225	360	10	98	74	207	593	195	468	162
V133	95	630	570	100	171	248	246	122	5	117	528	48	159	285	386	879	444	524	78	14	520	22	854	170	136	54	793	72	281	800	144	625	430	13	287	54	101	104	539	292	104	62	93	123	228	223	93	108	80	472	320
V134	23	5	27	42	483	137	295	201	574	155	298	63	43	194	398	111	82	75	197	284	39	404	518	25	75	118	73	94	107	186	22	372	70	187	46	112	1015	48	224	191	70	122	25	19	544	52	60	217	924	3	28
V135	72	92	262	205	111	4	1	28	0	123	105	526	18	338	9	46	176	360	29	186	470	259	386	103	141	98	55	1032	362	68	580	252	25	207	513	9	147	39	161	63	0	123	469	143	673	196	153	140	78	26	99
V136	532	59	82	35	47	9	70	114	226	363	446	400	52	57	415	373	37	506	21	333	101	106	7	46	168	352	56	74	74	445	70	641	69	161	187	357	94	224	338	65	118	171	11	109	47	347	201	35	150	223	311
V137	258	60	83	383	718	464	313	116	169	22	431	113	318	5	567	25	390	277	185	115	247	115	128	86	150	39	52	188	37	191	153	151	21	182	300	104	567	70	896	110	73	188	16	219	358	128	273	143	39	78	181
V138	93	102	19	106	338	208	890	334	263	107	344	478	81	322	241	23	64	89	184	316	356	385	190	532	31	85	416	11	122	38	408	134	672	77	288	256	129	229	137	31	44	118	178	789	264	213	329	703	9	36	108
V139	65	188	90	376	32	89	245	539	26	127	161	72	743	273	1061	44	87	219	129	58	150	5	204	70	75	134	482	46	129	490	178	744	350	399	958	210	307	87	109	76	426	65	117	106	448	20	40	600	259	230	141
V140	77	360	161	259	25	113	44	541	28	297	31	134	8	17	322	171	18	14	163	288	74	183	260	524	149	27	386	57	593	32	893	217	96	839	547	179	46	251	87	51	114	38	270	682	448	201	150	215	103	172	190
V141	86	503	64	323	95	0	384	260	777	57	68	261	22	192	444	113	10	142	118	359	139	12	184	83	123	4	217	1240	134	90	88	182	1	63	104	214	399	519	68	106	6	11	759	279	107	71	640	167	512	482	278
V142	475	670	16	80	43	7	92	179	231	5	145	22	67	52	1	146	48	280	234	3	323	6	68	388	69	489	333	54	113	22	120	243	81	195	499	91	1	1	192	234	428	215	220	59	40	134	136	389	54	290	536
V143	11	106	365	228	554	502	176	338	140	554	400	17	101	447	126	77	30	251	33	422	256	16	168	406	207	61	23	18	29	228	163	121	192	390	495	119	694	25	23	133	63	8	62	255	216	345	129	105	159	664	60
V144	123	13	27	273	69	714	383	336	88	173	598	189	636	324	41	39	70	302	32	152	68	15	140	6	253	30	2	57	55	153	293	24	91	98	57	78	439	2	206	316	366	456	47	15	422	236	437	114	76	213	82
V145	560	221	660	822	32	257	141	14	307	514	122	253	306	22	246	271	75	57	803	957	147	108	156	213	377	635	42	42	77	133	73	159	631	453	178	65	40	128	31	119	97	31	156	181	284	25	372	115	132	838	390
V146	64	400	196	15	196	232	189	67	409	41	673	140	216	83	110	366	9	55	128	40	123	95	117	46	158	60	289	370	92	177	1	74	806	97	26	881	77	164	21	122	191	60	218	65	216	321	115	73	217	166	226
V147	314	48	87	189	2	174	589	382	437	7	41	65	952	421	133	49	307	99	35	68	453	619	224	557	277	1	370	37	65	46	698	42	419	527	31	12	50	192	124	26	137	807	43	18	89	168	113	98	246	299	200
V148	278	183	0	177	39	245	791	99	84	540	500	52	332	458	1736	168	85	281	104	64	71	191	58	385	31	9	457	298	264	108	172	74	490	195	10	84	188	232	499	317	27	185	217	360	164	133	434	383	124	218	228
V149	4	12	52	262	155	342	179	284	26	25	128	249	48	412	279	260	109	357	267	157	5	0	265	223	35	64	29	110	782	106	155	15	219	217	32	444	429	18	9	458	142	137	636	89	6	251	455	299	27	36	28
V150	16	44	328	69	376	20	66	9	146	678	39	52	236	24	543	152	42	95	59	63	24	26	202	67	135	141	128	45	229	140	35	496	125	154	91	44	464	514	146	108	45	166	162	6	220	749	19	61	120	334	40
V151	135	259	77	64	466	66	515	34	127	703	459	46	515	42	22	0	84	673	166	3	31	32	136	789	147	8	80	134	219	19	193	169	559	135	78	68	229	508	36	48	90	167	64	637	221	129	56	267	19	195	196
V152	109	44	136	121	132	516	106	535	82	154	57	340	217	411	158	204	2	152	202	255	24	5	108	48	33	103	164	173	278	46	163	24	14	296	205	119	69	516	229	32	6	138	1065	653	182	11	331	96	42	277	84
V153	211	134	212	812	51	26	141	34	285	12	545	640	133	752	102	241	221	169	369	63	557	170	90	370	212	100	250	12	129	60	137	24	384	266	72	205	199	11	243	32	246	82	40	190	17	11	49	358	1017	302	212
V154	470	112	1640	512	254	93	182	284	43	104	285	267	495	86	120	660	25	132	377	129	155	66	28	140	196	575	448	323	50	71	181	7	482	170	48	124	139	2	69	58	2	47	69	358	20	295	191	5	150	60	303
V155	23	63	19	435	128	108	116	114	275	142	11	116	204	185	216	31	25	37	58	29	2	18	166	381	938	465	81	20	216	195	254	555	45	19	2	102	386	34	73	194	183	588	118	182	224	188	211	247	190	10	46
V156	108	557	151	228	266	160	53	551	54	372	46	149	348	41	95	247	121	39	106	61	334	229	80	165	227	265	386	964	80	48	185	25	189	52	16	308	203	200	141	128	44	92	83	17	138	643	19	87	6	168	318
V157	87	379	52	56	206	85	18	18	352	171	312	1338	21	15	261	194	149	489	707	65	458	795	479	188	1014	37	328	44	88	645	68	184	252	375	174	184	90	537	197	1014	93	73	147	141	201	75	288	285	78	92	234
V158	796	149	35	160	14	277	448	8	40	68	111	111	77	146	17	249	22	3	132	916	69	624	867	10	174	0	79	104	171	193	54	179	64	50	101	32	161	174	101	142	236	326	117	14	122	265	146	194	234	332	503
V159	10	116	0	689	24	341	312	8	368	39	20	290	303	435	464	363	177	175	313	46	115	38	118	87	104	28	218	433	29	265	328	261	14	58	675	349	24	577	322	12	640	83	281	169	244	181	73	98	351	13	67
V160	305	145	78	222	221	71	42	253	66	413	68	403	58	55	2	327	87	60	17	625	44	98	31	68	20	98	54	1	305	14	118	60	282	354	60	149	36	243	73	171	278	209	60	174	313	298	35	8	554	12	239
V161	200	78	274	591	166	17	197	267	471	242	79	243	34	68	7	456	25	371	426	378	324	227	200	36	465	454	872	271	333	5	217	653	45	130	76	276	145	206	461	78	230	274	89	51	127	21	165	128	79	106	176
V162	69	982	35	168	301	136	302	175	90	63	321	261	121	21	330	72	33	170	40	328	101	47	71	1	127	88	178	220	216	400	39	1196	60	69	180	127	492	589	193	1043	274	180	240	71	144	17	520	416	1	289	405
V163	59	753	222	16	85	410	37	43	147	277	42	12	480	162	421	303	322	181	137	150	1082	215	69	12	48	24	323	68	96	42	94	392	180	251	0	16	93	11	49	369	129	6	141	493	178	313	73	82	174	137	353
V164	153	55	111	361	362	236	9	188	37	155	168	228	96	406	142	262	224	393	193	10	490	40	47	222	248	90	276	79	27	193	317	164	367	299	125	191	56	96	17	112	57	458	207	1	125	150	746	73	1	108	127
V165	46	164	252	43	13	385	248	198	126	68	73	122	299	103	126	214	24	257	355	400	57	252	134	477	367	185	272	212	259	180	163	591	110	69	172	54	36	13	155	39	224	121	414	137	85	22	68	264	611	48	103
V166	132	727	206	126	135	125	297	38	210	65	365	159	28	13	139	120	459	78	93	195	4	28	612	39	243	316	223	461	18	37	108	551	804	49	15	55	100	4	202	33	188	199	111	233	422	133	794	556	11	215	320
V167	98	99	80	372	39	104	5	52	190	40	80	110	90	86	921	839	611	5	172	286	546	76	263	90	28	148	226	27	26	1	135	89	149	507	109	176	22	254	14	153	483	99	161	159	1	786	119	3	344	20	116
V168	297	82	443	86	795	57	11	69	88	207	404	115	20	196	11	302	88	382	16	379	33	188	77	295	159	133	1274	428	660	317	83	965	1	66	81	8	126	366	225	162	84	256	16	192	75	206	76	18	117	348	204
V169	42	90	475	55	97	447	309	249	74	121	272	272	172	32	139	179	5	557	121	43	101	326	126	83	208	202	71	24	104	85	11	292	148	369	183	461	369	147	605	158	12	64	26	391	1	124	9	481	4	193	69
V170	299	56	45	149	217	155	231	640	251	48	206	495	360	1068	637	273	101	237	127	36	35	135	435	224	109	563	10	99	66	108	65	347	247	21	176	481	132	902	18	247	16	571	218	153	288	277	2	459	76	2	197
V171	810	55	284	462	141	151	207	7	2	504	410	33	62	61	254	197	74	101	359	47	179	366	293	132	0	110	44	78	73	62	2	474	49	380	61	23	99	234	19	96	322	347	216	143	73	41	422	0	9	37	484
V172	43	7	80	30	97	80	78	428	713	62	68	11	58	233	126	131	26	96	16	35	66	157	412	347	59	343	36	49	327	253	492	0	122	85	303	437	111	437	161	55	141	109	60	108	109	216	5	695	148	0	37
V173	379	265	20	65	5	126	46	9	46	157	72	125	161	145	288	182	465	154	44	129	80	66	325	10	611	64	123	58	384	916	111	4	252	59	222	237	132	17	67	15	107	141	34	210	935	927	395	41	297	64	325
V174	310	297	366	245	31	203	180	71	122	135	78	362	525	158	11	53	446	77	49	311	246	483	428	127	424	227	231	8	172	331	23	173	75	44	170	189	319	16	63	259	91	15	83	110	56	170	283	48	131	103	294
V175	207	278	288	66	183	348	164	139	446	268	268	11	210	153	290	78	502	216	503	153	152	256	332	1340	93	232	41	446	636	543	284	631	116	44	126	96	277	144	210	206	120	46	500	256	53	586	45	69	91	385	256
V176	234	71	223	310	119	154	305	221	93	99	200	121	8	414	80	227	388	83	330	443	26	670	180	107	248	138	25	286	340	296	95	235	53	122	250	57	96	87	294	488	231	735	48	123	210	83	590	198	399	11	170
V177	302	243	38	83	103	478	316	454	412	7	11	75	324	41	135	35	91	16	22	33	260	31	530	0	345	494	174	32	10	161	471	66	46	258	39	183	1143	123	366	8	59	194	551	13	329	51	210	77	129	1349	251
V178	159	352	153	50	55	170	96	235	31	12	65	64	218	200	11	28	611	13	168	137	17	648	283	79	70	94	160	45	28	127	228	82	398	266	29	58	21	36	7	292	266	329	156	105	868	14	87	18	248	22	232
V179	332	158	91	28	450	370	175	64	232	167	30	110	495	81	114	43	41	50	296	240	143	39	47	12	155	194	107	254	572	135	112	86	136	56	332	110	157	220	484	78	34	162	85	117	33	255	414	66	217	156	261
V180	67	59	100	468	65	120	123	171	326	418	690	634	49	82	128	124	203	20	231	21	358	46	10	218	62	184	89	604	122	171	601	85	165	26	40	135	169	228	295	319	27	196	223	97	134	184	33	685	406	220	78
V181	58	102	346	147	263	180	46	439	40	4	3	247	10	498	57	135	74	204	52	478	382	165	619	165	24	411	167	98	385	650	730	199	83	148	498	139	90	344	7	42	98	223	272	334	407	261	273	387	256	242	90
V182	265	56	96	543	106	651	48	211	654	132	76	434	147	1132	665	159	51	252	83	221	157	325	223	328	303	91	867	818	257	99	215	135	157	75	264	30	21	19	252	168	291	291	176	226	296	84	281	193	551	932	173
V183	393	118	282	176	83	55	79	14	566	208	188	653	206	143	8	204	169	562	57	9	29	293	182	20	20	361	405	2	312	350	54	18	138	168	58	7	458	64	244	539	70	635	14	60	202	218	320	391	119	362	268
V184	130	233	194	58	2	47	65	231	419	58	139	1085	235	480	1228	167	240	68	22	179	162	190	119	25	78	54	201	530	343	995	894	349	92	12	291	14	18	734	23	387	141	189	407	134	579	400	287	318	3	310	194
V185	387	88	1	146	93	243	9	55	20	154	14	184	130	179	149	11	145	109	58	36	606	345	128	69	400	15	71	52	175	12	55	97	9	61	142	623	17	72	62	1	298	207	105	423	12	102	113	91	255	84	251
V186	33	120	287	140	108	779	154	284	575	636	169	64	122	145	169	4	221	479	23	54	253	213	655	99	103	258	241	365	133	53	10	314	6	102	303	269	215	4	274	86	312	119	272	61	362	318	412	116	315	210	98
V187	1000	142	45	259	285	421	418	4	301	147	178	10	14	35	47	114	411	340	73	578	90	534	130	27	52	274	59	76	157	511	217	30	158	514	187	81	36	198	714	92	285	304	249	125	390	27	196	15	94	47	574
V188	23	51	564	44	86	68	48	69	473	2	35	554	396	30	54	398	235	384	356	121	238	39	56	156	62	76	59	226	188	74	183	359	308	225	208	400	444	88	190	165	158	223	775	69	761	7	145	100	37	15	63
V189	258	730	270	182	96	53	77	54	174	8	241	193	241	168	14	273	127	101	55	503	212	31	111	79	20	100	47	50	198	682	312	256	224	109	15	39	145	0	62	287	61	222	68	493	89	134	302	87	89	212	422
V190	410	134	104	67	369	28	167	794	221	5	145	244	65	627	37	541	25	96	250	47	181	53	166	107	241	10	119	140	56	213	461	584	302	245	155	308	658	492	28	812	86	61	562	56	234	33	65	238	87	427	315
V191	101	57	562	331	1	385	52	62	364	2	153	14	733	196	214	14	14	22	385	599	155	280	132	295	131	90	260	21	15	310	193	715	186	692	455	262	141	314	44	324	11	25	18	42	271	89	91	123	195	40	90
V192	9	1209	374	86	160	424	223	128	235	152	234	93	47	426	150	390	117	390	87	29	309	36	359	68	6	161	164	15	96	205	162	46	9	84	56	79	13	164	463	59	143	27	62	165	41	103	385	157	114	165	472
V193	31	203	206	129	143	111	0	106	355	729	121	97	432	408	50	85	150	52	50	682	329	233	55	283	278	150	491	128	13	127	64	141	395	362	167	317	17	181	34	92	905	9	128	127	385	211	116	307	265	260	123
V194	519	48	8	228	16	172	361	61	37	30	44	30	159	21	49	30	18	306	285	127	248	249	74	227	147	55	36	74	73	237	24	147	348	3	12	126	159	102	91	630	218	27	318	404	367	402	443	223	14	138	308
V195	64	37	64	228	54	367	174	152	97	619	98	436	113	92	63	57	69	29	121	5	55	190	255	439	47	70	139	86	354	109	120	72	59	112	31	298	10	64	365	145	283	298	15	341	498	108	186	104	128	259	71
V196	337	146	149	98	190	133	43	46	402	13	200	64	117	270	95	84	583	572	37	26	287	71	79	370	3	245	279	562	252	106	109	50	177	114	141	443	170	486	291	287	258	156	4	127	389	61	118	207	525	99	233
V197	415	432	52	201	105	416	26	145	32	22	79	446	134	182	29	257	124	340	197	68	509	105	139	57	75	347	54	79	61	265	94	73	72	80	160	152	73	11	157	315	325	71	636	469	443	195	69	208	36	84	387
V198	268	96	412	113	19	25	34	181	567	148	6	111	0	358	39	15	5	49	118	149	225	20	519	277	312	194	8	158	74	427	169	20	344	134	263	2	82	240	79	11	175	440	524	74	129	160	19	226	158	81	202
V199	305	717	1217	136	67	57	2	140	81	47	35	78	177	137	30	24	107	120	112	2	411	42	817	280	271	408	157	78	206	153	518	111	96	38	53	100	24	36	10	418	19	36	11	43	63	390	91	29	64	228	432
V200	21	110	438	301	265	167	429	69	77	729	135	137	480	223	377	109	641	127	576	537	298	204	220	124	226	324	558	38	13	89	13	27	102	63	63	89	406	399	116	488	10	25	259	25	120	252	178	183	102	116	64
V201	489	239	235	58	856	108	69	187	18	30	7	360	290	43	27	123	121	63	271	64	229	266	320	509	50	123	104	301	110	663	58	83	521	210	187	387	76	165	850	66	52	116	68	62	312	12	42	358	246	250	393
V202	497	19	160	1119	67	44	70	104	32	125	112	545	106	124	191	82	96	199	371	37	109	442	1029	598	675	14	151	73	74	234	220	33	36	332	103	65	51	37	42	233	405	222	43	453	8	22	228	233	152	58	314
V203	357	539	341	101	37	25	138	90	71	62	1190	122	123	82	173	80	71	42	27	14	210	0	16	593	541	629	73	114	620	4	48	932	107	212	674	17	156	209	594	76	370	29	51	124	12	109	7	20	80	242	404
V204	167	352	222	103	60	0	387	3	523	204	550	5	248	8	207	53	179	11	35	408	5	5	25	453	508	35	311	319	97	344	129	289	243	717	201	257	297	214	427	429	142	151	375	272	475	47	83	303	96	17	218
V205	78	158	5	206	41	17	300	87	443	168	16	351	1	336	721	636	88	93	615	3	39	161	108	77	28	348	165	123	125	246	64	267	219	12	35	54	131	162	568	5	104	55	201	301	434	36	29	54	159	156	137
V206	156	66	69	291	62	107	128	14	62	57	399	962	33	113	17	3	72	36	229	432	457	3	0	23	586	30	189	234	165	878	5	6	64	28	445	30	461	461	9	25	171	152	191	176	427	120	38	67	103	115	123
V207	2	24	38	69	10	219	165	166	360	635	275	326	155	116	174	61	18	6	121	90	196	133	226	261	291	138	99	97	46	243	55	55	77	33	136	324	262	2	453	54	68	175	285	1	388	115	252	625	189	171	26
V208	105	242	615	123	129	30	339	135	247	260	209	192	23	116	87	19	243	51	160	78	33	178	135	414	24	511	23	90	293	748	234	355	145	108	86	224	15	29	83	211	173	56	29	51	432	135	33	467	221	52	160
V209	176	52	289	85	57	162	91	495	236	100	32	67	48	490	35	48	179	41	9	50	72	197	21	59	196	346	54	446	25	81	201	82	41	78	210	126	22	330	220	138	65	42	26	54	81	106	88	14	55	158	130
V210	225	35	39	12	109	334	23	156	299	215	258	529	495	64	24	679	266	234	25	142	418	32	47	75	118	190	58	115	193	372	43	142	35	11	45	102	29	23	3	351	420	72	13	117	351	345	294	42	222	143	144
V211	46	48	584	409	21	84	159	57	197	88	354	175	130	10	26	18	70	67	25	213	17	150	176	37	109	80	33	33	330	3	416	127	42	209	49	147	273	197	390	62	410	326	174	94	243	0	432	72	15	296	60
V212	142	155	21	186	352	202	97	236	81	200	30	895	278	85	61	298	205	388	227	127	87	27	125	18	135	158	79	43	717	130	99	156	87	27	8	540	89	120	3	63	295	53	13	82	2	11	348	21	280	144	162
V213	157	355	54	415	72	47	71	275	75	17	124	2	274	322	7	56	266	150	41	87	446	645	134	140	123	303	34	98	93	22	316	97	111	107	136	14	16	72	155	16	1191	23	425	43	110	101	46	280	513	183	241
V214	225	166	50	440	197	40	18	10	61	28	313	34	1094	129	34	646	105	82	161	587	215	224	89	295	233	368	75	174	894	150	66	85	73	76	174	176	243	187	112	366	22	50	543	81	118	60	161	47	98	81	222
V215	276	139	117	13	76	75	66	154	108	38	166	8	311	102	310	154	491	109	2	165	63	390	484	489	124	64	203	294	362	22	18	129	173	313	285	20	313	205	107	237	49	253	129	144	131	264	479	232	456	519	214
V216	217	114	212	465	651	106	123	107	422	608	30	76	194	16	70	276	47	20	240	26	24	112	344	23	316	361	28	0	218	440	88	675	159	99	54	293	361	41	277	441	70	57	83	133	76	75	167	235	39	125	177
V217	109	168	366	206	162	179	114	40	96	49	259	217	366	287	68	251	290	251	487	120	74	228	247	315	8	493	251	54	296	155	72	55	259	135	42	198	81	66	299	61	20	121	715	77	239	328	130	55	63	9	146
V218	577	127	570	21	308	550	427	489	42	33	499	591	105	335	54	155	100	506	15	95	126	21	30	85	400	33	163	69	162	131	231	258	46	44	86	93	134	60	82	39	44	721	2	471	75	283	23	122	127	308	354
V219	354	374	554	0	3	30	69	90	698	163	450	435	92	135	35	15	359	274	455	201	224	46	271	133	470	255	258	178	755	295	105	385	195	139	603	201	69	49	7	188	230	9	0	53	188	3	283	22	294	317	338
V220	31	3	306	314	242	93	605	117	51	627	234	701	11	505	87	17	673	139	58	228	86	314	33	690	334	29	146	482	113	16	74	443	130	92	37	321	283	43	92	144	390	151	26	24	473	364	13	8	63	395	48
V221	36	38	72	10	338	92	137	16	197	53	392	78	85	117	125	397	731	181	659	26	291	323	89	444	51	19	463	161	278	98	110	6	241	98	86	143	74	115	109	9	107	273	120	19	56	114	69	987	58	299	49
V222	11	82	153	365	474	44	68	232	63	146	14	378	164	94	285	94	453	73	63	11	38	202	28	305	59	1074	225	385	265	432	74	366	119	13	41	104	757	220	26	99	193	385	82	743	497	159	118	512	134	272	55
V223	176	61	159	104	78	163	492	26	210	58	111	124	271	36	13	158	488	89	177	697	654	564	173	127	106	84	64	81	210	313	381	21	248	4	290	54	338	68	319	25	116	48	72	58	302	219	136	27	1066	269	137
V224	110	757	8	445	619	29	164	81	505	205	216	191	240	58	175	74	289	158	109	28	92	40	254	124	4	50	51	78	785	23	35	476	157	18	26	275	97	835	292	8	352	88	857	7	427	224	37	130	111	158	337
V225	238	161	473	247	193	273	320	162	215	69	12	578	72	16	66	15	446	155	94	114	30	264	188	58	175	161	215	70	0	105	134	203	299	79	410	595	126	607	39	19	82	25	72	536	53	139	63	133	30	456	195
V226	332	113	64	60	3	227	85	195	43	298	332	105	216	148	15	262	184	172	41	229	10	121	6	930	93	382	25	639	264	151	226	97	103	225	84	108	39	160	27	388	267	436	238	755	118	14	59	10	176	538	207
V227	626	714	51	10	30	220	71	157	36	71	252	111	358	91	164	474	184	11	43	665	29	415	205	156	22	42	37	255	20	360	20	38	103	111	946	82	510	161	31	241	236	55	331	220	42	190	213	107	180	64	634
V228	153	56	185	221	515	93	26	138	293	15	203	25	359	49	236	17	147	149	102	28	156	116	34	243	865	352	20	149	72	218	567	282	171	113	19	45	280	54	108	252	240	139	132	19	542	581	503	92	2	105	134
V229	85	0	206	1003	252	101	63	79	410	144	76	263	195	141	591	9	33	113	373	50	3	28	58	175	464	109	74	48	55	208	126	54	451	87	50	302	132	267	266	238	103	29	300	239	37	48	2	42	68	100	50
V230	70	286	404	275	93	170	42	54	129	188	20	108	130	103	65	53	322	112	243	338	237	55	82	192	77	8	110	25	162	178	1201	57	157	793	180	264	320	84	69	292	171	154	301	228	79	59	230	653	102	146	146
V231	33	4	47	243	185	1	85	105	25	294	5	38	279	739	174	594	114	700	131	98	642	304	145	40	335	188	300	114	6	92	87	382	279	208	133	61	640	461	107	414	15	87	79	27	25	249	2	10	285	121	35
V232	217	213	251	40	510	133	987	78	308	98	419	630	158	24	268	760	67	50	521	32	85	167	107	168	61	194	248	162	49	588	52	173	113	391	31	59	124	58	110	154	85	32	139	145	389	205	239	465	152	204	216
V233	2	20	182	170	207	173	224	217	120	215	79	628	39	75	57	382	13	216	24	283	307	17	55	230	363	130	33	193	3	51	13	294	98	24	47	57	99	1	28	441	74	60	332	118	180	850	143	43	216	170	26
V234	46	48	453	135	37	605	128	205	143	281	224	10	30	110	779	179	228	155	333	299	91	409	327	10	55	543	5	11	65	68	110	354	168	58	234	421	384	260	146	19	152	486	136	998	53	31	3	129	102	22	67
V235	392	570	679	371	17	56	7	470	230	71	40	359	53	24	240	54	243	358	26	388	240	217	45	178	349	122	36	97	751	588	124	133	133	28	2	246	141	44	174	499	516	241	89	339	138	346	130	124	249	160	459
V236	621	121	92	133	38	470	106	38	211	131	341	133	49	44	190	715	258	102	25	11	708	68	110	202	247	6	11	317	319	484	4	313	186	575	54	61	5	58	158	553	180	1	137	85	1271	159	110	521	319	0	410
V237	72	400	183	494	16	45	29	117	197	75	88	34	256	33	524	39	59	96	32	141	2	133	89	103	17	27	122	1430	19	82	64	457	500	370	292	45	170	447	122	21	61	259	52	612	70	432	243	171	57	785	225
V238	40	61	79	291	197	96	163	59	37	6	228	82	254	148	197	38	65	187	328	253	128	381	153	146	233	263	32	119	157	68	0	961	30	224	383	296	42	25	136	9	2	388	229	50	57	366	202	142	744	225	50
V239	519	256	60	438	123	86	7	316	13	58	186	260	298	237	596	185	71	170	27	112	535	378	409	356	189	52	158	34	37	72	142	141	395	814	612	7	230	191	296	166	86	76	559	217	789	110	138	464	131	87	405
V240	431	94	361	2	1481	256	332	45	113	471	22	6	444	266	269	145	187	91	42	124	248	224	160	239	50	117	120	23	12	438	132	587	103	161	386	174	44	31	13	1	174	257	99	405	251	455	262	29	185	50	303
V241	380	588	105	509	36	287	531	55	325	62	317	205	305	833	269	318	67	7	147	225	65	59	371	91	60	146	134	427	163	401	85	262	243	121	23	316	295	268	270	46	316	395	278	161	407	89	29	581	27	0	434
V242	422	100	398	959	762	86	88	233	134	232	57	16	94	116	104	169	53	198	391	295	223	769	72	365	271	157	370	465	34	8	905	28	35	85	107	5	478	158	48	254	140	315	62	42	160	293	217	47	47	128	272
V243	8	16	27	56	43	53	401	25	81	126	194	369	271	80	112	220	175	186	264	316	2	117	22	537	41	268	234	321	181	101	476	54	175	123	133	590	19	623	89	387	269	221	87	7	78	94	902	315	609	600	31
V244	125	285	110	163	158	34	242	93	111	337	134	34	194	31	196	41	65	134	375	103	82	369	25	14	291	298	100	114	504	12	118	293	187	1093	60	45	493	111	323	32	77	137	283	370	242	259	29	130	49	257	187
V245	388	155	120	11	166	26	124	153	192	119	314	225	947	365	0	20	295	132	316	268	555	182	15	160	125	251	288	24	179	161	22	248	206	102	289	169	50	382	84	79	260	223	20	23	60	257	323	10	50	49	256
V246	513	58	10	212	18	355	108	249	506	325	355	145	116	179	46	36	37	140	401	46	123	87	49	801	223	40	175	434	378	225	57	17	1093	148	551	171	187	120	52	164	248	24	7	5	50	27	188	215	148	34	322
V247	41	26	365	276	62	339	23	247	59	74	4	11	0	240	102	219	116	28	117	1056	194	161	24	102	49	473	142	24	19	84	87	163	133	177	219	259	326	58	22	254	15	12	148	211	102	179	140	144	167	177	60
V248	129	125	125	134	161	212	389	273	94	293	16	257	348	294	131	59	85	120	413	73	156	19	59	585	234	118	118	68	322	172	94	105	43	162	177	95	121	547	5	13	339	1154	649	627	40	158	195	311	30	169	137
V249	187	360	5	47	346	5	84	557	127	333	134	75	86	201	57	77	130	196	476	115	193	194	384	35	119	40	14	216	33	196	163	368	142	69	6	94	95	59	18	61	275	17	16	39	1	9	494	520	478	433	260
V250	1149	288	333	9	596	169	454	310	11	32	126	283	58	239	798	336	256	255	453	470	1	222	74	74	81	87	143	462	289	114	234	469	247	472	194	90	262	89	55	521	83	8	189	1292	594	23	314	351	429	685	782
V251	63	217	460	390	236	417	73	87	257	3	334	293	1	117	268	625	1019	288	278	545	271	443	176	319	121	389	174	204	360	34	746	162	342	245	312	346	516	432	36	46	530	45	22	84	63	9	555	337	108	808	161
V252	84	10	250	253	60	80	163	107	224	238	66	286	342	349	180	204	338	848	456	97	302	279	78	53	201	35	66	344	88	36	31	568	677	746	231	326	159	17	279	5	471	351	25	735	315	10	58	17	255	73	76
V253	462	125	196	0	40	74	113	242	163	223	193	107	100	511	92	155	370	281	87	320	44	283	310	160	32	139	166	14	224	235	16	0	161	745	77	135	13	11	126	154	346	818	24	14	46	352	119	185	631	99	305
V254	47	29	65	139	143	274	59	18	85	18	39	282	2	6	105	96	38	35	99	242	146	144	433	236	136	79	404	32	3	612	8	126	590	324	283	93	646	65	84	9	78	15	15	77	174	38	82	462	37	9	52
V255	479	565	299	894	325	447	60	667	84	39	230	22	216	123	94	70	384	367	131	237	350	313	183	162	304	173	391	557	160	23	280	78	376	135	62	78	41	28	176	391	27	43	248	152	97	241	355	92	431	34	494
V256	51	19	65	996	76	50	83	202	56	270	59	18	161	182	168	7	112	95	142	406	18	429	500	57	397	409	30	208	291	101	247	156	85	291	299	810	2	51	186	320	153	75	331	37	111	97	659	2	296	133	43
V257	622	36	6	32	234	307	221	120	132	201	225	26	0	382	259	338	231	53	138	358	56	92	0	154	222	242	266	44	3	29	35	58	156	13	541	46	97	99	155	177	249	985	225	61	144	79	5	56	779	293	370
V258	602	144	115	11	169	341	213	94	483	95	207	206	0	105	195	322	115	39	199	218	134	92	164	313	243	602	16	253	168	896	329	207	51	267	106	394	95	35	150	69	131	527	65	550	294	221	214	246	31	676	370
V259	126	262	97	51	317	59	265	365	204	265	229	314	329	107	106	24	194	272	0	470	372	595	443	12	323	31	29	315	487	105	294	310	55	321	49	125	173	276	331	36	138	191	422	130	452	161	18	453	59	70	169
V260	120	252	144	5	276	1	468	58	325	229	35	1058	146	98	94	158	50	138	115	58	131	64	727	200	715	1368	108	55	99	201	656	200	69	20	113	47	66	117	165	1235	8	190	4	446	139	427	0	93	16	207	169
V261	1	144	549	253	64	47	439	55	147	466	332	1	224	85	356	46	310	82	21	58	161	14	233	264	47	115	419	2	912	208	562	17	160	153	108	31	45	642	559	115	243	353	28	419	87	104	200	619	192	294	61
V262	610	363	228	259	99	28	165	543	65	30	102	45	282	142	206	118	53	987	294	219	259	154	28	42	162	128	1176	218	141	120	235	44	48	10	230	161	39	2	39	546	131	148	28	243	300	225	305	147	192	15	442
V263	144	609	347	112	617	131	83	285	231	110	88	235	23	82	148	57	121	413	26	37	12	14	14	382	16	145	137	76	315	271	304	21	39	187	321	165	317	722	175	6	211	427	403	254	32	85	161	466	244	47	308
V264	306	702	147	74	25	463	57	264	307	106	404	91	127	412	195	161	94	244	59	137	139	113	67	536	246	209	452	91	681	130	33	315	38	62	196	474	3	359	13	7	288	103	175	46	71	173	182	78	149	125	437
V265	225	84	122	584	103	164	224	156	114	26	62	56	318	35	167	807	224	106	194	815	13	283	2	353	143	1289	330	73	186	435	176	38	440	703	55	86	210	77	165	357	170	328	240	103	126	343	123	45	130	195	168
V266	25	468	232	500	148	154	19	129	103	40	55	308	9	114	317	1	84	245	66	51	233	71	36	329	184	261	13	79	5	187	480	3	223	283	64	20	68	242	120	66	52	287	348	174	127	134	299	67	134	307	242
V267	391	104	347	110	81	50	7	78	365	236	141	115	9	267	57	13	349	235	78	1148	153	97	105	85	259	303	101	16	58	188	553	311	44	472	157	164	368	53	190	43	13	25	47	39	54	51	127	285	61	145	258
V268	109	269	620	151	989	965	320	286	148	304	104	198	197	154	128	533	40	329	1328	38	274	0	456	86	82	60	324	140	125	10	356	34	16	25	80	17	493	182	112	106	52	317	672	187	244	421	123	74	180	54	198
V269	36	228	15	80	46	57	389	108	197	3	114	369	83	101	15	601	396	232	227	216	194	108	256	687	160	497	5	93	43	226	247	4	61	66	171	1	237	269	155	18	432	301	8	48	361	96	399	452	110	174	125
V270	252	400	183	289	387	440	337	43	15	189	119	32	270	254	84	334	5	70	145	153	196	301	36	1110	128	1110	96	681	140	266	85	114	229	296	170	176	222	253	568	68	179	338	496	107	224	221	50	16	525	119	332
V271	267	55	779	244	223	177	345	389	9	289	247	15	59	87	75	178	44	115	19	106	26	1024	49	103	39	105	104	629	431	2	113	20	671	743	97	378	88	212	2	159	71	107	214	84	38	716	14	12	320	280	212
V272	94	158	227	730	234	326	1052	219	128	229	527	19	387	89	489	167	267	306	71	68	135	789	201	193	69	130	50	498	193	59	279	240	92	111	116	45	110	82	109	55	385	37	16	296	208	111	88	161	19	36	140
V273	20	259	407	54	314	60	70	228	110	201	14	44	72	46	142	12	563	29	30	17	59	131	137	760	195	52	103	66	269	1	27	30	351	197	482	26	255	228	329	769	34	13	247	196	9	101	127	6	68	236	125
V274	427	88	164	158	591	751	29	211	5	65	255	189	393	12	129	204	327	131	112	102	61	7	575	31	393	84	179	488	572	33	32	226	229	63	259	55	161	562	8	53	7	29	403	27	7	428	140	448	447	338	306
V275	349	147	297	28	492	305	418	36	226	216	244	480	200	275	104	1	393	268	648	635	17	112	607	132	119	126	517	55	14	161	193	497	50	1	290	3	462	293	107	293	334	435	107	101	174	155	160	362	147	108	256
V276	69	519	208	300	165	43	37	59	34	25	191	4	66	33	30	22	102	298	283	21	214	71	93	51	695	73	256	19	291	54	288	154	37	89	261	65	146	24	260	253	59	439	59	336	150	92	35	145	305	96	252
V277	41	48	375	1	83	288	103	69	16	145	346	50	2	686	260	212	156	38	151	198	39	715	8	214	76	202	611	72	124	209	876	249	132	157	789	204	301	268	234	195	258	287	44	159	58	136	148	22	8	195	67
V278	374	398	44	245	441	88	49	106	32	385	568	28	59	46	332	910	282	302	311	105	99	177	235	46	186	200	188	165	710	44	9	10	13	522	477	181	191	170	31	1	105	279	19	678	163	123	88	52	507	53	369
V279	199	195	1013	241	19	137	338	348	502	15	91	364	180	759	351	19	26	236	130	1076	75	127	63	65	68	6	20	88	155	64	97	66	430	16	101	1132	384	95	344	145	49	141	35	113	106	113	467	44	69	312	199
V280	954	335	12	850	204	4	216	356	1	246	9	555	249	111	70	301	71	452	24	961	287	511	168	87	435	217	272	61	229	1199	388	122	250	348	258	261	166	443	5	215	77	149	259	446	10	317	331	214	179	8	668
V281	259	316	55	189	40	115	33	22	577	115	640	90	456	61	53	69	325	236	246	1008	14	166	403	278	372	38	247	96	65	407	223	20	63	67	104	348	27	435	330	12	149	128	213	197	250	215	171	41	223	144	269
V282	160	213	225	26	51	12	346	608	459	208	29	198	74	329	163	26	82	23	43	166	569	265	105	77	351	460	35	72	70	291	105	77	261	2	190	116	415	156	111	386	473	139	25	49	49	440	85	175	62	57	188
V283	46	384	126	70	435	271	88	30	186	83	288	62	781	47	364	379	0	42	633	27	6	293	287	53	140	155	8	389	244	40	7	672	142	352	36	287	26	333	250	85	3	59	229	458	34	292	503	442	15	3	170
V284	92	199	22	42	9	62	869	46	136	418	75	0	263	72	161	258	79	59	202	38	84	57	428	229	581	110	653	420	219	607	223	230	166	25	266	109	127	121	64	70	6	257	692	77	2	1011	123	52	161	217	134
V285	125	611	183	39	506	906	196	100	306	394	116	122	131	11	26	153	354	453	19	210	120	19	66	64	64	289	136	174	9	76	149	443	369	216	296	26	351	424	73	76	173	233	148	29	346	52	962	482	982	25	360
V286	178	31	295	235	106	98	90	104	69	207	365	73	238	210	113	103	49	77	896	320	60	208	271	148	56	601	150	55	15	20	386	277	298	72	583	466	92	381	149	30	244	121	124	209	340	246	224	283	100	25	106
V287	295	193	35	57	574	13	41	218	555	187	447	121	74	55	105	205	331	369	166	219	110	78	156	175	296	192	249	471	11	66	320	89	21	201	50	555	260	612	233	102	132	163	213	16	177	143	48	450	213	290	267
V288	48	399	839	44	14	43	271	158	117	146	258	274	504	75	18	268	346	258	101	219	172	1104	102	24	271	395	140	651	232	55	374	204	30	53	305	545	15	164	33	35	337	150	523	132	294	56	73	237	296	225	190
V289	419	1111	124	449	903	59	133	72	179	449	15	565	44	62	19	26	299	246	61	600	283	347	211	334	11	116	85	215	116	113	135	269	498	100	134	46	316	23	397	806	701	272	241	108	59	243	196	413	114	441	605
V290	88	367	250	570	293	109	139	26	73	8	277	234	603	91	50	31	36	2	5	66	475	138	332	81	176	207	64	86	75	142	581	54	163	79	92	441	175	362	179	180	99	195	73	24	76	36	195	405	28	4	203
V291	90	44	168	72	102	2	539	27	27	15	296	35	56	223	314	176	125	141	146	247	125	419	236	116	163	152	38	90	406	46	430	146	104	14	196	288	230	29	217	89	115	320	316	116	127	238	76	103	38	203	81
V292	103	241	139	44	410	89	45	174	157	33	446	276	153	191	219	390	58	836	221	102	329	46	286	658	333	22	216	14	17	67	212	121	101	293	98	31	121	211	200	46	306	297	314	310	76	246	22	284	272	14	168
V293	113	55	731	37	177	13	66	226	209	108	273	9	126	268	342	129	123	120	192	38	114	47	19	113	81	17	156	115	27	303	36	0	398	19	198	57	65	43	291	159	78	377	166	55	62	151	234	49	52	213	93
V294	485	110	4	232	162	188	45	179	274	28	165	97	60	528	95	100	68	412	192	131	36	268	114	656	171	442	266	331	494	157	696	46	315	322	18	630	121	51	119	75	236	877	775	92	371	83	198	173	525	264	322
V295	230	32	354	100	325	38	35	254	128	97	71	226	109	6	87	331	12	82	346	405	13	9	86	59	57	72	101	291	202	101	34	26	308	82	1072	411	562	14	197	5	477	114	693	173	173	152	46	236	236	39	167
V296	9	30	102	26	444	589	46	110	80	443	20	8	194	279	276	76	8	121	107	224	155	385	81	266	210	57	108	270	49	167	466	192	286	154	61	103	22	253	153	151	332	11	175	15	685	105	163	108	5	725	35
V297	472	97	195	140	94	128	19	173	34	109	13	125	286	273	439	10	64	295	150	168	91	29	379	265	52	297	32	457	184	48	111	738	159	11	99	67	100	51	92	143	293	142	253	335	153	295	291	199	223	211	305
V298	133	137	242	1281	199	551	932	131	167	292	111	665	65	50	54	20	54	391	101	15	152	20	753	176	529	228	128	228	85	82	6	54	157	304	180	40	271	816	441	45	4	633	321	11	411	293	85	323	262	534	156
V299	12	105	62	157	21	19	52	314	510	96	131	166	602	53	98	308	218	192	117	90	278	24	53	63	25	122	282	79	206	103	344	297	192	16	311	96	143	463	267	263	207	172	169	100	308	8	251	70	79	640	74
V300	280	65	338	128	98	307	213	289	364	278	331	85	61	110	1	41	127	254	7	143	312	168	12	44	39	21	128	93	382	283	103	84	839	81	101	41	189	134	136	325	272	78	107	11	327	15	543	81	119	80	186
V301	227	25	200	580	21	185	196	21	353	56	403	321	181	76	25	521	107	82	11	77	94	45	75	409	391	67	371	32	147	752	214	280	19	750	191	79	25	77	824	96	178	65	202	45	30	466	103	10	223	45	159
V302	35	59	433	1187	120	144	164	15	103	389	83	23	211	474	25	263	33	35	257	123	7	56	1002	140	96	201	5	156	80	86	102	171	838	419	524	81	47	63	56	185	630	287	49	74	4	62	448	213	170	250	73
V303	186	48	65	45	1018	520	292	240	42	33	58	61	160	286	120	209	128	3	234	11	466	30	245	59	930	73	196	220	173	261	323	63	186	724	578	88	154	9	230	66	23	5	71	378	51	128	406	188	1410	62	170
V304	259	220	123	135	81	17	436	231	25	923	115	282	63	307	633	382	148	28	93	278	71	30	328	80	41	40	323	382	432	985	622	54	12	33	6	457	14	25	846	240	168	33	27	11	182	520	339	134	201	7	229
V305	46	132	278	698	8	261	204	64	226	87	195	146	172	467	15	16	46	127	2	199	9	33	52	8	72	162	114	73	86	832	90	139	3	211	28	149	91	88	464	446	277	251	22	14	131	707	60	107	652	685	106
V306	310	211	535	194	21	75	167	64	12	9	46	15	207	136	75	53	24	57	29	46	366	161	565	88	54	18	82	48	160	587	177	46	254	4	321	874	167	494	345	258	93	108	808	181	181	621	164	48	453	14	257
V307	170	443	232	284	45	513	332	33	309	258	195	531	90	115	129	242	87	254	412	220	147	19	207	473	41	1130	361	353	90	107	249	59	88	914	614	654	33	77	156	507	89	13	208	31	171	238	322	168	339	99	297
V308	459	4	111	21	11	267	33	250	53	118	46	221	542	97	343	370	542	1261	88	585	157	346	21	268	131	29	31	281	21	313	82	0	27	21	2	217	151	99	11	443	153	173	169	224	246	547	523	242	117	7	279
V309	302	4	282	381	237	398	1058	42	48	332	98	300	125	130	63	852	159	35	137	249	0	85	229	36	3	5	102	73	303	421	25	110	11	391	436	238	85	227	94	217	104	167	222	33	51	12	155	34	632	26	185
V310	142	139	107	5	551	110	46	140	59	39	219	125	159	46	259	1155	91	289	121	10	108	248	9	176	202	870	104	23	33	174	701	156	316	172	183	178	144	471	50	54	917	36	89	2	44	324	152	141	7	49	157
V311	650	56	653	618	614	70	218	39	172	100	326	90	605	275	121	1614	81	428	85	11	851	378	538	72	61	235	239	52	359	314	453	291	88	146	96	82	138	22	333	32	89	148	28	26	136	305	626	2	8	419	428
V312	41	299	74	192	38	377	88	377	61	210	185	351	24	47	125	498	162	76	251	121	224	24	73	519	299	162	173	453	65	306	240	46	341	9	63	354	393	111	98	51	180	35	13	114	75	233	47	30	170	69	134
V313	207	544	130	191	405	464	90	354	9	467	561	195	11	209	36	225	169	778	364	52	159	397	119	239	477	26	173	444	72	237	76	249	40	115	149	17	273	146	95	202	63	50	85	367	257	323	280	44	103	3	356
V314	187	322	16	127	96	94	44	653	930	876	49	134	234	43	222	709	113	208	247	257	178	125	478	53	51	543	117	202	172	277	14	92	161	58	161	173	259	86	92	270	229	408	19	88	1077	42	344	124	134	344	248
V315	37	102	49	361	211	430	59	269	45	440	332	46	382	49	410	245	143	100	145	100	257	390	74	521	238	178	14	150	53	41	98	290	250	287	218	52	178	35	130	370	552	53	199	47	22	209	185	73	273	68	77
V316	196	178	702	179	38	82	88	340	133	219	34	257	278	106	47	177	184	81	45	6	7	67	318	17	10	235	196	340	189	649	242	50	171	24	138	101	105	40	25	165	4	3	189	94	196	2	55	493	362	157	162
V317	11	21	331	213	196	151	188	216	3	56	126	384	147	46	43	34	26	102	137	155	238	191	31	60	443	92	226	194	28	379	630	787	283	14	152	81	165	69	228	95	241	416	226	374	113	1333	239	101	378	174	31
V318	52	295	73	44	10	173	188	102	508	468	69	6	306	87	93	155	74	69	100	113	171	170	293	65	225	34	169	121	107	707	214	411	82	183	332	25	11	48	28	53	63	242	171	69	357	293	126	43	248	444	156
V319	11	0	11	73	94	518	190	239	339	183	78	404	105	7	54	61	509	851	56	10	3	174	153	19	164	178	340	418	45	484	288	405	77	185	144	15	52	405	321	248	95	548	338	87	115	20	121	145	65	47	31
V320	702	21	375	305	114	43	16	160	228	191	264	126	7	983	445	188	285	284	556	486	172	13	204	123	29	39	47	108	43	702	68	597	50	14	175	84	43	277	251	439	484	43	207	79	284	56	66	86	38	417	392
V321	121	38	152	3	419	232	218	359	7	3	4	183	398	292	82	318	312	27	127	655	57	757	67	111	854	934	210	318	43	241	226	94	296	45	90	467	85	102	111	161	60	454	12	147	21	134	303	165	89	36	119
V322	145	557	29	72	208	92	221	55	78	222	53	1	122	230	16	39	130	251	135	384	42	287	229	10	190	57	250	1124	36	1042	17	46	171	206	243	213	440	297	62	541	268	12	273	101	192	192	50	42	455	451	300
V323	33	240	496	95	108	53	131	147	561	424	34	345	157	149	147	25	140	99	207	223	5	18	553	488	270	207	2	304	50	112	84	261	161	120	135	214	11	33	118	589	703	13	176	45	262	387	99	113	493	108	120
V324	237	193	152	163	513	524	397	92	253	141	216	32	328	97	336	208	64	231	90	128	272	1326	9	429	353	514	309	288	85	116	1362	98	12	673	66	121	85	412	497	131	79	124	748	126	178	97	4	190	32	457	255
V325	362	7	25	185	148	293	77	40	216	72	97	223	319	90	647	260	380	205	464	115	263	54	742	518	351	914	219	283	196	200	276	231	23	20	179	246	68	67	5	147	10	12	560	309	32	28	698	80	6	72	224
V326	63	99	347	241	295	209	205	41	240	495	100	464	303	390	174	293	25	351	52	13	226	390	4	17	327	182	215	45	65	15	93	139	488	10	385	291	20	13	440	105	113	99	35	28	99	606	33	664	465	63	95
V327	146	649	224	147	94	22	452	37	530	333	10	210	1	218	161	146	614	88	61	116	101	1	87	65	29	67	29	43	44	16	81	599	58	180	199	172	59	376	802	309	12	51	428	294	64	237	110	143	3	64	359
V328	510	123	4	160	4	70	25	401	489	209	124	43	128	106	107	201	53	153	97	136	65	135	88	77	30	140	190	166	256	282	41	159	258	664	9	344	112	332	1	430	375	76	191	93	308	85	392	123	63	18	345
V329	4	16	64	155	59	32	38	485	21	100	108	352	213	978	426	144	117	175	158	388	49	2	96	94	241	114	201	551	205	15	335	222	39	333	199	152	112	26	49	36	220	1480	147	1062	147	14	180	280	224	556	36
V330	10	158	30	143	95	360	1	1018	17	45	321	6	181	255	246	18	125	746	11	428	241	599	26	373	39	269	48	210	60	302	151	47	139	99	92	102	50	950	45	407	133	83	34	6	114	476	148	151	70	80	83
V331	159	409	49	396	97	611	346	329	304	537	20	58	194	79	181	252	430	6	299	15	179	164	248	265	67	203	770	55	8	74	35	89	212	413	361	45	33	129	101	76	47	491	467	83	403	149	0	891	91	211	279
V332	24	14	113	92	25	469	270	16	55	32	451	367	87	88	92	180	71	321	108	12	44	17	186	48	649	146	138	23	263	72	369	20	191	196	150	52	461	73	456	40	496	157	198	81	159	9	468	360	41	92	40
V333	115	239	382	597	267	209	252	25	87	56	180	19	105	12	69	50	110	125	336	279	484	159	297	249	66	111	225	38	23	33	110	107	116	45	26	83	2	38	534	99	148	257	591	374	323	55	241	200	317	83	163
V334	178	128	40	153	154	77	212	314	337	42	411	67	70	334	323	137	43	76	48	170	191	36	202	36	342	311	11	197	79	108	49	386	299	58	83	323	38	111	139	225	202	37	23	45	8	458	149	254	295	94	140
V335	15	2	2	145	556	135	594	72	46	129	1021	8	159	89	54	182	228	6	274	192	307	22	192	46	57	44	206	57	796	95	329	122	169	15	58	47	211	51	308	110	150	123	0	71	259	36	34	44	324	0	17
V336	11	135	64	71	271	225	155	246	18	67	123	288	18	482	254	77	0	54	222	460	103	245	94	465	311	5	27	22	509	95	399	65	333	636	216	568	58	25	286	67	7	33	103	302	339	379	51	57	83	222	66
V337	102	142	119	14	40	216	104	189	37	202	31	49	83	57	216	225	245	21	131	185	105	213	92	220	69	142	648	213	330	42	423	82	315	389	187	613	465	142	358	42	31	114	541	450	113	259	5	389	5	894	123
V338	247	136	41	82	96	55	0	239	86	177	117	82	38	115	1	89	148	70	200	78	15	350	47	40	240	243	136	5	1	360	2	11	353	150	636	337	381	558	287	476	57	129	16	907	43	138	17	51	307	0	216
V339	672	12	66	192	370	122	825	94	140	161	19	464	272	42	352	96	66	37	21	124	24	217	22	216	128	232	40	323	550	205	345	70	70	26	70	478	34	27	18	219	15	195	438	1053	119	36	82	797	549	18	370
V340	419	425	3	165	241	13	551	302	700	74	251	229	27	87	4	206	134	548	397	422	27	92	73	82	14	145	234	67	24	43	132	238	62	145	12	38	663	74	150	64	537	19	111	41	95	184	123	564	142	452	381
V341	5	517	91	316	222	55	56	207	228	138	1	130	236	600	165	85	90	149	86	485	291	47	267	259	89	343	87	108	45	212	171	10	287	310	493	517	355	54	491	36	18	207	327	59	274	170	18	113	31	107	228
V342	580	181	71	145	245	822	364	82	184	25	249	162	4	53	282	12	19	240	9	188	68	20	242	83	86	89	164	124	444	50	204	54	112	85	132	3	46	84	151	192	163	47	12	56	110	119	45	229	393	38	382
V343	37	85	12	49	163	163	0	145	191	213	674	146	22	274	39	26	231	389	297	66	355	149	382	54	458	463	4	195	275	10	875	308	0	98	127	431	114	154	161	574	54	224	296	238	127	123	168	161	96	46	69
V344	391	705	399	129	218	155	113	72	355	407	151	135	151	97	156	241	285	6	55	118	49	188	275	143	127	75	9	10	137	32	241	62	50	279	197	624	42	97	202	98	43	148	86	263	181	13	242	68	283	77	467
V345	62	66	98	45	287	516	685	788	28	51	226	32	271	76	367	125	487	1107	330	52	48	88	100	278	184	39	175	135	195	61	64	91	429	2	17	94	879	176	122	393	102	106	42	27	251	442	195	60	249	22	76
V346	167	811	125	144	664	114	311	589	170	368	999	52	190	52	243	355	0	136	487	415	352	243	77	42	111	108	13	9	137	248	160	187	212	403	177	593	170	266	86	82	8	52	97	8	222	207	8	752	60	14	423
V347	154	125	332	16	128	159	166	242	150	180	125	474	524	94	271	20	106	323	374	111	74	380	103	153	39	34	219	19	25	62	64	294	150	44	26	54	366	103	64	22	117	68	108	132	186	246	235	222	155	177	148
V348	23	380	168	431	669	126	5	6	57	94	937	385	37	140	166	594	248	204	393	197	14	55	49	114	176	66	18	213	16	151	278	86	257	130	411	112	53	628	206	52	508	32	292	227	57	550	280	375	266	103	202
V349	217	35	39	110	184	0	2	54	83	149	43	59	28	701	32	172	405	42	337	68	392	1064	45	180	144	30	14	90	339	2	384	268	102	406	8	197	431	9	148	37	93	116	228	117	59	975	333	245	34	51	173
V350	242	247	2	21	18	386	698	161	61	214	636	203	457	166	4	228	50	58	208	343	150	65	246	86	224	19	75	153	147	94	237	3	215	115	22	18	26	66	16	269	45	45	56	146	337	126	325	679	173	87	227
V351	101	196	346	140	137	252	540	110	288	288	52	72	225	451	438	272	139	192	167	1050	324	45	174	59	282	55	18	562	0	0	25	135	111	19	128	108	281	417	301	136	163	144	216	12	140	98	31	138	262	296	149
V352	452	54	50	342	103	245	366	49	491	517	154	316	274	45	81	18	59	156	67	5	285	28	184	4	55	82	525	42	212	90	199	172	17	95	57	82	215	44	42	509	274	90	148	31	43	169	103	505	735	78	286
V353	159	95	150	80	210	235	185	167	15	73	65	70	79	233	133	18	100	47	394	630	584	307	277	28	49	134	27	138	154	83	102	240	329	151	222	134	86	37	31	326	229	250	398	322	132	101	275	62	198	640	142
V354	30	384	182	71	79	52	45	273	83	250	33	341	26	202	190	106	300	53	97	8	129	176	79	633	32	175	174	210	29	60	1216	341	217	133	731	277	44	78	2	214	24	366	236	183	128	269	19	214	291	188	175
V355	358	55	61	47	22	508	25	362	39	104	257	48	148	28	40	65	580	144	480	349	46	209	130	75	110	78	9	60	89	487	171	212	305	241	76	38	162	219	651	438	88	948	114	115	55	463	21	2	203	39	213
V356	42	67	4	172	331	123	128	97	207	26	30	462	192	334	24	55	386	210	53	55	489	184	370	7	83	219	213	36	405	5	5	108	47	738	629	60	203	6	309	76	266	7	23	365	356	87	50	1	60	90	57
V357	151	267	27	70	16	492	31	157	39	455	695	237	99	15	68	132	273	98	232	364	62	136	608	52	138	310	176	335	76	216	198	31	110	228	416	19	34	279	24	179	496	159	90	0	498	243	172	43	370	280	207
V358	119	226	41	2	208	6	119	44	645	133	317	88	71	376	76	234	215	49	90	82	90	226	299	375	145	166	29	148	278	16	43	121	149	295	299	162	612	31	113	352	230	77	0	11	14	17	4	208	236	26	175
V359	43	62	16	139	20	198	433	246	45	151	77	282	884	74	380	11	177	241	52	104	115	395	135	76	162	18	26	310	131	24	204	174	112	15	312	56	166	424	440	190	377	160	104	216	328	109	266	156	183	122	84
V360	41	124	127	183	307	6	121	222	88	72	249	385	965	247	532	470	53	17	3	43	473	109	276	182	238	333	229	671	841	135	566	209	41	76	57	30	47	41	291	15	77	104	266	90	52	86	474	185	133	191	97
V361	1124	107	220	7	34	310	76	326	86	128	47	352	13	337	39	79	195	296	102	22	79	30	70	175	373	120	191	127	12	116	3	144	13	327	264	601	5	260	200	74	540	170	135	612	12	281	156	271	2	416	667
V362	251	7	180	99	131	33	59	46	81	131	713	0	225	72	13	63	86	155	259	118	156	52	514	84	254	463	93	10	468	154	178	347	572	253	275	339	15	24	90	236	250	98	226	96	111	265	316	283	444	198	171
V363	107	580	153	225	352	386	9	118	480	238	265	164	478	2	977	207	68	160	21	360	33	343	338	35	51	116	6	182	324	111	110	129	324	135	396	132	41	144	697	203	138	127	147	2	63	690	11	360	49	170	287
V364	44	117	50	359	150	351	124	95	140	81	117	431	532	53	673	40	94	26	1	324	52	11	86	236	563	308	52	65	352	56	54	321	60	198	44	148	199	8	149	7	2	307	198	55	57	16	211	217	239	3	66
V365	36	700	447	534	117	115	10	55	241	98	74	130	387	585	135	181	66	118	138	43	205	181	45	50	108	4	300	297	131	559	132	28	131	22	725	1168	41	308	327	676	103	192	686	332	2	12	345	343	43	807	308
V366	157	32	1	233	140	74	599	14	440	305	153	52	490	253	21	1000	5	562	14	574	144	70	74	161	66	76	44	326	248	5	195	127	32	207	156	111	330	426	31	193	11	105	333	122	54	136	25	233	21	95	126
V367	114	332	40	482	0	148	29	95	210	43	63	551	592	430	133	228	479	80	13	162	224	800	29	216	582	71	256	46	275	67	25	162	204	16	49	208	226	38	18	30	19	215	38	253	278	430	164	85	167	352	199
V368	87	11	146	134	69	266	181	482	173	100	202	105	73	145	60	69	63	77	941	50	34	45	244	992	98	139	390	14	414	152	273	35	632	281	118	181	776	179	364	149	433	108	789	332	25	401	41	15	241	277	67
V369	650	198	91	65	102	53	180	234	19	24	12	167	161	322	18	20	25	47	53	15	103	374	41	388	182	316	53	59	322	166	113	260	789	36	76	497	206	62	48	118	70	81	44	310	592	42	127	46	77	34	433
V370	29	117	438	56	145	17	168	74	327	1060	99	33	214	328	53	276	244	225	23	201	380	59	369	3	239	46	472	74	69	178	6	194	128	96	87	521	660	109	226	130	220	42	417	101	50	105	131	556	57	468	95
V371	52	72	292	35	54	69	188	143	29	69	425	91	43	82	101	11	0	236	251	820	42	9	507	168	199	31	99	300	31	149	180	251	178	522	155	143	363	56	162	29	649	23	96	712	916	72	91	30	214	433	70
V372	320	152	18	316	93	18	135	385	67	800	113	198	58	101	120	9	31	179	305	30	59	8	233	808	61	233	187	89	421	58	271	2	699	311	54	486	117	98	0	233	325	94	589	55	321	269	188	146	161	58	233
V373	338	32	348	185	104	80	4	168	214	25	113	200	322	360	145	176	28	226	200	81	457	69	151	16	161	699	137	48	16	146	50	121	999	64	263	264	197	419	107	386	2	102	17	89	149	161	174	261	1	422	196
V374	420	207	32	715	96	856	52	93	461	406	161	156	203	242	3	366	41	34	20	9	52	91	287	498	100	20	332	244	47	29	32	1	86	24	239	716	263	113	618	8	464	9	30	24	527	657	391	178	27	241	314
V375	144	145	173	18	276	170	35	616	323	289	0	246	236	211	333	28	151	85	40	728	470	200	191	53	98	113	18	376	354	12	1	151	590	5	134	22	238	48	327	6	83	86	44	270	322	84	123	47	33	232	141
V376	57	226	14	87	98	226	147	160	174	16	142	53	276	186	57	162	18	33	115	418	134	223	108	184	39	109	224	142	152	370	169	702	35	61	545	179	94	70	274	216	65	68	115	438	86	921	10	118	21	507	154
V377	91	341	377	68	1054	147	11	367	216	401	243	467	272	215	178	16	26	89	68	6	195	18	53	212	61	10	412	173	29	57	36	14	7	315	282	198	245	113	119	330	341	1	41	22	95	188	355	310	351	435	193
V378	61	58	466	59	37	391	46	893	77	135	9	151	23	817	475	20	107	279	383	568	923	30	234	4	254	270	60	592	68	580	113	0	348	9	26	469	116	262	82	68	240	167	53	591	171	79	123	40	309	56	82
V379	13	5	15	22	139	2	293	32	395	96	49	457	175	605	62	53	334	397	27	206	304	197	67	584	251	490	153	13	3	24	63	103	266	549	29	180	23	543	14	106	175	325	206	284	850	225	228	198	46	169	26
V380	77	399	3	286	153	451	155	60	82	62	315	19	0	361	101	297	304	185	500	677	943	21	26	51	2	52	359	432	165	195	79	31	561	420	70	136	341	501	130	4	301	58	20	56	271	91	7	237	162	77	234
V381	362	392	194	150	44	322	46	138	182	39	326	162	116	391	239	620	321	131	233	6	141	70	662	337	52	65	16	105	250	470	89	440	240	101	28	89	2	14	11	62	27	6	136	48	151	187	325	24	176	462	328
V382	490	3	108	484	27	108	27	186	201	60	592	2	132	264	196	55	30	126	192	368	82	45	49	303	9	130	90	24	265	418	346	358	302	245	542	15	466	45	32	446	20	14	153	133	8	13	62	77	167	398	271
V383	118	65	250	296	252	1035	169	124	361	21	2	169	30	484	224	8	48	552	88	21	94	332	81	156	37	522	496	63	298	20	39	26	35	188	193	379	208	282	119	135	191	118	115	428	71	309	183	362	86	27	107
V384	38	60	9	123	50	142	121	216	388	19	242	74	82	34	302	98	769	250	191	933	12	337	559	20	77	509	301	83	67	239	54	104	99	288	8	145	5	28	891	206	657	277	129	258	21	191	132	213	157	339	69
V385	560	40	50	261	132	329	683	154	135	43	121	89	299	120	198	9	710	20	79	274	22	39	109	121	93	179	140	243	371	312	222	61	25	109	329	233	470	111	540	237	225	220	249	112	160	1484	462	474	318	3	335
V386	56	84	233	37	101	615	67	70	404	140	232	82	463	62	287	78	233	48	119	109	1	216	45	17	197	208	121	154	238	562	100	538	242	300	130	3	0	213	4	376	351	97	62	173	120	567	12	6	4	155	62
V387	198	293	197	16	37	80	47	202	27	54	217	36	32	34	246	245	22	940	255	92	50	42	64	283	461	262	47	163	244	33	415	387	84	119	109	236	398	367	378	443	24	198	1	20	429	104	444	133	61	86	238
V388	17	277	423	79	291	155	166	128	103	67	549	58	173	86	51	63	44	199	118	2	193	17	78	20	32	130	4	273	348	94	49	165	102	9	21	26	254	203	26	59	129	414	55	190	374	509	97	25	108	262	107
V389	272	49	135	28	147	189	462	182	375	130	211	63	448	9	85	308	44	156	326	149	264	91	0	174	251	146	65	226	523	366	252	303	52	88	127	316	453	199	635	553	288	235	478	28	224	294	193	68	116	75	172
V390	35	17	411	40	214	49	23	321	80	117	219	157	319	69	182	46	76	107	9	12	50	263	68	411	21	32	636	12	504	64	238	149	67	2	133	37	59	79	88	132	4	142	15	399	265	93	335	239	82	523	30
V391	143	81	121	697	106	129	35	336	146	10	28	167	935	161	53	382	21	84	439	94	66	218	543	50	97	296	81	424	9	0	221	103	91	257	1175	254	9	12	293	426	11	81	200	335	75	14	31	250	199	266	123
V392	263	60	117	11	42	658	538	328	496	310	373	125	2	119	133	155	275	1	55	0	577	169	172	103	141	513	657	298	64	231	44	7	24	168	196	123	26	2	10	55	473	508	79	93	103	266	159	513	221	84	185
V393	309	136	96	124	69	586	10	884	38	793	68	536	418	425	37	461	273	90	164	16	336	422	102	239	311	352	177	30	114	8	115	119	146	114	3	22	113	94	185	185	239	44	224	234	19	5	61	246	75	15	227
V394	269	14	873	166	1	76	111	16	252	33	92	23	218	111	78	579	135	698	530	534	33	34	348	23	83	87	20	36	174	167	289	362	93	61	35	291	183	242	63	220	58	59	17	5	3	441	280	611	46	766	151
V395	188	789	21	416	55	219	143	287	12	446	324	673	119	15	56	49	232	120	167	356	643	438	77	121	45	36	339	52	499	14	309	99	338	10	184	97	120	427	254	39	192	470	184	82	1	317	716	313	443	77	388
V396	482	103	220	45	702	202	204	248	74	193	283	223	236	41	131	46	8	23	107	598	63	55	64	27	414	243	396	364	604	97	111	18	2	543	37	76	114	124	8	34	209	18	315	272	45	175	15	321	274	76	306
V397	222	249	59	195	270	246	235	39	84	74	102	181	600	448	1091	139	463	208	55	25	1	80	818	93	70	454	44	235	335	134	165	22	145	1	198	84	81	345	121	304	80	483	3	104	21	34	230	225	315	31	223
V398	25	328	155	138	48	249	464	12	287	206	30	84	32	131	20	48	297	27	271	69	24	184	131	194	411	408	39	49	12	52	218	210	152	310	91	126	66	7	61	78	247	103	58	173	185	213	28	64	207	55	145
V399	365	77	53	288	71	77	42	517	26	30	104	56	846	110	197	165	219	2	173	195	511	261	269	200	196	149	104	21	200	55	9	16	413	194	200	98	27	32	153	396	3	155	503	26	316	165	104	167	30	91	250
V400	107	654	844	303	183	158	32	69	59	248	368	58	303	7	13	161	176	193	55	291	52	24	29	156	72	109	31	198	96	186	153	507	554	145	29	51	180	84	57	16	287	107	462	262	74	37	13	51	339	305	288
V401	101	176	273	36	5	93	99	17	208	32	70	2	51	498	265	148	46	25	63	858	17	191	547	192	71	155	172	137	391	226	216	81	813	126	87	305	526	69	34	195	554	172	30	340	140	3	24	8	100	42	135
V402	53	96	26	191	27	235	271	638	153	369	277	43	237	37	153	36	88	122	129	148	370	250	189	339	13	103	52	13	47	293	155	243	565	32	174	73	78	94	86	0	627	17	318	22	138	141	70	61	95	491	74
V403	729	107	375	161	202	25	8	200	277	88	293	154	650	549	69	82	1245	15	133	211	517	3	13	53	25	144	4	114	458	440	56	580	278	359	20	165	5	161	485	174	25	139	186	106	52	182	504	278	308	30	451
V404	318	414	143	33	84	24	186	48	240	104	66	136	9	151	211	204	53	45	249	110	157	123	45	41	76	28	16	57	103	388	41	168	476	14	123	27	408	52	174	89	467	83	10	90	3	45	992	112	28	4	355
V405	74	6	7	129	17	147	87	453	130	50	30	98	36	491	109	38	346	18	152	17	379	369	486	64	38	6	97	70	304	34	49	33	82	87	220	112	14	320	252	72	125	55	266	207	34	36	6	52	665	313	55
V406	41	81	91	297	26	52	478	32	79	119	48	1480	410	183	71	315	212	276	233	446	191	227	170	485	108	454	230	36	217	81	142	61	44	171	1	152	277	135	44	133	335	38	11	74	278	480	176	99	5	124	61
V407	119	354	22	374	129	68	139	49	605	275	1089	327	109	646	41	1017	57	152	370	66	283	34	57	23	257	294	44	456	205	305	31	100	399	432	233	229	173	264	187	197	387	427	5	458	370	73	458	34	43	66	229
V408	77	56	114	91	308	95	46	83	321	354	413	118	125	2	196	713	64	229	215	47	47	283	12	190	352	88	216	78	147	96	134	59	76	59	703	5	161	263	12	243	117	34	53	243	689	175	2	312	203	91	86
V409	44	183	384	26	184	275	443	230	83	475	230	113	460	650	372	170	462	34	97	197	99	28	251	103	185	323	75	539	269	186	3	29	205	26	85	317	171	257	3	173	170	119	98	39	199	119	6	211	312	192	87
V410	33	197	58	197	448	242	75	39	205	796	53	74	575	230	253	184	171	116	213	181	393	34	222	204	248	46	380	155	245	89	346	68	267	870	183	373	168	115	41	72	26	338	56	127	288	3	133	26	263	219	102
V411	19	147	3	243	183	454	267	398	97	35	211	81	89	65	325	353	179	217	62	44	156	247	459	373	576	30	238	550	261	1	150	24	211	151	93	196	34	355	134	318	50	65	414	73	540	35	142	56	65	111	80
V412	273	71	85	188	8	113	206	240	394	201	37	521	433	274	98	56	9	584	86	0	194	821	36	250	6	66	304	127	1	50	123	57	68	191	22	261	132	156	493	29	218	35	387	117	427	80	80	466	30	566	218
V413	251	16	269	89	140	55	85	140	14	59	154	60	415	284	571	241	245	42	132	282	594	286	213	260	137	40	21	123	481	2	54	257	198	303	120	205	187	168	2	290	86	721	177	62	57	411	22	276	193	558	151
V414	12	577	31	444	289	356	297	147	55	79	318	86	277	68	158	162	152	249	540	50	55	406	33	51	289	376	345	405	104	227	26	352	220	59	94	396	299	66	14	83	220	294	528	86	184	63	39	194	66	65	252
V415	432	71	29	109	348	108	288	432	404	119	209	150	19	425	116	10	167	166	567	41	8	298	8	100	242	42	273	110	99	141	126	479	453	15	137	344	246	333	60	45	274	40	17	7	13	74	22	16	143	9	264
V416	53	217	1027	159	312	149	650	76	37	29	80	90	146	18	60	78	86	224	41	11	754	630	8	47	106	99	19	103	309	675	509	52	211	244	468	9	35	351	91	115	248	856	318	425	129	66	98	68	132	129	136
V417	69	60	80	193	134	147	295	141	241	64	511	180	111	317	43	5	93	791	72	216	172	183	302	116	0	209	534	137	2	113	32	37	311	320	556	105	89	100	14	319	462	76	219	78	181	59	1	721	128	219	73
V418	61	327	57	48	172	225	148	427	18	91	55	380	291	137	77	75	167	15	415	164	187	72	1	231	283	262	139	228	135	28	89	56	47	399	161	20	39	174	85	296	213	314	80	401	363	149	26	60	570	160	169
V419	167	421	286	57	55	139	358	14	22	552	345	41	117	615	345	3	44	366	631	374	469	468	74	18	78	19	7	353	65	176	148	114	25	0	202	147	197	289	544	42	77	157	201	15	19	63	109	1	40	46	275
V420	79	360	269	409	196	99	52	38	17	290	54	88	9	10	27	179	40	274	162	732	73	503	105	89	36	39	69	306	179	89	118	36	10	74	409	72	67	68	201	413	288	215	610	194	962	4	27	22	260	322	187
V421	216	735	55	55	4	95	195	289	791	285	218	77	372	398	22	105	712	145	55	329	0	159	114	51	119	261	58	84	11	100	128	20	194	39	542	119	507	47	123	172	336	42	104	51	652	339	7	72	109	181	428
V422	287	185	110	3	148	252	91	153	120	153	223	165	174	119	1208	3	18	134	36	94	5	29	232	573	68	59	567	394	154	215	240	62	100	102	94	237	78	253	110	65	242	341	306	67	604	277	59	199	455	208	277
V423	45	81	3	118	189	104	386	38	123	218	32	169	154	39	78	193	383	50	426	306	113	73	208	16	17	11	15	140	456	111	21	70	49	158	373	60	742	42	115	146	35	540	210	20	283	48	486	155	21	189	65
V424	452	23	100	141	317	169	154	644	256	514	14	434	657	412	719	9	343	111	76	247	26	2	317	177	330	157	12	210	118	50	139	205	173	504	24	428	98	56	465	8	59	130	131	742	393	242	79	124	464	34	248
V425	482	506	173	16	253	7	366	340	452	22	69	280	206	862	313	213	58	283	1	31	496	203	252	169	64	208	248	59	47	55	255	474	129	66	261	140	32	30	433	7	375	124	67	42	23	248	136	468	90	26	437
V426	198	31	305	463	223	335	54	33	406	58	529	12	68	22	9	10	399	23	170	224	235	2	139	186	217	26	127	192	79	161	460	111	720	16	739	241	132	6	10	195	57	331	196	17	2	343	106	50	162	311	141
V427	166	111	111	29	180	486	92	17	122	54	321	41	166	133	199	177	93	82	130	255	36	179	80	526	43	321	26	126	7	52	216	28	401	282	54	365	186	17	525	68	211	155	31	209	287	68	104	89	103	333	140
V428	75	573	93	16	88	139	3	203	29	95	13	152	117	468	569	148	64	280	650	118	20	252	68	43	164	340	446	5	96	179	6	434	113	197	465	74	372	126	315	22	457	102	627	34	31	72	383	22	863	23	274
V429	30	300	523	7	508	45	353	389	295	190	7	27	162	310	164	57	1137	210	523	77	174	294	101	277	88	3	215	75	7	62	537	49	65	96	154	217	147	291	62	309	55	104	0	936	104	106	113	55	119	121	151
V430	114	216	39	150	34	590	316	477	341	143	634	8	197	1097	314	870	395	432	127	520	263	485	158	440	129	211	128	278	78	51	113	251	315	20	24	50	256	225	27	41	218	298	110	40	167	463	75	9	291	8	159
V431	127	30	458	424	70	489	857	133	102	9	44	325	17	9	100	124	21	29	417	274	166	1	209	19	295	628	77	168	22	113	503	245	174	326	49	167	635	312	138	320	61	50	421	206	232	139	212	584	382	304	101
V432	19	119	343	222	49	222	298	111	471	474	46	36	374	65	567	887	183	173	330	53	43	352	7	95	329	403	128	460	11	129	36	294	38	407	111	336	757	20	121	95	75	83	26	446	158	120	572	108	101	140	89
V433	390	76	358	11	106	2	17	572	132	170	33	20	175	81	174	26	52	840	141	406	14	633	309	198	629	352	190	201	156	319	41	14	526	78	102	32	568	211	339	82	431	121	175	36	155	612	67	346	85	170	263
V434	443	68	186	235	502	27	218	32	202	50	321	37	157	104	417	18	36	1	135	10	127	109	455	636	172	56	450	175	111	131	54	111	25	9	203	7	225	62	645	138	21	273	108	114	56	189	151	196	175	7	263
V435	510	151	576	29	221	112	10	277	41	316	122	182	1	119	523	67	305	17	1	257	364	43	11	202	336	189	95	96	221	146	134	165	39	230	323	201	40	59	278	106	0	78	239	11	304	513	449	191	33	298	345
V436	106	267	131	2	104	231	89	121	212	45	296	328	60	80	223	147	857	34	1014	303	108	59	73	152	111	335	45	13	409	486	48	298	130	185	133	690	262	127	181	223	98	175	96	153	630	387	223	310	563	38	174
V437	12	405	500	466	38	91	1	91	107	23	31	90	227	335	29	41	405	28	43	37	382	227	27	365	482	89	56	75	34	131	127	233	117	173	526	444	46	54	128	13	112	244	8	156	336	203	34	39	452	142	188
V438	300	107	417	254	119	48	429	191	56	297	284	124	320	17	149	39	102	292	335	13	227	58	94	561	210	128	169	131	412	197	332	96	267	559	208	258	366	227	472	267	72	365	81	1	164	323	16	624	404	283	214
V439	706	104	53	148	544	153	11	124	103	35	404	539	428	51	111	208	16	324	2	133	49	278	7	241	650	190	230	17	11	172	176	129	218	431	12	219	97	313	185	178	478	829	268	273	540	326	307	196	120	384	414
V440	323	309	198	170	355	60	221	40	174	115	136	991	448	190	48	336	190	231	191	100	32	181	136	18	96	44	222	139	54	283	200	12	453	447	169	209	318	44	279	165	749	308	0	165	471	420	236	292	18	305	286
V441	136	26	620	87	90	1	36	133	85	262	10	206	50	13	62	48	137	77	56	176	250	119	180	100	90	61	402	52	106	211	593	61	1	238	99	161	122	45	166	42	6	267	241	42	54	54	268	846	736	142	97
V442	142	0	239	147	287	61	17	75	17	436	54	78	268	138	241	28	324	226	476	0	15	55	168	203	198	8	0	170	201	142	202	49	284	516	43	60	52	14	505	214	92	125	357	947	255	114	324	6	0	25	76
V443	804	379	99	211	3	165	276	47	162	37	51	14	176	79	379	30	159	12	79	32	136	4	895	131	234	15	83	78	102	22	409	29	55	184	292	230	307	130	391	109	14	2	220	92	123	276	827	49	385	1418	569
V444	198	684	7	146	113	31	371	278	13	72	22	119	42	143	106	61	413	428	416	74	107	116	176	72	417	150	281	45	198	52	234	391	1070	509	176	140	290	713	214	45	18	237	107	75	284	125	197	547	283	22	390
V445	42	26	155	223	53	46	22	52	27	34	81	68	392	98	170	14	130	328	50	233	193	116	282	247	95	71	469	48	157	364	203	259	114	2	320	36	86	1274	425	27	1	79	6	413	151	200	18	121	72	38	48
V446	248	154	165	530	80	15	184	208	313	267	210	13	80	106	172	107	20	235	344	17	15	101	125	14	654	152	122	11	636	22	12	145	446	42	179	198	140	119	31	920	147	74	58	259	64	240	59	1	54	106	213
V447	191	64	251	63	58	127	81	265	397	29	548	721	106	1163	395	197	169	206	80	36	222	136	289	46	46	123	246	126	215	208	560	84	264	133	252	87	191	488	366	47	47	305	161	83	21	19	176	104	115	119	143
V448	64	293	26	254	161	158	384	220	921	213	91	251	106	416	323	25	201	131	807	286	151	171	189	43	36	298	297	270	202	67	9	695	54	329	181	220	28	25	208	86	301	132	2	82	115	202	75	695	403	11	168
V449	4	28	151	18	387	2	141	123	654	423	62	506	20	82	59	332	133	107	9	41	352	332	5	726	114	200	74	535	61	212	216	4	37	504	104	101	121	184	31	132	428	4	178	174	284	191	456	593	293	44	32
V450	264	125	27	35	77	129	32	138	47	298	13	225	22	54	105	470	184	29	70	37	124	126	256	24	169	70	206	393	70	47	147	950	116	248	248	746	534	316	87	426	236	56	128	38	279	139	25	35	167	493	185
V451	318	90	144	243	132	3	0	91	198	442	121	13	78	63	79	45	383	103	105	94	131	210	337	62	373	130	169	51	266	255	187	198	52	126	231	12	161	167	120	94	195	448	51	160	14	47	72	46	15	169	206
V452	125	234	50	68	453	65	431	20	171	71	285	141	107	73	39	49	117	157	466	475	49	222	69	55	287	196	237	24	191	14	304	606	38	540	22	151	177	158	14	192	33	62	39	163	1	35	382	469	653	237	186
V453	71	60	239	206	112	88	2	73	37	9	133	66	260	250	142	315	52	147	709	1	493	65	82	300	210	171	214	792	21	531	2	981	12	967	106	496	718	35	72	754	76	29	6	647	678	179	28	401	37	214	77
V454	187	296	113	392	828	34	22	89	479	204	245	56	87	116	128	100	74	36	104	91	218	186	402	24	218	487	13	38	85	249	1324	335	147	26	121	171	230	102	350	209	79	155	283	231	49	81	333	95	7	94	240
V455	84	83	206	43	109	325	81	56	377	383	75	59	80	269	150	53	227	21	13	131	97	136	246	52	338	55	315	87	23	135	146	47	33	168	208	897	55	16	387	11	193	32	209	560	114	42	102	217	593	194	107
V456	26	230	547	202	34	357	13	91	240	556	403	533	3	57	494	259	73	129	433	390	8	33	425	197	366	54	582	271	53	208	153	895	197	32	405	54	297	391	325	69	39	35	14	127	9	132	392	44	198	105	120
V457	40	154	237	131	244	201	38	177	292	2	184	191	218	287	230	867	96	340	251	92	37	278	205	19	182	104	44	275	50	369	747	394	362	26	370	24	382	38	87	672	263	383	588	247	94	301	48	177	202	118	112
V458	133	23	260	117	4	232	786	75	293	118	156	331	251	189	400	91	348	157	728	55	115	538	32	144	217	243	157	313	34	476	179	243	22	19	21	63	492	94	494	57	259	520	342	239	120	220	791	95	283	90	95
V459	64	129	776	85	95	21	361	1	122	302	132	284	117	167	424	4	330	25	77	296	47	138	36	224	65	115	723	37	97	459	22	47	209	28	249	126	50	136	57	905	173	108	355	15	58	23	250	125	5	139	98
V460	1	702	266	76	173	397	35	130	16	387	230	3	173	56	72	325	250	27	606	173	209	6	49	90	118	464	443	201	216	373	18	5	475	176	81	35	142	187	45	120	190	230	33	160	421	47	405	318	188	308	277
V461	105	106	97	84	147	196	235	243	74	26	38	86	77	82	74	372	94	126	151	10	549	75	357	77	99	175	326	134	61	112	48	121	17	37	129	36	389	49	74	28	414	172	39	404	235	150	0	123	20	3	114
V462	216	74	152	136	363	85	697	397	94	71	152	222	24	85	30	20	108	94	80	33	301	192	98	223	4	154	374	887	25	31	12	56	158	207	104	582	479	46	230	19	377	87	87	6	244	74	298	147	68	162	153
V463	11	311	51	296	355	115	4	74	191	495	161	148	34	477	150	389	37	105	557	682	20	237	23	265	347	99	487	132	135	118	43	1132	149	563	70	299	447	0	2	765	485	543	408	31	153	225	256	1	284	135	143
V464	99	20	225	165	236	241	371	156	123	124	89	18	249	37	117	374	5	183	78	110	29	142	211	77	253	293	298	180	206	60	6	33	289	393	428	159	10	36	40	32	273	349	15	793	7	95	256	16	81	20	88
V465	139	186	464	79	436	466	380	231	188	38	166	150	65	59	290	377	402	151	382	187	98	303	68	189	361	68	224	218	797	77	304	200	9	506	300	443	117	93	79	703	163	274	3	73	298	264	406	109	220	82	155
V466	11	70	394	329	357	342	147	158	132	85	160	423	323	49	688	108	46	27	56	19	216	342	815	106	281	131	150	131	290	165	21	267	51	6	106	22	20	267	362	326	149	193	252	304	255	592	649	495	295	232	59
V467	468	384	12	13	80	177	62	188	41	320	26	70	44	802	192	255	159	58	238	265	416	51	706	157	16	4	24	310	426	38	97	468	237	203	277	445	8	98	547	273	293	74	45	86	42	3	187	58	80	18	393
V468	129	11	89	200	508	229	31	125	193	106	114	116	20	9	154	167	102	98	65	636	41	11	42	23	52	220	295	40	314	59	370	134	249	80	815	197	347	437	137	33	83	266	60	71	229	46	25	708	151	137	86
V469	467	183	31	148	72	492	74	1204	9	136	11	214	509	27	187	12	72	10	2	279	242	52	357	68	230	53	163	18	451	19	167	31	264	8	168	165	116	73	306	330	153	617	281	339	6	258	18	314	286	357	336
V470	41	144	155	214	539	133	16	113	497	381	95	172	69	18	130	556	163	180	66	33	883	184	180	161	165	123	10	136	192	235	533	168	116	407	210	81	67	73	648	486	222	13	67	72	56	453	21	34	32	77	93
V471	53	28	713	56	7	18	474	109	282	786	392	345	103	9	486	189	159	105	85	230	255	613	133	485	20	8	24	25	397	92	339	540	633	121	242	23	135	66	34	289	58	492	127	609	53	118	150	64	145	219	55
V472	165	280	16	204	8	84	83	312	247	14	275	504	260	288	419	53	109	321	54	241	67	193	2	23	21	99	140	305	514	120	568	174	46	409	175	137	122	159	38	36	292	352	11	7	285	73	12	230	279	41	181
V473	122	110	375	33	295	224	197	966	37	72	67	61	137	83	661	133	261	171	254	111	95	81	75	61	254	6	116	255	235	275	158	4	41	51	91	182	260	523	217	3	591	293	300	203	24	146	375	11	108	169	126
V474	54	92	196	17	40	71	93	152	132	279	55	167	132	61	65	176	362	107	106	793	154	586	188	136	304	332	25	32	50	24	57	361	7	110	51	119	15	49	168	620	64	116	154	529	243	175	75	329	122	182	66
V475	64	373	381	327	51	49	447	192	12	386	375	392	0	17	112	171	16	594	265	20	526	1202	210	206	29	45	380	626	362	36	190	493	244	52	8	285	158	62	5	115	772	15	345	7	77	23	73	311	449	205	208
V476	143	36	27	16	36	13	51	146	49	314	315	473	123	1	392	281	105	44	153	58	157	427	344	154	380	560	193	230	279	259	0	330	140	4	353	66	29	347	0	16	137	334	85	260	161	39	187	121	57	127	91
V477	251	285	134	159	174	160	382	5	71	73	317	48	257	369	361	55	59	4	23	490	984	79	860	355	161	190	72	47	378	32	182	359	122	314	17	0	143	108	238	6	48	11	49	242	216	188	559	338	8	6	244
V478	280	715	107	37	45	67	676	127	120	13	750	92	167	159	143	148	159	0	308	446	50	139	19	85	117	336	218	136	86	204	241	32	20	230	135	118	210	97	84	67	643	325	38	60	491	100	392	3	206	34	416
V479	295	345	3	47	140	415	49	69	43	80	34	137	275	48	48	690	187	628	236	295	98	440	116	322	155	167	358	258	702	71	18	303	486	478	384	90	179	270	6	136	287	101	71	410	6	22	203	285	42	110	281
V480	240	254	55	141	254	129	103	100	4	86	80	216	194	6	238	199	82	117	13	79	335	104	40	114	447	88	627	139	190	178	110	61	62	112	259	285	161	397	20	53	72	304	55	68	582	89	6	102	117	3	235
V481	22	158	313	8	66	860	154	157	488	46	468	76	106	478	378	366	164	928	455	84	556	102	76	45	279	85	108	169	118	64	79	276	428	552	675	257	8	51	244	245	18	90	451	147	266	113	140	134	358	440	103
V482	205	12	86	36	179	238	286	338	494	146	8	208	41	10	44	18	67	83	748	29	144	3	148	421	74	26	135	160	251	180	257	306	581	92	140	63	145	99	55	760	234	54	262	323	296	411	327	378	62	443	125
V483	289	6	165	12	142	85	18	573	107	326	86	573	71	761	210	139	184	422	201	358	206	157	20	112	9	118	3	600	153	241	7	78	118	183	374	87	35	97	136	107	116	108	31	71	392	435	93	124	37	40	156
V484	53	280	163	327	526	489	451	187	105	145	142	352	331	146	312	136	186	139	28	1	156	252	96	25	31	0	709	893	22	101	75	146	354	692	15	221	90	782	23	45	190	63	15	315	58	376	35	56	345	78	157
V485	12	197	163	176	424	706	268	198	101	191	60	3	249	71	395	242	131	180	1	87	43	185	189	392	431	250	145	57	142	214	132	155	232	37	75	102	247	83	193	173	253	19	134	184	111	119	251	21	159	163	95
V486	8	49	816	151	86	109	14	92	153	246	108	243	28	181	713	19	494	493	137	166	1049	1096	113	22	716	74	2	267	86	35	64	29	50	212	143	236	19	86	14	554	17	396	64	794	271	227	8	168	558	131	47
V487	250	30	669	148	289	188	160	156	5	36	52	254	161	228	340	151	475	22	64	140	103	3	193	5	169	98	626	69	1	161	205	112	433	28	137	122	368	198	371	861	16	84	196	56	243	0	5	221	57	510	150
V488	150	5	145	5	42	168	193	108	9	17	68	138	222	15	87	499	87	940	135	148	317	218	343	11	31	37	17	63	55	213	124	2	117	154	39	54	75	272	54	377	321	352	41	142	971	72	136	241	67	447	94
V489	70	6	152	24	276	194	6	232	49	77	8	5	164	79	17	225	252	356	13	93	65	6	76	117	867	114	75	28	265	58	133	232	187	77	428	66	310	599	93	250	2	329	59	8	0	233	68	20	40	89	44
V490	225	30	4	132	40	375	131	269	422	81	663	138	11	3	196	508	79	269	245	180	486	6	223	12	154	476	14	37	421	366	16	93	692	18	161	78	315	55	391	142	454	92	131	751	305	170	255	60	222	83	164
V491	203	19	15	68	301	72	27	256	278	95	453	113	421	25	60	45	163	55	4	170	18	205	64	102	128	79	134	47	509	36	183	109	307	64	308	42	115	33	323	212	86	141	149	177	333	132	109	121	173	647	143
V492	7	734	47	200	63	0	149	120	366	39	309	494	89	59	116	174	111	655	213	4	58	172	131	169	516	302	42	93	152	122	39	180	103	180	118	634	128	80	544	2	3	424	197	107	220	375	104	10	321	304	289
V493	82	167	57	48	262	357	87	62	284	463	229	22	161	49	353	22	176	384	71	208	52	278	123	367	12	18	73	579	64	667	801	48	55	81	230	35	366	243	294	20	87	160	15	79	429	241	452	266	180	33	123
V494	210	243	277	282	22	246	126	102	157	167	538	44	33	215	82	5	40	140	406	39	99	56	11	22	54	564	32	166	92	312	340	183	83	101	431	64	296	61	426	97	215	8	183	182	47	120	347	147	190	39	205
V495	88	151	105	586	78	549	68	101	197	164	308	227	198	50	833	122	270	711	9	301	186	126	277	133	134	269	34	763	490	217	161	186	192	359	16	98	0	76	492	151	390	344	656	389	357	88	128	247	329	178	126
V496	42	376	135	201	49	390	402	10	179	223	283	143	105	281	74	66	106	34	36	415	62	102	275	7	228	93	175	250	182	300	107	0	65	136	533	121	318	33	112	25	167	93	157	304	54	311	146	70	175	376	181
V497	398	300	146	82	133	66	298	82	127	108	399	338	710	90	95	253	10	160	166	61	286	294	211	242	266	27	750	714	54	89	32	63	176	62	242	343	45	197	68	41	35	296	24	93	267	106	312	403	110	10	333
V498	362	221	214	3	30	107	410	128	243	34	30	41	127	13	0	141	789	5	608	135	839	225	274	400	164	310	57	28	199	153	34	19	19	21	2	356	5	42	310	229	257	648	27	188	122	210	21	256	195	290	287
V499	208	23	89	68	250	217	237	5	90	57	6	88	203	309	28	16	627	390	31	450	310	159	303	235	266	224	76	225	1	71	38	91	67	351	179	194	141	24	269	82	152	73	356	127	88	225	42	453	672	528	126
V500	73	30	62	313	317	35	160	160	262	94	222	114	115	203	27	152	77	5	242	139	392	109	1	196	37	2	131	296	161	155	62	360	210	184	1	262	77	520	173	44	99	417	145	117	120	357	471	112	268	12	72
