Source001	Source002	Source003	Source004	Source005	Source006	Source007	Source008	Source009	Source010	Source011	Source012	Source013	Source014	Source015	Source016	Source017	Source018	Source019	Source020	Source021	Source022	Source023	Source024	Source025	Source026	Source027	Source028	Source029	Source030	Source031	Source032	Source033	Source034	Source035	Source036	Source037	Source038	Source039	Source040	Source041	Source042	Source043	Source044	Source045	Source046	Source047	Source048	Source049	Source050	Sink
V1	50	78	324	0	252	23	2	241	323	84	174	284	35	13	137	138	306	102	25	196	81	112	976	611	204	596	211	212	90	832	24	398	355	65	66	179	155	186	346	56	43	509	179	576	33	381	55	286	24	182	88
V2	23	25	37	117	122	234	71	352	72	17	105	19	37	455	27	268	45	183	71	6	196	69	235	111	57	56	593	434	271	70	6	37	204	107	92	214	203	790	350	167	337	183	195	32	307	689	291	39	363	392	46
V3	505	723	12	120	476	56	71	196	301	485	156	10	135	776	79	55	466	166	88	266	17	85	484	115	54	268	203	55	27	192	275	42	20	80	152	14	230	675	237	198	330	91	55	1122	24	50	1557	13	182	267	609
V4	250	181	240	133	197	60	15	49	39	89	17	762	71	6	417	202	110	468	55	896	26	0	258	518	260	287	418	59	189	20	478	81	50	442	1018	909	42	118	0	9	70	74	156	116	84	12	267	93	8	317	227
V5	116	86	41	140	259	141	119	152	445	292	41	84	15	35	1257	72	459	156	509	35	10	150	129	15	270	263	37	510	24	280	48	112	198	116	385	53	13	79	210	15	191	192	57	145	48	525	123	526	27	143	113
V6	229	671	108	191	14	199	101	207	37	105	187	805	340	273	59	246	81	75	710	75	159	268	269	187	149	276	82	319	84	102	85	150	312	350	73	76	203	113	475	193	60	416	107	16	158	50	126	414	215	91	493
V7	89	100	44	34	60	157	80	253	268	59	28	124	81	289	33	46	45	43	20	313	574	62	153	420	66	93	31	328	196	194	107	489	28	185	283	78	335	134	483	23	12	75	353	459	384	372	404	142	497	99	104
V8	44	31	106	97	36	60	42	437	62	111	120	381	293	295	46	963	89	951	233	12	110	143	82	13	697	24	211	523	50	443	9	737	33	74	79	483	73	369	129	7	217	106	61	265	220	97	672	268	63	209	62
V9	244	49	224	49	217	274	158	79	20	132	494	293	237	162	79	31	138	309	77	189	353	178	59	264	433	246	12	342	169	81	176	21	224	560	707	149	68	117	138	142	573	284	43	615	115	280	76	64	91	275	137
V10	110	349	62	45	583	22	82	2	83	153	202	74	390	463	176	163	100	371	273	349	412	374	88	98	47	194	93	42	217	122	221	58	10	18	116	368	441	79	81	560	782	330	3	40	24	263	120	125	198	245	222
V11	461	37	210	13	207	406	38	161	103	144	265	197	265	226	84	226	363	600	291	249	200	266	96	70	431	38	12	151	25	859	293	38	823	379	12	111	151	143	308	44	65	70	257	21	9	104	497	63	298	286	225
V12	78	175	115	28	33	87	158	405	70	373	540	527	47	563	439	138	97	55	255	279	92	474	79	16	93	669	23	92	335	436	291	350	131	50	205	316	806	402	476	568	798	9	68	135	79	65	440	68	965	218	155
V13	60	38	78	428	241	45	14	10	26	485	88	504	13	23	220	62	136	54	26	211	201	180	410	457	102	511	378	350	648	327	159	30	431	58	109	15	351	44	137	83	26	150	102	210	438	559	282	135	291	35	62
V14	30	13	561	109	155	343	230	11	363	44	412	217	219	13	159	52	157	354	59	902	3	691	195	31	28	87	189	47	186	287	803	97	368	104	129	111	762	213	344	11	90	463	140	221	156	110	321	388	29	14	41
V15	142	399	453	189	301	347	42	481	281	22	214	217	46	288	455	146	316	98	114	284	443	281	36	146	981	297	70	87	265	105	41	628	88	125	45	189	117	482	670	37	52	10	17	16	62	273	24	50	77	771	295
V16	14	39	595	282	59	126	216	261	0	239	13	125	63	159	54	96	497	116	53	2	125	164	204	249	188	192	121	26	256	275	523	221	1	201	23	697	138	42	98	122	156	271	293	101	126	247	63	312	90	335	42
V17	294	47	106	1	257	185	8	47	46	183	306	373	307	171	30	989	390	33	59	478	170	58	150	143	862	147	119	121	340	163	270	260	561	3	537	131	17	244	183	231	31	43	87	448	275	613	421	36	108	11	145
V18	14	366	175	42	127	222	322	147	10	35	467	151	182	405	115	1284	113	58	58	131	387	398	294	64	126	625	613	63	754	151	99	8	83	38	122	96	176	221	257	121	36	97	139	89	80	146	81	23	100	93	243
V19	278	394	430	160	26	179	19	56	78	429	316	133	160	65	16	147	157	66	123	296	248	141	68	22	260	98	12	267	228	125	2	1078	285	361	188	1198	877	210	132	208	369	72	51	291	432	16	63	670	604	240	320
V20	57	265	416	66	143	169	901	102	64	82	34	181	50	34	307	289	26	241	426	52	608	142	447	34	41	203	139	42	136	32	282	125	169	545	167	7	275	190	110	78	478	562	12	343	627	28	373	0	99	132	168
V21	129	146	84	0	82	132	366	171	69	152	59	422	7	164	26	113	17	19	106	0	31	80	107	33	143	238	99	417	529	66	204	287	63	96	457	20	738	554	193	295	366	63	839	162	765	132	391	161	91	143	138
V22	258	17	107	296	202	150	32	296	367	156	160	187	24	32	23	230	237	16	156	46	18	341	0	1271	474	112	13	675	169	244	210	21	77	73	160	38	171	56	12	172	9	138	86	249	153	170	0	368	68	155	107
V23	293	60	330	134	118	214	279	227	105	219	73	76	64	290	381	84	463	192	87	314	77	246	106	167	6	147	114	33	152	644	343	67	67	465	694	9	108	211	222	161	613	330	17	571	401	80	362	195	150	404	162
V24	5	59	6	101	444	159	94	370	349	29	142	379	790	154	355	496	71	484	122	1	376	173	337	75	69	178	47	28	32	192	354	548	368	29	530	99	357	58	72	232	722	80	328	67	80	529	327	70	52	72	50
V25	327	363	198	64	453	317	107	651	384	99	38	190	675	16	483	305	39	374	83	344	136	6	122	57	84	157	91	95	45	196	52	159	8	34	129	185	217	38	20	361	165	361	40	163	34	91	76	72	34	50	357
V26	86	89	2	77	19	82	151	14	132	22	197	171	766	225	126	328	542	53	138	14	280	687	149	153	160	122	513	3	68	124	36	170	93	195	203	103	162	251	296	49	78	117	285	256	88	81	289	403	537	55	107
V27	51	506	209	44	27	31	530	7	87	55	420	92	75	201	288	224	198	65	62	208	206	401	20	98	718	21	160	332	58	31	314	70	138	204	277	171	74	204	187	169	199	25	462	46	363	24	205	708	82	18	346
V28	83	78	165	441	12	56	62	131	175	159	15	32	11	192	618	117	169	44	21	403	1205	456	2	414	202	387	70	24	257	392	146	629	6	306	32	429	99	473	387	137	84	448	390	7	345	410	1018	116	8	51	109
V29	74	189	95	88	432	196	3	49	277	507	13	75	192	5	73	244	480	169	26	29	77	56	0	7	413	55	39	291	172	21	132	23	344	237	581	3	373	6	116	303	172	224	323	580	11	20	111	184	609	138	136
V30	46	92	37	260	56	268	222	561	38	67	52	120	133	288	66	76	345	909	37	1248	271	46	52	24	13	21	76	5	174	41	19	74	587	173	326	134	58	601	100	338	224	189	79	25	463	92	202	18	324	182	77
V31	313	19	60	182	38	500	461	126	91	31	223	2	161	106	63	105	218	84	18	175	90	468	155	372	31	19	46	50	209	154	82	481	252	229	313	91	64	523	41	454	338	33	150	268	1195	3	318	86	5	1054	161
V32	9	205	515	252	469	65	204	593	112	10	18	52	188	240	162	369	65	874	610	197	31	200	320	264	10	145	54	246	332	119	4	356	82	264	93	11	539	860	45	10	228	15	167	23	725	254	156	65	36	23	156
V33	106	179	480	176	8	560	93	102	294	491	719	277	89	320	181	699	432	43	528	457	51	27	478	27	726	39	417	45	138	67	54	21	620	455	263	31	244	194	199	22	1241	45	271	153	555	75	234	69	55	94	155
V34	297	354	199	182	288	187	260	171	262	71	162	96	55	231	511	64	110	342	415	56	212	22	72	402	18	82	15	37	184	1	45	169	25	210	242	218	127	115	300	901	819	138	48	98	16	769	138	147	176	84	309
V35	687	144	260	6	299	15	33	331	188	106	527	316	14	286	8	47	503	169	112	590	334	30	371	118	348	98	93	118	19	105	407	116	21	54	47	35	60	434	101	75	94	100	134	112	711	52	0	18	164	271	299
V36	149	282	2	314	208	885	226	223	10	53	624	234	341	435	273	84	183	123	283	130	0	20	59	416	496	59	87	462	194	2	349	377	286	477	55	13	61	14	94	201	38	61	30	323	35	5	60	18	333	49	197
V37	209	100	0	106	89	434	86	75	254	211	857	296	43	296	352	52	186	364	17	531	35	48	274	107	91	399	13	22	27	273	646	52	421	97	573	220	189	117	39	20	221	132	2	249	460	66	336	65	26	234	144
V38	818	57	81	337	211	148	90	32	548	536	131	131	458	76	600	37	28	164	136	61	321	8	164	127	222	103	377	218	326	85	275	191	3	145	64	94	20	61	51	144	96	186	135	21	36	650	490	39	119	296	337
V39	237	365	84	81	50	45	178	7	479	154	84	91	411	93	111	17	1	110	180	322	547	52	601	72	42	305	104	14	139	201	358	28	285	48	45	378	99	159	946	199	216	54	58	63	92	262	77	391	230	825	307
V40	112	166	200	25	1005	18	292	245	209	397	181	567	130	60	249	2	30	601	420	679	187	353	108	647	319	187	280	283	168	412	0	35	517	73	289	138	2	375	486	143	235	37	444	5	954	581	1	197	263	1051	160
V41	10	101	193	197	126	144	276	135	21	198	44	41	52	613	0	106	28	395	221	272	72	147	461	153	25	210	212	802	119	41	146	126	11	12	3	198	104	88	126	815	449	516	28	317	105	559	31	255	347	407	62
V42	40	28	8	31	941	35	541	88	53	11	268	193	156	39	111	15	246	335	122	151	256	180	215	412	23	533	19	16	105	98	3	36	247	59	66	107	573	153	52	146	277	0	106	94	356	47	53	86	90	282	52
V43	47	541	302	50	20	135	47	37	40	35	220	228	73	31	98	178	3	261	2	50	164	66	89	186	223	98	159	168	65	38	38	234	208	52	73	113	165	200	294	115	78	747	479	91	537	517	115	367	866	34	344
V44	63	324	134	41	505	857	381	216	368	512	44	105	53	54	343	87	132	389	387	395	109	109	324	122	364	8	149	62	54	1045	222	490	36	605	421	168	120	126	129	446	431	9	135	65	311	186	112	510	95	31	257
V45	8	28	100	71	166	162	94	199	93	375	436	548	10	151	206	56	164	227	99	416	468	154	62	274	117	30	241	94	170	272	268	9	28	294	140	27	481	17	725	104	217	266	128	430	133	160	115	116	69	629	41
V46	101	294	73	64	134	181	115	72	706	31	132	692	4	140	47	219	231	802	700	554	280	249	97	102	9	116	329	12	79	240	28	129	75	170	2	57	61	260	50	18	204	9	145	6	49	66	151	230	212	382	236
V47	314	82	140	240	10	69	240	69	210	200	144	398	51	272	438	48	255	196	391	525	14	340	290	449	93	590	257	361	560	252	153	247	163	227	407	106	6	64	457	238	114	61	366	150	880	166	75	8	486	26	186
V48	159	315	82	149	301	119	252	88	173	334	245	35	55	194	105	45	42	336	401	40	100	174	44	6	10	1137	13	507	66	118	351	149	137	266	173	1104	362	231	271	461	84	11	185	113	14	270	247	26	49	172	250
V49	122	290	173	5	345	35	42	127	92	446	187	8	2	487	86	409	29	853	114	213	368	56	275	143	126	603	1186	3	43	284	248	129	29	426	244	307	90	255	210	227	24	173	10	103	428	88	218	199	21	154	225
V50	129	208	112	103	511	136	6	672	200	3	22	198	543	83	31	127	162	116	129	220	334	9	327	4	212	3	128	65	9	111	4	16	1153	35	9	4	15	201	35	54	377	239	593	17	21	48	294	230	44	38	158
V51	290	158	57	26	190	43	312	19	270	190	17	40	35	247	363	541	173	247	151	337	188	474	116	386	47	5	34	405	0	138	31	99	48	14	35	53	387	63	923	226	575	52	1	360	449	32	217	196	229	340	213
V52	256	4	67	404	168	161	63	421	457	91	43	16	48	826	456	152	424	160	124	261	193	300	78	61	559	18	129	119	79	127	31	615	343	465	437	158	75	156	159	93	1	87	158	548	161	185	103	149	224	209	121
V53	10	306	63	278	349	73	267	78	30	177	157	191	188	103	239	473	196	61	193	179	733	19	31	109	202	22	60	30	151	71	467	354	106	26	9	320	55	731	420	210	115	417	138	145	60	585	57	68	32	198	198
V54	413	205	93	220	116	263	1037	57	18	401	688	80	47	63	165	188	473	152	225	452	1	33	1135	7	95	220	269	7	182	111	299	11	542	9	318	265	281	88	213	362	548	357	293	126	88	6	21	288	20	156	278
V55	89	219	35	287	67	249	233	265	200	480	177	2	156	65	78	75	421	124	94	289	222	185	252	553	110	59	282	296	359	185	208	477	56	159	438	78	60	98	224	328	256	234	12	7	87	808	234	38	11	89	181
V56	186	73	140	119	222	119	223	443	295	123	26	283	255	193	95	607	23	128	83	85	170	28	325	51	9	185	337	198	39	80	52	3	185	119	53	78	31	222	105	262	35	198	79	32	21	139	121	83	23	121	116
V57	368	346	283	46	1	146	78	188	172	19	190	18	32	133	52	79	99	231	171	92	127	48	290	109	15	25	211	488	553	292	84	36	237	63	114	106	45	26	299	143	113	88	836	31	325	133	303	335	140	336	321
V58	185	443	415	505	0	199	76	76	116	265	218	233	53	193	12	13	197	87	298	13	112	56	21	90	138	7	34	323	258	22	160	222	40	805	23	63	121	1047	67	673	72	199	59	55	322	54	645	74	79	301	351
V59	87	766	366	87	57	126	403	103	302	349	800	291	171	135	142	699	153	287	361	22	410	238	104	309	1080	73	103	115	288	94	41	139	143	138	269	12	153	20	151	231	84	392	77	184	153	35	239	689	117	113	462
V60	63	42	134	242	125	220	29	100	84	238	149	19	273	209	285	263	457	36	72	668	245	502	4	274	90	788	321	21	438	668	283	138	111	5	346	368	179	233	99	74	237	156	284	41	71	9	8	457	32	171	66
V61	747	146	58	292	25	303	117	191	279	20	128	28	158	263	416	25	438	279	120	116	210	366	96	82	596	111	122	298	55	68	127	439	174	5	173	227	123	62	45	258	40	9	85	242	32	55	302	439	37	39	360
V62	34	86	87	8	181	82	107	487	146	289	144	21	89	27	10	10	235	1	379	63	176	512	83	17	481	85	219	131	137	187	240	646	59	2	369	105	419	74	437	109	296	282	921	287	118	146	28	300	196	65	72
V63	450	78	91	17	222	31	21	161	39	4	87	504	333	209	21	136	11	71	375	480	135	91	286	2	119	113	157	459	230	67	28	337	201	69	57	61	21	427	187	193	83	0	407	139	340	197	29	273	321	135	228
V64	245	44	78	27	56	539	366	248	114	281	389	53	8	154	102	10	320	58	363	337	193	32	285	143	96	62	30	561	175	250	221	80	274	30	154	93	116	57	134	124	55	5	133	187	28	334	23	536	249	428	145
V65	195	355	198	529	194	356	367	196	183	124	79	635	198	122	96	126	0	54	322	123	39	174	110	260	128	289	42	208	129	113	44	445	99	109	246	310	57	282	116	450	86	1048	280	31	89	44	345	306	420	68	296
V66	342	302	381	19	26	306	13	491	64	39	23	200	36	15	138	77	39	1	0	98	44	228	97	83	546	489	38	373	180	77	106	89	112	54	32	85	572	227	83	132	128	144	239	121	152	154	114	88	128	231	293
V67	222	386	114	374	335	175	20	263	179	57	1	327	505	231	327	214	684	0	726	724	24	96	450	26	40	193	20	58	19	149	16	31	126	373	358	300	9	320	139	52	54	1263	80	50	48	215	42	51	80	33	293
V68	150	164	115	232	120	63	541	18	343	231	9	177	608	86	113	80	23	30	169	274	752	20	193	73	193	15	165	94	32	187	19	195	384	154	126	106	129	587	350	13	81	8	35	46	238	8	291	465	310	323	178
V69	197	61	558	666	482	159	60	378	13	140	46	178	16	16	330	131	91	120	507	403	31	378	117	119	28	24	74	450	391	0	623	21	84	133	123	408	10	206	592	227	93	311	6	260	66	304	156	42	11	210	123
V70	465	202	229	55	133	16	44	237	87	331	1	272	129	100	60	490	78	172	95	19	119	142	429	7	28	45	464	31	2	377	105	259	490	505	31	17	495	7	329	522	117	333	179	298	346	100	58	172	146	649	294
V71	287	333	191	626	467	243	26	8	70	286	64	326	166	325	101	126	125	231	105	106	118	105	96	73	263	201	175	545	28	53	894	27	69	66	79	375	190	61	24	188	34	42	113	89	106	141	32	28	120	313	290
V72	147	159	120	233	253	486	115	196	499	70	117	593	928	73	98	169	429	284	269	158	42	69	155	6	166	380	53	134	30	38	252	10	66	168	313	55	151	162	729	56	28	244	100	4	323	111	115	571	51	319	163
V73	17	33	335	27	122	165	263	55	304	763	163	137	84	229	7	14	302	241	102	56	36	428	7	279	57	0	246	84	75	45	132	94	71	145	122	64	124	4	72	76	180	316	55	99	689	10	24	64	219	139	33
V74	9	314	62	70	107	272	527	213	244	145	9	115	98	28	16	138	58	10	93	203	10	373	33	138	25	26	146	41	107	467	61	152	140	97	413	346	615	10	143	42	286	13	232	41	144	89	206	360	10	394	200
V75	300	176	445	80	233	109	31	158	244	521	376	191	51	195	73	63	107	108	304	16	1043	329	934	4	58	444	402	14	14	277	32	403	566	256	38	19	37	64	7	527	52	51	37	233	415	83	173	64	53	318	234
V76	467	50	397	6	119	77	232	282	56	49	199	44	90	175	29	329	51	435	6	132	265	53	22	380	453	31	6	215	383	19	49	120	391	30	291	69	289	481	280	184	390	298	3	75	204	771	359	214	682	221	225
V77	360	16	72	340	461	69	16	95	195	232	53	412	244	107	46	28	175	169	1	180	56	9	368	218	1078	289	46	222	79	266	61	204	76	600	236	3	251	162	265	3	24	662	103	195	32	260	138	281	68	103	174
V78	221	13	8	553	159	97	238	56	80	0	130	407	178	389	409	7	250	179	221	172	258	257	36	273	23	293	264	225	249	112	98	9	836	60	18	171	21	58	227	90	418	348	106	317	131	1	495	125	301	1515	132
V79	549	18	35	37	131	67	179	109	41	334	122	371	853	33	451	501	65	465	6	21	105	296	123	321	81	188	1435	80	111	220	153	33	209	132	84	108	127	167	91	11	155	811	70	16	341	187	562	189	66	37	236
V80	34	25	275	282	44	108	145	183	190	28	229	82	129	365	187	30	174	128	194	734	249	27	286	308	717	309	228	87	94	79	522	181	9	103	76	153	81	848	102	220	318	443	100	41	491	243	203	132	252	142	46
V81	508	797	239	6	0	239	76	414	178	620	70	112	248	56	229	65	34	175	155	93	41	146	12	62	43	48	104	120	120	260	140	207	12	50	152	277	214	30	137	76	333	204	133	325	345	448	930	0	65	142	643
V82	21	326	115	262	66	67	57	96	212	145	518	90	217	26	388	220	118	786	70	128	21	421	598	24	103	140	141	230	406	488	63	117	1176	70	38	116	49	213	15	196	165	12	14	66	70	560	8	618	2	905	219
V83	124	87	310	94	89	110	196	192	641	24	340	122	106	91	227	183	72	115	506	24	142	94	193	18	338	109	300	10	40	237	63	806	1	81	467	738	109	29	65	151	550	127	107	252	310	30	267	22	84	451	115
V84	366	62	424	453	215	196	37	147	243	129	145	65	207	197	46	348	103	741	129	235	49	20	101	643	60	770	195	518	7	100	50	164	320	257	18	32	226	42	9	58	44	128	418	30	204	1176	62	247	126	241	164
V85	315	44	273	90	571	475	96	175	92	463	165	107	138	104	66	617	484	41	447	385	94	734	10	18	187	149	97	271	651	103	78	184	734	58	185	209	371	245	264	186	405	412	648	236	363	81	356	19	144	257	158
V86	263	57	143	330	39	107	49	26	79	130	247	763	203	289	133	11	200	831	53	93	63	236	14	333	385	187	88	54	32	72	180	335	582	101	58	708	378	456	118	73	830	287	348	34	15	362	52	292	257	324	142
V87	135	18	18	99	48	26	449	454	101	99	103	47	8	441	162	73	8	209	45	148	302	1124	358	71	38	397	18	283	682	252	241	70	549	51	257	20	151	218	507	36	120	448	412	13	179	201	378	174	270	24	81
V88	121	263	232	116	45	92	425	81	34	10	106	192	187	21	246	166	98	309	130	470	146	123	82	23	163	52	86	39	30	19	387	65	558	121	129	335	323	603	152	924	172	63	322	169	87	185	57	157	211	186	187
V89	110	57	74	99	86	83	138	59	406	60	14	12	270	95	246	15	357	10	18	78	314	142	120	16	214	123	543	118	29	527	103	211	28	159	56	35	66	132	84	296	162	21	148	11	27	148	293	992	41	16	96
V90	141	329	158	92	14	114	123	53	28	477	261	39	54	197	77	23	1	18	142	397	93	61	66	12	122	143	218	51	4	141	337	170	69	138	8	364	368	448	17	364	527	9	15	274	85	166	107	118	45	18	270
V91	285	5	290	297	273	531	2	59	92	320	309	548	136	12	255	41	364	185	286	247	184	34	10	178	57	442	397	391	286	117	395	165	68	7	6	323	263	181	208	43	545	29	104	72	479	440	35	178	384	45	116
V92	274	54	182	287	214	71	69	18	89	221	109	175	128	166	47	63	415	133	37	10	118	309	8	91	6	17	37	335	82	112	99	53	33	77	120	13	363	56	314	73	69	108	26	52	114	462	8	1585	168	258	140
V93	136	6	47	223	754	190	249	69	81	381	14	6	635	2	149	12	166	225	99	201	166	226	3	7	431	202	7	19	70	397	309	827	144	145	295	59	403	310	32	106	263	26	372	205	353	214	155	14	40	183	57
V94	14	318	65	127	72	78	263	509	302	90	350	162	24	224	177	161	306	6	267	511	75	321	532	71	71	430	1	233	99	55	995	280	237	456	245	208	12	241	17	95	136	227	809	182	305	317	150	520	117	48	196
V95	185	372	225	1124	132	117	110	204	974	24	59	16	35	274	0	225	349	145	172	31	273	16	314	327	304	367	101	24	495	49	227	364	108	170	111	37	3	74	232	89	82	85	208	411	69	134	344	326	99	20	329
V96	188	129	33	208	865	55	153	544	62	67	3	243	222	162	176	279	39	106	66	214	346	19	190	247	146	90	124	82	39	390	183	102	236	58	96	308	73	142	217	394	304	98	23	303	73	317	260	80	17	48	159
V97	29	217	339	25	302	44	134	78	219	82	727	500	193	99	169	108	27	66	78	52	59	68	53	205	72	2	248	398	213	187	89	236	200	114	192	223	4	149	15	712	437	80	77	570	45	40	32	299	200	82	142
V98	63	38	144	337	221	43	699	109	12	178	535	92	32	176	554	47	144	9	51	378	244	126	70	178	159	104	219	284	93	57	13	1	32	442	31	38	40	42	7	381	110	451	6	51	103	52	105	41	89	925	50
V99	317	420	37	64	565	357	217	458	118	357	7	29	107	18	219	115	52	41	270	335	242	727	232	98	58	556	81	117	81	571	297	215	304	188	557	109	17	270	45	197	185	5	261	25	157	39	242	23	13	368	333
V100	11	72	150	668	68	228	155	511	281	459	35	403	82	488	411	44	296	192	79	181	475	1	168	50	67	171	5	533	44	98	102	96	35	180	1	86	71	328	57	131	61	33	165	409	326	634	224	308	34	760	83
V101	415	138	18	55	639	398	415	114	313	182	19	169	177	36	32	8	135	170	19	161	365	125	259	85	47	78	116	359	396	246	225	346	83	117	109	628	89	197	38	660	41	144	17	382	233	178	157	541	183	87	252
V102	128	71	81	29	239	259	259	97	172	76	50	209	113	193	35	132	75	22	650	11	348	80	49	169	250	225	420	30	209	46	117	348	69	188	9	30	704	262	50	247	1	14	44	193	14	129	177	189	746	221	101
V103	250	105	56	438	227	72	313	91	28	147	109	257	13	194	207	144	188	275	373	222	180	7	98	300	63	333	65	26	572	405	220	245	174	410	67	683	277	686	22	35	151	56	63	131	31	185	113	867	185	61	160
V104	234	440	35	1279	259	219	150	31	663	60	174	323	487	439	82	129	68	65	28	107	127	132	198	62	306	233	31	277	327	238	402	69	277	139	88	172	395	336	264	112	45	262	276	250	129	138	196	311	55	155	388
V105	57	516	228	91	197	180	132	377	239	249	102	108	77	80	280	37	211	3	74	36	69	38	285	97	129	23	524	237	16	79	34	82	118	37	456	75	444	55	2	235	570	176	190	151	544	243	1144	137	938	128	309
V106	538	64	2	131	532	431	12	122	520	241	67	39	446	387	504	501	344	275	92	270	17	662	1086	235	29	39	170	71	38	181	12	219	462	47	299	233	96	177	332	169	60	7	95	351	157	236	306	225	311	12	246
V107	157	197	23	331	243	69	169	513	475	365	7	125	23	61	68	6	478	303	267	463	77	487	200	51	95	54	72	446	13	45	489	410	479	189	22	11	33	180	267	622	363	466	106	77	124	92	18	59	62	372	188
V108	92	94	12	14	12	307	8	109	442	167	305	102	74	171	146	80	297	28	206	563	242	77	282	138	34	1034	75	98	190	214	186	59	16	86	9	19	108	77	125	35	456	245	89	28	5	40	51	48	20	80	96
V109	46	99	333	455	43	148	46	71	78	305	96	22	245	12	197	124	35	197	72	224	373	351	35	121	1167	275	407	27	86	114	148	282	63	57	3	508	589	50	824	468	327	800	123	331	294	29	266	0	41	205	92
V110	115	160	467	155	247	86	416	453	6	63	169	228	136	110	31	41	79	45	520	105	786	162	125	682	348	37	606	241	68	147	51	1099	336	234	96	1	238	1	524	167	19	75	96	179	58	186	377	99	20	27	155
V111	40	428	567	613	182	233	224	32	159	474	4	292	226	240	264	254	168	65	38	365	156	83	406	459	92	177	110	115	346	58	414	905	239	326	78	315	76	18	33	155	332	182	174	299	494	56	205	157	92	280	273
V112	96	146	382	60	271	79	83	114	446	176	7	59	658	343	188	54	15	25	368	73	13	409	124	106	320	18	74	4	167	67	124	3	191	23	863	287	331	149	286	726	419	290	70	75	69	51	314	95	269	83	148
V113	453	10	16	216	42	34	484	60	203	61	19	367	122	230	53	167	162	129	139	187	93	163	234	493	138	65	52	110	116	414	332	48	279	73	229	18	40	10	201	134	36	83	198	123	144	138	1	28	93	41	189
V114	226	184	254	59	273	95	6	70	234	142	154	155	248	37	185	81	2	167	47	452	459	59	242	53	74	60	232	1044	255	231	71	15	82	15	230	56	65	374	8	193	285	77	40	46	74	17	148	190	14	195	205
V115	1659	66	399	313	141	131	351	24	340	398	55	2	347	0	43	12	121	161	74	230	381	207	24	186	80	211	193	12	129	20	85	777	311	404	67	18	431	34	106	304	50	325	205	20	159	184	144	49	355	194	636
V116	1	87	474	532	242	211	134	108	0	420	129	79	174	149	105	24	88	78	190	94	458	284	9	72	216	157	557	91	108	264	268	52	164	155	253	176	28	361	77	167	42	15	124	86	102	254	232	22	182	42	65
V117	213	65	102	115	215	34	207	85	24	7	239	333	20	46	157	1	575	194	22	65	169	590	49	323	210	10	65	228	60	284	120	162	177	179	70	264	279	29	73	34	594	7	253	200	145	253	110	73	271	65	107
V118	107	158	443	319	17	468	86	400	9	48	100	76	157	154	17	1000	286	414	135	252	185	294	178	793	330	193	24	234	79	160	99	62	417	321	193	344	357	140	52	83	123	80	153	270	33	462	370	126	55	739	140
V119	4	298	19	52	271	297	51	60	186	353	581	471	12	19	75	93	101	67	205	289	22	444	16	71	83	49	62	38	121	122	166	266	79	21	226	31	19	701	320	5	58	54	454	162	58	4	30	17	66	209	182
V120	480	127	27	119	189	4	298	407	266	4	204	239	166	67	132	867	6	13	98	193	166	176	116	43	127	21	548	28	107	441	17	31	4	93	40	234	67	415	19	91	30	246	167	103	174	408	123	76	188	162	258
V121	339	61	124	52	174	62	14	61	61	6	534	151	77	143	109	390	418	331	343	52	339	38	265	122	332	70	176	154	85	150	370	164	314	89	14	489	56	275	853	45	264	56	206	272	252	117	63	172	56	138	192
V122	271	59	13	553	102	6	25	87	61	386	358	355	134	331	277	158	15	185	0	118	575	264	182	230	3	293	51	198	368	318	13	112	171	105	168	159	187	459	21	583	837	289	174	50	134	106	14	39	212	53	157
V123	269	798	341	1294	8	136	915	299	71	263	52	206	432	114	18	134	413	242	359	293	477	81	86	52	215	33	35	55	768	111	259	231	8	525	104	81	3	338	122	48	19	26	43	1065	400	454	389	107	71	102	518
V124	218	273	11	737	99	394	236	31	14	45	109	19	154	280	565	58	94	336	179	11	253	46	86	208	296	188	309	57	7	8	324	68	240	220	13	159	273	121	1110	108	81	16	12	400	74	202	714	145	338	14	235
V125	200	261	148	87	29	674	394	455	49	2	195	144	1002	1082	159	325	19	5	258	67	90	357	284	22	866	146	122	31	237	127	245	138	118	203	270	56	231	144	164	0	43	162	158	739	162	21	112	58	183	355	215
V126	75	107	57	9	40	58	10	16	205	609	42	192	91	129	82	9	59	19	139	181	84	82	37	2	247	590	32	92	52	512	173	80	72	310	17	38	47	312	135	162	90	31	195	164	60	34	221	359	378	169	104
V127	493	100	24	41	375	318	17	405	10	31	238	57	519	227	127	148	9	140	74	240	163	286	4	146	403	108	96	48	105	22	4	976	114	241	397	141	601	294	170	120	116	170	145	106	284	51	17	219	142	90	272
V128	94	364	137	226	21	586	21	3	537	216	6	235	75	46	21	504	62	300	47	154	9	136	1322	117	257	15	271	188	122	102	299	165	45	208	6	544	138	6	537	108	91	94	582	401	135	153	204	151	357	433	263
V129	315	49	39	239	86	331	522	275	443	101	191	377	280	1264	84	112	186	692	120	137	114	246	365	150	49	384	19	476	479	28	343	74	163	9	34	24	82	60	58	612	234	269	184	33	66	207	299	62	100	412	159
V130	159	74	242	54	242	40	588	10	16	103	175	139	461	206	217	156	130	266	489	659	62	104	11	20	50	811	480	111	7	52	242	369	486	7	668	115	137	38	36	44	41	336	231	257	49	125	523	15	32	189	128
V131	10	53	34	8	151	113	145	44	45	260	91	110	43	75	57	27	535	394	203	101	138	417	92	508	195	46	79	71	60	74	125	8	101	738	29	70	61	36	44	62	340	24	56	456	174	352	197	96	161	25	51
V132	97	13	91	964	434	20	45	343	420	15	12	75	318	111	81	346	376	191	674	125	1	611	225	71	236	29	340	408	91	74	16	180	130	86	176	163	145	4	1	103	228	377	212	72	79	132	394	263	159	278	76
V133	43	168	95	131	175	15	251	66	57	412	29	83	4	197	985	295	93	53	353	4	296	10	231	20	71	4	376	338	42	390	78	658	76	428	162	112	99	610	183	674	212	283	996	162	8	147	12	336	179	329	140
V134	128	85	48	103	53	105	529	91	594	213	56	121	31	926	248	58	33	130	359	321	191	125	51	426	16	1	36	63	87	354	5	119	28	163	26	489	297	99	417	378	15	148	41	9	25	97	183	24	48	390	115
V135	61	9	241	137	886	139	54	108	30	417	23	430	32	128	130	22	123	170	66	66	607	28	176	106	113	104	2	385	0	11	106	23	373	451	115	1	257	369	83	224	136	30	47	370	104	519	299	192	124	239	47
V136	201	418	741	158	176	147	237	86	134	89	26	373	29	8	210	21	135	513	52	412	286	379	816	14	1389	274	595	231	51	70	177	41	536	52	142	181	155	364	60	250	89	276	153	235	103	211	292	176	444	103	342
V137	490	112	87	39	385	7	36	370	16	420	117	326	296	382	625	406	32	366	88	300	77	18	361	76	49	103	456	121	320	132	735	113	101	18	60	16	275	121	306	11	393	230	95	34	446	105	81	85	363	15	263
V138	220	1180	456	71	37	659	140	241	34	157	86	451	102	62	120	733	317	72	95	156	35	27	142	181	188	72	79	138	487	474	125	117	369	65	548	210	602	280	180	282	391	104	43	48	181	44	728	239	35	368	714
V139	40	64	322	400	117	525	248	562	39	141	92	682	434	54	318	491	1101	0	437	251	18	36	47	53	213	128	115	411	1177	15	55	255	244	4	79	158	199	82	209	297	136	31	113	400	94	150	539	47	222	104	76
V140	57	329	274	305	106	762	28	55	154	458	241	4	332	382	150	28	142	35	72	129	62	310	324	44	616	328	210	92	287	111	149	233	13	206	198	27	657	34	6	199	28	324	37	565	128	177	159	103	486	412	227
V141	21	302	99	40	43	148	55	144	532	1310	448	11	203	1	251	422	605	292	310	314	241	1056	58	7	227	78	118	121	216	113	449	273	152	935	309	211	175	515	1165	347	556	133	463	124	132	38	164	1184	602	360	226
V142	79	442	223	38	191	98	333	363	145	58	206	525	150	18	213	490	137	111	205	97	124	18	513	15	1	321	136	254	7	232	6	44	15	423	88	116	650	399	150	142	246	326	232	133	55	261	449	391	7	393	271
V143	32	58	26	360	67	752	477	60	187	276	816	52	17	734	84	166	155	7	17	28	228	170	230	23	339	54	249	47	24	217	44	106	43	45	323	66	1406	171	365	192	103	24	126	57	49	12	318	102	49	129	45
V144	567	22	210	141	33	209	62	347	42	373	67	361	149	149	410	323	1617	3	36	95	47	192	74	266	54	1212	318	106	510	31	453	33	229	269	185	188	47	165	26	139	232	104	91	189	52	14	9	115	842	13	263
V145	252	564	304	3	421	32	680	40	277	547	27	209	26	253	140	178	237	426	26	20	7	248	225	12	177	125	26	144	134	44	36	242	4	127	166	135	164	33	142	138	59	32	475	317	135	233	50	94	65	571	422
V146	194	129	125	73	131	38	87	139	231	147	99	383	563	125	670	181	150	785	123	18	70	3	48	267	292	115	431	61	417	38	727	23	27	289	522	161	163	89	30	328	197	150	1487	106	425	486	309	113	117	709	166
V147	159	0	195	294	64	319	201	143	12	46	118	75	799	192	209	143	141	44	171	14	287	464	99	8	133	159	61	140	1031	73	41	100	421	125	324	107	76	408	27	70	28	254	26	47	433	1	35	169	31	30	66
V148	103	261	13	573	75	29	94	2	429	246	56	3	426	72	265	296	112	395	75	184	341	78	48	478	69	32	101	195	323	290	73	564	593	424	466	177	696	26	118	559	12	156	820	284	227	184	10	244	101	8	226
V149	77	262	108	455	95	123	64	266	3	497	244	71	899	30	149	91	321	12	163	8	330	81	64	28	142	131	45	491	594	381	134	176	49	41	133	45	189	43	101	64	625	665	287	651	37	247	194	163	16	160	192
V150	11	80	319	87	125	166	472	117	97	51	291	322	17	319	164	24	50	158	38	499	57	82	101	428	287	314	1	125	62	1	55	185	49	336	159	404	875	79	329	241	195	86	69	190	12	89	139	628	211	76	52
V151	427	643	144	19	214	41	21	98	31	136	116	25	159	80	439	9	217	74	153	89	6	165	54	33	230	71	885	329	1058	216	15	52	179	266	272	59	251	17	60	498	261	466	41	132	145	216	254	105	242	651	514
V152	72	108	269	129	44	114	477	93	107	124	271	562	50	567	109	117	107	84	264	56	61	165	111	122	119	67	33	173	378	523	42	886	357	46	404	156	54	255	108	38	348	133	119	329	6	30	202	69	777	167	95
V153	65	221	704	57	216	252	35	64	167	25	87	202	173	37	121	104	19	343	6	91	368	31	13	394	34	78	137	293	96	25	247	230	261	764	447	63	167	169	289	218	331	153	663	401	82	91	0	50	409	60	165
V154	49	6	455	45	282	272	53	57	164	130	297	627	98	553	386	131	20	223	167	211	27	234	89	371	1101	9	82	138	302	45	182	44	25	484	52	206	326	64	113	58	75	464	720	696	269	237	2	552	48	32	55
V155	49	436	95	220	568	100	166	646	347	0	46	39	51	28	201	77	27	283	4	61	285	419	80	337	192	34	127	88	326	279	58	147	24	315	287	214	93	209	395	52	449	15	50	290	0	231	203	30	328	525	297
V156	65	267	370	302	0	264	261	105	58	130	101	223	418	162	90	68	488	174	44	512	359	104	7	208	425	10	476	81	9	2	75	273	5	301	319	127	243	64	155	104	21	193	191	232	165	129	160	20	147	137	218
V157	11	15	464	37	525	15	19	209	150	58	60	62	9	211	249	960	32	212	458	151	88	51	249	342	705	58	42	285	20	191	99	9	297	107	264	85	6	417	60	2	333	259	85	200	449	108	466	323	128	90	32
V158	141	37	116	107	158	487	81	361	3	167	22	91	97	195	213	44	124	108	141	100	105	681	373	64	28	220	108	43	97	90	27	1122	44	26	100	212	147	54	6	171	65	87	32	263	429	837	20	330	85	958	97
V159	72	39	500	77	91	525	162	31	185	350	14	33	288	180	653	190	357	88	47	92	646	122	221	40	602	234	256	29	236	192	20	1	105	466	27	175	732	89	56	193	180	52	208	148	318	105	107	231	268	300	72
V160	78	157	345	6	426	92	723	181	679	23	12	60	22	569	560	105	547	630	88	195	280	3	4	6	35	7	198	196	7	10	14	58	110	39	186	60	1170	20	1	5	4	323	249	36	353	194	515	302	62	82	120
V161	444	49	396	55	178	22	10	10	37	165	874	439	56	9	314	138	133	128	232	82	12	75	329	171	1	37	31	23	615	55	426	60	65	39	332	638	129	19	138	33	53	14	36	365	75	475	292	55	164	237	218
V162	106	129	136	315	107	693	88	117	42	429	13	173	268	123	178	21	23	93	179	84	35	39	378	214	42	68	13	217	50	39	239	170	247	121	494	69	292	287	124	145	201	8	533	119	32	165	4	748	23	267	124
V163	120	369	694	268	254	143	52	387	343	346	432	34	20	106	398	218	468	2	79	276	201	49	168	103	25	69	281	177	528	231	145	286	82	18	195	218	380	534	14	298	41	110	282	666	154	341	583	284	154	183	268
V164	128	53	5	89	87	347	24	362	60	182	194	375	30	83	151	27	148	172	518	92	64	271	250	659	130	217	102	122	248	196	758	356	195	44	459	95	133	78	80	438	363	311	55	384	69	34	19	18	276	253	90
V165	230	436	64	214	106	308	47	13	336	53	166	674	54	207	0	284	68	244	578	689	42	37	27	488	738	30	108	186	140	100	221	38	206	131	378	28	50	209	527	473	106	670	363	131	46	22	264	20	230	139	349
V166	21	42	113	212	36	400	1198	359	617	177	139	4	10	236	133	56	62	214	253	68	204	40	58	183	122	71	160	318	230	72	168	240	55	296	368	1166	158	191	126	446	123	807	43	198	98	16	366	14	196	14	45
V167	360	42	236	55	54	145	256	58	127	97	10	18	20	18	225	284	124	7	197	680	101	162	92	684	269	366	12	683	20	343	85	154	139	131	264	21	2	23	147	2	346	292	190	98	57	40	629	165	114	321	147
V168	263	127	229	11	276	33	54	233	67	181	79	3	443	141	4	654	84	170	7	46	138	55	149	1	47	33	3	545	179	40	160	192	82	576	142	418	170	184	62	195	52	275	85	109	136	121	320	64	62	243	176
V169	123	852	26	435	6	21	57	251	104	504	241	46	167	61	37	300	53	17	176	10	143	98	60	105	210	212	20	237	55	36	290	39	71	0	513	77	41	463	33	40	137	162	156	128	59	178	166	132	63	112	522
V170	33	17	326	134	24	110	455	54	139	21	50	376	117	307	222	227	165	148	47	51	401	320	349	70	312	104	73	65	229	900	17	178	164	15	197	19	308	32	112	23	174	67	83	80	25	110	31	51	333	309	35
V171	60	519	10	91	131	26	51	471	1	123	963	17	226	374	17	262	62	339	145	274	69	113	23	309	406	209	206	24	149	114	24	37	419	209	80	219	85	426	17	566	319	307	83	4	170	185	90	181	52	190	341
V172	168	99	4	223	431	248	24	213	169	306	71	661	87	317	500	38	159	323	125	485	139	514	81	645	31	401	35	295	35	63	186	47	27	60	78	532	406	103	17	47	9	416	87	210	133	106	94	536	217	127	137
V173	361	156	239	75	371	46	50	37	892	153	26	94	194	166	60	923	250	420	126	426	132	7	150	70	98	47	636	161	764	575	280	344	180	33	118	20	201	356	337	29	174	36	70	53	742	106	205	167	132	64	244
V174	205	214	75	105	144	101	125	1215	35	302	176	81	43	951	129	470	316	91	79	7	343	63	435	356	3	528	247	29	41	13	274	46	7	82	106	53	223	26	107	78	206	2	112	77	16	11	144	304	267	138	211
V175	80	584	761	13	1009	694	283	66	396	439	24	139	62	62	16	26	499	43	171	307	42	39	142	462	40	387	219	7	766	275	365	99	115	434	489	33	13	81	67	495	220	17	163	27	278	34	10	273	5	345	325
V176	354	256	22	248	227	232	37	60	149	83	63	95	20	385	201	118	460	88	32	6	80	659	567	121	161	494	99	172	236	599	301	203	361	1	391	161	227	157	150	741	50	82	281	25	18	13	21	9	193	65	300
V177	282	527	300	108	470	276	134	163	43	103	313	70	72	390	394	374	369	115	190	100	165	255	126	35	22	20	195	32	500	220	219	234	121	15	24	129	36	28	629	143	459	118	2	126	29	135	21	96	366	68	422
V178	331	287	44	155	153	56	1	337	224	94	298	222	100	1	271	138	354	248	261	131	91	149	30	19	129	22	245	132	263	42	456	492	60	199	126	103	317	416	28	222	252	349	26	89	272	51	101	142	92	114	294
V179	184	21	295	124	225	170	190	99	40	41	22	8	57	261	486	61	84	27	141	39	117	76	271	68	19	348	211	133	9	515	128	182	0	13	280	308	346	183	65	95	643	193	564	911	121	263	64	112	188	161	95
V180	88	111	27	78	60	133	162	50	497	99	313	33	343	536	55	42	123	6	38	200	24	362	34	343	354	213	257	42	86	174	399	518	39	264	17	129	286	59	18	201	2	307	5	566	583	122	179	574	286	245	127
V181	91	274	204	287	74	328	312	362	129	28	449	148	9	68	52	108	127	296	88	59	10	49	440	5	74	32	17	165	62	394	306	277	43	18	296	523	101	262	295	52	394	443	29	149	700	164	126	108	18	29	206
V182	175	59	328	407	139	50	146	180	94	48	55	207	207	89	42	179	26	120	154	486	46	133	113	381	212	15	16	336	32	340	392	310	279	665	124	37	131	143	10	191	5	11	162	332	44	111	87	373	75	52	111
V183	361	300	82	32	278	175	14	505	1	49	384	2	130	248	459	123	717	202	367	206	39	136	80	9	61	69	121	87	59	229	165	217	137	112	153	39	56	127	236	565	99	97	626	238	905	10	13	3	438	204	304
V184	173	115	100	350	192	92	29	72	3	517	303	207	150	22	65	787	280	77	31	176	44	171	115	128	520	170	41	143	54	221	235	350	9	728	158	116	49	253	61	37	1	86	120	250	173	18	266	69	22	49	135
V185	9	46	110	46	329	217	69	49	156	351	53	4	222	526	97	260	172	443	29	248	136	146	553	103	12	51	158	145	38	30	21	44	29	61	27	37	159	212	333	55	36	407	9	101	302	25	1019	404	22	71	56
V186	0	305	56	198	169	44	21	50	1	217	58	47	54	9	26	268	108	70	490	85	399	177	373	170	517	216	176	62	196	243	81	1072	29	384	14	49	340	108	713	182	35	28	56	270	16	50	65	960	911	87	169
V187	5	14	818	65	1006	59	210	756	168	23	695	107	87	53	314	50	95	537	178	72	49	366	9	233	138	349	96	207	23	328	339	56	41	633	170	166	186	6	253	365	106	33	419	230	51	208	422	348	411	22	30
V188	292	180	309	2	46	61	174	220	370	466	84	127	30	223	161	194	472	31	89	38	442	77	167	250	130	100	318	212	528	426	270	16	120	374	85	113	60	124	300	26	85	75	0	633	195	8	139	53	23	139	210
V189	317	94	11	226	158	95	198	8	49	294	220	9	12	14	384	50	71	75	189	12	183	184	63	342	11	456	355	733	15	678	451	79	280	207	96	17	190	251	116	424	74	253	714	473	183	203	337	28	94	8	184
V190	331	2	74	352	305	500	273	87	73	269	218	115	25	222	550	338	375	33	122	48	75	184	332	495	62	149	191	153	65	613	99	178	115	652	13	35	77	361	98	364	266	83	117	163	147	39	7	232	81	105	142
V191	143	976	491	179	23	139	533	105	552	70	197	381	55	240	104	208	548	196	170	77	9	170	891	1440	58	315	62	70	86	114	7	196	7	364	422	861	158	165	105	384	463	279	110	83	380	122	74	60	71	762	624
V192	120	267	210	61	150	139	194	71	25	0	5	41	47	58	39	576	51	363	476	2	337	424	206	271	259	31	154	632	117	111	188	16	169	370	154	816	525	36	77	369	86	28	141	155	105	47	141	273	108	38	218
V193	0	436	22	36	15	16	1	320	349	28	266	246	172	18	132	1	38	190	1036	32	143	55	232	330	182	244	62	278	894	229	51	58	36	10	137	363	48	775	524	219	194	124	63	208	96	199	43	26	516	724	232
V194	440	255	127	380	99	79	39	86	32	29	23	85	422	236	167	536	125	67	256	43	202	36	635	612	58	137	183	233	292	45	120	53	390	3	242	463	86	428	91	273	252	514	38	103	160	103	239	91	63	81	306
V195	181	121	49	69	23	50	97	72	244	287	222	153	286	65	205	143	1	40	531	15	541	16	355	904	173	196	31	366	164	285	14	121	109	33	159	582	309	26	305	527	117	89	960	43	509	73	2	4	108	722	147
V196	46	260	583	73	149	131	449	747	0	254	302	19	0	42	127	36	100	487	79	74	54	128	1	425	3	459	9	628	14	208	46	176	342	346	135	123	488	295	49	94	89	107	561	23	589	290	18	22	502	65	180
V197	54	73	264	149	0	73	128	84	668	543	87	32	632	38	107	165	10	314	542	232	18	91	82	203	563	851	78	173	116	231	349	136	66	74	180	160	622	288	10	1005	78	401	58	317	303	310	502	117	42	58	88
V198	396	56	227	61	33	245	15	22	12	163	400	224	198	197	19	69	115	408	19	17	158	398	46	582	268	10	7	70	134	92	219	93	88	671	407	88	11	55	37	399	513	222	73	822	248	142	53	25	93	71	184
V199	65	80	177	50	238	225	660	243	106	243	41	573	245	103	21	4	274	90	178	5	374	17	266	54	45	99	276	121	364	151	180	232	43	142	156	194	153	10	829	122	36	75	125	79	205	268	15	21	15	89	76
V200	40	344	276	481	147	187	33	207	269	131	430	8	296	111	145	341	425	86	221	231	45	95	109	158	62	21	750	99	248	409	57	222	110	176	18	64	48	74	421	106	47	431	108	3	276	167	177	76	121	218	231
V201	514	277	446	1	105	44	391	15	348	2	217	423	207	112	152	123	178	231	653	443	237	186	357	226	144	399	731	632	1	184	195	242	280	31	53	441	162	47	39	98	40	342	132	83	202	285	20	577	302	225	341
V202	67	104	17	19	418	293	206	32	44	45	32	256	92	127	343	251	106	182	93	26	133	700	196	85	188	194	121	246	89	302	140	139	32	348	31	170	320	212	23	1191	0	139	96	61	392	256	64	360	267	63	108
V203	162	93	21	300	21	51	292	89	521	0	501	3	310	64	145	23	163	171	11	264	483	5	111	224	70	55	276	244	117	184	396	148	388	101	168	219	538	126	190	62	17	183	470	423	65	291	209	654	872	148	127
V204	132	217	83	61	329	41	274	243	5	113	207	98	387	58	95	52	150	441	67	317	141	168	924	236	76	200	246	722	79	130	66	194	70	197	405	276	92	28	73	133	15	104	347	25	171	245	764	35	37	261	199
V205	179	25	396	39	62	171	248	412	315	255	35	220	88	355	156	108	156	12	106	19	480	127	487	176	56	7	653	229	463	300	151	44	135	368	1420	7	233	331	48	1	51	127	94	266	57	17	90	604	317	105	106
V206	18	676	65	40	37	160	75	358	424	17	72	117	322	153	273	273	185	495	224	528	32	43	100	416	46	126	51	323	168	123	71	331	214	263	47	207	465	61	647	29	106	47	141	191	147	141	130	274	114	20	388
V207	56	69	293	102	56	124	296	82	24	285	148	360	128	59	465	74	987	52	247	28	6	132	442	131	27	205	181	12	24	517	184	10	58	38	382	63	104	179	225	80	115	133	132	136	666	94	50	162	85	91	81
V208	2	114	200	483	820	528	222	360	11	162	1	521	206	85	529	154	348	487	234	286	62	72	0	690	258	58	247	429	204	88	84	284	65	1	232	145	50	186	245	48	128	183	137	298	200	100	147	101	137	120	90
V209	99	41	153	89	302	242	271	86	379	276	285	28	439	81	269	628	71	145	116	231	367	157	2	254	185	32	3	186	149	21	53	103	302	109	16	25	96	21	103	646	343	21	133	463	115	73	156	34	888	646	74
V210	769	161	416	112	286	464	245	316	80	150	362	206	244	656	177	87	15	65	27	535	274	109	9	191	79	276	286	365	562	127	43	382	197	243	214	282	51	120	153	219	129	310	273	201	176	95	21	37	477	141	383
V211	378	712	151	355	22	213	218	34	168	277	195	356	81	520	182	70	136	553	14	200	6	430	39	181	70	482	25	313	244	13	110	109	164	86	60	125	155	188	317	32	348	40	322	73	27	30	17	620	101	249	543
V212	8	734	213	4	9	45	399	187	200	75	56	133	230	108	214	231	458	104	159	34	250	382	35	371	12	144	42	196	630	32	110	260	260	2	122	92	63	78	83	234	554	190	48	76	186	282	133	561	206	726	432
V213	207	474	36	172	170	15	155	46	141	112	29	130	535	61	14	230	67	36	46	102	58	184	236	24	790	162	412	60	213	136	94	80	117	8	39	348	329	15	553	193	152	356	236	376	529	348	329	368	88	86	328
V214	418	132	42	726	17	93	57	538	406	152	169	177	42	73	430	61	96	53	130	78	171	82	364	13	93	83	199	63	31	170	31	326	108	73	3	275	39	451	99	315	143	11	276	439	155	69	137	120	569	93	233
V215	13	120	80	217	252	277	51	90	63	80	83	531	113	185	228	1026	49	46	35	54	251	162	206	105	81	22	121	579	478	40	174	397	22	449	4	109	238	117	321	434	7	174	57	68	454	373	254	2	199	27	98
V216	33	315	262	237	412	109	85	11	8	226	48	109	230	774	19	399	412	532	200	89	33	55	125	220	34	124	114	19	445	80	169	187	33	92	145	114	127	240	38	98	173	48	104	630	176	17	137	279	159	718	222
V217	127	128	72	16	314	239	397	219	54	161	97	61	23	194	80	129	656	0	128	51	70	343	101	64	793	477	2	118	256	537	30	352	86	123	312	66	81	34	156	515	177	330	104	233	751	39	93	214	125	407	109
V218	167	389	73	68	7	228	185	67	228	312	553	385	256	249	21	282	406	181	167	246	421	24	58	58	150	117	13	375	184	406	204	182	64	411	31	510	183	60	348	0	113	24	447	43	105	292	200	258	70	29	294
V219	274	15	61	412	67	271	107	44	192	17	29	219	75	2	297	83	191	187	254	112	124	159	0	700	289	4	42	129	37	20	116	122	124	356	190	298	7	16	176	188	161	562	154	70	46	35	300	17	210	108	136
V220	288	78	205	532	258	55	63	31	75	211	303	106	507	529	456	153	122	115	173	576	376	103	84	287	203	863	93	65	97	496	45	20	131	58	113	28	49	187	386	287	3	367	352	480	190	133	186	72	13	37	164
V221	446	69	85	372	85	57	561	232	60	528	149	27	47	711	604	218	190	63	59	105	10	12	298	122	615	120	417	119	177	162	333	202	141	129	116	254	27	79	68	368	325	1	68	449	69	289	186	762	249	253	223
V222	358	36	67	492	35	163	166	311	517	141	138	106	55	145	112	218	54	21	279	405	216	75	6	19	25	7	148	132	67	205	39	170	9	34	9	53	215	528	445	153	90	88	129	685	220	600	191	130	68	198	173
V223	47	202	205	271	404	39	388	204	0	37	48	246	311	30	2	1	130	47	584	449	29	79	8	76	298	24	887	133	181	230	5	127	227	132	159	350	33	205	24	338	332	6	4	317	548	305	28	905	94	125	157
V224	24	53	758	525	264	253	349	83	33	223	95	351	396	855	111	103	49	242	15	75	240	225	313	2	172	156	18	154	343	174	46	51	92	61	467	49	727	34	508	438	133	918	247	105	129	145	59	172	43	143	67
V225	7	16	96	416	77	239	80	158	92	30	2	132	197	94	117	255	71	1	451	72	63	56	838	194	580	10	178	293	36	378	23	17	43	245	248	258	93	703	319	103	932	521	13	20	194	139	11	251	22	20	40
V226	1050	205	333	16	397	5	189	5	48	117	220	20	358	3	82	497	324	254	85	153	506	161	289	94	499	12	163	140	376	497	31	236	242	104	104	113	615	404	6	581	101	50	651	127	511	840	43	657	40	727	490
V227	81	113	91	47	14	547	112	51	220	415	247	194	63	472	117	8	50	695	206	179	657	384	184	239	552	21	271	877	320	191	110	621	54	64	271	14	90	249	76	87	378	116	391	47	736	2	316	369	176	138	132
V228	179	170	49	140	577	514	29	636	114	289	43	247	240	898	187	123	0	526	257	167	574	82	341	58	31	6	417	382	580	40	91	101	203	312	180	276	32	555	89	63	99	404	32	143	4	238	282	247	206	515	170
V229	54	8	103	124	179	201	29	506	13	633	42	263	162	53	86	142	562	329	41	249	76	39	221	28	216	1	74	149	415	93	218	131	26	204	396	230	20	314	69	19	138	630	87	100	148	129	112	144	151	420	54
V230	217	79	245	457	234	63	242	231	353	89	42	596	254	467	72	187	73	30	407	121	17	425	237	288	44	58	67	638	206	292	304	22	430	65	148	141	227	101	45	262	53	21	102	71	66	327	74	23	155	207	147
V231	197	5	318	349	250	56	270	238	85	0	112	99	59	138	540	26	121	138	68	801	172	197	112	111	212	205	17	137	75	537	205	172	118	107	2	39	80	112	173	7	658	210	420	238	443	161	12	38	173	451	102
V232	213	332	212	46	310	192	86	84	195	54	26	28	138	110	13	43	71	31	261	358	75	12	386	373	47	32	23	715	294	389	81	415	422	117	656	154	195	90	275	139	1	128	215	195	89	11	106	397	251	81	285
V233	110	88	668	273	243	178	153	60	65	65	252	458	119	74	42	164	99	92	256	454	446	132	374	67	15	8	41	181	68	72	115	463	52	26	124	12	80	25	9	99	168	192	17	229	273	24	272	80	520	90	102
V234	15	23	68	11	436	124	442	11	282	133	108	283	43	390	25	235	111	4	54	404	10	123	141	148	48	172	28	100	48	19	119	222	22	127	880	247	49	525	53	19	71	423	160	47	184	36	67	290	308	710	22
V235	214	209	596	192	662	202	1	320	194	260	73	307	133	0	150	114	18	0	21	542	247	241	99	228	257	187	89	301	4	168	338	401	114	334	439	252	27	132	60	173	77	110	303	98	78	18	89	300	72	194	217
V236	10	304	250	146	234	268	261	410	497	123	74	108	1231	56	630	388	626	311	303	180	425	137	40	2	53	216	379	125	76	473	473	86	850	77	579	413	272	8	339	110	148	179	488	51	181	252	127	107	55	3	180
V237	326	97	284	65	265	154	53	82	144	217	294	62	32	317	185	177	971	198	169	34	306	121	387	68	46	76	213	272	124	36	40	293	3	454	49	331	124	39	561	193	48	223	506	512	239	387	83	486	54	106	189
V238	67	307	139	92	243	84	114	22	408	425	99	157	432	19	190	291	101	63	63	33	75	441	33	4	303	21	202	54	23	38	63	116	202	19	199	235	112	0	82	144	59	34	87	145	14	279	58	106	556	428	197
V239	10	54	70	28	206	250	243	104	43	197	133	2325	74	41	18	270	199	723	10	212	101	371	371	99	435	154	168	45	326	15	17	23	173	122	72	95	56	151	139	254	23	97	24	176	214	268	181	494	304	218	51
V240	198	198	20	26	597	718	767	816	297	76	546	199	373	592	383	684	57	330	47	239	285	358	253	276	29	37	369	243	582	154	44	562	241	12	0	7	508	252	493	121	112	72	21	152	163	154	123	274	608	181	205
V241	389	341	363	1071	22	422	463	17	8	447	13	340	143	293	61	438	456	0	3	26	78	63	581	33	108	277	42	110	128	46	68	0	126	120	117	129	452	30	12	143	395	46	30	114	259	24	15	106	231	16	331
V242	266	8	52	80	261	333	365	176	87	160	144	16	398	4	670	471	93	80	50	87	380	304	1	35	269	13	277	99	244	255	241	59	274	77	95	104	214	57	176	170	38	165	94	340	163	335	4	34	147	127	135
V243	328	79	219	34	187	29	198	179	509	254	180	39	128	9	434	486	230	84	3	52	71	416	353	299	366	119	186	183	321	550	57	34	334	387	273	422	70	362	157	299	154	91	109	27	51	171	262	308	72	24	176
V244	116	88	244	380	359	276	211	300	62	101	17	157	62	127	193	8	57	72	318	153	133	542	21	34	24	60	475	9	26	195	153	60	81	95	50	4	76	806	492	123	293	199	67	76	128	24	82	38	23	39	106
V245	163	8	656	282	22	221	24	30	211	14	28	416	430	531	7	6	128	157	943	1	20	66	42	58	68	192	250	198	224	99	50	266	458	46	4	115	30	74	352	184	226	67	139	24	288	540	953	297	173	533	76
V246	45	648	96	395	227	244	258	92	403	919	1	123	3	116	124	192	33	2	1172	50	191	570	68	15	277	124	189	75	4	79	236	28	193	1	46	689	66	21	133	41	2	24	3	75	1262	16	403	23	130	177	407
V247	14	137	14	278	272	363	88	31	224	504	76	233	0	274	48	73	69	87	305	1	540	139	15	140	108	67	236	344	97	22	27	52	228	127	259	190	287	83	249	200	90	503	625	122	55	213	31	385	395	30	112
V248	304	590	7	147	34	74	167	99	336	238	119	78	586	67	519	310	0	133	236	388	229	445	88	114	149	83	46	211	158	74	69	98	91	120	1	38	348	33	217	38	100	367	257	545	42	201	205	146	23	365	432
V249	117	174	252	219	2	595	162	390	37	98	221	147	562	328	55	189	438	128	245	104	109	622	552	291	73	483	198	17	290	153	669	204	49	155	77	22	162	153	201	136	58	85	59	158	378	51	246	27	108	545	169
V250	27	6	85	253	54	55	225	375	429	92	86	85	432	184	41	204	49	160	110	41	419	246	330	815	252	104	63	60	352	229	81	179	381	191	34	141	108	661	181	15	81	50	94	590	45	754	35	72	0	23	35
V251	10	59	124	81	9	60	289	731	17	314	206	305	5	163	104	35	108	73	107	44	23	213	484	306	198	19	90	93	224	225	107	88	83	136	131	31	152	5	97	25	107	271	182	90	849	758	17	468	258	392	60
V252	96	75	103	183	171	82	119	19	87	52	159	650	11	120	104	902	6	35	303	2	25	95	47	96	17	342	310	135	62	975	192	218	246	103	260	108	299	76	534	116	371	299	87	90	2	369	66	213	469	204	88
V253	428	69	132	583	90	328	30	151	568	132	124	166	342	116	137	323	365	10	142	1043	92	89	101	151	11	4	615	127	67	125	32	153	301	169	269	279	381	227	215	48	235	572	13	227	166	200	51	193	203	102	220
V254	726	121	54	340	16	515	204	143	74	14	140	196	121	31	82	109	57	24	217	381	43	386	98	59	113	322	191	390	19	373	296	632	103	395	40	103	252	72	91	231	925	14	77	71	243	79	337	163	117	9	367
V255	609	4	216	161	1069	94	29	166	292	144	137	1053	1152	44	410	27	667	266	411	25	203	81	120	360	96	186	160	161	88	642	294	669	18	251	524	55	27	48	70	319	609	438	70	469	72	29	37	21	77	528	251
V256	138	63	626	43	94	174	732	74	371	125	63	230	364	690	10	18	330	38	330	140	302	18	51	498	168	72	210	284	44	192	80	49	78	258	24	10	718	104	15	80	186	411	46	7	145	241	526	127	6	103	107
V257	32	38	124	230	427	60	102	172	533	256	101	350	464	149	445	47	130	133	557	36	155	44	313	173	59	1	202	216	5	242	428	395	179	51	50	43	92	26	151	11	529	82	1411	44	443	183	165	74	232	20	68
V258	9	112	50	86	1	180	31	326	1	17	69	736	156	142	321	305	45	11	11	38	256	380	265	175	130	59	143	283	33	82	159	64	508	170	77	124	43	309	829	111	75	121	121	22	87	26	30	345	549	95	90
V259	3	224	113	0	309	39	58	393	74	7	281	40	130	138	110	15	214	139	90	250	27	790	578	32	34	62	414	114	17	157	22	235	65	263	63	72	429	102	55	147	105	722	19	224	0	586	165	6	3	186	143
V260	768	422	140	404	29	922	709	82	471	339	919	77	110	71	334	346	1	635	58	258	76	50	240	590	103	54	354	8	71	95	305	1	201	28	228	13	1	123	122	173	350	437	146	404	377	788	606	121	269	154	498
V261	263	168	62	247	365	72	10	876	49	282	313	67	514	733	604	33	225	232	11	80	473	7	56	218	399	30	54	47	213	454	24	206	207	183	38	38	457	23	134	78	55	108	55	25	178	6	29	126	699	118	210
V262	451	137	572	384	128	31	70	13	236	575	787	141	455	199	194	44	196	81	52	7	372	3	34	137	381	22	69	37	487	252	112	74	266	274	236	24	306	95	132	443	741	636	193	144	138	507	201	460	233	137	262
V263	506	11	432	111	296	91	85	20	300	113	244	425	75	1	132	16	387	2	117	189	4	68	178	77	161	90	195	335	138	164	123	276	421	78	190	451	19	166	211	10	136	10	238	302	175	27	108	3	566	62	190
V264	169	34	813	103	20	44	258	139	165	162	75	423	132	127	440	337	124	69	236	262	576	138	192	65	388	379	405	660	301	6	23	76	831	211	290	159	313	277	195	3	67	306	25	292	183	4	62	68	270	52	89
V265	125	355	117	140	117	45	73	170	656	342	318	89	252	9	32	290	205	3	522	136	66	5	15	131	97	213	128	15	67	78	105	16	359	66	14	141	94	453	173	356	47	1	448	101	84	524	237	36	169	194	256
V266	10	92	44	308	430	161	336	35	460	873	54	101	208	114	135	127	233	18	87	592	593	351	81	118	37	60	342	101	134	234	1062	66	343	23	17	295	7	12	236	203	527	115	308	26	165	128	54	193	133	106	59
V267	89	361	130	78	1	233	208	3	61	95	529	516	61	176	3	88	283	131	151	256	121	506	402	55	22	196	301	12	81	82	41	446	104	87	51	65	104	96	62	90	50	52	73	262	77	445	1009	132	289	57	245
V268	10	52	69	128	187	768	366	259	117	200	1	5	50	36	20	248	105	377	14	141	367	16	504	512	359	162	269	284	68	21	324	143	16	123	74	33	15	219	428	956	217	57	312	318	190	18	290	83	50	202	49
V269	158	117	37	73	116	2	86	586	314	131	66	79	165	85	36	50	24	718	151	268	225	196	72	355	79	71	176	340	74	423	27	21	440	3	73	437	376	362	38	50	242	87	8	59	84	166	127	38	641	140	130
V270	81	901	149	23	545	166	5	389	261	190	729	11	54	117	56	489	118	284	173	43	222	110	37	328	95	75	132	125	192	253	428	261	185	358	304	54	363	367	125	47	50	56	68	425	0	64	245	3	166	142	531
V271	69	132	79	4	131	41	72	215	139	146	97	190	59	202	669	82	709	500	140	79	218	114	97	486	60	107	56	48	75	436	69	60	133	333	127	324	271	110	509	514	817	405	82	353	64	48	41	45	72	139	116
V272	25	113	118	98	291	139	28	32	68	143	385	34	1	43	4	173	54	109	318	183	7	52	53	39	324	42	323	77	306	241	198	79	318	62	259	205	304	204	298	303	119	16	378	521	13	105	519	445	267	23	89
V273	11	423	384	119	484	153	234	63	164	8	0	105	14	302	203	214	130	14	656	799	281	275	424	90	69	415	392	22	251	101	328	134	40	353	142	40	395	85	49	29	288	44	487	93	191	470	204	46	128	191	228
V274	435	29	331	81	389	552	638	621	276	421	334	88	7	9	97	477	604	342	29	268	83	163	90	94	1	11	93	574	65	9	45	317	52	183	615	514	149	42	41	33	413	464	149	173	34	522	180	324	275	53	199
V275	0	127	220	20	26	135	116	2	76	17	272	318	325	3	254	62	31	35	147	406	96	267	148	109	312	90	361	91	59	35	145	548	736	272	207	32	149	68	39	280	91	131	208	257	322	177	312	55	63	0	80
V276	35	14	345	531	189	73	313	46	51	39	378	133	48	99	218	87	72	29	507	102	128	161	41	99	108	33	456	595	13	286	669	539	575	398	446	87	7	460	40	82	73	196	450	311	129	173	471	43	204	127	40
V277	680	90	122	200	279	64	453	295	100	19	166	75	113	482	81	250	332	307	16	12	246	217	119	81	515	246	131	352	37	52	370	232	331	26	73	124	227	177	38	162	781	227	304	285	227	83	112	53	97	82	332
V278	408	68	19	440	187	130	352	621	107	221	461	51	116	378	95	118	87	281	288	240	33	131	82	351	115	66	45	118	60	998	419	371	586	813	63	4	281	407	139	109	88	239	121	37	122	58	1378	300	61	253	206
V279	48	256	134	222	21	33	13	184	42	189	196	14	118	72	40	314	355	370	361	526	353	156	221	63	16	132	259	131	7	141	67	185	65	74	534	61	182	229	441	521	601	472	74	42	19	512	38	28	582	56	188
V280	407	508	249	428	25	16	330	242	11	46	107	317	133	10	45	566	89	194	237	364	1009	140	323	227	925	9	14	684	50	455	11	11	608	188	436	717	222	427	191	41	528	18	765	220	150	363	142	55	318	434	428
V281	858	202	613	306	279	486	555	481	62	341	49	288	271	108	194	6	227	27	272	14	7	76	121	43	149	85	365	77	17	25	63	153	116	652	139	81	74	250	66	21	121	76	12	196	27	19	47	56	290	13	460
V282	95	267	97	66	177	494	44	46	450	76	77	52	38	109	310	117	186	6	147	272	358	176	341	406	294	270	13	72	31	103	147	58	682	30	307	75	393	112	175	655	376	17	326	73	399	80	142	330	59	23	187
V283	171	88	34	431	27	323	433	49	366	22	288	80	60	12	184	121	58	176	42	248	20	66	444	2	230	17	411	28	144	902	231	68	230	60	469	24	19	51	41	42	454	26	12	144	239	258	30	111	506	216	131
V284	478	357	63	543	104	73	4	9	68	1483	587	148	156	112	171	16	2	215	129	20	130	23	306	207	88	145	476	508	72	121	743	225	126	59	203	81	126	179	349	468	168	128	44	155	86	203	256	197	516	460	369
V285	103	77	196	376	20	80	82	4	521	216	216	263	39	298	428	31	29	461	536	119	212	83	302	238	177	135	44	201	404	3	84	241	242	64	120	28	62	210	295	10	420	572	147	335	168	276	113	10	155	152	98
V286	97	459	123	480	859	286	135	242	1089	16	68	118	353	158	128	6	336	388	128	415	362	280	6	140	138	58	86	15	145	105	98	276	9	46	58	269	144	558	547	13	97	542	23	153	136	437	87	254	329	132	300
V287	309	21	33	746	69	83	82	238	53	387	126	90	90	35	77	138	218	66	514	4	79	124	26	147	552	419	153	59	68	206	11	34	584	106	27	143	16	108	163	2	731	602	61	504	54	31	32	168	813	10	160
V288	12	171	95	156	954	124	55	27	103	255	45	65	263	437	250	302	245	120	315	710	237	313	67	326	288	199	724	338	183	437	257	315	211	19	186	8	59	160	271	105	58	156	112	166	250	222	107	160	451	85	121
V289	663	60	55	366	102	297	1	30	57	81	322	321	238	413	460	33	213	32	58	553	14	40	842	341	176	382	142	48	459	57	471	10	20	341	224	283	215	132	98	216	89	465	195	396	65	272	797	23	28	488	291
V290	103	559	406	46	79	158	177	194	468	39	80	25	170	163	354	148	120	291	62	11	166	110	77	104	400	95	159	3	171	705	103	226	22	387	88	531	26	117	78	809	248	72	74	130	26	312	328	43	86	51	326
V291	467	619	218	410	200	175	387	205	216	77	112	0	1028	26	92	276	198	112	92	104	130	644	272	86	392	81	163	462	21	132	261	24	25	264	114	1349	459	139	33	21	86	1	50	657	180	19	34	5	735	23	497
V292	393	171	275	294	37	30	32	605	302	26	12	153	217	516	29	525	31	11	111	204	200	53	285	115	72	177	12	130	141	225	61	70	262	124	137	30	53	577	76	116	203	106	143	183	628	95	380	94	50	46	236
V293	342	99	1211	196	91	305	371	80	374	281	244	71	553	195	185	50	525	213	97	23	216	397	42	119	265	865	331	106	241	124	479	56	93	111	22	143	34	64	95	18	77	273	52	169	232	260	102	125	433	16	221
V294	104	50	373	45	271	81	158	174	13	32	703	66	355	231	16	270	547	154	586	36	90	1	86	90	308	55	109	106	703	189	294	70	60	145	1	636	92	109	159	116	76	361	92	290	407	135	21	131	56	50	79
V295	20	53	1	73	22	469	273	744	120	137	133	100	26	187	97	246	488	658	285	30	165	436	112	12	59	162	15	175	465	6	580	85	129	79	0	887	254	174	37	3	99	24	25	209	83	27	63	60	194	200	54
V296	116	121	86	78	39	35	12	127	358	172	522	618	565	319	83	64	27	451	99	20	317	683	635	241	394	164	8	480	143	28	138	33	155	177	626	709	30	80	73	8	290	289	128	19	16	74	24	314	58	124	151
V297	476	133	796	190	353	56	200	10	190	137	90	76	127	14	27	274	231	1	42	155	488	227	256	321	151	101	183	89	5	18	360	314	89	416	80	98	179	193	108	35	376	124	271	461	7	526	89	509	156	101	285
V298	7	0	286	70	481	77	157	218	341	53	520	413	205	225	572	80	41	220	586	110	435	459	213	34	68	255	85	68	180	124	326	4	457	122	73	123	184	54	65	443	312	334	23	355	119	281	226	117	29	74	20
V299	202	68	137	351	24	391	244	151	45	130	26	230	43	21	549	25	148	241	7	10	24	326	132	49	59	72	651	122	447	319	399	48	214	94	395	294	354	426	114	145	114	182	52	259	48	76	574	544	6	1545	158
V300	314	287	174	62	198	21	6	0	539	7	199	478	34	97	172	788	130	1940	90	489	173	310	452	308	178	7	1000	380	132	25	153	246	101	492	333	151	24	235	55	209	271	74	80	20	84	23	1	245	93	90	272
V301	378	183	244	35	294	222	786	132	127	4	88	105	104	167	341	27	11	448	296	126	316	126	462	30	503	55	14	65	291	152	210	127	5	130	67	123	172	167	404	59	570	2	293	216	170	24	368	296	141	172	271
V302	46	155	161	191	218	43	276	98	384	27	45	216	33	17	174	466	189	65	265	179	66	10	286	112	62	201	50	175	9	156	441	81	12	193	8	216	107	37	305	214	10	11	309	5	82	269	319	76	69	39	108
V303	123	377	365	7	440	289	230	26	125	112	191	152	38	121	192	166	300	107	26	201	195	1536	32	247	103	81	17	22	23	463	297	55	19	83	202	454	100	55	68	40	334	9	38	92	240	92	202	246	252	70	268
V304	28	49	84	91	36	62	236	162	57	552	46	68	19	128	2	273	119	50	4	6	18	108	55	163	23	314	276	117	91	71	387	98	216	731	107	46	16	324	1161	196	427	60	70	219	112	59	126	178	21	288	62
V305	76	131	290	185	75	112	314	54	64	190	104	201	109	341	61	110	377	203	53	34	107	422	570	161	24	340	254	181	53	301	84	78	216	164	378	55	109	189	57	235	198	247	34	139	651	547	270	100	277	16	100
V306	136	15	102	19	259	221	235	114	13	293	542	262	101	59	93	303	144	84	288	198	40	13	41	147	34	814	855	297	273	321	290	7	14	48	45	278	310	5	125	26	20	21	423	201	1	47	202	25	20	82	68
V307	210	14	172	86	142	436	115	76	106	34	152	443	443	137	93	32	104	114	93	897	86	63	37	241	8	48	14	522	585	91	21	326	111	257	40	22	303	727	217	260	16	274	2	255	92	87	322	112	95	249	81
V308	133	37	54	42	38	375	220	281	18	233	17	33	109	78	15	125	411	50	35	186	62	322	137	2	196	53	110	287	112	7	296	167	545	445	84	230	587	173	361	105	548	133	4	242	8	346	369	15	122	130	77
V309	219	91	264	181	123	27	71	85	6	6	325	251	83	90	380	122	108	243	426	9	18	49	13	91	37	159	412	271	219	408	30	149	188	237	161	243	120	267	255	156	43	237	95	213	254	365	133	411	175	395	143
V310	114	651	25	19	11	935	74	47	114	145	10	116	489	354	119	25	113	36	88	401	128	383	165	257	33	392	587	199	118	2	497	409	512	445	207	334	85	81	36	236	103	384	86	132	265	38	10	6	122	10	417
V311	196	69	69	448	324	108	314	50	373	105	374	133	90	41	307	164	2	717	460	180	70	227	38	376	32	16	456	90	22	46	359	538	29	121	315	40	56	54	324	19	0	133	6	144	65	234	85	523	391	85	122
V312	49	264	112	19	402	103	373	69	18	47	150	33	160	101	215	326	22	575	258	31	55	236	443	37	15	95	76	70	133	521	318	88	95	31	692	13	35	13	242	416	371	170	107	112	20	35	99	18	84	64	173
V313	421	109	86	38	584	288	221	113	438	22	264	371	28	89	173	108	24	54	17	35	125	232	28	46	423	39	481	231	41	155	409	125	149	360	373	81	313	32	30	652	411	201	201	67	106	43	146	26	477	113	218
V314	13	50	192	37	274	99	56	4	169	138	156	144	466	157	100	48	39	71	23	19	2	106	300	117	154	50	594	19	53	1087	169	94	109	53	220	19	13	120	384	71	111	61	280	114	268	147	0	44	30	125	47
V315	176	298	129	69	522	31	333	1	27	139	26	655	165	167	76	93	336	211	215	163	170	14	140	15	14	573	195	347	21	109	126	20	132	317	133	306	178	63	135	120	10	184	276	28	40	19	25	189	18	181	243
V316	129	63	183	46	500	111	215	479	83	428	23	200	142	103	9	131	513	470	167	69	677	72	232	174	5	94	138	151	772	25	285	488	512	101	377	26	8	47	725	78	1054	73	223	134	3	4	13	74	123	147	104
V317	59	555	229	39	75	80	2	322	22	99	31	35	96	346	219	117	116	172	103	82	84	312	595	221	38	411	279	335	503	187	260	177	13	150	190	133	170	53	143	211	49	90	43	309	28	90	31	392	409	3	340
V318	108	1	388	10	123	287	24	129	368	171	259	28	2	6	8	144	300	37	263	154	524	147	208	260	220	463	6	173	673	23	50	95	48	282	67	244	9	147	58	261	73	51	75	18	180	45	438	136	146	14	44
V319	135	579	55	94	370	220	249	257	116	166	108	234	328	54	506	33	152	177	199	92	98	117	190	337	68	113	77	39	177	128	421	119	22	158	516	107	147	107	634	248	5	190	1	107	137	140	74	286	218	18	361
V320	72	133	526	464	400	110	194	26	99	321	192	23	92	181	586	337	213	309	286	179	155	110	135	292	470	131	984	646	71	7	19	44	151	304	775	480	211	13	7	370	418	28	164	57	536	8	471	145	168	262	133
V321	501	332	404	246	25	711	398	71	386	489	1	56	112	207	35	255	277	128	146	42	53	55	190	107	184	2	408	98	92	231	9	54	283	63	198	10	48	665	308	22	599	60	88	383	44	455	26	32	144	250	377
V322	83	73	118	941	56	596	187	324	97	340	450	9	40	461	291	279	37	978	372	307	383	60	0	79	239	1	3	92	490	24	231	28	138	238	213	65	77	239	369	393	116	40	197	69	234	46	69	194	993	126	81
V323	502	79	304	7	16	48	37	180	292	248	33	64	87	555	41	215	191	221	98	520	128	205	28	581	211	671	65	313	499	24	618	174	731	117	98	17	1017	485	114	390	340	106	7	144	0	800	109	96	114	68	264
V324	146	0	233	18	523	149	151	602	8	125	220	35	800	89	144	248	143	191	210	22	232	18	117	81	173	13	505	168	144	628	155	109	143	210	112	73	92	220	45	292	127	44	72	55	44	57	51	22	301	95	74
V325	52	310	254	88	68	550	119	121	256	303	685	274	122	410	54	76	133	65	333	137	12	91	55	231	36	525	202	186	290	1	100	147	360	315	182	86	41	13	210	621	227	479	1	45	126	437	618	264	19	58	214
V326	39	40	1244	41	119	236	108	36	113	199	83	93	31	106	339	45	427	238	30	194	56	29	299	74	204	9	76	367	218	131	50	358	81	175	379	259	84	150	14	283	107	140	19	273	365	179	18	31	219	15	51
V327	204	314	8	328	211	6	883	331	329	77	227	458	43	120	108	264	496	189	94	235	251	50	120	162	53	253	34	60	31	416	218	349	85	163	148	109	413	317	106	49	111	12	48	73	14	60	89	364	189	77	258
V328	239	168	399	164	44	198	64	375	42	103	224	282	464	146	66	39	113	2	203	8	70	144	55	589	88	271	17	428	228	76	275	53	112	334	357	33	48	95	83	271	112	33	187	39	362	55	252	109	204	145	205
V329	164	308	31	808	66	116	58	53	77	310	134	85	614	141	685	150	19	93	855	11	59	108	245	148	163	30	0	790	35	117	433	66	461	80	711	63	222	195	109	315	12	551	235	53	866	313	11	0	163	176	219
V330	82	172	138	199	399	325	379	103	229	253	142	278	38	6	362	88	368	48	246	139	397	215	289	81	254	197	105	74	8	295	17	207	133	223	7	292	116	62	22	4	76	294	113	105	407	45	554	301	24	77	145
V331	122	141	264	92	263	306	606	206	185	220	791	174	118	47	174	53	6	12	46	32	48	75	52	52	284	400	68	156	460	108	58	134	294	559	356	136	23	274	526	106	306	74	891	145	222	594	152	91	18	389	148
V332	173	9	268	392	118	7	77	182	258	120	97	429	192	32	360	82	421	7	75	231	100	172	59	2	204	163	200	26	222	40	140	248	186	2	103	53	201	424	764	171	104	4	110	5	172	402	202	126	172	215	89
V333	60	118	85	84	359	180	319	59	20	139	525	62	114	131	575	15	221	485	138	129	86	215	63	170	95	440	58	330	5	30	181	356	11	154	564	15	460	32	95	86	498	134	96	256	252	164	348	117	309	69	97
V334	22	184	111	21	319	43	187	479	6	136	43	678	190	368	21	140	546	441	326	459	146	15	167	77	390	212	184	54	113	55	254	54	210	157	144	279	217	56	87	56	199	126	46	193	104	131	38	402	18	185	111
V335	325	289	68	822	137	278	674	402	161	407	62	194	24	198	263	155	70	121	6	138	295	503	173	451	345	23	175	22	114	38	160	17	117	2	79	130	238	159	363	20	7	452	517	248	77	19	45	107	110	9	301
V336	228	399	31	186	223	557	211	374	92	602	159	26	25	364	167	328	161	15	41	202	123	40	56	325	77	16	71	47	147	229	1	17	45	105	146	628	585	266	287	121	75	3	144	16	862	5	20	908	438	251	327
V337	31	62	153	216	209	41	264	159	717	3	219	92	167	166	61	11	59	3	534	10	230	342	30	386	12	204	537	199	280	80	87	16	169	149	404	133	36	83	60	637	482	185	45	223	284	238	223	140	114	33	59
V338	119	804	15	136	1	39	82	195	158	586	182	18	307	29	22	1	352	116	19	228	395	459	37	288	282	288	364	91	60	308	165	346	215	247	173	48	53	757	119	155	129	261	131	42	72	110	648	54	456	165	492
V339	317	47	262	101	119	221	203	6	43	192	111	774	194	169	108	37	66	10	64	121	35	359	437	138	178	5	98	54	195	267	99	341	197	123	368	263	169	1074	87	65	221	244	158	36	86	606	172	48	198	84	157
V340	15	1004	421	188	88	24	261	18	206	266	193	51	0	22	114	299	219	503	128	45	4	141	73	484	490	264	214	35	193	35	180	134	208	11	203	209	1264	14	22	87	359	453	164	372	500	194	6	32	282	77	547
V341	299	68	386	332	22	38	18	172	14	77	128	432	184	100	479	42	177	5	147	48	1181	39	187	151	180	493	324	1668	114	259	76	221	254	43	78	123	409	229	11	13	192	262	4	492	28	112	165	1147	64	198	169
V342	146	187	34	118	33	323	283	43	459	162	0	517	209	32	29	61	90	1	28	304	97	83	99	70	133	758	414	271	150	270	35	19	710	265	27	142	115	19	221	357	206	410	274	67	34	110	322	126	182	28	162
V343	578	259	106	72	112	796	41	125	73	172	47	400	161	97	108	403	356	6	26	97	259	16	244	308	5	286	279	182	88	0	88	7	140	313	158	315	64	16	107	201	8	33	112	227	104	129	447	125	90	314	341
V344	224	149	204	200	104	14	212	103	654	247	82	215	81	250	91	24	159	235	395	86	34	158	163	516	250	305	247	485	129	173	787	1068	62	14	8	75	206	89	45	92	434	140	21	90	192	82	204	259	169	218	179
V345	974	133	11	106	103	401	118	884	57	152	158	254	105	26	173	243	258	230	11	33	143	754	77	49	159	20	93	223	57	369	260	238	3	108	131	256	86	98	98	15	91	19	364	585	621	101	210	583	64	15	396
V346	195	94	687	17	115	18	511	299	103	415	124	212	96	299	69	799	227	124	231	59	183	159	16	116	489	952	201	416	11	263	504	349	358	33	332	434	72	632	508	120	70	94	37	101	233	114	149	43	64	9	132
V347	221	32	94	89	137	40	131	95	49	391	89	100	314	45	186	87	47	94	921	74	80	17	110	291	204	51	325	154	405	26	24	65	1032	92	162	155	10	303	97	105	238	565	17	141	400	46	55	197	246	11	104
V348	47	39	21	298	74	28	728	12	66	186	26	117	22	3	363	385	28	59	739	26	164	34	88	74	275	517	87	20	114	53	460	67	22	812	504	287	134	477	33	53	168	61	218	198	76	130	471	169	43	219	55
V349	293	1	143	88	20	100	215	2	68	84	75	56	128	46	401	211	7	317	150	306	691	0	2	224	367	7	306	125	308	336	682	711	801	24	303	47	312	64	188	496	499	853	18	341	71	28	306	160	191	125	151
V350	125	22	80	454	200	44	304	137	422	296	155	88	684	65	151	1677	286	257	55	65	152	613	65	291	467	88	290	13	273	477	247	7	192	128	484	84	187	619	218	525	152	104	386	263	229	60	141	77	47	167	96
V351	25	23	166	95	237	25	45	657	158	197	28	3	149	68	408	47	68	924	468	208	347	431	240	18	689	39	458	48	332	127	7	245	247	21	26	83	214	31	155	156	11	201	2	12	458	115	148	101	104	0	46
V352	12	393	53	450	874	357	17	243	225	44	19	181	43	146	141	154	32	129	125	166	10	134	181	221	241	117	219	12	286	787	56	116	317	597	769	36	420	175	56	635	97	603	584	185	903	246	74	206	19	13	248
V353	21	73	94	79	49	83	209	9	209	305	365	98	26	79	82	311	108	85	242	160	1	186	20	152	137	71	83	82	310	12	90	34	106	147	401	61	59	641	241	308	22	3	90	148	1	245	61	3	90	176	57
V354	148	210	164	402	142	199	72	129	601	102	139	480	478	38	593	592	173	8	142	107	63	99	250	210	48	18	271	3	254	471	249	31	60	367	43	134	29	297	174	290	89	100	34	225	225	440	448	263	44	51	181
V355	319	370	220	24	16	89	41	75	244	127	364	508	3	183	249	69	150	353	29	2	27	7	30	207	37	41	116	55	189	909	324	324	94	69	198	157	2	156	57	4	77	27	109	162	261	157	18	313	212	205	334
V356	99	238	84	48	13	451	555	93	100	175	215	281	131	199	57	203	193	320	236	37	127	160	217	170	181	62	137	106	76	77	448	352	91	563	777	453	29	416	265	47	217	34	126	36	66	10	80	241	46	195	191
V357	604	81	11	122	51	44	144	918	176	126	58	102	402	550	185	84	3	145	141	58	161	1	323	15	219	162	459	160	118	677	229	118	146	220	105	1058	46	60	540	139	351	145	3	218	35	410	571	335	398	282	269
V358	88	414	424	96	238	61	14	34	460	126	495	409	190	24	640	350	63	125	80	60	9	410	219	166	84	24	0	612	228	289	102	73	126	95	139	263	445	117	144	84	29	288	268	117	41	334	655	154	646	154	290
V359	275	79	5	96	53	108	151	276	105	403	2	277	295	197	64	5	58	56	289	85	660	541	190	236	13	33	47	251	82	43	329	125	1	24	112	594	84	19	134	18	199	525	156	82	382	251	35	97	101	265	172
V360	18	359	102	66	12	316	99	160	944	3	337	65	58	383	66	22	25	396	33	405	562	180	202	97	142	259	40	72	118	267	100	107	3	164	332	75	205	611	404	123	42	52	761	54	404	59	13	84	316	177	237
V361	10	27	281	235	88	159	43	132	197	83	97	25	63	112	397	27	208	16	4	210	305	331	27	548	54	71	2	81	264	423	105	531	246	108	39	65	447	244	2	409	86	146	28	327	319	99	118	19	57	66	43
V362	283	385	427	15	22	168	330	145	383	133	16	88	133	98	307	158	201	286	418	145	270	105	50	67	211	235	573	2	20	557	36	212	462	82	58	91	218	184	198	126	16	53	258	152	218	283	103	116	38	415	328
V363	167	13	115	616	183	228	20	1293	47	89	699	443	67	606	248	26	4	51	197	62	165	348	27	196	4	121	211	133	143	75	387	60	44	97	43	34	156	184	74	371	231	439	250	673	62	146	380	140	1209	297	105
V364	692	15	64	30	240	93	411	143	31	70	950	110	12	32	194	94	1	172	154	299	115	332	137	174	97	654	361	216	174	466	151	75	341	135	162	822	265	245	198	140	46	305	654	641	121	40	124	39	209	492	275
V365	8	48	450	65	22	574	129	32	962	101	356	11	72	198	78	323	217	459	90	169	79	430	339	192	192	733	45	306	188	88	14	467	268	112	153	19	354	44	285	364	20	52	52	45	43	28	213	224	539	146	46
V366	158	750	801	218	276	91	110	222	486	294	274	86	56	13	1110	165	47	73	114	150	75	108	94	160	17	54	220	112	91	365	299	65	36	54	8	192	67	13	478	102	4	83	657	262	23	283	112	95	46	246	495
V367	98	0	128	168	80	143	193	830	214	253	203	27	98	154	2	0	145	74	41	654	112	6	113	159	66	161	60	340	66	324	453	63	21	440	430	195	273	271	138	25	339	791	407	55	67	173	419	68	112	1	52
V368	1	148	223	0	263	18	438	324	11	280	377	219	8	98	50	524	262	24	887	304	402	398	264	470	240	303	119	32	39	383	2	39	2	110	235	79	213	273	126	143	299	259	248	4	527	162	135	208	58	144	108
V369	784	115	126	45	729	498	166	668	147	606	370	10	190	12	29	134	369	355	13	109	363	875	101	59	341	184	141	187	87	128	64	234	60	215	190	97	215	486	95	21	6	31	87	343	4	285	50	289	201	263	373
V370	75	229	700	113	12	58	116	23	89	231	86	40	133	14	378	259	900	381	25	37	939	21	240	355	21	639	67	531	136	175	30	110	716	246	30	276	255	16	84	210	18	392	176	118	52	302	106	471	213	115	159
V371	205	125	32	204	106	32	110	543	344	76	82	185	352	11	740	31	39	5	231	260	79	168	202	81	282	174	3	212	503	11	164	91	149	306	43	462	159	293	86	27	104	116	247	330	127	260	72	165	34	209	145
V372	78	375	337	299	2	195	310	12	337	124	26	154	12	393	4	39	169	18	68	504	118	43	245	74	101	105	143	100	304	293	136	123	84	297	391	552	6	157	208	747	205	2	184	331	145	100	66	467	91	150	229
V373	90	125	137	75	932	68	306	144	60	654	480	43	602	145	40	199	47	327	352	150	78	23	147	352	339	298	303	77	21	379	0	445	139	33	220	219	15	105	508	117	121	205	457	134	98	124	485	51	422	78	107
V374	89	41	77	26	48	24	154	64	295	265	99	58	293	307	11	162	297	130	280	172	95	27	45	169	500	684	138	58	76	156	59	137	1083	196	33	166	8	515	98	6	67	274	23	60	88	210	12	38	191	304	70
V375	90	170	341	602	108	82	56	282	315	78	57	582	172	363	172	192	44	675	282	248	169	6	33	95	72	8	98	11	182	208	92	25	420	407	62	18	158	105	14	62	123	208	28	179	19	858	243	240	226	482	156
V376	618	96	397	114	98	94	500	258	174	55	44	500	200	293	21	128	93	502	368	147	334	430	65	428	31	417	111	228	275	387	24	167	499	435	18	359	78	891	199	252	5	392	30	332	79	583	6	493	88	288	304
V377	226	244	466	36	36	270	15	561	316	114	263	150	1099	244	50	501	10	93	259	77	79	332	123	65	230	370	28	124	73	208	154	169	197	348	60	16	172	90	162	257	245	27	131	32	299	80	3	82	139	297	242
V378	229	6	132	145	181	237	19	43	573	206	165	247	243	81	156	39	235	227	221	45	496	407	43	169	98	320	57	97	89	49	356	208	43	515	0	378	0	103	149	197	228	206	197	0	477	115	37	51	182	73	117
V379	156	122	57	241	56	155	14	75	130	280	558	166	96	228	177	172	183	14	59	68	2	359	6	216	851	179	431	97	132	71	154	53	204	141	164	270	40	267	94	548	27	84	339	259	263	597	88	23	231	71	129
V380	342	480	110	440	29	87	331	199	352	25	37	370	570	151	504	164	618	142	15	196	94	26	191	182	113	54	131	385	297	70	241	140	48	337	158	87	2	24	114	239	89	103	52	87	171	210	43	429	88	363	414
V381	49	231	94	62	33	18	202	250	41	174	61	181	181	427	245	49	63	241	96	304	256	32	382	30	82	149	37	424	875	204	852	190	82	145	679	71	9	176	318	147	387	672	34	14	122	86	42	487	4	404	154
V382	101	74	66	105	384	85	193	70	108	28	76	15	390	201	274	49	37	958	159	932	15	70	163	163	627	60	279	293	140	25	563	49	4	234	49	75	20	139	554	41	91	595	359	20	486	172	422	850	58	13	109
V383	254	558	281	427	11	178	102	42	523	295	157	163	7	249	64	4	88	182	57	165	85	73	165	255	10	26	36	33	85	247	45	32	155	203	46	375	88	46	176	188	152	174	138	6	25	30	92	56	46	125	433
V384	9	771	362	522	14	380	88	38	209	73	175	310	111	132	119	153	52	6	293	480	17	214	636	301	276	290	64	208	24	59	840	1042	78	513	197	65	461	444	222	68	47	100	296	289	198	433	36	23	244	43	481
V385	270	90	468	241	21	66	63	5	167	269	2	29	232	25	270	173	196	57	65	219	138	577	50	237	2	21	433	71	441	306	22	75	67	290	162	8	511	199	353	1323	400	48	267	719	40	188	89	44	80	66	173
V386	9	122	10	292	196	161	491	30	102	3	7	141	106	419	6	6	169	42	1	83	224	173	289	55	153	663	27	191	27	0	186	92	114	15	212	178	168	97	10	188	93	117	64	49	45	35	475	9	349	55	55
V387	14	35	353	1080	62	54	117	55	74	128	117	14	0	40	154	126	252	112	160	12	8	298	136	11	102	40	31	76	66	465	113	222	341	511	5	117	390	139	112	203	25	353	38	203	51	140	114	554	73	150	47
V388	141	223	116	99	322	108	248	234	174	26	154	56	148	421	170	300	88	224	182	106	249	156	119	155	233	99	595	12	374	336	247	199	59	93	160	197	369	171	173	22	173	88	16	261	256	151	181	82	243	83	189
V389	238	27	124	294	57	4	165	929	4	205	235	299	236	495	240	0	140	9	864	188	66	234	2	73	206	55	128	182	413	224	175	84	261	95	235	42	155	170	167	172	39	6	164	480	58	33	210	24	172	2	80
V390	366	467	423	334	398	0	268	44	324	83	217	33	41	368	137	407	16	11	205	47	119	24	22	263	211	773	696	283	575	66	313	237	383	337	267	50	320	28	439	99	618	244	1	6	244	281	74	238	376	283	428
V391	426	99	4	2	282	246	620	568	113	279	25	236	86	487	40	250	236	323	121	176	32	196	73	11	8	351	100	59	38	56	241	315	17	254	463	59	54	365	24	160	28	77	60	75	31	244	147	105	367	316	222
V392	2	152	129	82	324	434	213	38	9	26	29	4	252	7	149	40	35	246	118	83	58	292	492	118	256	3	51	197	269	207	128	49	5	57	471	173	251	87	74	206	158	65	733	321	95	36	919	77	400	685	106
V393	161	175	61	18	165	331	350	612	51	95	555	79	313	77	244	502	692	229	295	61	78	144	306	136	255	452	19	53	41	125	4	326	34	374	351	159	140	6	52	85	21	229	358	220	34	131	141	48	73	21	180
V394	83	110	67	329	4	227	0	172	84	100	99	123	751	34	96	462	169	112	284	17	55	245	44	137	100	168	492	333	21	543	120	218	352	309	25	216	103	140	417	139	23	379	225	342	256	673	63	15	85	373	114
V395	258	488	2	53	116	467	108	48	162	13	64	87	294	31	15	108	499	289	173	23	443	34	165	35	1	328	545	108	40	282	99	18	20	146	110	134	40	147	187	150	32	86	159	216	27	712	26	189	80	454	372
V396	72	53	288	3	42	55	106	25	134	338	257	120	37	26	12	133	423	136	27	415	86	302	10	139	55	174	142	187	171	62	213	279	125	272	144	433	614	160	164	93	406	386	432	135	1	159	469	168	22	88	65
V397	217	189	137	142	134	2	183	290	324	99	110	19	81	13	164	148	325	42	247	58	578	11	121	54	67	280	122	98	212	8	447	201	307	1	94	314	149	200	245	337	91	482	538	80	84	495	214	240	237	80	183
V398	331	377	249	22	529	183	83	144	406	356	293	310	277	371	34	219	74	232	33	164	58	67	13	43	93	465	35	123	156	16	873	703	304	60	80	1944	28	538	217	110	493	79	132	64	89	89	277	72	399	360	346
V399	153	79	157	160	358	521	903	72	215	143	247	199	6	1018	263	519	230	42	254	521	103	137	505	394	150	12	130	643	30	56	472	28	551	188	339	255	52	169	458	144	87	300	65	118	119	24	23	276	244	205	113
V400	231	97	10	237	111	13	151	263	302	179	85	82	72	396	166	226	73	495	64	136	284	959	238	112	23	311	255	127	187	86	22	297	861	189	13	79	195	28	166	310	218	24	343	212	115	94	237	336	151	176	153
V401	157	12	28	25	1	298	494	463	914	267	2	116	309	80	221	22	90	201	279	117	249	538	0	49	387	13	38	483	24	168	409	517	43	41	8	618	463	323	19	92	7	41	125	39	141	265	43	268	938	142	98
V402	456	6	95	318	7	61	48	176	70	153	5	65	120	75	23	83	22	209	257	42	59	138	330	111	177	36	286	223	54	52	29	97	42	196	27	820	48	265	180	105	14	40	402	71	398	16	480	58	215	5	157
V403	11	152	214	4	15	300	6	86	63	22	3	233	1064	368	229	481	67	80	167	54	441	1239	310	19	56	15	75	9	381	191	155	194	38	6	119	275	526	4	233	90	213	719	15	445	107	172	70	168	907	18	98
V404	524	29	5	253	303	12	37	153	126	78	20	89	187	205	144	86	71	198	601	309	58	165	34	131	293	92	184	108	172	354	77	95	249	91	30	537	155	9	415	70	314	237	8	18	34	484	304	113	545	0	226
V405	94	190	104	117	230	565	57	66	1468	266	335	12	569	56	133	102	14	283	211	87	486	6	766	150	517	28	91	52	160	25	182	231	13	1593	15	9	17	6	119	21	154	714	2064	46	31	119	112	7	119	11	188
V406	117	312	31	300	130	215	143	58	35	74	141	69	23	723	268	186	55	370	1	481	16	59	21	31	759	316	17	44	7	40	359	346	9	440	79	508	6	4	97	214	199	19	399	102	40	51	26	127	117	535	209
V407	301	201	234	590	1	405	234	228	553	18	262	7	90	14	49	283	26	74	3	8	57	150	15	436	28	108	237	129	91	24	112	19	871	225	20	79	50	345	14	338	162	137	965	163	3	90	1	168	105	121	220
V408	144	163	3	282	123	344	4	162	92	198	571	355	6	322	70	260	196	264	701	55	4	98	297	78	77	64	219	255	246	176	125	213	63	381	76	454	63	22	48	34	126	335	2	573	30	349	298	125	63	124	151
V409	181	146	36	75	252	331	407	1	45	134	138	93	444	60	90	19	562	14	15	332	187	335	148	235	60	219	16	327	215	98	4	176	47	133	309	35	62	137	124	171	97	22	279	337	203	62	307	331	5	232	161
V410	121	159	161	64	105	20	64	59	92	427	234	180	69	879	330	90	73	105	80	115	140	4	377	147	148	515	145	23	149	52	593	80	71	139	27	13	28	258	29	112	39	282	108	79	14	472	25	6	53	170	148
V411	87	135	147	77	89	218	232	470	684	63	149	599	4	36	32	227	99	40	36	93	158	137	249	213	124	228	365	283	613	410	170	16	22	116	51	544	45	35	166	180	54	33	136	25	271	80	344	524	141	32	116
V412	633	549	263	59	130	895	592	266	229	116	224	52	119	245	156	23	103	63	61	151	163	444	78	28	86	31	460	887	171	185	137	254	124	36	6	757	145	659	49	351	366	144	317	471	196	196	585	298	107	187	586
V413	133	71	70	241	62	25	278	82	7	415	243	57	173	38	239	171	158	63	64	43	352	86	28	258	111	947	145	305	122	1	53	371	181	61	538	22	14	33	309	16	40	66	106	28	146	518	161	237	9	436	101
V414	466	93	22	7	1091	388	203	229	230	202	464	144	211	213	117	324	32	210	188	385	673	92	606	70	196	17	38	134	243	370	5	736	13	532	186	14	27	320	176	47	219	7	104	290	151	65	719	57	280	233	233
V415	599	384	89	433	139	220	120	638	27	410	245	269	304	193	226	261	614	130	546	77	179	244	390	258	129	134	67	86	192	251	572	101	6	185	35	573	295	196	119	105	32	513	27	427	47	258	18	758	153	469	438
V416	346	378	51	85	465	67	134	61	174	150	351	575	183	68	292	43	69	34	71	24	111	256	96	160	101	110	197	150	31	63	40	383	82	83	336	81	72	233	199	105	91	51	18	456	168	106	232	341	41	23	356
V417	362	52	1130	11	210	50	8	128	298	98	463	477	61	491	146	58	6	65	222	78	30	102	424	271	512	139	89	535	236	67	2	43	646	65	3	109	120	54	26	74	265	130	513	90	31	177	179	99	19	77	164
V418	180	58	76	71	56	517	43	137	43	168	29	44	904	394	8	194	46	204	59	178	76	88	741	122	195	47	104	262	13	26	221	69	189	117	502	60	76	340	54	291	485	209	646	311	833	30	104	81	94	66	123
V419	117	629	37	235	212	101	12	256	17	349	250	105	43	337	4	676	164	323	401	167	109	10	361	8	65	373	229	242	83	2	254	185	140	761	123	53	3	365	678	675	128	39	598	90	210	292	347	546	487	401	427
V420	1	486	76	969	144	30	133	208	315	10	197	69	361	52	21	83	276	118	115	13	45	128	5	280	114	27	296	342	194	46	25	97	119	297	50	10	122	156	122	468	312	112	25	153	235	156	106	160	37	211	276
V421	635	138	750	50	272	372	462	274	552	625	420	5	40	305	546	2	94	116	39	59	115	231	254	561	357	6	194	19	176	126	49	73	319	465	200	101	30	52	356	151	184	88	369	108	136	9	293	218	8	76	292
V422	4	181	15	337	45	327	420	254	234	25	89	307	15	561	230	205	6	43	326	189	15	13	23	381	62	695	90	301	595	143	162	317	154	435	665	60	492	78	102	54	96	118	11	47	322	358	2	13	58	151	134
V423	383	38	42	30	190	165	6	275	5	56	593	84	9	47	92	219	65	10	130	454	457	343	73	113	585	1142	155	185	241	212	107	172	84	127	248	176	98	134	766	42	163	466	34	313	56	37	14	30	146	257	188
V424	294	204	147	327	125	106	312	60	767	69	150	360	213	359	131	16	780	497	156	111	37	28	291	396	7	561	209	147	256	105	46	222	50	141	189	294	63	46	129	163	88	71	376	432	205	156	75	420	204	74	255
V425	46	71	227	30	76	86	361	407	24	68	101	186	195	24	43	367	10	245	301	20	346	54	9	91	100	334	7	36	338	258	41	467	37	153	62	109	524	124	17	79	298	298	299	2	120	2	309	11	390	43	105
V426	572	80	149	37	92	123	98	132	251	202	75	1115	224	212	54	868	21	160	24	116	11	220	259	792	697	1041	8	486	225	128	137	47	157	724	36	160	25	277	17	620	538	185	9	141	88	37	56	111	126	349	264
V427	177	142	30	148	49	178	222	77	9	198	74	20	185	67	20	45	234	46	33	98	188	4	124	331	130	128	525	78	235	318	259	459	4	40	26	91	41	62	37	428	168	99	472	395	213	225	79	157	176	5	154
V428	178	322	285	75	16	265	288	72	39	33	165	40	54	80	176	183	116	113	291	508	23	16	609	310	5	142	131	35	569	101	42	90	230	229	224	190	622	10	376	176	45	170	1070	41	81	46	305	14	2	606	236
V429	106	13	18	48	745	118	365	112	9	5	133	455	227	235	568	32	118	62	157	307	247	16	69	9	23	465	12	6	351	626	167	150	11	251	98	60	152	24	182	387	360	206	103	35	522	940	33	288	77	327	80
V430	11	80	150	165	245	266	114	418	10	94	30	235	436	424	65	745	158	17	510	172	127	613	5	557	41	263	516	113	11	63	1	634	502	199	269	90	329	136	197	697	138	276	261	230	231	47	109	117	81	389	72
V431	65	47	2	34	192	165	170	246	75	672	149	123	38	293	55	304	19	15	213	25	56	225	498	13	24	22	21	132	4	519	138	276	385	622	56	49	70	8	23	72	87	57	69	17	348	196	45	88	246	127	83
V432	493	37	10	0	42	75	6	0	199	117	368	926	0	184	84	71	509	44	48	225	342	268	290	341	76	361	62	56	324	53	344	575	88	365	328	340	191	241	296	94	302	161	76	896	58	157	35	135	134	87	211
V433	90	73	422	45	0	296	18	31	317	49	313	1	852	702	97	60	500	122	422	378	205	83	868	1047	13	233	33	75	0	361	155	60	120	621	123	592	242	256	301	34	33	86	502	572	155	66	5	327	514	254	115
V434	70	542	18	489	606	70	516	29	69	107	399	95	36	49	420	365	225	124	305	91	119	362	45	38	28	1133	42	34	35	18	46	201	241	572	46	43	33	257	16	108	27	16	299	190	61	30	31	455	253	113	325
V435	272	6	687	30	117	80	11	446	13	22	268	44	376	0	62	46	208	79	0	146	612	557	145	251	23	87	299	478	725	162	114	238	75	130	156	260	192	70	147	212	66	80	159	162	109	68	496	225	329	172	122
V436	40	643	16	11	602	185	167	108	343	97	186	134	17	262	35	138	106	173	297	120	51	436	488	70	214	664	496	222	53	142	80	145	83	458	644	161	22	5	84	130	346	70	16	99	683	325	167	55	159	125	404
V437	69	82	85	145	184	907	314	230	37	363	76	56	302	57	182	588	258	177	19	109	90	42	284	259	259	192	109	536	54	389	228	37	515	237	2	7	340	115	723	1	71	33	238	144	100	37	257	423	4	10	88
V438	178	254	109	116	245	1	149	348	46	192	84	1219	494	118	573	36	13	71	86	535	24	91	115	466	17	34	192	87	554	43	267	98	489	3	97	181	326	48	244	238	259	239	70	253	53	208	162	394	149	570	207
V439	245	442	33	359	106	182	488	6	32	282	369	52	260	116	67	69	65	226	388	290	492	14	52	284	538	341	594	109	103	27	64	1337	340	168	124	541	0	86	195	307	509	208	339	129	80	154	43	87	73	47	363
V440	198	9	76	354	220	268	64	165	248	8	208	141	64	523	293	1016	379	474	468	51	106	263	57	327	81	177	169	111	131	83	129	838	331	344	78	107	409	224	186	25	242	30	50	125	15	19	442	217	66	297	95
V441	445	80	22	662	160	129	184	28	219	30	60	107	235	233	127	436	375	14	58	270	239	24	23	104	264	161	20	1	70	127	588	63	13	77	170	735	100	183	258	315	280	798	23	8	473	10	133	17	1696	64	224
V442	27	806	204	33	25	135	208	489	191	22	476	144	33	268	11	198	253	275	27	16	758	802	67	151	509	50	156	108	294	106	297	176	86	93	68	59	15	79	444	17	154	243	2	276	22	424	1151	244	147	69	487
V443	80	568	998	496	95	110	12	47	225	411	52	2	366	80	784	55	542	108	103	21	860	3	257	210	176	143	726	317	742	104	154	134	162	471	47	408	372	176	541	364	148	262	246	39	121	51	243	308	126	314	350
V444	210	80	79	422	16	203	266	41	42	289	205	177	82	17	338	51	69	167	27	98	178	60	92	313	130	51	126	240	146	43	76	128	127	23	94	240	129	392	100	66	138	123	271	142	26	383	473	270	49	186	138
V445	259	18	69	220	213	138	91	203	120	274	102	23	28	61	62	525	162	49	28	16	184	45	417	332	2	953	446	51	98	109	144	150	451	142	39	219	436	78	255	136	67	98	19	59	363	177	6	112	140	133	126
V446	216	267	350	14	74	142	160	128	155	331	14	287	24	89	770	47	84	58	42	49	120	84	115	43	55	166	633	23	357	112	35	106	98	22	89	10	18	158	61	217	69	192	221	72	88	193	188	193	9	36	275
V447	24	110	197	398	180	124	43	229	19	115	28	180	21	27	386	4	273	214	90	255	303	63	370	67	11	230	166	68	172	187	36	25	533	240	19	231	175	637	38	61	57	125	183	134	35	538	65	71	389	468	91
V448	30	254	618	95	36	394	8	64	103	135	86	305	811	140	189	82	774	527	4	5	285	8	63	39	136	97	65	532	26	123	209	72	288	156	327	296	285	213	58	315	26	148	1056	259	24	182	19	970	192	6	145
V449	0	284	20	170	56	24	160	456	171	44	22	97	700	17	6	236	115	482	438	118	39	632	366	66	127	159	31	396	41	69	46	40	850	536	151	100	64	413	287	41	51	226	31	347	659	188	178	68	122	15	181
V450	98	246	255	140	293	133	282	513	28	20	10	296	124	0	114	116	30	233	408	599	303	50	42	738	121	180	82	69	333	307	55	32	129	445	5	153	504	1	32	228	47	183	51	9	89	242	84	525	44	57	181
V451	358	10	48	153	166	97	97	115	65	63	252	236	86	270	342	11	192	180	369	445	425	294	132	410	7	74	30	144	466	19	37	187	107	100	301	368	79	8	687	28	251	848	196	137	269	160	29	598	229	45	155
V452	368	62	233	81	237	842	238	135	19	570	652	73	161	55	12	768	77	190	702	16	477	98	9	212	2	148	960	7	489	61	362	43	141	76	832	287	155	82	61	4	64	98	226	45	53	198	139	9	23	97	207
V453	313	49	110	32	17	308	74	4	116	128	179	10	144	248	367	270	32	221	93	639	273	117	107	399	21	420	266	129	289	41	448	118	616	235	15	630	138	112	29	244	88	183	64	146	42	156	7	60	318	210	147
V454	38	148	41	64	192	602	212	57	34	272	264	39	165	162	191	44	295	205	357	650	216	142	236	334	361	45	37	184	592	198	137	211	316	11	626	5	4	77	226	348	241	527	106	8	119	818	100	697	173	200	96
V455	77	387	26	586	901	26	85	716	75	186	80	77	345	23	90	100	157	65	21	23	109	105	107	107	90	11	630	85	13	301	89	170	11	565	269	308	147	694	169	193	84	151	294	9	214	152	22	667	55	507	260
V456	645	8	167	63	54	143	418	2	279	67	290	181	57	471	955	23	205	157	83	1063	190	1	275	232	158	91	177	122	114	103	70	28	300	140	156	21	347	453	131	182	141	103	320	12	546	240	489	114	388	147	260
V457	27	276	132	110	78	575	391	188	119	960	946	263	715	330	24	659	52	195	298	428	172	119	356	134	197	49	192	1	47	5	122	216	24	184	85	296	153	318	101	184	94	18	179	114	288	7	150	1	132	78	195
V458	388	6	24	639	7	319	147	135	141	303	202	265	23	103	11	386	66	163	31	343	785	67	83	104	92	154	326	94	405	405	48	195	85	129	42	419	105	471	374	11	434	274	250	2	284	849	574	208	185	15	138
V459	299	157	98	120	56	136	301	270	214	37	421	44	47	30	47	2	43	152	36	221	204	170	713	70	101	150	56	2	282	9	14	12	535	71	154	386	294	551	17	12	83	257	52	95	29	311	136	39	275	47	211
V460	13	68	34	4	100	6	278	874	3	104	307	104	159	366	54	389	31	57	193	281	210	159	1	109	49	63	256	689	127	51	134	43	40	53	99	83	231	55	237	44	8	724	49	254	139	209	116	205	184	53	45
V461	489	191	93	146	254	170	2	97	466	523	403	248	143	108	12	14	199	150	225	241	67	69	29	67	117	21	237	359	367	168	64	39	72	143	367	148	112	126	185	70	169	44	696	162	154	70	173	4	114	80	278
V462	722	36	160	381	24	96	83	36	858	68	132	528	348	211	22	78	276	218	55	14	450	62	51	7	290	14	118	28	227	148	385	115	103	274	233	223	17	179	398	48	257	57	27	161	540	100	16	1	281	337	253
V463	15	20	55	186	369	408	120	54	116	34	235	249	280	276	125	390	109	11	419	15	63	42	159	686	119	36	16	248	1051	54	829	155	217	26	80	138	567	65	112	262	214	300	568	149	23	376	167	83	127	70	36
V464	138	198	948	525	432	145	349	36	59	133	133	49	110	25	146	41	354	8	98	167	92	514	586	203	178	308	89	27	268	1332	139	177	123	351	184	86	229	315	71	155	46	85	424	3	321	185	94	322	127	104	187
V465	157	408	196	402	6	2	38	240	185	71	384	187	348	761	61	270	624	239	62	168	198	62	48	198	568	206	131	47	366	211	5	114	299	363	245	71	183	102	133	154	32	70	40	163	71	549	204	211	44	162	308
V466	231	189	288	245	763	315	129	266	354	124	45	38	93	130	305	311	61	629	20	253	111	67	65	61	143	116	788	240	605	679	165	223	334	3	44	149	278	134	74	337	69	93	157	132	712	26	330	12	225	398	209
V467	119	1195	244	151	5	463	256	387	133	154	102	542	48	214	10	107	270	1	7	176	166	436	943	174	380	31	130	376	125	85	422	296	345	140	488	134	117	127	59	77	265	14	298	880	414	83	177	339	383	220	680
V468	89	44	9	79	41	78	14	116	18	9	90	50	203	35	41	21	293	46	76	226	148	22	120	195	515	86	18	449	352	71	218	89	4	330	165	118	191	119	265	116	28	92	164	69	145	327	276	162	64	239	74
V469	77	258	484	473	878	279	421	155	378	1114	1	74	108	54	210	352	141	69	43	395	90	75	145	158	148	85	235	140	132	40	164	205	72	278	406	177	202	142	440	472	146	213	350	130	437	57	88	7	73	21	198
V470	304	588	360	216	57	871	616	412	32	11	617	56	6	77	43	224	75	5	447	249	240	602	674	155	27	632	411	1193	32	36	1100	210	116	0	182	173	246	37	112	3	136	261	170	608	126	52	216	27	190	372	430
V471	224	99	179	191	224	37	34	94	229	334	276	26	94	232	629	248	538	348	401	305	459	94	198	200	118	167	31	36	4	47	616	116	163	63	437	4	21	72	238	289	3	160	303	16	351	71	43	28	407	7	133
V472	708	243	520	112	8	69	262	77	274	287	272	26	272	62	683	73	332	25	261	27	432	17	326	107	0	430	103	16	334	427	144	594	106	176	10	45	262	197	130	90	147	46	83	39	170	1052	226	325	493	21	376
V473	46	72	336	80	9	309	7	145	494	404	285	15	724	439	106	42	161	15	229	83	774	191	145	226	111	105	3	55	345	295	202	80	157	45	52	419	198	267	211	6	145	436	144	16	78	418	9	13	260	388	75
V474	400	587	334	77	222	194	160	123	230	635	83	4	2	146	47	153	28	75	2	342	414	234	105	109	475	347	214	24	236	33	131	193	175	64	158	310	164	321	36	72	23	54	157	495	73	55	394	24	485	25	501
V475	71	555	126	112	69	26	295	143	223	130	318	184	41	79	834	176	134	66	4	119	270	415	124	283	30	208	70	70	62	64	28	88	70	30	405	118	52	73	88	30	36	649	23	155	142	28	9	129	105	144	337
V476	82	256	157	116	538	186	107	305	549	239	207	49	181	330	301	230	172	79	51	541	20	173	204	162	82	3	109	155	47	472	229	200	152	37	103	10	202	272	121	22	315	54	19	98	58	63	223	202	20	35	213
V477	14	958	212	386	23	11	110	52	124	9	164	361	410	179	162	13	158	296	694	431	235	113	38	1305	14	95	10	172	113	207	393	640	535	842	169	65	285	247	159	231	195	70	356	100	804	9	41	97	147	84	493
V478	38	241	136	290	336	133	287	173	642	11	1614	119	76	181	56	379	354	77	287	248	206	78	364	75	892	292	270	153	172	36	190	238	404	127	53	60	203	216	577	44	475	254	337	19	220	56	159	253	19	41	164
V479	388	100	164	420	0	91	85	525	222	20	120	3	71	296	2	81	116	410	82	95	43	170	241	61	112	172	175	93	230	146	12	83	423	47	10	167	280	52	354	283	167	57	74	814	74	460	102	258	49	539	213
V480	411	116	13	365	43	32	30	88	149	283	122	70	71	199	317	242	195	95	289	157	146	355	314	879	466	13	557	2	115	588	535	58	367	256	85	252	207	78	91	27	124	243	371	272	294	1	54	71	64	139	227
V481	301	4	24	643	294	28	341	347	65	169	514	123	203	81	118	105	402	710	376	121	96	67	340	122	191	211	51	62	196	162	257	26	16	14	1564	150	121	300	50	294	597	273	111	37	129	507	13	80	540	106	148
V482	92	94	32	546	3	244	217	81	164	99	259	74	206	88	79	57	269	677	273	69	139	127	126	19	155	831	230	153	94	87	82	134	80	316	180	5	365	5	47	26	16	160	257	37	48	55	172	589	495	171	114
V483	182	155	23	92	214	350	236	28	35	370	200	153	111	47	242	32	22	322	334	162	5	153	148	131	52	148	157	196	336	318	23	201	140	30	16	332	137	50	0	20	71	219	59	222	49	260	41	91	44	236	174
V484	164	55	103	75	4	12	114	47	51	327	110	253	285	742	36	194	230	4	460	18	267	152	80	13	63	82	89	43	167	110	174	137	212	142	37	104	526	361	323	29	17	152	59	198	77	104	281	116	144	9	98
V485	102	113	175	63	216	114	94	279	262	185	165	310	117	128	213	55	70	119	281	24	352	13	697	341	495	443	203	174	159	35	325	2	371	55	203	429	96	89	154	204	56	46	101	247	189	330	20	391	229	141	111
V486	135	248	19	72	18	21	43	188	85	197	349	45	1	106	600	94	7	22	109	83	14	636	39	77	13	123	71	184	472	15	250	13	22	50	884	6	175	67	0	128	106	40	235	1031	40	442	661	166	311	136	182
V487	60	195	89	7	230	172	424	141	221	813	79	413	199	26	269	23	56	386	378	7	182	9	7	38	184	35	421	22	178	268	347	191	2	56	107	280	91	228	305	153	87	12	285	25	76	121	55	41	252	24	150
V488	252	403	758	718	36	338	281	114	136	56	45	208	379	15	293	259	85	553	12	619	105	603	38	276	380	39	527	210	264	311	491	2	11	195	227	194	207	58	339	246	349	1045	54	66	216	123	295	59	379	200	338
V489	403	1	303	40	49	47	76	22	484	97	37	23	222	18	585	350	64	78	506	82	28	85	33	130	152	299	107	56	314	87	162	47	89	624	66	82	334	381	443	105	176	165	117	62	143	256	297	27	258	304	154
V490	82	441	51	3	186	39	2	396	1011	127	920	81	302	241	1235	245	659	24	390	203	83	137	279	447	54	61	252	72	98	16	234	13	34	72	311	108	157	122	509	54	54	167	179	33	41	139	142	37	89	77	262
V491	171	155	832	39	207	65	206	32	21	314	401	127	15	33	71	281	523	174	61	22	85	45	264	298	29	252	226	121	191	212	521	115	224	1	78	152	100	57	317	529	295	346	92	440	529	99	75	73	34	1069	158
V492	236	100	49	68	7	552	30	21	18	0	597	133	134	947	17	121	70	161	80	178	106	378	187	231	69	94	279	335	3	99	91	181	314	60	6	56	30	256	192	94	959	214	507	396	175	20	89	327	199	490	142
V493	144	9	292	207	240	191	289	103	2	632	476	0	30	96	283	118	186	35	231	3	126	40	166	231	265	425	43	73	160	35	239	62	138	468	269	80	75	223	147	223	207	195	219	47	44	74	558	70	375	330	78
V494	279	295	197	260	524	174	234	110	6	29	778	44	93	20	44	213	677	446	89	37	96	44	55	594	558	315	254	92	215	244	301	420	300	8	101	161	72	111	137	878	30	64	342	21	48	71	210	32	139	15	259
V495	64	204	37	24	191	40	212	4	35	141	0	108	351	232	205	69	199	191	703	180	470	46	169	91	40	187	225	669	88	58	466	149	59	271	95	554	698	171	57	52	147	247	33	390	78	252	54	66	392	463	158
V496	128	25	291	31	152	81	690	6	52	325	145	313	94	1060	39	114	51	362	41	87	274	14	46	29	219	131	176	124	75	57	310	88	385	164	256	88	87	31	49	46	147	61	185	510	90	51	196	95	14	219	86
V497	168	444	157	238	348	993	168	388	119	66	26	5	568	32	43	169	133	22	171	4	17	136	29	15	839	903	282	205	529	211	158	336	215	5	386	281	169	4	0	2	179	67	156	96	254	139	165	7	249	468	318
V498	256	153	410	190	21	250	18	390	9	79	542	5	152	442	208	50	710	1177	352	449	18	149	174	46	573	157	56	275	25	55	404	255	27	117	296	218	362	34	378	246	43	9	132	70	44	98	62	217	63	215	231
V499	70	41	342	299	91	292	109	18	122	53	84	642	694	424	223	67	126	9	657	598	287	509	67	49	45	60	159	200	69	12	139	196	211	21	176	411	158	482	69	61	311	27	8	294	302	263	20	137	30	301	73
V500	133	228	99	42	331	540	274	827	23	613	47	18	117	132	34	65	195	467	3	14	56	185	262	184	30	56	112	454	39	425	214	258	205	291	46	61	183	8	266	168	175	245	10	191	50	156	275	260	195	56	216
