Source001	Source002	Source003	Source004	Source005	Source006	Source007	Source008	Source009	Source010	Source011	Source012	Source013	Source014	Source015	Source016	Source017	Source018	Source019	Source020	Source021	Source022	Source023	Source024	Source025	Source026	Source027	Source028	Source029	Source030	Source031	Source032	Source033	Source034	Source035	Source036	Source037	Source038	Source039	Source040	Source041	Source042	Source043	Source044	Source045	Source046	Source047	Source048	Source049	Source050	Sink
V1	732	95	556	297	517	144	387	21	167	398	285	224	407	120	51	482	191	21	141	470	17	235	152	193	144	135	80	160	75	1	3	81	642	490	36	21	140	227	80	435	121	31	338	498	388	15	96	36	211	125	300
V2	204	351	871	81	276	44	305	340	155	99	53	248	159	283	155	13	87	37	35	68	194	42	50	166	249	754	238	298	201	88	111	468	14	183	15	63	40	55	316	69	8	528	270	74	146	431	304	334	4	109	292
V3	7	286	137	57	273	170	231	27	189	322	266	101	496	87	6	91	113	74	477	222	306	28	360	211	143	82	432	85	318	245	144	56	9	409	479	132	28	362	544	208	32	293	131	306	150	112	41	89	89	40	215
V4	174	146	398	244	139	91	375	487	28	214	125	82	39	451	23	26	216	76	202	99	146	61	541	115	68	111	52	43	82	275	72	126	140	367	236	219	177	246	232	75	218	107	699	176	316	80	166	57	477	161	181
V5	705	28	432	284	757	145	111	245	92	315	74	39	100	89	0	7	35	17	194	242	338	217	244	206	25	15	511	3	61	453	60	380	44	150	61	5	125	29	121	447	343	297	287	84	139	20	353	134	155	41	230
V6	961	104	46	131	436	421	409	177	140	621	47	129	95	364	205	119	430	521	107	0	85	62	64	293	165	50	109	18	139	252	666	342	119	204	42	106	385	187	26	117	617	40	215	118	262	22	29	180	20	7	395
V7	13	86	47	32	73	551	141	61	214	212	28	120	226	80	156	55	93	438	2	128	242	93	168	163	53	91	394	38	267	178	177	153	79	1229	115	240	1046	76	125	49	141	22	139	612	125	69	274	355	290	91	60
V8	83	37	253	442	103	56	1	22	252	98	124	368	81	138	36	206	234	197	248	778	354	49	241	416	6	15	1158	125	167	78	504	161	43	17	431	119	209	2	802	81	175	184	418	166	180	45	576	31	957	0	77
V9	120	197	167	93	90	108	81	197	176	598	150	85	144	1	176	198	600	18	149	241	514	223	726	115	31	30	268	46	53	257	687	48	35	138	133	268	420	67	151	570	11	610	168	894	214	4	25	1103	132	13	187
V10	104	526	95	372	190	85	148	299	50	54	321	84	236	193	104	71	28	239	100	299	10	6	212	159	12	164	34	72	619	180	498	862	68	270	69	10	54	67	288	47	67	133	148	3	209	56	87	45	11	725	384
V11	86	10	168	99	396	86	491	118	232	872	263	214	113	73	12	191	7	74	198	267	147	287	82	677	24	97	14	11	275	96	299	77	124	31	36	630	136	47	258	496	41	17	17	402	192	272	59	159	13	200	56
V12	33	185	464	318	126	1085	920	882	124	51	23	391	421	14	63	40	124	21	30	95	75	133	547	114	488	196	272	31	22	157	113	127	13	81	678	2	46	8	13	252	565	316	308	226	201	201	145	88	46	162	132
V13	115	65	150	1012	771	350	15	542	133	294	419	239	102	342	804	5	138	501	164	239	322	126	511	424	21	264	186	60	82	16	445	196	475	42	97	561	37	105	50	52	68	50	643	25	261	333	335	6	39	285	94
V14	166	388	79	326	6	133	270	55	39	138	143	81	45	201	40	80	330	252	226	26	741	166	238	63	249	124	384	22	354	623	445	37	529	222	30	6	160	188	260	62	189	139	163	689	3	10	152	598	99	47	312
V15	67	18	29	218	38	54	38	2	125	98	22	32	53	65	212	170	188	56	177	92	156	15	42	151	22	14	64	112	77	212	250	17	393	16	108	41	67	263	84	31	30	384	112	149	638	13	218	431	246	379	47
V16	24	17	51	395	15	275	67	141	4	32	273	36	64	388	190	33	57	346	533	224	7	239	277	120	304	131	248	56	134	128	83	309	215	382	118	30	52	382	247	184	245	35	86	89	159	185	389	190	521	64	23
V17	153	339	205	228	83	12	48	240	18	218	11	45	367	39	74	687	89	401	34	6	48	113	157	11	245	158	40	32	35	285	15	138	12	165	243	50	112	102	15	244	132	233	171	187	147	28	231	50	0	60	271
V18	59	112	3	212	62	17	106	152	241	20	184	113	275	78	423	5	114	343	208	228	123	226	180	4	167	14	292	99	505	218	59	281	310	131	271	43	206	104	274	41	50	145	265	778	264	157	365	262	49	89	96
V19	47	417	19	176	197	187	18	24	378	67	110	285	47	274	111	88	169	194	160	107	77	955	297	10	228	120	488	104	686	323	3	277	174	114	278	158	77	33	169	90	105	84	212	266	95	70	12	177	18	177	309
V20	295	45	126	247	296	73	174	142	608	83	27	21	314	43	114	944	370	68	275	284	230	59	411	138	248	15	330	90	24	265	523	20	0	118	214	235	365	141	114	170	1	123	810	47	434	254	370	154	294	321	149
V21	374	272	83	152	130	438	209	131	119	215	59	404	60	251	665	319	180	380	253	144	214	16	211	449	238	135	12	140	0	49	224	721	915	411	33	221	220	98	90	4	24	33	67	137	209	425	376	161	354	195	317
V22	39	66	360	144	38	193	88	63	80	296	6	128	446	864	243	469	39	142	99	192	204	33	6	150	147	71	14	30	102	213	101	0	293	25	216	45	63	30	260	50	105	304	24	319	153	315	134	20	16	61	60
V23	277	134	977	89	145	168	447	112	271	194	0	59	133	169	122	160	98	234	688	307	138	361	140	138	196	126	138	10	155	39	33	234	15	12	42	316	175	142	73	84	97	41	171	46	184	52	306	7	12	102	166
V24	69	280	81	412	454	90	0	138	755	350	197	368	100	237	182	331	382	470	422	48	113	126	302	99	43	553	215	492	211	6	475	155	45	257	80	93	198	11	84	35	506	1	392	60	28	233	353	858	271	217	226
V25	64	47	173	246	41	7	58	13	19	236	267	120	96	341	341	82	251	147	182	95	356	437	269	107	85	432	47	13	474	332	65	439	300	141	6	365	61	7	182	310	41	25	79	8	136	190	287	649	347	382	77
V26	368	426	67	570	9	211	5	233	318	213	243	121	254	52	160	15	230	707	647	197	132	61	101	467	88	37	61	283	76	366	395	223	96	31	343	31	209	61	6	207	146	85	681	78	49	181	119	1229	156	77	393
V27	72	255	20	264	34	214	229	2	177	38	427	11	319	42	15	180	508	213	34	208	468	74	218	405	37	207	54	165	206	236	74	513	46	55	111	60	29	26	133	98	170	176	151	49	546	27	290	8	530	88	163
V28	721	74	78	855	199	226	717	184	87	59	118	359	5	613	199	28	82	339	264	251	13	177	145	16	93	457	821	183	164	51	349	111	111	461	285	120	529	213	249	104	328	197	36	67	138	474	165	29	272	538	273
V29	34	259	88	202	66	78	29	529	360	76	330	202	124	114	700	70	62	58	415	81	28	130	539	57	25	47	231	136	156	29	122	86	150	868	631	11	175	216	56	2	57	199	56	159	227	77	9	122	19	173	176
V30	16	19	58	220	53	166	96	129	61	34	463	103	402	301	73	65	398	15	59	104	54	204	105	36	141	56	40	125	644	118	868	216	75	116	840	294	432	221	32	26	411	224	265	125	294	476	46	104	461	75	39
V31	64	725	291	36	149	337	151	19	313	51	51	98	270	254	98	195	3	221	70	42	200	38	6	112	271	0	28	867	17	140	465	294	530	460	125	2	84	37	89	5	11	427	201	94	22	362	90	31	75	49	467
V32	635	115	579	493	199	419	83	61	71	154	36	28	60	83	172	368	259	115	99	104	115	492	65	45	12	312	290	46	1328	158	36	228	8	55	143	740	207	173	152	14	249	50	4	282	157	934	33	86	511	40	258
V33	113	21	59	151	632	47	133	39	218	353	432	18	566	44	154	155	366	158	84	85	6	1105	153	79	52	127	65	64	221	315	30	102	53	158	105	40	42	60	43	265	347	150	13	36	69	9	160	271	96	498	77
V34	975	47	551	122	44	16	45	24	210	8	72	79	72	154	203	11	142	61	73	11	23	123	123	89	275	599	264	1134	19	153	29	90	574	62	112	104	347	0	309	18	160	1349	64	737	365	337	220	253	433	1051	384
V35	116	27	57	629	121	189	133	7	41	21	96	53	415	192	30	72	78	307	17	93	197	172	21	330	180	22	4	276	11	128	338	99	177	527	25	455	610	206	111	111	34	81	143	342	67	134	212	283	146	26	79
V36	788	218	326	397	13	374	85	117	36	32	202	201	396	164	115	419	331	47	785	15	116	25	194	85	11	100	203	23	27	363	20	6	137	295	64	7	588	150	3	120	80	134	17	191	332	247	63	56	176	103	359
V37	189	23	143	65	236	238	111	62	188	32	149	149	291	511	373	73	234	10	479	362	191	196	0	285	185	108	26	10	258	58	140	165	59	11	172	109	58	18	261	419	300	173	80	428	156	140	103	74	207	83	76
V38	76	121	44	192	233	251	3	28	338	399	289	460	57	28	110	174	172	101	407	2	70	81	345	193	39	173	1060	259	134	347	13	112	96	290	361	580	135	397	197	63	483	237	250	16	492	303	0	171	296	58	107
V39	54	449	545	30	63	66	158	235	168	570	208	66	585	199	30	430	633	159	111	224	195	153	117	184	63	118	39	267	32	46	82	194	24	147	179	6	125	160	209	469	13	510	34	376	140	379	445	558	459	131	328
V40	84	379	417	177	214	197	110	27	220	148	144	203	238	190	72	12	524	398	10	192	43	159	399	213	448	548	11	702	154	39	182	303	143	120	24	306	330	120	55	26	130	245	259	850	133	286	235	40	43	96	252
V41	96	38	117	277	365	74	411	192	73	218	96	2	217	542	44	223	29	322	32	281	38	1065	265	215	422	25	90	110	236	244	293	43	204	52	140	110	32	720	109	58	672	60	1	55	947	241	23	491	386	253	77
V42	33	327	283	192	125	371	27	98	86	62	8	287	769	561	24	234	133	84	158	149	580	75	332	32	50	717	84	182	72	581	421	481	311	24	162	48	50	107	26	3	18	185	89	29	170	500	159	115	207	75	217
V43	116	159	311	351	293	86	205	34	163	420	501	89	215	5	519	31	484	876	111	203	69	48	117	19	106	11	152	654	215	220	233	56	174	33	112	347	283	59	165	490	265	30	81	245	107	49	143	364	62	297	129
V44	17	36	34	92	289	9	132	303	3	141	263	76	131	119	514	343	266	142	427	197	26	68	35	244	318	84	141	87	87	244	412	139	55	90	22	26	14	670	226	508	181	598	75	52	60	261	380	113	81	151	33
V45	534	363	271	112	323	42	127	37	230	117	168	234	99	176	13	466	77	123	271	428	322	161	156	56	174	360	348	114	37	339	275	285	322	25	81	476	16	82	65	300	180	50	284	120	206	150	324	353	147	262	399
V46	379	188	65	345	1	345	59	27	139	79	757	237	285	248	292	89	89	126	9	136	374	80	328	27	304	73	82	389	145	16	491	166	96	122	359	82	30	152	1625	372	378	63	24	15	182	191	150	174	244	63	255
V47	84	698	133	86	6	15	97	407	64	315	97	49	47	805	94	108	41	225	65	58	635	278	534	133	303	35	179	190	155	237	95	686	214	113	81	337	125	216	33	3	107	100	203	287	115	186	68	84	80	206	489
V48	680	78	0	17	231	18	129	138	3	243	548	165	139	66	388	31	85	206	154	21	167	141	58	23	2	120	343	164	33	122	24	259	7	12	324	79	29	257	198	160	212	313	64	67	4	2	102	465	96	112	276
V49	8	283	162	162	172	189	231	157	20	19	50	63	129	280	194	704	376	8	325	374	367	50	285	326	13	704	246	12	120	108	539	24	3	205	26	189	137	133	236	67	54	73	186	152	78	22	53	243	60	62	208
V50	105	30	5	210	178	64	106	277	155	42	528	296	305	70	247	203	314	500	490	156	33	368	198	113	196	79	2	328	37	89	473	202	149	1028	67	371	104	175	81	66	26	188	80	614	253	51	9	15	45	37	82
V51	49	286	88	32	17	158	796	115	120	96	143	13	142	316	293	42	788	180	16	149	184	926	43	115	9	213	0	91	80	70	135	17	19	110	274	151	150	464	690	64	142	866	307	460	61	380	391	36	281	192	199
V52	47	269	36	176	29	588	349	12	16	140	175	7	17	903	65	603	38	107	146	341	68	108	161	142	61	118	194	16	221	320	28	308	413	86	29	290	14	1165	42	404	107	555	73	136	246	123	167	97	113	9	170
V53	139	176	161	593	277	106	17	36	60	995	107	133	16	103	280	73	232	629	47	372	1153	275	27	212	334	62	178	120	40	362	140	233	48	31	455	308	186	132	51	282	892	23	6	31	52	176	164	34	489	36	170
V54	94	401	9	172	20	74	3	47	68	523	125	36	32	34	490	103	238	509	67	11	58	254	5	16	200	20	17	93	190	393	217	4	51	54	141	347	121	37	430	42	17	2	90	279	131	12	161	134	5	39	259
V55	769	0	71	123	22	413	12	272	369	4	20	565	110	108	176	13	287	176	214	243	43	155	54	60	415	227	340	59	57	299	280	197	38	14	195	186	8	166	275	807	468	117	298	44	97	79	213	256	134	17	262
V56	541	124	140	99	255	176	363	123	41	174	771	15	206	138	41	320	1013	275	32	170	195	4	401	209	127	70	6	0	276	7	34	13	14	99	270	65	181	43	551	285	110	18	15	655	655	552	0	261	231	16	249
V57	12	97	416	15	372	144	202	40	353	20	98	31	110	1316	45	7	212	383	265	205	158	486	66	80	189	94	27	77	167	238	33	18	90	345	278	61	579	207	219	523	158	16	95	75	665	295	211	5	439	13	78
V58	135	30	1143	109	202	153	345	549	74	112	244	41	26	52	61	417	179	51	155	194	7	341	138	43	34	78	288	178	38	156	392	97	188	153	547	97	203	49	46	69	238	301	76	271	367	80	166	295	64	90	78
V59	65	62	226	126	455	216	100	303	435	136	394	521	544	30	337	90	1	409	88	159	157	463	175	490	526	150	272	88	161	25	78	15	81	220	153	51	290	335	213	175	428	116	99	150	224	416	108	93	204	317	97
V60	642	93	8	120	78	226	96	62	189	335	256	381	173	111	62	143	416	126	62	92	148	15	155	139	411	215	65	93	78	826	337	36	365	54	256	670	65	53	284	164	75	291	156	81	259	96	70	134	239	434	269
V61	661	686	190	339	81	61	14	42	334	120	56	146	572	67	372	1485	14	31	23	111	390	8	90	17	291	237	38	35	48	246	71	294	210	29	308	11	228	364	20	210	446	44	242	52	104	548	31	720	144	27	598
V62	107	294	337	175	308	346	65	155	272	18	102	92	101	137	366	706	34	109	72	48	75	222	207	83	431	254	48	84	32	9	97	22	73	41	208	424	2	334	113	84	27	222	175	121	35	404	209	7	200	261	241
V63	191	32	58	50	33	88	84	8	18	244	132	154	122	21	86	129	117	370	54	107	126	134	62	249	214	353	62	149	906	187	341	503	165	400	70	183	55	397	328	316	562	63	29	107	43	53	374	71	376	45	103
V64	11	865	156	78	1165	19	42	42	137	102	373	134	63	2	81	22	114	58	0	17	123	276	28	16	560	18	166	385	425	250	34	256	17	115	229	43	172	99	398	86	130	242	396	249	299	42	85	116	37	14	566
V65	736	185	226	107	57	102	119	100	116	90	0	0	537	8	487	30	176	72	475	230	121	70	237	631	369	47	768	255	33	22	59	18	374	324	40	472	146	72	29	53	475	72	470	10	32	120	32	427	81	60	363
V66	353	224	187	192	185	138	66	127	214	117	4	21	10	167	372	127	297	66	1069	54	41	203	344	23	34	321	142	141	16	556	56	274	41	203	287	2	167	72	37	76	646	82	44	19	93	52	65	200	291	708	242
V67	273	50	379	95	82	330	0	98	53	36	9	7	48	114	76	299	300	119	220	199	134	92	101	284	81	523	39	141	1	87	175	44	80	121	91	3	454	195	253	7	69	452	68	163	13	73	63	53	39	62	103
V68	226	610	394	17	4	397	234	71	0	286	232	158	231	83	450	93	164	285	28	696	12	209	443	566	31	563	105	534	535	20	74	99	1050	268	143	65	13	105	19	467	298	61	254	35	451	580	505	286	586	8	458
V69	249	49	272	631	132	59	112	39	322	109	659	27	97	251	177	31	86	19	156	7	120	100	299	55	378	55	7	587	75	501	28	109	458	224	41	88	102	214	101	307	132	115	434	186	106	1008	325	310	32	48	107
V70	57	57	10	20	248	152	6	9	135	66	31	747	174	110	149	123	16	31	158	83	207	9	80	623	211	171	28	128	169	126	23	210	653	327	308	544	125	69	31	240	418	36	478	299	284	25	204	49	98	74	61
V71	23	120	100	5	14	2	315	298	18	50	82	445	24	97	774	44	294	230	486	66	187	1	1189	63	294	148	120	356	11	106	6	441	48	100	38	334	83	111	283	487	94	681	144	329	385	239	151	179	87	233	93
V72	136	88	644	561	216	128	256	8	24	1379	171	5	220	305	285	351	263	41	69	121	60	171	251	689	129	47	250	43	53	321	23	31	30	142	46	91	71	37	17	186	568	4	370	87	66	43	95	335	80	72	132
V73	53	138	43	75	181	134	209	360	12	78	33	254	236	1143	154	253	35	215	142	29	57	309	114	181	161	328	390	52	39	382	139	289	44	155	27	39	5	154	191	50	434	77	131	26	251	3	57	347	104	659	134
V74	66	61	0	43	190	838	135	165	46	747	311	152	141	72	66	105	361	89	168	381	17	120	31	33	38	57	340	99	98	244	277	77	164	729	17	155	189	18	235	229	25	60	16	23	422	58	458	99	21	48	86
V75	45	132	178	313	148	379	43	345	213	77	58	121	96	175	154	254	316	406	27	4	224	1004	121	138	685	788	79	106	402	152	79	126	7	234	88	118	107	14	236	285	19	96	60	50	16	35	766	114	398	379	134
V76	444	132	193	49	113	408	55	554	216	61	101	13	249	100	145	175	6	23	54	424	94	401	79	80	52	139	369	429	4	42	402	60	335	213	30	12	107	79	7	108	331	0	620	22	248	398	143	546	103	31	229
V77	422	239	109	383	332	48	60	234	446	165	77	71	79	304	155	56	142	29	277	177	253	374	53	81	252	101	31	172	100	265	99	45	229	418	110	404	98	306	51	97	4	6	9	172	480	41	75	175	44	17	255
V78	259	483	25	277	227	111	143	202	317	129	291	191	218	158	79	134	306	281	126	103	10	643	322	75	837	966	33	170	304	267	13	260	50	18	70	366	254	330	107	109	294	32	214	37	72	24	108	10	96	12	392
V79	350	706	141	43	889	411	75	27	200	232	247	76	48	123	134	429	10	548	489	48	52	557	98	101	455	50	62	279	8	295	144	115	244	262	87	351	214	189	53	465	83	205	268	306	4	38	35	906	2	534	547
V80	9	69	60	63	256	200	107	185	19	158	250	121	206	408	79	342	1	146	258	30	81	191	285	15	29	288	135	85	84	295	15	396	58	186	303	48	320	109	0	29	146	17	388	279	256	24	496	10	3	8	53
V81	1	473	209	147	174	105	242	43	37	257	149	78	232	77	133	190	192	364	92	553	10	91	388	406	273	28	22	16	693	304	109	506	237	1153	125	84	121	233	510	39	111	35	70	58	53	354	73	164	93	40	316
V82	16	65	74	247	405	21	127	407	742	193	77	356	500	507	227	114	363	603	515	41	64	35	0	95	720	355	259	30	163	264	136	110	21	429	8	157	515	50	100	81	240	83	88	956	145	435	210	101	436	243	69
V83	249	211	23	12	170	275	48	612	58	159	635	448	216	146	464	6	303	379	193	21	246	216	207	82	33	452	60	242	222	42	68	826	740	218	74	159	77	79	120	28	243	29	246	180	26	146	198	610	221	339	255
V84	79	177	18	229	187	123	310	113	306	435	31	77	72	283	98	78	433	58	110	36	493	41	667	518	221	206	105	58	79	35	109	29	510	24	91	9	341	26	349	171	627	273	1074	555	87	170	571	337	19	120	167
V85	77	249	52	335	47	320	120	6	391	61	11	222	349	37	598	125	179	57	126	428	16	162	357	84	215	220	43	639	19	7	189	209	46	215	101	97	0	125	57	293	102	198	42	17	132	20	363	89	89	360	186
V86	54	40	229	10	432	123	86	640	34	42	23	111	146	320	37	75	243	57	251	12	78	631	448	35	172	179	1	23	215	86	48	55	220	47	435	162	387	610	119	316	147	117	112	5	112	25	105	1	235	499	48
V87	208	59	25	230	8	439	646	138	109	217	312	173	89	42	654	221	44	99	67	77	90	181	12	234	53	129	658	67	93	17	54	75	363	82	256	18	203	103	203	120	128	273	116	223	101	152	84	224	63	80	95
V88	139	206	37	70	13	963	540	111	395	187	157	398	16	120	381	302	151	32	65	411	253	55	196	124	311	59	0	47	29	337	122	227	311	571	171	52	54	246	330	1	68	170	24	57	51	50	627	12	38	54	177
V89	141	308	54	603	178	315	7	2	26	63	169	249	102	56	33	12	311	24	59	136	37	250	303	121	50	242	171	179	16	23	450	180	9	437	162	50	13	213	7	202	344	196	69	116	20	207	266	369	54	541	258
V90	30	257	148	180	435	377	38	657	96	74	83	574	193	106	43	42	312	158	60	60	979	163	735	276	94	20	620	54	92	311	455	6	255	85	160	301	88	77	57	222	294	394	13	192	195	149	71	74	90	217	220
V91	693	372	257	151	206	236	1446	839	162	204	18	369	42	180	222	37	32	634	139	51	93	188	24	331	268	183	104	28	23	8	55	54	95	274	121	75	32	156	230	225	409	173	175	459	109	140	443	284	118	1	432
V92	158	66	269	41	490	143	101	68	138	220	1244	8	501	78	371	31	133	62	32	168	77	382	677	503	46	169	135	107	153	86	171	262	269	146	823	276	191	271	558	18	92	237	226	604	133	14	267	104	9	89	116
V93	122	223	255	324	54	656	117	120	75	73	206	339	28	226	160	30	87	36	55	147	82	126	80	96	100	310	55	11	155	202	7	155	89	295	70	524	248	289	45	527	234	169	68	458	177	308	72	17	49	29	182
V94	26	38	45	246	117	103	680	88	54	243	3	87	473	155	14	54	14	192	1150	164	108	122	173	39	691	265	395	79	517	36	4	200	687	438	1056	1122	78	34	321	271	253	328	571	152	47	48	23	36	38	37	50
V95	67	753	4	211	41	303	83	427	72	136	360	376	121	123	73	142	262	91	231	8	2	19	112	75	65	281	627	64	34	237	181	148	166	713	212	17	124	62	94	81	156	97	203	177	92	48	54	28	372	189	501
V96	227	123	120	37	6	95	129	110	68	113	111	513	144	8	432	180	81	89	86	592	21	274	123	4	45	431	122	647	13	111	204	131	300	108	104	527	59	59	98	350	216	483	0	135	45	361	167	462	806	238	158
V97	136	152	209	54	131	561	80	11	244	100	501	62	103	6	113	16	25	199	460	432	63	19	249	347	31	491	377	8	154	124	60	1210	464	18	319	223	8	148	155	604	134	88	480	113	66	218	19	0	133	62	157
V98	191	237	44	72	59	427	119	108	10	127	87	666	9	79	283	273	462	130	264	86	48	11	314	153	45	67	19	40	159	201	506	72	308	58	5	276	77	70	267	511	333	491	234	656	196	366	29	992	70	51	239
V99	500	20	33	136	107	231	162	140	67	33	21	40	108	244	50	364	13	520	18	645	19	16	54	266	561	459	237	85	264	371	260	61	11	20	114	503	43	115	151	11	353	244	299	120	369	175	141	82	19	38	172
V100	437	120	34	187	138	12	29	143	286	462	154	102	192	163	431	41	512	299	49	583	386	68	256	196	30	276	174	388	4	129	122	281	216	53	64	384	104	944	209	100	143	11	40	10	228	152	261	558	44	132	200
V101	72	180	220	18	77	93	113	3	309	155	7	57	22	87	28	438	249	223	216	364	116	237	38	222	62	149	106	70	195	260	343	145	193	233	139	598	328	134	278	245	388	330	383	138	112	195	253	231	9	190	152
V102	189	208	137	1	257	93	175	306	59	16	745	722	232	65	165	225	16	73	824	139	96	209	34	25	6	127	46	483	198	584	461	124	41	659	150	14	452	100	250	196	43	1	87	59	45	137	12	36	111	82	223
V103	260	240	61	29	194	171	62	271	169	494	114	418	44	91	280	7	44	45	397	178	119	491	43	113	179	91	30	131	122	97	360	201	82	383	321	215	133	255	187	40	294	114	397	243	47	129	124	155	150	92	236
V104	10	24	78	169	41	16	136	50	20	89	428	36	178	174	150	600	75	5	456	97	232	183	17	40	253	139	232	120	188	133	738	68	311	123	35	158	303	375	53	58	81	17	158	100	85	152	37	709	117	628	48
V105	5	100	66	34	287	543	34	356	172	111	73	115	91	15	85	19	193	44	196	75	115	184	120	89	232	253	280	32	58	523	261	228	202	67	97	256	136	336	63	8	83	356	243	162	286	250	14	69	392	65	69
V106	4	29	77	52	175	70	343	127	429	115	234	96	126	399	334	251	130	157	248	188	49	482	312	572	480	117	74	333	232	136	237	56	128	103	266	111	666	115	36	5	25	71	131	26	540	195	76	121	150	132	32
V107	42	54	34	81	291	235	45	49	61	59	315	14	23	285	101	210	474	16	161	338	185	38	194	24	177	3	357	142	99	27	190	12	150	123	107	8	137	369	86	27	179	75	142	125	358	50	93	93	67	0	50
V108	84	236	59	503	260	318	258	88	339	39	53	369	227	816	292	27	294	258	115	83	786	8	3	416	19	52	267	22	241	15	193	182	19	65	237	103	13	284	428	170	51	300	226	110	18	245	177	228	35	6	181
V109	218	73	371	63	148	767	154	114	176	212	335	106	622	98	26	39	114	412	326	453	126	91	59	213	8	137	122	72	273	404	168	196	123	352	69	118	115	259	91	134	129	122	109	787	505	74	116	96	389	265	142
V110	63	287	123	179	9	431	83	114	56	2	114	303	157	251	12	130	344	308	24	323	101	147	31	490	49	364	25	87	103	117	163	489	152	473	240	20	166	398	396	3	78	856	3	72	51	204	319	391	130	31	211
V111	12	4	416	184	71	13	466	56	96	360	389	77	515	388	174	125	225	163	135	35	26	16	437	332	228	114	68	139	107	271	197	18	99	19	6	72	131	592	118	238	154	354	41	149	388	619	526	1	6	61	27
V112	188	198	328	26	464	90	186	82	545	386	694	260	88	460	54	239	131	31	123	150	174	6	46	866	45	45	142	1	0	77	2	426	284	59	112	123	439	25	368	232	237	63	268	156	254	570	275	504	95	369	231
V113	218	110	320	161	74	184	181	228	67	22	666	303	8	39	286	67	198	9	55	425	190	17	364	331	462	289	97	10	88	69	49	474	35	172	587	260	103	3	93	207	74	186	590	411	41	31	228	148	18	50	139
V114	286	179	362	37	518	83	10	2	137	32	511	197	189	82	525	8	894	287	80	40	177	455	228	7	201	297	57	429	4	204	170	371	84	146	370	250	125	113	37	326	144	205	268	1136	200	95	200	220	241	400	198
V115	36	348	87	49	143	302	64	197	323	157	67	706	253	69	179	49	112	140	296	31	162	18	178	101	3	115	41	52	331	55	324	222	111	150	58	28	7	30	460	38	272	376	62	25	307	57	236	263	20	66	221
V116	50	54	619	461	173	281	60	159	116	193	39	226	194	618	259	52	131	6	17	62	918	258	107	240	255	84	4	139	141	209	35	104	98	15	155	16	404	102	12	1022	68	246	577	250	86	259	254	20	67	29	48
V117	92	360	38	96	27	37	181	7	130	678	113	32	25	183	763	100	155	13	249	25	126	260	44	165	33	276	25	58	232	171	386	41	781	56	76	321	63	128	269	143	46	44	11	151	188	43	334	105	22	210	258
V118	143	231	302	159	124	10	139	190	189	36	264	337	43	207	230	37	23	113	74	407	67	174	34	329	28	407	199	189	220	688	149	59	78	163	284	308	191	447	430	119	383	63	66	1261	182	26	153	249	318	210	204
V119	163	593	5	135	236	592	377	213	143	136	115	952	367	384	77	1362	30	432	23	73	262	283	129	93	27	328	107	64	420	732	67	3	446	219	267	79	70	124	107	55	388	196	62	241	80	161	29	285	339	31	405
V120	67	46	253	165	865	27	110	97	389	372	434	197	94	142	28	267	299	107	262	61	74	148	282	314	175	260	18	2	25	28	7	179	197	347	497	296	508	197	433	74	27	35	83	432	1177	445	188	212	35	255	68
V121	877	491	453	582	1010	30	90	25	8	164	65	68	179	411	63	212	80	284	630	343	68	205	48	65	299	43	716	476	67	253	371	168	44	20	734	165	235	44	168	346	740	294	720	27	314	359	593	22	255	65	563
V122	87	80	6	113	75	245	8	118	30	137	49	82	127	137	11	174	617	116	273	277	224	109	64	424	38	159	37	185	116	321	1	442	218	64	304	107	517	36	41	56	73	21	57	63	156	239	50	98	303	340	107
V123	390	336	95	155	64	34	94	34	451	163	232	696	530	191	25	90	672	87	148	74	160	66	694	57	213	305	303	698	190	155	83	33	89	63	28	147	96	308	866	129	72	45	3	445	307	6	166	42	18	263	349
V124	96	346	274	822	53	643	157	90	49	75	136	146	94	52	393	143	15	28	298	143	49	308	164	265	11	157	71	43	91	131	14	524	94	22	255	588	994	57	141	87	177	24	170	45	68	150	191	42	143	76	272
V125	143	109	627	1200	127	73	49	6	234	38	269	81	222	203	141	272	426	298	130	269	69	507	283	20	57	251	82	544	210	4	15	26	281	721	95	288	90	227	27	74	400	176	178	83	187	428	196	62	193	52	117
V126	206	232	58	398	215	86	58	342	91	108	3	7	10	280	313	3	219	160	278	41	893	16	20	43	45	252	24	131	221	152	51	141	110	775	11	348	325	285	86	367	202	238	155	546	204	204	11	82	299	376	219
V127	159	149	471	0	54	80	14	271	291	114	12	69	19	67	72	190	382	285	216	229	59	285	154	174	47	89	551	7	1	479	76	50	326	107	645	170	52	13	20	162	479	84	298	274	177	341	0	369	79	43	160
V128	442	111	34	6	88	43	56	51	496	598	5	339	578	301	243	12	243	571	22	132	64	179	122	325	278	63	17	58	9	26	764	251	5	501	29	376	174	475	11	11	72	217	5	326	13	243	207	865	499	4	226
V129	110	468	155	51	248	511	132	241	344	93	435	287	207	60	278	114	183	141	169	92	281	296	151	69	18	194	71	396	450	254	117	273	27	11	37	433	219	1343	659	784	18	171	202	121	108	731	761	267	570	646	381
V130	88	65	134	15	215	555	299	254	49	39	183	116	456	573	264	6	117	33	163	376	569	52	470	107	442	880	226	42	20	320	246	98	152	140	57	10	38	728	23	150	54	409	56	21	127	498	4	185	59	98	74
V131	98	19	5	142	0	318	235	533	645	28	29	355	10	167	27	989	416	140	9	516	434	187	106	269	302	462	178	421	50	52	93	162	328	162	81	362	30	101	510	184	219	87	279	130	30	429	297	4	283	399	70
V132	352	340	172	100	580	22	115	33	151	55	34	198	48	71	203	100	46	34	644	112	276	43	8	175	476	8	188	194	21	28	132	250	39	23	295	525	117	463	60	290	16	787	199	107	376	626	57	356	67	195	328
V133	49	43	336	226	159	247	83	144	181	189	121	193	5	263	131	6	54	549	103	12	35	75	54	149	141	43	248	179	31	68	42	237	461	32	43	210	538	180	434	98	19	108	177	4	21	55	587	147	145	756	63
V134	438	1	475	104	211	85	311	425	465	40	411	322	15	613	72	99	286	256	59	63	315	31	346	283	0	30	4	15	82	54	256	576	16	303	97	1213	195	164	85	103	32	96	662	140	549	168	1	168	45	131	153
V135	227	18	638	114	246	355	81	140	25	134	15	800	61	49	97	13	121	35	115	125	41	35	716	130	107	104	257	81	146	165	446	105	27	80	59	493	53	412	127	31	129	665	235	142	410	110	21	223	140	35	101
V136	100	96	840	74	0	317	39	81	39	174	58	463	18	401	14	140	12	108	62	545	63	45	169	537	79	90	639	393	289	35	49	109	227	282	325	529	126	52	553	119	151	357	164	370	19	177	39	551	247	24	105
V137	7	58	175	316	8	141	26	436	59	97	60	469	658	229	255	419	464	76	228	103	109	72	16	106	264	1009	3	172	211	191	253	102	35	77	2	45	318	320	656	187	63	287	161	64	159	155	505	635	33	91	58
V138	119	21	129	82	252	111	177	561	143	101	85	50	200	9	293	263	117	122	74	42	89	69	107	36	126	568	284	233	78	31	21	202	590	371	66	169	76	32	36	267	100	45	216	42	75	144	16	36	274	302	52
V139	212	97	241	280	115	38	155	123	205	628	169	158	76	46	329	15	193	13	132	119	315	399	162	96	72	239	27	9	683	62	68	0	270	225	780	498	112	498	148	6	274	67	732	55	22	18	376	78	306	56	146
V140	42	105	118	166	364	67	376	79	26	117	188	119	502	49	410	127	157	63	87	24	234	68	49	347	136	98	190	589	26	129	267	0	192	58	263	74	110	131	117	150	41	168	16	413	246	677	498	34	6	259	102
V141	249	338	101	23	630	278	1449	508	43	267	62	120	1144	60	405	207	87	5	623	37	104	343	274	75	543	71	127	64	585	62	17	14	56	55	522	426	277	142	129	237	915	347	234	109	56	79	284	45	5	406	307
V142	90	61	122	231	122	149	341	3	98	1096	47	477	174	183	110	167	74	137	23	37	168	85	139	108	470	267	407	299	360	116	178	50	85	362	246	59	42	557	68	115	152	129	318	29	391	95	710	547	16	230	92
V143	304	158	123	175	418	30	595	18	29	634	15	914	151	86	137	53	63	216	78	460	11	13	216	84	146	41	554	211	23	231	71	58	120	768	89	630	217	93	5	2	131	470	146	336	48	1018	19	224	106	42	192
V144	165	99	171	111	35	110	1	53	30	439	30	311	15	76	48	65	252	19	299	90	129	92	75	50	74	25	119	22	276	338	429	71	74	21	75	64	137	106	245	751	139	113	1	781	12	7	81	297	371	79	122
V145	266	64	64	212	175	110	191	112	713	127	259	191	64	73	61	358	244	9	88	36	218	298	80	313	22	37	170	98	202	71	203	338	100	279	24	703	363	7	64	38	390	573	80	179	6	82	345	17	421	52	147
V146	358	83	94	99	159	129	23	76	471	27	54	605	97	191	111	609	5	91	205	301	19	17	299	247	315	30	103	207	11	51	266	452	83	15	210	111	46	87	13	194	132	9	126	5	137	278	164	159	221	20	185
V147	182	15	26	349	93	63	97	352	623	289	7	304	328	50	614	129	1	89	21	566	366	156	109	24	7	488	580	103	370	69	102	374	114	32	34	228	16	32	12	428	364	727	340	201	240	108	193	296	263	567	80
V148	667	106	71	311	365	257	113	110	110	3	116	121	38	54	188	85	20	11	202	277	55	136	224	67	139	277	197	270	187	356	4	14	195	232	530	69	962	78	59	238	514	41	400	36	640	143	151	267	156	322	294
V149	52	80	401	270	373	247	81	148	21	75	21	83	296	85	47	1	433	402	117	142	669	103	14	8	839	122	88	303	184	64	260	294	76	185	259	131	89	20	281	109	282	40	290	11	91	237	42	216	2	330	81
V150	672	6	620	343	870	182	290	187	55	94	27	101	93	592	19	50	71	87	154	550	117	18	241	503	373	151	220	181	64	4	35	20	391	129	123	68	9	5	169	76	598	93	17	147	52	52	86	53	132	74	206
V151	117	121	37	247	127	226	103	58	154	241	219	63	962	272	158	184	271	278	28	632	354	139	498	64	220	223	91	291	147	150	202	746	6	146	70	360	1179	685	538	76	30	1589	11	93	133	258	64	247	42	337	120
V152	181	26	70	115	245	215	180	100	978	140	280	39	160	81	539	109	56	155	188	29	369	1071	308	288	43	154	136	107	10	366	216	105	280	223	81	468	327	92	14	6	78	235	0	290	40	62	50	154	91	215	84
V153	20	12	164	194	428	117	46	137	28	264	294	209	135	8	40	283	75	150	29	383	79	35	87	729	22	407	80	379	47	564	424	93	422	103	113	129	465	97	215	174	298	153	478	48	343	54	8	91	121	60	39
V154	165	563	102	236	309	15	106	161	83	62	658	136	28	379	686	10	315	541	129	147	49	111	45	74	25	80	170	136	175	98	32	320	193	68	514	76	497	90	154	238	163	95	66	281	479	724	345	310	31	77	408
V155	97	266	71	32	194	165	661	233	539	99	62	58	541	81	142	19	99	127	381	77	272	220	52	350	47	278	17	616	86	166	195	207	3	3	299	162	52	233	28	52	241	199	352	137	83	963	208	7	66	706	207
V156	9	254	335	288	79	16	907	283	19	7	358	120	69	13	171	35	103	410	136	28	508	95	174	65	27	151	1	489	149	115	289	65	622	224	21	267	100	346	296	174	362	206	255	574	46	28	262	53	383	861	190
V157	0	0	135	221	394	92	50	30	137	457	1457	92	94	518	68	0	92	785	190	13	231	100	124	96	405	96	185	746	728	152	96	6	246	18	168	385	123	413	11	28	382	134	190	291	91	25	772	29	130	184	24
V158	431	122	203	101	125	46	689	355	50	389	6	169	263	107	130	295	78	158	259	1	173	148	432	99	117	116	27	466	172	307	140	0	25	125	180	63	11	57	635	124	273	36	522	137	315	521	524	80	42	169	232
V159	236	124	137	83	847	45	115	118	158	192	223	273	268	63	466	27	150	12	250	27	167	212	278	21	117	8	366	87	64	315	519	72	12	57	90	85	304	14	6	15	129	37	228	366	598	58	147	12	100	420	160
V160	288	173	357	342	172	472	154	65	253	105	32	273	237	62	69	24	203	189	261	19	293	326	8	221	238	34	7	374	215	116	12	130	6	298	321	149	71	135	0	392	162	32	288	147	181	141	154	309	355	282	168
V161	235	314	278	466	423	220	21	16	71	118	35	603	500	65	374	67	543	324	169	3	188	24	28	89	280	156	456	250	51	193	1196	94	63	379	182	136	148	214	240	55	377	611	62	13	446	107	97	256	76	667	298
V162	487	4	420	174	128	164	23	65	428	631	466	47	366	115	67	492	472	542	65	436	448	123	34	177	121	14	758	5	7	130	687	82	7	348	16	41	151	37	150	79	226	163	43	242	60	228	26	53	170	196	186
V163	33	42	558	255	189	69	205	139	268	168	311	85	325	60	1	8	214	95	80	139	139	168	3	511	49	271	272	580	166	38	94	529	48	347	215	248	24	132	411	131	892	28	146	35	136	76	80	70	27	136	50
V164	682	107	46	38	431	369	679	78	642	56	260	268	155	233	14	476	380	163	378	93	13	330	43	37	310	71	748	74	102	149	174	432	65	429	26	171	201	38	632	150	210	120	435	203	55	45	329	127	389	77	306
V165	87	23	90	52	424	98	484	110	25	210	29	93	241	11	195	324	164	31	72	203	111	77	172	127	204	369	3	82	203	398	34	110	178	122	142	227	53	17	504	338	22	168	191	430	78	112	472	9	170	218	74
V166	448	61	104	287	38	81	5	223	356	67	896	280	213	115	639	261	183	642	91	9	335	87	88	151	26	227	65	75	32	535	549	17	40	100	219	88	205	333	129	25	396	59	466	40	142	43	330	192	121	40	199
V167	327	55	555	419	2	209	319	21	141	557	53	57	5	513	231	129	136	133	33	1358	366	114	322	140	52	42	108	615	489	298	51	208	27	656	56	80	42	217	61	105	98	514	5	72	379	571	51	543	104	148	135
V168	75	121	16	374	79	89	119	67	199	10	73	26	144	81	339	34	265	207	13	102	45	578	2	133	507	7	216	113	262	199	3	163	211	31	360	137	222	451	41	1049	994	185	421	49	411	320	325	114	21	285	99
V169	118	32	418	25	87	141	427	204	184	115	117	277	865	1065	501	213	152	29	368	1042	274	216	4	32	58	262	303	191	578	687	3	23	21	240	26	16	9	43	132	122	449	6	190	142	67	10	218	276	22	130	81
V170	51	62	160	22	171	158	295	53	204	225	212	152	20	72	534	406	413	323	30	410	172	32	21	128	81	142	150	252	18	23	9	225	236	36	436	75	207	482	1	55	91	127	293	206	625	80	124	4	34	93	69
V171	482	2	192	27	109	45	27	809	299	120	227	97	8	164	360	422	982	84	105	15	153	122	174	125	191	110	856	34	15	100	143	52	236	134	276	63	91	62	220	241	41	324	221	198	216	817	8	134	2	1439	169
V172	16	176	289	271	75	156	248	11	336	876	201	6	242	329	128	148	211	46	138	83	166	267	37	423	147	58	1080	170	290	426	167	46	81	371	52	28	340	141	161	207	58	166	7	98	411	114	90	72	2	763	137
V173	219	250	365	101	366	17	86	30	197	7	309	75	38	134	49	147	94	28	97	336	170	77	125	210	444	217	0	170	159	49	302	96	37	113	56	64	319	201	28	356	95	150	24	172	133	101	379	69	15	192	224
V174	49	908	374	164	191	71	178	58	318	102	224	104	253	954	100	76	18	40	230	207	114	86	180	95	744	694	15	102	254	343	638	452	4	398	91	105	179	7	186	225	108	49	144	246	32	26	104	272	334	84	604
V175	339	695	55	200	52	22	194	18	135	395	15	211	98	235	726	92	418	134	23	21	20	286	664	175	74	77	369	743	324	289	213	235	137	67	133	276	6	166	1096	4	7	273	392	106	7	327	119	104	331	214	563
V176	434	70	128	195	667	276	284	259	330	8	138	54	4	222	63	22	287	128	218	43	240	88	736	157	58	36	88	228	1003	883	308	24	75	161	215	136	14	137	242	217	342	38	4	351	43	192	14	49	116	45	194
V177	23	2	411	413	18	4	218	76	208	177	999	4	372	49	312	501	25	407	54	80	471	15	51	198	214	66	37	153	6	140	62	136	5	84	165	161	137	35	445	526	145	9	409	55	630	18	36	140	5	319	35
V178	86	241	16	9	133	48	166	13	42	591	103	8	283	410	336	386	139	331	124	0	169	139	479	81	159	169	218	352	403	311	163	48	392	149	6	333	18	310	238	190	490	220	291	199	10	67	558	2	794	155	176
V179	315	10	37	94	90	83	134	82	83	57	136	343	110	14	39	234	101	138	87	80	524	108	243	139	136	203	31	149	197	97	215	391	202	105	470	12	3	108	148	89	310	48	116	23	118	275	309	1115	339	629	123
V180	12	233	78	35	287	96	75	99	324	17	223	113	814	341	7	455	189	224	191	154	119	167	21	19	264	97	110	32	311	43	332	146	711	77	15	16	82	207	91	68	32	129	144	53	137	143	24	200	598	78	164
V181	361	70	89	138	67	150	375	145	202	285	92	168	707	148	127	101	121	183	322	46	110	338	93	247	96	34	349	200	714	303	261	2	15	22	277	146	232	100	705	112	139	47	102	158	65	179	74	385	829	118	182
V182	11	52	588	145	547	31	410	121	59	322	276	111	17	110	285	343	146	229	396	97	63	305	142	127	86	294	112	543	534	161	177	228	33	5	65	147	68	38	106	19	410	344	237	361	287	275	138	15	106	179	50
V183	249	38	123	361	485	229	25	133	40	54	304	48	100	65	466	65	168	597	188	112	307	415	31	196	109	617	210	112	595	5	4	94	107	76	251	257	48	249	39	112	87	177	358	33	216	99	290	317	325	713	103
V184	92	162	273	167	42	1	979	76	113	236	18	155	95	561	753	212	189	1154	254	134	67	481	56	281	168	57	25	16	5	74	58	75	184	407	84	0	876	471	43	113	81	191	71	255	0	485	578	98	39	12	145
V185	85	44	237	624	327	327	37	13	62	145	534	358	139	73	131	144	94	1098	33	277	160	103	198	27	413	326	282	216	66	148	556	195	20	719	210	5	39	124	16	32	331	28	54	28	421	433	188	84	0	364	64
V186	134	998	110	240	96	41	374	288	135	491	297	71	130	334	618	444	320	199	102	122	114	168	201	71	350	504	19	176	25	203	185	168	213	198	943	136	324	33	306	479	360	392	576	9	150	188	29	165	0	383	680
V187	499	265	84	120	127	223	140	197	31	82	365	115	38	53	549	28	95	233	13	298	182	64	174	395	374	310	94	86	84	231	454	27	54	1	270	166	67	181	252	48	144	86	54	89	100	21	74	5	467	18	321
V188	845	187	25	109	141	686	431	52	449	401	8	424	91	55	291	243	66	525	458	258	4	118	522	401	28	672	249	212	81	5	71	52	293	448	59	424	42	162	179	100	111	69	37	629	383	315	52	90	579	155	400
V189	128	32	88	360	19	47	128	511	21	72	136	1	148	81	57	301	402	367	233	330	50	340	177	13	341	128	283	779	96	270	555	41	17	41	126	207	54	34	62	83	107	223	13	21	30	110	65	171	11	86	59
V190	135	21	9	95	143	187	385	31	69	70	440	64	17	288	179	401	203	207	314	748	180	21	180	352	3	417	19	43	267	177	51	61	525	195	54	3	152	112	52	546	113	67	110	314	320	218	109	96	295	150	69
V191	215	248	551	161	74	989	403	313	145	6	149	116	940	129	11	28	938	256	84	48	390	211	125	20	236	147	419	18	168	88	4	446	51	214	192	49	36	402	9	61	198	218	112	341	371	945	410	6	446	22	244
V192	35	221	35	251	274	182	252	30	194	613	28	4	62	309	6	4	67	14	478	314	131	205	55	126	421	19	169	615	418	161	402	6	72	20	837	71	241	397	23	210	479	9	126	108	58	22	137	83	41	277	182
V193	4	142	66	25	376	291	27	210	159	16	169	102	114	198	57	28	279	24	83	138	462	249	322	698	8	125	65	4	316	236	43	13	159	632	97	502	283	218	85	88	301	354	372	243	27	504	157	9	9	136	108
V194	141	155	71	58	313	199	177	46	353	264	63	59	2	80	111	177	323	53	776	321	129	287	143	142	125	249	286	175	104	441	387	75	168	79	66	87	241	393	90	133	153	14	221	25	271	0	591	365	260	346	140
V195	42	149	23	176	245	14	270	486	75	14	314	126	219	116	142	296	460	175	410	351	666	334	24	33	9	247	128	339	113	258	28	192	14	8	628	13	189	51	253	695	353	1012	105	198	58	161	36	31	82	267	124
V196	19	37	93	267	35	6	174	231	48	9	191	68	17	36	283	261	123	29	673	20	3	9	6	7	159	139	331	146	40	141	12	54	263	164	21	95	72	586	275	179	177	63	65	119	225	144	367	228	348	70	47
V197	364	130	28	12	519	344	582	276	537	489	197	31	145	54	127	121	228	119	81	69	237	242	216	66	245	107	673	105	302	47	74	452	389	117	1152	418	166	52	304	266	521	198	507	25	375	370	544	483	174	898	206
V198	188	78	315	104	343	226	12	47	406	1455	197	133	171	38	141	407	351	378	308	210	380	38	167	152	115	118	126	238	82	45	146	344	147	18	0	272	50	285	22	6	43	173	161	98	122	125	156	15	2	46	110
V199	0	342	95	185	10	92	361	2	224	73	474	439	119	125	632	69	25	27	9	105	179	188	113	403	104	53	203	431	183	16	389	680	31	157	71	66	74	43	76	172	17	358	167	266	110	128	228	46	75	183	214
V200	50	440	47	11	149	43	124	49	70	167	46	694	337	45	110	326	430	124	41	787	347	92	402	314	619	243	148	57	1	348	889	53	79	382	116	976	398	251	59	16	398	104	604	0	129	42	160	6	649	578	283
V201	67	15	142	456	136	739	295	14	108	190	288	256	32	465	124	20	417	463	1140	48	106	270	17	361	346	52	194	16	161	489	107	181	558	822	49	282	27	343	35	95	184	145	114	227	712	12	233	92	136	3	49
V202	135	237	242	97	126	148	302	67	18	84	338	220	424	331	122	157	201	691	217	128	321	100	103	290	112	539	277	75	101	590	73	261	140	22	108	10	77	101	195	94	94	0	145	13	2	86	44	26	71	137	178
V203	213	5	20	646	116	95	113	76	573	0	239	121	246	738	154	86	1141	183	183	64	179	135	130	331	40	283	325	360	20	13	183	336	489	638	509	61	376	7	118	112	385	69	206	79	672	60	24	150	456	24	83
V204	240	55	473	651	213	50	125	153	45	59	149	71	112	124	191	146	154	474	82	130	812	34	480	170	20	19	50	8	25	27	198	799	614	55	38	278	201	41	238	5	580	320	410	251	4	195	245	995	445	277	148
V205	173	15	190	270	124	9	17	304	173	12	469	59	80	302	8	132	120	462	263	20	113	142	195	442	111	180	466	374	29	14	80	45	228	123	16	124	102	201	414	311	384	148	251	48	70	51	176	153	9	53	67
V206	73	240	93	85	72	155	75	66	107	283	131	55	70	428	107	4	417	250	279	20	394	758	181	142	238	5	271	442	380	40	144	80	483	102	186	211	24	15	240	704	54	646	58	21	72	259	299	210	142	24	198
V207	190	331	193	429	167	609	48	18	606	53	520	118	211	26	93	46	194	487	509	258	289	519	13	148	59	56	36	116	129	38	32	0	32	66	72	36	399	9	7	470	136	52	38	118	95	324	354	495	133	140	285
V208	104	134	487	72	208	76	477	226	94	194	440	635	4	564	247	146	21	48	179	858	151	271	179	14	412	310	96	146	160	164	12	164	429	123	63	412	80	106	113	511	62	221	91	115	504	637	145	169	180	318	161
V209	109	85	590	37	16	10	37	69	340	8	47	33	35	257	156	61	229	27	232	280	191	44	30	78	61	45	1134	136	300	51	59	261	344	482	50	24	20	696	61	41	403	254	41	359	440	281	724	19	446	127	114
V210	332	591	165	124	88	49	129	871	5	300	569	113	121	103	6	141	398	261	1120	291	421	148	593	474	8	310	64	212	68	6	8	504	20	329	46	16	65	180	67	391	69	381	23	276	34	167	228	290	119	88	463
V211	305	338	13	0	263	12	142	86	127	280	200	31	45	36	26	187	233	17	209	97	67	377	580	741	112	185	81	604	345	401	108	26	248	32	200	26	1	119	171	63	298	226	13	370	18	78	29	287	813	188	314
V212	46	27	282	101	129	18	72	315	205	85	8	49	562	387	11	262	187	123	303	348	49	239	5	14	355	6	625	80	315	188	26	116	462	267	130	69	386	212	371	59	18	24	175	155	188	148	80	388	57	86	44
V213	86	46	103	298	401	180	9	266	205	193	60	405	135	102	239	28	461	251	55	486	15	3	68	35	568	55	531	64	6	648	228	509	254	43	97	168	135	24	105	300	170	78	278	18	168	198	97	528	6	96	76
V214	211	73	958	360	908	106	232	8	69	104	247	85	471	185	47	233	251	216	248	8	143	73	106	25	149	89	310	64	262	0	42	393	200	149	43	15	988	71	751	331	288	221	58	513	253	203	157	316	205	185	126
V215	139	86	60	236	114	85	139	180	669	15	6	142	72	77	318	53	71	305	204	205	92	226	95	143	335	215	41	8	819	1154	79	45	149	12	28	52	110	92	95	71	103	184	138	515	409	110	268	277	817	8	99
V216	106	437	262	183	62	216	407	35	91	21	38	361	115	66	346	40	25	104	163	257	46	125	52	135	141	15	286	264	222	9	126	130	33	159	94	429	59	144	235	134	42	406	310	196	70	149	289	395	21	375	301
V217	19	42	38	24	202	22	147	127	339	122	21	158	116	301	8	140	449	90	1	368	123	47	271	39	384	561	67	16	382	111	151	191	350	10	187	87	371	35	344	165	66	13	103	64	214	252	122	74	102	278	46
V218	11	58	48	463	5	178	16	65	317	44	76	61	152	51	618	47	106	467	40	208	501	273	35	485	389	298	552	344	226	158	813	297	253	115	19	120	737	15	371	1017	761	48	594	165	305	117	95	351	6	398	70
V219	50	264	97	318	3	538	90	316	129	7	37	481	134	67	31	86	158	342	268	394	25	120	50	108	111	62	280	151	660	335	641	262	4	68	91	41	154	283	38	3	64	191	77	132	62	188	34	70	137	0	179
V220	229	92	1037	378	160	77	54	10	338	300	218	439	177	245	29	352	13	244	236	404	88	121	128	410	528	160	162	66	426	85	24	39	264	10	94	398	464	168	1210	17	123	366	161	211	389	155	85	171	22	174	159
V221	102	69	116	687	205	99	233	78	553	109	24	175	8	263	1	238	275	55	267	11	332	57	181	273	19	991	805	384	108	120	223	503	304	113	745	73	456	52	522	10	265	205	73	380	125	260	367	142	315	4	94
V222	432	112	14	228	233	166	432	1	394	133	209	129	139	90	83	95	124	64	83	138	79	29	291	29	293	224	335	68	14	154	165	52	6	194	177	246	28	85	419	364	601	175	151	164	732	597	53	98	68	245	219
V223	28	33	186	19	90	6	260	369	130	13	111	320	18	339	176	165	280	90	342	30	29	81	148	349	26	506	347	242	105	24	212	131	308	139	9	264	68	2	24	278	66	125	419	560	6	160	13	320	114	78	51
V224	128	341	272	328	126	64	530	167	383	189	554	7	231	21	625	162	46	41	220	44	253	21	24	73	102	39	1129	225	42	78	124	78	161	420	327	112	131	221	95	277	10	192	269	243	55	40	200	12	8	183	277
V225	35	42	111	596	300	46	187	749	88	25	235	0	487	444	0	151	239	108	314	751	70	18	1102	3	176	86	169	9	611	151	162	190	56	655	18	191	463	230	170	102	3	25	101	14	69	387	129	167	633	44	55
V226	85	239	587	157	49	33	147	186	23	27	46	174	48	337	74	190	203	508	221	33	36	740	86	287	4	6	155	506	90	191	12	173	104	236	1441	407	192	49	169	209	80	71	92	168	148	251	159	444	247	43	207
V227	415	113	867	192	345	1561	241	27	255	646	101	42	127	37	195	257	386	608	64	32	106	550	293	132	85	8	130	159	81	377	477	83	191	154	87	0	86	158	24	381	38	332	48	53	70	74	336	299	336	76	207
V228	63	52	496	195	337	149	313	145	245	98	38	30	346	35	218	222	109	145	439	239	355	12	136	85	0	292	23	91	101	444	16	81	178	222	225	102	97	167	666	422	342	491	13	113	210	7	253	268	268	339	83
V229	211	44	74	5	350	82	135	11	228	199	186	208	2	9	84	110	16	103	64	653	49	66	758	51	226	40	169	112	54	441	74	51	467	269	10	14	62	672	207	124	19	529	72	233	1337	57	632	416	438	210	115
V230	359	566	454	365	329	230	13	74	350	120	81	611	42	157	219	51	470	11	96	176	30	176	436	30	256	280	56	45	401	545	592	612	278	1	31	680	94	136	260	33	130	86	22	150	7	90	113	19	62	176	467
V231	136	7	116	23	55	197	138	99	225	345	138	37	427	311	104	97	211	444	38	11	309	33	187	65	65	47	361	54	71	30	282	112	44	205	167	624	243	9	26	33	35	12	125	119	18	246	389	90	258	51	61
V232	48	8	312	18	20	20	435	63	304	101	85	15	64	64	120	204	158	707	94	198	148	225	77	305	58	91	117	35	206	182	9	210	178	51	172	116	213	1177	1064	584	42	210	280	72	49	76	875	141	194	190	49
V233	414	554	111	144	112	97	26	402	322	431	16	49	77	131	22	177	13	23	53	214	35	632	26	57	178	74	86	550	547	391	17	82	15	162	29	51	124	221	49	5	68	56	46	286	582	10	132	35	104	296	480
V234	99	540	9	276	79	133	78	268	38	80	298	561	0	9	63	22	34	13	294	87	262	118	156	45	103	131	120	53	335	181	0	704	52	775	177	38	414	4	87	656	271	1203	597	185	320	133	142	10	56	441	338
V235	21	51	107	277	19	189	42	630	73	100	150	40	122	34	67	105	74	68	204	207	25	95	36	16	28	34	500	840	326	281	403	519	30	248	7	15	3	115	67	212	2	144	119	29	131	331	127	419	197	32	60
V236	697	20	266	114	624	60	76	193	70	99	328	169	268	14	29	140	99	34	47	29	164	8	30	133	260	104	77	519	548	190	1000	301	247	157	50	308	104	105	328	155	171	34	11	123	15	233	249	97	120	494	227
V237	109	17	161	89	392	5	390	265	53	152	74	218	139	127	62	45	143	168	368	66	489	151	102	135	315	158	61	18	45	441	284	28	933	6	371	551	110	118	77	153	299	486	38	60	185	61	122	125	185	26	65
V238	111	99	126	78	112	303	59	679	41	101	70	63	81	197	15	155	72	54	48	10	256	89	132	178	93	249	105	27	31	436	490	50	134	344	147	99	167	99	230	372	129	96	231	38	155	331	23	178	132	146	108
V239	18	70	242	339	410	791	436	210	14	114	140	109	135	62	104	143	250	44	262	84	216	467	414	39	200	207	93	322	2	846	457	79	671	2	363	11	93	47	66	85	71	4	69	282	21	532	109	64	366	82	67
V240	318	36	30	21	612	47	22	125	686	212	161	302	464	53	34	104	264	54	164	153	172	225	173	443	357	390	40	321	503	298	70	363	71	279	459	106	8	54	42	136	44	191	42	48	12	82	84	223	12	12	143
V241	31	184	389	56	94	31	44	141	200	16	384	299	450	177	90	452	13	233	280	39	52	35	108	27	121	53	108	83	736	205	37	393	544	9	141	89	254	329	286	18	57	61	42	382	308	137	401	0	7	285	138
V242	1836	251	139	643	141	114	602	451	364	818	1	244	227	30	355	85	559	68	411	245	163	29	89	51	17	181	259	62	46	236	524	43	104	411	59	34	282	346	280	386	71	40	244	197	307	354	125	31	104	28	707
V243	82	33	95	64	846	46	131	488	43	211	217	51	340	54	453	356	103	280	71	31	154	47	26	25	227	1376	215	81	17	17	51	64	223	9	465	24	218	1048	715	25	137	273	87	558	18	114	192	61	156	80	54
V244	503	301	18	174	54	195	261	134	16	172	217	225	142	154	341	774	227	312	42	48	17	214	68	97	90	193	194	64	298	18	263	108	118	77	74	89	142	227	23	51	98	39	181	262	10	111	438	65	16	729	372
V245	796	92	158	34	333	12	16	220	28	164	366	411	484	91	176	111	197	259	115	153	604	223	11	333	333	144	187	556	200	269	28	360	245	82	331	337	143	150	141	80	1061	184	84	418	225	548	102	58	191	125	317
V246	312	1469	145	118	26	331	42	69	63	213	250	280	41	58	407	531	96	167	97	29	400	95	602	118	23	57	888	58	1	467	171	216	276	38	746	386	117	291	8	173	108	553	277	4	711	493	573	178	168	53	982
V247	176	51	220	118	358	219	35	1070	69	152	132	22	250	354	79	288	337	364	458	93	159	470	187	267	1644	66	69	233	87	74	101	90	226	132	86	164	170	350	17	39	54	64	187	177	30	190	401	322	61	40	100
V248	235	334	232	60	182	22	700	11	65	6	24	149	120	145	155	81	89	36	646	146	48	252	402	5	91	317	140	56	535	47	61	285	51	703	100	316	15	285	151	127	121	87	50	47	220	239	101	78	159	17	324
V249	437	276	529	93	32	170	125	22	46	361	12	46	262	146	10	790	3	116	167	92	14	76	126	56	511	700	223	949	185	335	26	231	143	52	11	150	95	270	77	414	0	273	131	8	108	172	525	549	43	177	318
V250	110	15	79	186	229	107	430	470	317	508	308	112	262	598	211	498	213	122	458	502	50	63	107	55	52	442	135	19	101	95	326	268	516	85	213	291	532	115	121	245	374	42	653	54	19	455	780	330	99	59	57
V251	777	370	385	208	95	125	49	531	90	445	14	26	105	17	17	13	150	3	363	880	442	1174	366	171	303	91	293	104	144	129	49	521	24	376	29	63	255	244	168	77	270	3	145	268	59	173	201	26	80	322	497
V252	133	363	3	231	37	290	28	85	383	584	243	202	178	100	81	44	65	456	38	34	189	145	124	427	15	143	41	265	280	720	74	90	224	8	102	481	113	138	20	235	21	107	208	435	154	100	176	51	509	357	259
V253	32	285	14	148	78	48	44	682	184	116	15	8	127	20	67	299	147	319	18	314	221	91	47	499	293	180	114	49	40	565	271	220	4	47	262	144	1190	213	87	2	74	106	260	1	319	65	26	162	884	238	203
V254	149	158	99	272	25	34	89	238	383	813	51	108	214	50	83	40	533	42	26	242	266	414	377	241	726	347	46	117	280	2	122	158	515	127	409	235	261	558	92	119	211	493	40	81	439	198	155	381	518	297	186
V255	295	82	5	544	78	13	348	67	806	76	57	441	46	39	225	8	109	66	13	185	346	393	85	49	241	60	245	49	100	63	33	15	318	89	357	120	5	156	21	311	373	275	224	89	463	219	295	84	136	54	150
V256	139	486	448	458	528	1	159	290	16	18	197	1040	183	166	156	70	57	286	116	227	469	363	267	44	26	192	131	372	40	76	188	182	47	112	223	91	58	157	66	1	12	133	29	376	238	459	83	377	623	145	351
V257	574	51	267	16	96	223	558	196	669	174	0	110	77	105	17	198	150	75	59	134	18	160	231	145	13	83	69	19	295	1050	349	247	92	61	13	287	312	376	39	24	306	146	22	178	222	614	270	0	120	449	206
V258	834	11	405	12	266	475	79	448	8	376	360	145	239	26	75	92	155	90	68	607	157	307	166	225	290	195	156	176	5	204	278	129	220	130	16	16	795	109	107	335	105	731	86	30	516	112	159	178	215	168	280
V259	12	125	148	388	48	17	145	12	101	344	65	0	234	381	13	658	304	360	68	285	1114	59	456	275	146	69	67	1275	89	252	854	136	263	192	5	349	74	170	0	67	147	62	171	187	119	278	50	96	46	24	87
V260	167	178	290	649	509	514	430	45	326	9	425	17	220	748	199	56	204	384	179	218	26	74	13	164	128	41	80	55	15	69	96	33	42	542	66	71	169	292	1068	186	73	17	36	18	123	106	1	121	152	2	193
V261	179	89	21	84	1	174	231	87	572	12	467	27	196	17	66	49	7	83	777	10	145	210	277	435	45	79	261	647	840	13	167	179	160	277	406	57	146	507	304	24	69	1	206	23	228	15	99	86	63	455	112
V262	203	55	467	370	10	6	72	153	22	35	193	289	342	248	165	195	330	427	320	379	189	271	102	287	355	36	236	399	182	75	186	11	37	4	16	211	484	73	15	87	120	141	879	287	227	125	114	163	76	28	93
V263	128	138	118	31	17	1020	199	201	180	303	44	197	111	164	98	22	307	202	9	361	313	161	161	598	288	37	87	45	53	3	176	7	59	727	181	105	103	268	169	666	65	162	358	410	334	42	221	1164	127	83	169
V264	192	61	191	452	81	102	571	79	305	6	20	46	114	6	1014	318	108	16	119	62	52	3	249	444	278	122	14	57	55	299	0	643	109	189	234	43	213	156	149	217	312	729	167	323	153	41	232	531	550	156	115
V265	146	100	95	8	275	60	279	202	383	273	184	76	291	729	12	1	7	388	65	369	34	3	171	499	101	497	45	6	89	303	29	42	41	317	61	361	20	356	571	273	54	15	104	184	623	82	109	509	102	154	136
V266	400	3	141	399	24	119	69	159	445	279	24	35	262	19	365	154	100	83	195	26	218	295	207	614	58	250	44	156	112	50	259	116	331	496	75	225	96	21	155	134	121	519	3	528	311	34	20	132	186	189	146
V267	96	3	367	41	68	120	188	618	23	35	22	248	227	120	314	731	18	82	14	108	260	87	173	84	210	23	330	277	22	306	167	640	219	130	641	116	272	154	247	408	21	220	340	67	33	171	274	478	189	350	64
V268	36	439	20	391	214	208	382	210	70	29	13	115	418	537	831	99	26	44	181	318	255	311	564	97	196	74	21	541	3	214	129	220	60	103	772	264	288	84	135	490	36	211	108	470	673	1082	52	92	186	233	292
V269	42	95	276	303	21	216	5	431	953	131	71	516	230	178	33	92	103	27	360	6	203	194	100	496	62	57	91	19	382	119	208	39	286	470	28	328	110	4	23	344	105	254	56	257	272	67	24	236	138	261	103
V270	681	20	53	75	28	363	60	81	146	234	15	463	131	44	3	51	75	115	257	13	156	216	485	101	86	136	100	101	172	25	442	193	116	71	186	527	358	18	258	37	190	823	410	42	269	20	157	147	98	10	233
V271	136	33	44	12	389	478	270	14	518	174	52	88	391	58	43	497	137	202	129	229	448	100	83	381	158	238	98	398	55	246	252	793	163	25	562	10	71	21	193	13	103	28	198	431	119	812	177	239	41	278	74
V272	107	70	10	387	95	84	37	7	23	67	544	15	45	326	78	0	276	189	77	335	45	67	1354	19	571	6	167	91	254	39	2	798	47	19	464	4	55	272	0	126	40	455	0	110	186	28	31	81	394	45	93
V273	37	74	7	236	2	70	1121	85	142	254	401	260	190	42	95	536	439	174	237	109	35	15	45	302	123	18	273	58	213	7	32	80	41	137	177	85	273	308	94	46	63	59	450	405	178	96	94	27	14	481	69
V274	9	1	216	253	105	235	88	84	11	246	3	69	29	275	24	122	119	8	10	56	119	27	123	302	63	133	23	217	47	169	141	5	17	2	170	233	613	208	785	138	93	23	193	316	28	400	212	218	1	217	23
V275	184	29	361	27	14	23	13	242	281	302	110	3	266	592	222	1273	289	460	62	526	17	435	106	192	244	189	38	158	242	64	72	107	89	185	20	122	170	296	447	200	54	104	422	84	40	117	580	263	473	1	77
V276	6	175	292	74	240	632	280	298	115	104	259	86	173	138	886	60	65	354	23	35	272	602	73	161	641	224	419	15	86	635	13	162	101	146	551	61	240	35	23	545	9	282	162	410	297	110	66	92	80	24	140
V277	102	363	124	212	173	77	48	86	14	187	113	115	167	449	8	139	25	495	182	230	298	16	87	53	300	1	79	156	79	166	183	295	177	654	165	376	64	31	227	307	146	18	305	3	693	348	155	234	303	10	262
V278	12	110	209	45	123	509	15	35	47	78	324	289	97	21	129	106	40	108	164	62	53	21	26	78	806	66	111	143	244	40	16	149	271	29	12	665	21	346	374	835	535	908	413	62	117	615	116	413	23	79	101
V279	28	795	83	94	79	14	195	622	89	2	482	120	127	277	98	126	287	119	87	92	199	427	186	271	10	146	581	87	305	74	148	185	412	272	329	18	222	365	865	107	284	267	243	140	215	688	221	87	254	617	495
V280	51	85	440	4	85	51	204	93	16	105	29	258	475	4	52	301	44	50	67	108	75	56	376	116	15	192	171	245	256	187	104	140	197	17	32	92	171	193	49	1181	1	206	52	32	117	69	333	222	397	375	81
V281	70	35	56	195	932	258	31	32	172	159	92	742	26	67	97	142	206	227	908	69	6	14	465	278	57	476	127	278	355	175	279	431	2	293	154	86	139	97	316	27	232	108	518	95	312	21	210	91	46	132	66
V282	45	149	66	129	748	241	37	1317	161	10	804	275	276	469	77	358	99	145	35	242	542	98	25	70	32	454	266	247	63	151	269	373	91	67	331	13	212	104	381	3	281	81	619	13	124	114	175	15	47	363	112
V283	59	8	1	285	570	334	247	87	223	210	667	196	26	29	26	60	41	577	413	151	372	14	136	43	125	556	23	17	274	262	105	81	169	74	128	412	156	36	14	109	265	686	58	122	216	57	13	296	13	258	50
V284	375	620	220	382	89	124	64	315	10	148	362	181	31	284	1336	62	142	199	467	35	58	23	241	57	136	549	72	635	273	92	3	385	3	141	657	41	15	30	186	28	524	85	155	190	14	65	75	16	324	135	524
V285	35	172	156	272	54	192	0	87	51	39	898	443	388	431	304	448	33	44	66	94	242	13	212	133	43	81	56	29	853	9	326	285	94	264	49	96	78	217	96	139	14	170	481	272	221	348	32	33	248	517	120
V286	502	88	138	252	218	46	241	488	205	94	787	435	71	530	20	39	640	7	122	290	247	381	130	74	26	120	378	286	190	151	79	89	145	587	67	529	243	309	80	14	200	136	264	2	15	5	30	290	191	149	197
V287	36	118	48	208	917	43	67	279	35	2	40	107	239	390	93	5	153	6	213	34	10	344	442	339	101	125	72	69	132	483	89	365	208	198	518	95	249	155	11	198	75	294	140	199	55	153	413	52	10	212	119
V288	14	225	231	183	5	183	87	445	350	187	47	88	123	73	115	130	280	290	46	122	884	86	397	289	292	391	604	295	525	87	227	271	234	195	153	530	126	87	184	86	330	90	88	62	288	608	4	293	8	260	167
V289	149	265	239	108	354	37	91	236	140	198	284	76	15	897	55	760	341	102	29	385	165	207	265	133	294	169	44	117	22	79	179	56	274	41	70	13	48	48	155	29	99	225	472	293	139	31	292	132	216	161	217
V290	181	3	577	516	87	126	41	905	109	248	194	37	321	265	56	31	113	168	75	5	95	308	391	147	254	6	74	169	787	127	132	143	369	13	89	389	14	97	85	236	36	637	12	23	42	37	133	100	12	62	68
V291	6	455	130	199	45	206	179	279	39	86	319	56	10	704	67	266	12	6	259	8	268	402	124	245	335	319	15	375	317	82	1	210	99	105	229	848	37	378	240	91	339	151	194	83	371	79	244	238	245	126	311
V292	24	105	203	153	178	260	49	22	191	504	4	224	561	160	139	51	271	47	59	213	407	187	107	38	267	106	244	49	44	276	40	769	228	320	160	378	38	101	15	808	148	461	0	101	2	225	331	58	2	209	95
V293	91	1004	17	25	441	27	118	169	43	219	6	236	77	144	42	43	63	73	24	134	34	246	248	265	646	446	189	169	136	807	225	316	151	51	292	675	253	204	0	18	105	24	24	32	508	5	5	293	235	111	668
V294	130	369	2	50	18	30	416	109	58	33	237	138	405	165	37	55	176	25	286	12	183	11	128	16	51	48	72	293	136	180	845	247	28	110	40	66	214	87	30	445	23	95	288	77	77	83	49	444	494	277	291
V295	198	110	270	206	799	374	530	130	89	322	46	166	37	161	242	37	207	0	139	321	208	28	6	34	128	58	34	315	258	330	270	206	256	72	544	48	42	111	23	706	174	223	120	57	395	65	375	36	19	562	163
V296	117	64	114	54	29	113	558	107	27	57	487	304	66	130	556	41	188	217	44	869	164	94	244	8	208	437	530	213	104	91	329	132	898	16	178	54	305	413	135	599	253	21	48	216	38	287	71	262	338	223	98
V297	24	7	180	97	113	37	73	74	40	43	133	294	81	70	112	76	249	435	43	245	21	165	186	141	58	346	161	10	145	6	0	49	19	371	1066	70	337	66	3	85	6	329	64	15	124	150	518	342	101	459	28
V298	363	45	64	34	316	384	134	199	82	53	28	114	286	103	324	52	325	85	551	28	88	295	64	85	191	44	125	327	68	97	166	295	132	63	84	217	132	139	823	31	3	117	50	615	81	15	718	203	236	21	166
V299	252	146	152	47	405	54	278	1	6	13	49	304	212	120	445	386	381	210	387	104	127	250	139	37	283	196	235	135	221	221	21	219	130	221	19	142	167	156	216	49	1	40	96	14	547	106	322	20	0	184	179
V300	154	1374	427	51	143	649	368	124	369	115	216	215	66	38	108	6	216	236	464	63	65	388	348	201	2	2	421	75	174	286	358	97	259	78	71	20	169	113	186	40	154	101	77	347	61	382	366	3	198	474	857
V301	181	71	359	92	229	295	83	0	1389	521	13	150	14	344	137	30	381	17	241	217	102	51	197	21	206	164	116	83	22	384	487	481	434	228	206	58	20	343	105	389	422	290	224	231	92	93	1159	142	14	603	123
V302	226	593	116	162	113	167	652	15	248	160	172	49	75	32	76	96	58	145	15	176	40	199	133	17	204	120	20	158	123	185	176	110	228	15	60	11	22	54	187	185	64	152	31	111	53	53	170	540	81	301	433
V303	722	41	21	197	44	15	29	103	25	184	363	318	45	100	719	69	571	114	174	219	154	65	24	451	92	245	308	156	380	14	58	84	84	215	314	173	100	292	180	168	172	57	254	30	262	1	9	66	121	113	261
V304	33	165	92	147	54	331	40	171	92	143	60	581	74	301	108	517	16	73	27	55	6	25	156	628	309	200	206	62	83	273	663	271	76	338	353	18	104	407	60	17	114	226	280	59	146	103	386	30	150	519	127
V305	289	90	249	93	564	59	109	81	195	510	11	100	3	49	392	124	56	484	103	85	230	7	224	128	76	213	341	71	65	225	67	127	180	193	223	11	122	48	200	248	143	165	136	95	31	123	52	33	469	61	164
V306	358	267	112	61	373	102	18	324	333	393	8	27	219	86	112	222	26	491	426	26	24	158	28	112	367	382	38	7	105	146	210	154	83	109	64	424	100	138	24	384	65	312	35	132	227	98	177	342	18	254	253
V307	46	324	172	30	646	41	13	79	71	31	86	99	160	63	405	64	632	195	273	40	71	7	0	20	357	216	381	66	47	50	158	128	95	257	77	129	20	21	102	235	244	278	111	92	38	147	85	53	154	7	215
V308	5	118	154	117	266	324	5	32	129	88	264	6	516	77	43	131	270	236	49	541	50	86	14	620	353	163	598	175	259	77	147	227	57	249	383	59	813	695	447	105	297	195	567	162	184	166	27	159	565	505	100
V309	202	57	114	109	21	301	568	265	150	856	109	151	58	15	87	815	210	75	90	68	213	34	966	221	411	141	169	17	159	428	71	64	33	117	51	450	243	466	488	66	253	313	38	382	424	190	205	176	447	41	117
V310	3	229	17	148	203	99	197	623	51	149	233	477	179	185	505	49	170	40	73	69	792	401	196	654	163	490	183	148	8	227	152	4	299	259	334	109	400	378	232	170	9	61	178	203	215	133	6	1	174	240	159
V311	19	182	90	276	276	319	334	2	162	424	736	246	127	84	108	954	160	112	71	60	32	853	38	370	199	83	560	114	53	384	56	11	20	281	165	512	243	69	272	193	352	166	337	431	157	43	263	8	103	122	133
V312	189	121	453	194	110	197	125	29	97	95	14	600	20	203	398	176	84	74	8	79	28	618	662	220	282	66	277	426	522	81	141	149	5	83	350	59	213	361	17	9	52	6	24	23	307	179	221	55	1030	646	164
V313	503	7	738	377	44	85	702	93	792	13	339	721	730	196	789	5	22	90	225	140	26	186	215	68	457	117	59	385	14	71	56	246	142	81	74	927	229	716	275	98	133	263	65	203	71	141	1252	91	179	9	197
V314	110	119	273	82	289	144	322	0	70	285	86	47	197	93	314	101	86	991	68	678	216	510	215	169	307	617	4	68	2	205	250	74	117	116	48	115	44	29	325	220	163	255	132	42	61	692	559	207	840	271	140
V315	63	682	136	5	360	167	189	117	178	437	171	124	163	187	28	30	43	4	71	48	74	67	301	243	554	303	25	33	70	143	14	431	66	199	149	818	26	115	282	33	20	41	445	519	2	61	288	162	169	121	479
V316	148	45	38	735	91	405	305	494	25	367	138	51	24	384	105	230	55	475	312	64	74	465	113	290	132	149	305	180	31	141	191	122	70	335	80	161	177	14	385	42	0	149	95	280	24	373	702	261	116	48	109
V317	92	181	281	4	886	162	758	1204	445	454	123	31	501	202	256	110	58	89	59	194	172	25	55	210	237	89	532	640	33	47	360	165	15	31	5	182	44	147	31	402	9	79	108	0	76	41	32	354	79	70	155
V318	77	119	100	165	97	117	58	666	386	218	153	212	214	129	2	257	175	93	233	16	281	213	25	414	352	15	61	237	271	105	289	74	284	261	276	568	103	215	33	79	34	623	248	211	194	90	18	50	286	159	110
V319	36	82	149	1	246	54	70	289	15	499	147	227	931	15	350	285	27	314	609	286	31	89	152	296	133	211	390	148	29	244	466	27	96	93	394	41	64	238	456	149	142	255	394	968	449	315	124	166	237	89	74
V320	192	318	275	63	63	7	7	29	104	68	50	89	471	497	6	33	7	0	64	160	199	516	96	18	155	182	89	142	433	157	379	241	1647	152	549	237	45	485	471	132	170	61	43	181	257	29	459	291	273	447	296
V321	265	291	157	242	394	273	57	104	263	164	50	26	14	25	279	173	160	2	526	232	139	27	401	114	220	257	475	442	43	35	24	51	285	53	73	89	180	35	132	150	113	25	121	8	8	104	179	142	1052	219	269
V322	24	42	112	133	120	325	75	68	250	184	474	94	116	192	533	95	53	31	279	279	351	61	962	335	24	60	85	480	232	153	68	20	122	115	173	402	99	2	24	26	518	19	278	191	172	272	419	7	35	107	39
V323	306	45	39	80	453	189	102	265	451	123	31	47	651	47	919	1	20	17	53	432	20	519	123	113	215	166	62	462	454	176	112	218	139	362	329	690	340	597	21	324	442	39	16	370	287	190	306	197	425	43	133
V324	12	409	210	395	26	287	110	135	157	149	44	242	143	150	172	568	532	452	155	24	167	26	5	584	125	454	900	163	174	83	162	458	88	152	140	92	3	476	168	151	93	142	1	510	76	20	267	14	165	621	291
V325	85	511	349	86	16	6	204	513	459	321	152	188	92	98	88	73	174	96	17	117	300	817	141	13	22	17	31	413	525	267	8	153	667	132	16	425	128	14	408	737	1770	139	206	96	14	217	63	67	207	1	352
V326	75	29	99	161	6	258	36	419	688	124	46	168	65	105	138	131	190	193	335	96	242	529	579	35	528	360	503	626	14	968	60	392	23	140	195	221	232	476	294	220	171	533	258	643	41	190	122	587	246	99	70
V327	221	188	533	74	173	146	81	381	157	149	233	80	176	438	14	268	36	54	357	274	177	73	241	203	178	16	76	23	536	229	452	94	340	137	476	743	140	68	4	29	149	0	125	145	352	106	20	371	55	112	200
V328	161	8	279	623	93	11	84	340	210	79	134	281	247	158	202	133	151	146	169	84	54	51	555	38	415	179	558	159	151	83	491	9	100	677	205	135	631	140	340	8	430	1078	395	2	363	30	250	414	455	276	78
V329	38	268	375	143	190	678	111	279	15	642	173	107	399	122	101	151	187	969	134	121	148	342	246	426	107	263	12	214	1157	387	183	116	218	52	457	248	140	79	125	36	380	1434	62	100	64	294	192	201	64	48	207
V330	89	7	39	113	94	552	48	141	17	110	117	175	181	196	249	137	58	68	108	143	301	309	44	32	128	10	45	201	574	215	420	176	571	126	352	379	138	483	25	143	578	313	244	160	258	180	131	331	21	502	51
V331	38	22	28	160	64	350	174	161	37	266	278	34	41	46	371	984	9	2	143	187	314	389	112	225	235	15	609	442	20	364	613	117	48	53	264	0	64	1288	111	151	214	44	446	62	61	47	152	248	486	36	42
V332	187	273	513	98	135	698	90	54	124	1	687	134	6	900	45	32	77	176	367	21	586	84	10	68	370	43	46	177	282	345	210	2	37	38	193	63	92	222	47	146	329	147	22	326	479	136	339	347	587	541	244
V333	541	24	10	88	197	386	29	248	83	544	42	4	199	646	236	105	110	495	219	62	349	123	49	439	24	62	125	388	214	127	21	292	173	152	30	3	103	556	571	201	32	60	9	292	285	10	115	189	107	152	162
V334	216	254	93	578	102	137	230	358	315	512	459	263	86	62	95	424	16	429	267	513	238	233	301	463	142	35	246	640	122	78	48	125	634	85	246	243	71	18	238	596	380	178	100	151	37	34	677	53	338	305	244
V335	427	96	150	235	12	232	37	107	1209	303	107	152	39	393	515	492	96	51	53	299	164	182	140	61	241	9	298	0	523	64	36	379	105	98	88	130	48	865	63	118	193	127	432	30	219	44	461	188	184	185	217
V336	210	72	274	406	37	355	1127	148	46	228	416	487	236	305	235	33	8	30	192	76	314	65	64	58	32	54	182	143	130	375	181	67	23	2	113	116	179	247	90	50	18	268	4	147	115	162	116	514	694	538	119
V337	133	315	153	40	345	27	435	332	58	705	75	113	6	8	2	267	252	55	218	107	393	418	382	222	165	194	146	214	386	42	133	125	242	8	806	307	487	42	66	66	9	18	225	255	80	14	89	30	34	275	258
V338	74	314	616	151	52	23	457	490	26	45	107	76	256	59	99	208	34	31	51	29	323	58	15	223	621	91	118	119	13	24	11	4	21	31	350	161	217	420	171	35	161	345	72	607	23	62	38	187	138	67	204
V339	111	181	67	1	155	1009	20	90	381	13	56	94	14	438	41	166	374	181	205	55	66	4	135	119	343	64	11	520	104	149	332	250	221	48	76	78	70	44	149	12	348	144	91	162	390	24	119	282	111	151	155
V340	189	49	33	478	107	1161	85	71	484	204	54	69	180	7	123	206	183	141	110	418	38	48	110	59	130	171	150	566	54	44	2	25	362	49	76	327	330	86	137	353	325	25	285	228	220	27	273	122	260	430	100
V341	176	247	64	39	175	143	443	390	118	452	478	90	76	53	39	114	283	440	172	391	167	49	37	12	27	314	39	122	361	153	23	181	512	590	463	40	505	244	169	24	345	137	73	53	239	150	203	1	57	24	230
V342	254	97	83	658	19	315	343	136	70	56	572	17	198	117	7	85	143	3	188	37	151	381	51	36	20	31	232	1	476	447	702	430	89	45	6	147	336	128	118	575	85	327	171	116	111	168	88	7	5	201	163
V343	286	21	261	29	29	111	35	2	204	58	29	0	98	126	402	267	276	74	10	182	11	99	25	630	122	82	338	596	128	33	74	23	14	134	389	127	105	133	471	232	478	253	38	262	12	101	88	71	25	34	133
V344	85	295	617	31	68	167	555	141	257	553	126	206	43	6	28	50	547	25	85	295	227	12	52	153	495	4	22	38	136	399	314	72	80	8	72	164	298	17	331	468	107	91	207	14	163	203	274	175	283	945	206
V345	251	317	433	163	304	288	39	40	492	102	226	66	167	386	164	94	24	69	520	430	99	342	172	396	119	11	57	41	91	29	90	33	211	52	115	60	492	455	168	208	117	271	197	117	96	186	275	149	38	363	262
V346	134	144	320	134	84	66	43	196	67	150	261	232	61	23	61	55	72	40	425	17	30	235	55	35	173	99	114	21	70	246	58	8	360	191	81	158	47	237	467	58	183	299	601	245	103	92	202	220	182	97	145
V347	47	134	144	131	15	7	6	634	188	332	25	128	218	209	58	56	83	487	733	85	297	367	519	250	15	18	57	242	332	316	43	341	144	83	28	47	215	88	220	460	505	120	131	1	13	41	516	18	105	141	107
V348	91	198	34	401	346	107	239	459	108	323	1	78	440	30	73	340	398	43	74	7	156	131	938	1	146	34	186	378	8	61	281	40	225	92	612	548	394	24	80	468	70	13	307	446	51	79	94	38	209	81	166
V349	310	184	268	237	68	378	6	124	89	156	195	95	438	302	38	140	52	13	48	43	111	312	177	326	437	158	227	69	166	207	0	227	13	113	150	417	172	270	52	375	198	7	273	461	371	38	39	434	126	158	241
V350	48	153	335	384	51	197	3	322	9	495	133	127	260	248	229	47	410	333	291	777	176	140	19	520	198	24	167	107	211	61	118	517	66	515	68	259	26	582	62	30	213	95	220	137	20	672	211	163	173	433	123
V351	632	436	39	676	43	18	48	230	14	17	568	138	1500	58	251	117	40	313	130	513	99	149	120	241	449	127	3	555	286	68	211	59	305	32	350	223	204	167	26	144	84	102	203	94	67	289	307	105	84	37	452
V352	186	317	279	10	148	4	139	4	1	245	238	17	482	148	283	249	79	120	4	8	538	178	349	606	0	416	317	58	55	206	17	151	50	129	317	161	333	30	294	5	2	89	410	117	254	314	165	29	170	55	322
V353	155	227	93	53	196	71	295	23	484	108	215	395	198	1060	82	4	282	319	193	264	6	367	90	174	35	310	120	268	322	179	44	125	875	70	1	99	62	243	235	618	74	14	593	29	99	23	118	85	470	190	208
V354	199	166	63	88	228	351	273	249	57	375	15	24	441	186	257	483	14	35	12	12	85	29	241	97	474	166	1040	146	120	193	41	61	319	81	47	1333	277	95	223	100	292	283	1056	196	117	38	16	40	153	28	181
V355	591	6	260	132	37	447	318	20	544	359	50	25	85	144	87	482	472	151	40	200	170	64	188	216	71	5	113	165	193	176	261	159	39	162	495	116	27	29	238	85	375	266	224	308	480	10	312	251	35	48	205
V356	84	407	695	334	779	70	64	78	19	302	269	13	31	20	501	230	97	141	47	699	201	42	255	77	42	175	34	226	245	135	125	165	22	163	477	273	271	222	307	208	239	90	299	683	684	8	16	124	668	59	318
V357	150	217	72	47	179	238	560	430	38	263	255	122	120	270	126	322	355	211	131	404	207	255	14	117	58	264	24	428	498	107	205	276	758	87	2	330	148	192	410	421	404	106	119	91	452	90	2	188	278	68	202
V358	33	4	28	363	326	75	684	208	338	355	57	1054	1	100	21	87	269	395	255	755	263	63	321	579	264	159	150	89	45	369	226	672	38	217	691	93	111	447	163	192	102	357	522	41	45	360	168	20	230	32	47
V359	366	880	154	591	310	24	309	21	86	177	45	68	62	28	266	69	157	104	145	1046	778	65	121	214	80	416	38	188	424	92	48	643	55	6	33	44	355	29	107	59	392	109	24	123	357	96	86	484	84	7	664
V360	24	241	83	489	118	580	293	59	517	0	182	63	18	151	109	255	251	29	89	626	79	276	582	83	761	45	109	128	216	195	256	102	214	363	385	258	217	225	26	2	205	137	83	92	44	96	28	240	203	17	178
V361	89	201	292	129	14	5	251	250	70	95	64	310	7	227	69	73	26	101	131	60	172	597	128	8	246	33	603	73	126	71	202	209	453	142	6	165	203	193	53	18	173	8	176	60	32	486	272	117	48	71	155
V362	226	68	185	18	347	104	393	47	197	167	296	40	39	70	243	11	112	55	262	25	135	40	254	359	184	464	307	600	310	110	212	64	6	40	411	337	12	16	40	78	75	218	43	574	32	51	404	121	95	305	125
V363	417	568	64	25	167	37	180	952	91	37	207	35	252	754	9	85	50	19	12	27	136	124	433	45	30	20	5	35	226	0	59	256	115	147	16	191	158	32	152	175	35	29	226	543	284	2	33	189	173	491	456
V364	33	571	71	155	27	136	263	251	178	11	66	328	394	153	9	315	12	12	48	6	42	285	861	67	276	86	131	356	132	230	194	1271	169	97	118	17	316	257	28	30	144	311	9	59	265	285	248	44	42	64	344
V365	425	760	494	241	37	472	500	543	7	11	344	459	167	56	162	219	297	24	3	71	97	349	654	253	146	46	792	196	18	335	46	223	2	73	49	712	399	129	66	111	262	52	147	556	155	482	11	940	473	331	600
V366	173	207	7	141	271	398	81	401	381	372	0	51	25	235	197	25	290	195	27	496	305	22	225	137	315	103	153	378	83	239	273	97	9	17	833	227	238	5	122	184	11	162	524	445	38	41	75	241	209	352	211
V367	32	591	30	80	184	384	187	31	165	232	58	440	49	410	286	12	284	366	207	119	148	134	250	14	276	28	77	0	452	133	30	339	113	236	510	108	176	382	83	85	341	0	479	17	338	466	57	18	164	72	383
V368	219	63	6	47	133	311	5	329	69	614	90	250	46	23	181	287	200	391	2	80	22	425	15	60	581	259	252	216	526	21	186	166	240	8	69	156	153	48	185	88	210	17	1158	122	44	359	31	485	34	547	126
V369	90	5	35	381	101	27	636	299	150	40	196	440	441	204	194	172	38	12	173	42	198	513	33	200	22	206	1	63	89	345	182	733	543	27	215	58	54	197	17	69	74	14	335	141	73	30	20	229	61	125	44
V370	229	369	178	401	63	10	143	192	6	362	94	786	275	13	122	23	344	125	102	35	962	25	538	107	95	73	19	840	359	134	53	280	258	422	25	22	297	55	126	132	1445	83	129	219	19	50	23	95	42	1	299
V371	113	17	153	13	46	25	202	188	6	843	603	304	8	4	616	202	74	240	9	266	509	280	267	49	563	271	91	394	3	370	30	819	16	138	65	519	369	48	483	134	79	407	33	466	503	43	14	76	311	656	68
V372	122	85	127	263	66	180	143	357	25	74	105	497	118	113	185	566	88	284	73	42	376	35	2	46	182	35	119	153	459	134	95	134	108	118	8	95	163	248	78	46	256	198	82	42	208	117	66	110	332	202	107
V373	207	244	188	46	630	191	293	64	260	246	20	104	262	56	449	450	80	23	194	277	276	158	583	814	307	521	48	151	78	323	62	354	98	659	53	106	133	107	603	127	3	27	535	132	110	5	56	91	41	30	257
V374	166	78	603	48	54	501	28	104	1041	371	121	340	17	146	29	275	193	448	311	26	119	18	57	195	156	71	483	60	432	371	14	68	614	436	184	166	367	57	22	214	115	105	113	17	35	378	142	738	604	316	117
V375	74	127	115	36	108	19	147	20	166	592	0	475	225	185	264	229	467	25	389	229	19	268	186	348	211	527	66	310	222	7	138	192	104	34	167	49	73	94	729	157	298	8	342	324	24	59	24	53	176	0	139
V376	422	448	147	1078	106	113	267	28	304	453	62	93	45	291	6	17	224	247	168	157	72	413	26	542	508	459	116	14	291	89	323	49	177	9	36	78	185	109	100	150	186	283	132	295	4	373	69	0	50	144	423
V377	377	250	37	438	56	670	773	149	360	88	215	877	47	143	128	35	7	128	116	62	153	271	31	6	80	191	235	2	465	441	133	124	78	40	359	264	325	225	79	203	181	259	219	38	246	4	2	37	94	122	282
V378	135	413	49	437	87	41	51	181	170	106	384	197	38	37	2	588	111	273	55	180	28	103	286	183	31	52	267	402	6	102	122	242	617	251	315	98	58	338	20	5	320	80	45	211	111	221	53	6	394	81	313
V379	23	163	282	801	117	519	529	194	37	319	417	160	85	226	121	263	171	284	429	174	317	61	207	152	50	290	211	209	30	71	56	19	533	412	23	148	150	98	75	454	123	119	63	21	6	230	321	301	107	367	140
V380	326	160	386	120	372	255	139	324	138	111	302	302	226	391	19	461	126	13	15	62	111	20	86	308	115	119	33	65	81	96	521	86	79	92	430	121	708	494	3	14	352	271	9	206	307	282	507	298	245	202	243
V381	135	100	102	221	3	3	216	138	214	78	110	92	345	5	8	36	340	227	7	232	138	11	0	346	98	19	48	211	249	400	178	191	529	52	116	277	454	462	151	506	72	25	72	2	100	57	33	47	449	385	137
V382	52	47	509	24	94	174	242	18	79	69	33	840	92	26	170	110	141	136	366	240	143	28	53	128	200	228	76	12	140	56	495	47	21	290	84	62	577	65	146	518	0	134	50	80	393	77	96	51	184	7	57
V383	161	161	0	30	94	44	259	303	339	20	34	58	191	375	203	285	112	52	90	352	2	454	39	87	302	50	0	46	371	902	580	283	202	33	24	88	207	533	755	97	254	29	475	155	13	55	431	573	62	16	160
V384	642	649	14	9	153	11	236	61	206	43	502	20	371	19	432	145	183	333	212	101	38	541	102	28	45	28	370	242	56	202	197	119	102	155	426	361	57	492	457	72	144	216	19	14	319	134	33	7	643	97	593
V385	328	5	235	20	372	122	83	154	96	173	875	24	393	89	92	39	111	74	115	171	116	786	225	111	245	16	38	77	12	206	232	208	222	20	11	43	152	18	13	26	114	31	282	225	321	84	338	11	246	121	101
V386	720	502	224	55	519	570	84	59	177	58	33	13	37	41	204	52	36	381	800	181	317	508	44	225	8	98	6	69	307	243	60	93	251	530	5	112	7	1	48	282	86	144	129	374	385	223	387	66	161	225	529
V387	134	139	67	196	49	701	217	5	24	33	188	478	132	20	482	19	429	220	150	302	162	49	108	12	18	112	199	6	94	8	441	4	113	358	129	61	1564	196	15	47	74	94	6	71	12	250	51	346	261	65	130
V388	272	1	202	121	58	132	375	10	164	567	468	221	59	40	163	1	30	230	357	340	468	49	14	844	61	169	411	12	43	194	103	35	86	123	336	125	24	11	34	225	89	197	146	32	353	84	10	7	482	160	113
V389	406	44	86	85	144	51	174	173	52	227	33	160	52	50	8	12	37	6	85	43	611	153	311	9	4	210	341	367	166	274	489	70	264	234	4	290	79	210	483	200	86	66	7	17	160	283	201	382	0	315	180
V390	224	31	55	460	288	25	368	50	201	199	109	47	656	174	94	125	40	186	49	494	578	422	132	228	351	151	47	178	258	76	355	111	111	277	59	100	87	27	309	345	24	223	201	318	64	281	2	92	231	35	109
V391	954	36	0	159	505	179	426	86	592	131	783	289	57	20	774	293	163	306	571	324	360	240	101	70	52	9	485	251	61	5	3	392	347	91	763	7	149	78	52	350	17	720	21	121	1	347	170	1048	30	16	329
V392	314	579	285	341	239	177	49	176	115	80	266	48	25	1042	34	478	6	71	84	44	182	273	23	6	198	213	101	286	1	109	305	35	89	247	292	42	50	15	179	493	853	21	130	538	343	75	86	512	166	81	473
V393	129	2	359	50	265	89	178	219	560	404	36	27	6	180	103	185	612	317	160	23	345	48	15	32	194	195	457	10	398	1	103	143	15	45	201	310	112	182	686	836	92	45	67	435	11	283	44	194	17	106	65
V394	524	2	40	576	366	429	112	84	74	398	22	69	218	104	389	365	8	273	558	138	167	121	29	397	4	146	911	62	512	2	49	126	8	60	87	33	660	58	36	353	11	101	716	33	63	159	363	101	97	79	161
V395	24	642	178	351	96	145	394	59	476	26	228	225	129	507	72	215	37	382	305	314	129	38	145	200	48	282	755	607	388	331	482	607	221	390	384	50	173	58	142	475	316	202	94	95	37	79	39	64	336	235	413
V396	316	9	157	209	121	263	29	42	489	25	607	187	12	459	455	98	125	245	93	62	109	43	50	4	246	51	660	363	535	233	144	1	92	529	25	316	198	31	271	289	430	54	472	86	17	57	27	78	351	16	97
V397	136	2	300	66	198	138	242	562	39	45	391	66	68	490	229	112	99	30	157	111	599	270	79	29	127	49	191	117	91	129	349	827	195	790	384	180	258	92	141	157	103	342	183	92	272	220	55	171	183	5	57
V398	36	28	1	201	77	65	34	211	83	237	396	193	448	173	121	67	46	159	36	345	268	48	16	805	333	56	90	368	56	252	26	125	240	425	72	134	534	544	601	6	412	85	55	28	68	562	180	57	104	49	48
V399	55	151	374	157	17	96	277	133	71	55	68	117	78	202	303	355	61	139	23	85	26	569	360	84	49	177	880	96	128	27	192	87	178	124	360	244	53	49	1	108	90	29	703	156	359	86	620	67	34	314	128
V400	7	22	260	110	531	335	202	281	424	136	51	52	239	148	416	266	396	90	379	267	233	644	442	116	448	20	128	151	73	40	50	98	63	241	9	17	321	122	93	15	34	250	132	61	141	861	12	3	255	314	21
V401	297	345	455	87	398	633	44	92	425	450	606	778	131	215	123	107	10	118	217	280	37	219	119	239	76	253	74	6	139	136	257	48	81	110	9	15	176	137	269	3	27	182	141	421	273	662	30	95	159	282	321
V402	203	140	343	192	9	102	173	226	35	66	85	210	354	49	254	232	118	196	169	18	113	16	366	129	2	193	37	1	125	158	24	137	771	471	797	211	67	99	55	464	7	258	171	112	102	16	239	204	250	133	164
V403	72	383	51	137	200	149	60	193	98	156	132	582	371	17	21	192	13	50	8	97	200	345	20	37	1	236	70	41	51	5	394	56	302	411	254	11	75	369	21	40	461	188	5	8	46	47	7	97	29	168	285
V404	229	213	322	174	291	26	601	60	268	68	22	121	206	196	137	1288	18	405	199	308	0	64	148	180	237	314	16	50	771	42	511	204	70	224	55	99	113	39	37	493	298	492	8	489	59	196	55	467	78	706	225
V405	74	216	62	111	254	34	42	74	423	23	72	270	13	228	17	4	219	248	72	64	55	9	102	67	195	201	182	4	5	221	368	32	125	68	130	95	17	24	94	232	177	90	237	80	161	157	214	62	149	663	166
V406	69	99	161	189	166	100	9	70	404	136	10	79	723	558	232	160	66	70	177	369	217	279	606	323	10	170	185	77	96	479	206	388	90	324	449	204	85	21	802	71	120	1136	100	641	258	297	39	43	3	125	110
V407	70	154	87	26	86	7	546	81	88	271	1	530	389	700	198	107	39	29	787	61	417	39	19	677	77	51	69	286	212	94	133	171	149	83	408	65	281	48	71	30	84	102	2	200	192	789	559	14	242	151	125
V408	81	33	22	72	133	366	385	114	855	7	56	64	38	111	34	13	311	22	63	74	121	6	34	195	522	13	98	70	199	107	50	181	234	128	87	36	100	772	300	259	29	26	31	67	406	31	181	319	126	641	60
V409	348	252	52	403	164	189	65	95	51	211	181	75	461	18	24	262	204	246	3	303	90	319	263	153	324	406	31	63	2	7	79	70	840	131	167	317	347	560	181	0	118	8	223	200	292	277	205	416	581	249	267
V410	39	2	31	825	82	256	117	27	52	51	64	102	274	19	124	11	159	621	92	425	1422	432	110	185	364	102	159	219	20	356	82	17	15	61	558	12	133	84	381	512	343	35	290	124	143	23	257	404	71	168	25
V411	101	742	273	143	133	51	87	1232	619	40	253	431	8	64	52	437	214	343	271	57	60	431	165	155	600	108	256	360	97	58	272	710	72	225	21	237	191	207	14	208	351	9	206	312	67	30	9	366	121	69	498
V412	21	130	84	79	142	88	6	704	219	211	299	291	188	59	1	246	278	214	243	336	229	159	70	1095	405	38	230	58	304	196	37	224	107	151	93	375	181	30	90	60	52	8	613	88	232	389	451	65	142	42	102
V413	50	437	254	181	149	3	37	4	46	192	1	135	328	133	183	58	349	291	78	50	85	280	185	668	194	166	258	3	278	116	13	144	57	390	59	45	9	23	471	82	162	478	19	114	814	115	116	281	2	88	299
V414	539	203	22	132	128	189	18	338	327	515	19	792	306	559	590	665	84	716	170	1332	207	221	203	76	141	303	231	103	493	71	172	27	27	448	302	1	149	191	1247	7	510	184	819	55	161	273	125	8	16	250	324
V415	640	457	328	322	43	160	111	241	57	121	489	14	353	267	58	91	54	39	6	258	111	118	227	783	342	4	20	203	51	0	387	66	142	29	71	163	16	85	141	52	14	318	249	203	340	433	428	24	686	676	513
V416	78	118	63	201	143	44	5	97	340	24	423	570	136	19	105	181	842	380	36	153	936	25	216	547	104	1092	111	329	59	162	158	62	53	328	28	494	139	334	179	30	382	495	366	100	41	55	266	361	2	3	113
V417	86	58	329	174	307	13	114	96	22	27	68	220	1705	425	210	299	120	206	1256	152	441	407	1525	146	109	420	218	246	271	280	191	123	14	29	240	264	338	303	106	144	112	284	59	30	478	49	170	251	0	215	75
V418	638	183	224	9	24	9	99	47	133	389	9	41	202	333	248	357	81	382	261	9	194	245	211	38	21	370	421	86	156	10	158	256	62	484	96	19	29	628	299	16	81	46	217	15	34	66	202	648	290	48	328
V419	635	94	0	64	154	174	5	562	137	118	290	107	307	72	17	47	135	64	370	94	568	615	14	24	170	366	212	100	78	294	133	358	311	211	72	351	38	161	335	138	163	41	354	152	155	169	45	22	132	209	255
V420	119	248	109	317	14	14	168	191	0	320	123	9	795	100	111	215	804	43	132	22	94	246	94	1477	455	428	362	80	28	54	68	52	93	467	43	39	111	1	462	59	35	150	284	60	68	101	282	80	124	301	196
V421	174	200	240	349	89	852	169	104	465	22	47	191	376	141	77	1	21	238	171	363	80	327	212	195	27	303	44	13	338	42	35	306	214	252	184	261	212	14	75	677	68	276	30	398	1418	3	166	136	17	159	189
V422	185	273	36	84	72	320	308	118	34	156	174	103	368	23	115	476	19	588	314	199	153	267	28	9	476	76	0	245	147	264	1031	192	192	180	180	247	175	186	168	593	281	620	198	354	60	248	240	201	41	61	218
V423	112	268	293	388	113	69	55	208	18	39	26	446	415	243	91	2	12	118	114	47	319	104	68	443	264	394	156	270	88	106	88	100	505	464	886	190	421	137	424	294	178	65	379	278	214	205	846	7	139	615	184
V424	66	205	9	431	8	325	54	201	303	616	34	90	246	465	110	485	57	4	262	277	72	96	93	174	137	33	86	377	6	370	610	193	84	77	66	174	264	16	134	367	31	58	213	28	89	378	210	224	154	48	168
V425	43	423	245	204	266	51	126	370	43	152	455	119	31	23	221	270	94	212	95	7	171	112	602	73	10	412	96	99	210	546	132	139	43	673	198	250	37	270	257	128	153	162	209	426	169	22	177	29	528	37	278
V426	165	166	167	57	24	497	550	487	23	191	400	380	84	71	504	280	93	517	823	0	55	342	42	153	119	552	128	50	31	474	518	173	60	633	405	157	231	8	407	119	292	46	215	10	332	229	160	266	217	192	159
V427	111	28	334	290	437	14	68	83	139	263	71	121	102	245	705	57	25	199	217	205	148	240	37	588	136	30	260	297	354	35	403	155	109	28	10	416	402	23	43	140	78	236	434	168	124	39	40	17	367	79	62
V428	182	22	363	98	131	85	328	207	424	419	230	436	157	247	121	274	235	174	228	247	52	156	30	50	334	255	61	252	2	489	133	106	15	122	259	74	199	304	115	46	36	103	85	130	24	255	394	74	73	105	87
V429	587	385	674	270	488	399	43	169	79	119	494	316	112	216	3	144	17	370	113	128	105	690	83	24	375	136	44	4	77	248	165	583	211	228	237	240	306	104	86	23	128	144	10	66	55	869	229	1073	617	125	410
V430	109	152	1	52	55	172	249	14	83	17	3	387	27	100	297	42	608	195	58	44	11	70	228	9	109	375	177	286	140	81	50	220	322	55	83	361	91	41	105	101	74	47	144	50	206	47	477	151	240	674	150
V431	84	39	61	318	113	103	27	47	99	49	0	556	44	169	77	361	139	424	222	270	244	130	118	186	13	363	89	22	147	445	118	216	268	168	446	33	693	314	46	198	61	330	74	0	86	289	38	155	134	216	62
V432	505	122	112	38	44	195	614	143	82	105	70	282	336	45	371	129	186	52	468	125	126	573	19	21	61	45	229	925	34	302	32	107	254	22	14	34	150	139	871	6	3	123	179	153	562	63	68	14	33	307	257
V433	185	45	199	441	159	142	462	245	0	31	153	193	51	112	77	114	100	254	136	69	14	118	270	228	8	627	179	55	39	596	204	208	86	253	10	101	127	1074	222	350	41	246	71	4	52	33	108	349	217	215	93
V434	142	441	225	417	256	191	11	236	272	90	386	346	19	69	93	301	270	431	114	31	270	364	372	43	327	582	187	209	1386	35	180	259	216	30	150	434	124	201	27	116	129	97	162	768	22	177	148	196	82	24	295
V435	8	206	37	19	164	411	177	124	48	65	194	330	123	248	246	111	13	2	154	429	466	713	48	398	471	849	225	77	162	331	105	187	58	266	199	46	108	216	312	205	124	167	128	119	232	246	67	33	218	182	137
V436	1	409	71	280	56	251	192	166	5	61	182	151	28	39	106	78	287	83	244	132	65	112	433	231	458	354	455	150	262	67	112	388	53	199	118	158	54	242	287	159	29	159	45	681	325	47	336	82	198	96	278
V437	124	391	148	139	158	69	8	97	63	433	555	68	405	48	24	582	99	321	69	262	100	25	260	492	280	405	40	774	6	83	216	653	1369	42	65	21	53	39	270	229	22	21	705	51	34	39	176	7	274	132	301
V438	76	854	116	29	58	158	201	519	220	131	240	48	340	458	77	756	404	58	1056	65	254	646	541	188	330	167	124	187	42	280	215	106	915	185	441	209	12	10	20	10	146	148	17	99	264	218	38	26	16	20	571
V439	311	140	520	5	240	150	221	1065	338	54	339	91	179	783	283	275	228	70	110	36	243	228	195	618	49	714	29	48	262	30	569	255	37	239	135	93	365	0	209	110	25	768	273	628	466	635	277	68	642	54	211
V440	600	284	206	52	242	111	364	72	367	159	184	173	47	256	9	23	184	61	13	88	156	72	36	46	56	32	113	8	386	483	299	260	0	91	2	652	73	178	5	59	241	191	93	41	111	57	326	52	72	315	387
V441	148	117	127	195	716	185	41	121	32	80	136	35	199	254	254	665	227	92	119	470	266	0	145	66	53	13	178	252	219	159	124	157	101	263	2	407	261	770	127	159	330	243	192	4	8	89	254	106	371	48	135
V442	241	143	310	8	107	365	183	204	526	46	0	101	265	385	122	189	112	402	167	39	85	11	11	131	9	214	43	418	115	22	171	16	490	296	202	307	246	200	215	240	639	206	51	128	379	271	196	17	264	204	182
V443	104	17	232	25	33	116	415	3	753	6	79	69	26	213	512	18	227	138	116	21	226	79	351	19	46	31	20	308	87	65	127	69	77	630	86	39	275	418	56	473	158	174	57	10	54	26	218	231	51	36	49
V444	364	317	128	1	70	120	195	644	68	294	90	437	84	96	44	34	190	40	59	659	116	525	324	74	24	405	9	176	262	230	214	181	134	72	46	68	34	134	187	183	100	1	55	2	271	215	150	15	143	86	314
V445	18	76	1211	382	369	183	124	100	248	116	115	215	397	77	113	454	31	297	27	60	56	6	223	196	508	61	54	301	427	52	4	348	366	57	221	676	35	289	315	138	103	84	73	102	149	89	35	177	43	25	59
V446	101	32	23	54	150	357	30	635	692	397	228	183	241	123	36	15	833	76	154	97	385	163	69	361	2	95	84	376	437	0	38	43	80	96	349	4	26	47	296	257	135	80	315	36	336	203	204	277	108	1	54
V447	77	32	131	71	40	1104	4	452	275	259	649	1251	37	71	28	213	350	372	295	201	331	68	335	64	322	211	260	251	287	384	345	123	25	48	30	13	112	204	344	88	221	72	328	14	76	155	238	21	383	71	85
V448	37	107	157	18	288	7	239	60	172	190	482	292	12	142	618	224	506	371	90	784	127	53	41	314	101	199	70	14	238	506	35	715	536	57	67	10	533	32	62	548	552	215	48	175	36	117	18	230	202	3	102
V449	95	57	702	18	88	185	500	94	25	202	35	3	27	47	99	8	424	561	276	11	118	66	5	296	330	363	134	422	46	264	163	482	1031	276	167	94	287	393	286	156	116	49	60	266	258	188	176	457	435	5	69
V450	364	531	36	822	402	164	140	503	64	61	110	131	60	429	201	139	363	14	96	27	363	131	39	351	145	24	407	334	333	210	126	150	300	88	108	309	1	120	69	192	1	230	112	170	120	38	31	170	230	206	443
V451	54	478	127	6	384	105	118	60	26	233	19	149	103	165	23	65	100	10	73	414	147	74	15	302	306	193	34	13	81	496	57	10	637	119	256	46	29	81	141	0	70	32	619	15	19	371	129	96	492	334	339
V452	250	78	57	338	87	105	90	7	181	289	254	268	250	16	249	376	86	282	541	123	139	47	64	110	20	90	72	33	97	150	303	100	16	118	104	12	516	0	688	32	85	71	26	188	373	474	273	18	188	118	136
V453	0	208	113	455	113	90	169	36	164	333	50	535	45	117	367	105	145	114	94	25	182	107	592	194	310	184	396	246	181	299	40	107	191	126	501	218	52	574	131	248	749	14	147	53	219	22	94	224	198	171	146
V454	239	134	204	260	174	297	770	47	99	860	358	157	578	74	75	76	497	6	189	101	75	66	5	9	107	187	121	91	207	294	83	88	30	327	92	358	138	269	9	8	617	147	98	115	287	142	197	22	96	102	164
V455	86	658	229	486	273	555	31	315	43	0	209	0	24	16	135	42	365	457	54	27	431	225	246	98	98	293	284	194	194	82	139	434	60	83	1	516	275	97	156	346	24	0	20	154	248	187	1	990	103	79	477
V456	183	348	137	14	168	132	110	58	1253	53	135	158	273	350	90	956	79	188	428	53	713	98	129	143	257	1142	151	276	2	71	17	39	67	203	561	353	30	224	151	784	24	637	273	314	34	136	160	250	37	2	267
V457	253	268	55	21	345	251	66	68	59	106	68	405	497	39	89	350	330	211	397	616	465	10	45	312	277	293	110	74	279	103	68	24	5	22	98	179	57	226	396	33	107	1239	161	341	363	170	31	135	31	613	262
V458	43	304	32	219	342	60	148	138	395	120	559	158	162	364	43	1240	63	333	91	272	37	321	203	330	86	44	103	69	143	56	345	48	143	77	202	597	90	116	85	118	11	76	184	53	196	165	45	669	158	11	218
V459	49	30	2	284	152	176	68	179	584	410	75	228	421	115	252	97	39	8	68	26	197	129	239	53	7	120	430	42	303	398	103	32	267	49	173	473	43	155	67	132	406	586	216	498	41	762	292	3	292	248	45
V460	116	240	292	63	208	547	6	208	14	385	139	24	226	505	490	175	621	450	688	213	148	178	415	49	687	416	215	0	126	93	187	189	362	341	7	265	121	231	97	45	137	59	231	282	63	415	345	38	302	562	192
V461	131	158	78	58	134	130	188	175	301	32	23	64	82	74	185	49	1	319	34	239	361	308	183	327	209	360	162	65	165	19	157	225	72	261	33	11	141	79	3	451	76	505	45	369	239	111	257	140	162	543	157
V462	230	132	133	54	153	88	121	101	34	266	234	98	153	15	70	261	516	112	197	475	68	79	132	114	122	573	270	54	794	52	1120	114	16	6	707	401	933	204	108	575	26	15	166	374	959	103	477	33	416	560	164
V463	195	58	285	33	102	30	219	782	20	242	35	10	257	201	11	94	46	54	251	448	81	196	21	462	162	70	563	17	8	329	411	332	204	35	492	54	185	371	29	33	74	146	23	18	24	30	22	31	627	187	120
V464	244	334	43	239	5	359	85	34	88	15	207	93	71	449	24	500	22	100	261	86	307	100	10	69	51	58	145	86	173	108	189	39	80	92	61	177	16	34	290	403	390	114	516	173	38	96	103	308	76	411	309
V465	187	28	464	103	200	84	78	99	518	93	14	16	122	154	397	241	338	4	70	101	52	45	277	550	673	40	111	314	827	470	413	22	77	484	158	73	811	34	9	130	140	61	95	198	142	78	252	93	477	356	102
V466	54	155	864	229	187	52	312	45	0	89	195	74	17	1019	495	736	19	54	290	133	402	124	328	248	670	136	164	25	89	230	305	304	592	21	77	378	38	77	181	289	267	8	43	67	60	179	541	178	26	81	120
V467	255	57	62	84	198	181	7	310	117	103	119	27	88	62	334	297	182	162	60	14	191	431	77	79	62	40	323	10	26	106	8	47	133	17	362	8	162	287	271	391	149	107	136	377	232	112	42	37	537	134	152
V468	129	117	139	424	82	692	160	212	450	13	321	36	627	47	85	51	115	26	64	159	116	12	100	151	116	80	615	353	15	111	170	3	40	168	560	165	269	14	90	562	442	96	271	45	28	384	67	657	182	78	124
V469	242	1067	183	287	220	145	236	163	22	18	140	5	475	167	486	87	204	298	349	517	93	366	161	159	105	50	162	73	22	191	87	26	352	28	58	314	35	299	91	85	112	13	458	155	115	474	74	261	187	193	715
V470	189	310	345	65	231	71	1212	104	205	60	375	160	283	45	14	129	416	70	22	129	218	216	111	52	123	233	37	135	55	121	263	98	56	436	1	8	9	449	342	113	163	42	245	71	85	359	215	190	20	27	262
V471	53	116	221	67	191	157	27	19	131	467	169	51	77	173	401	5	275	302	341	506	90	74	58	236	202	167	74	58	75	386	75	840	188	111	123	77	33	38	108	199	261	75	184	271	233	481	85	117	299	85	92
V472	117	546	165	82	29	379	406	162	207	100	83	165	256	253	0	276	42	201	208	335	42	7	158	161	738	73	20	65	159	64	1	518	114	211	385	226	432	72	32	272	51	15	41	532	204	397	74	49	350	39	368
V473	121	24	18	413	68	703	267	503	105	4	26	256	43	193	124	478	284	172	26	32	104	444	254	314	22	271	51	153	155	347	140	86	820	93	361	12	80	10	128	379	88	115	421	18	347	146	111	3	128	118	64
V474	314	3	515	158	184	141	284	1159	56	22	313	162	17	174	324	339	41	3	245	64	51	125	53	124	16	93	23	58	13	401	439	472	9	303	246	291	10	88	435	135	45	487	108	1173	204	278	247	254	329	584	92
V475	21	327	75	220	2	91	207	571	207	233	58	337	12	182	235	136	70	250	191	245	648	691	408	162	23	23	106	15	692	504	187	233	106	203	27	564	146	211	62	14	38	627	372	31	108	63	35	27	291	21	247
V476	22	599	52	417	35	11	3	23	35	165	166	530	191	173	30	325	351	241	109	198	9	253	497	218	158	434	323	420	56	223	97	258	503	448	138	10	5	569	293	562	112	21	137	29	184	118	742	226	24	470	406
V477	189	49	213	240	46	119	215	286	16	795	1	182	58	21	195	362	247	7	0	171	115	51	131	539	104	189	93	733	86	10	141	34	581	79	4	159	141	913	702	61	56	29	135	27	287	74	478	8	82	446	105
V478	366	350	411	164	58	199	462	117	20	77	86	9	105	134	283	163	121	342	88	421	116	11	15	171	289	612	12	72	311	92	262	88	18	331	352	47	222	172	51	0	65	46	418	215	53	88	780	153	226	78	349
V479	135	104	131	17	683	28	122	25	425	7	91	222	199	157	134	172	117	69	110	367	16	104	445	16	23	12	11	765	66	101	79	13	584	513	120	152	889	167	80	291	499	146	29	230	323	44	7	79	606	169	132
V480	360	41	15	10	155	331	109	557	28	82	542	102	102	9	256	112	373	225	195	259	28	92	150	106	227	303	161	93	283	3	33	240	60	27	30	35	673	132	56	66	147	886	57	32	372	15	221	290	81	83	149
V481	219	177	357	69	184	83	210	50	32	97	58	213	78	311	578	81	28	27	36	60	13	25	139	140	88	38	138	44	79	35	247	191	41	127	33	121	426	350	7	2	159	165	8	52	87	149	75	929	632	1000	191
V482	44	752	519	343	99	92	302	186	249	35	592	27	204	273	473	211	83	259	248	120	7	464	108	171	371	184	165	148	178	87	432	82	433	398	119	332	392	285	127	168	76	54	20	40	319	129	98	225	302	24	510
V483	904	520	154	20	41	139	31	197	196	416	16	10	713	33	10	72	760	86	239	59	293	157	105	128	27	247	45	87	198	62	20	60	431	52	337	346	170	874	20	551	123	173	18	118	515	43	165	217	539	62	574
V484	272	22	186	44	41	46	61	277	194	63	182	170	4	428	182	177	665	36	369	73	163	46	35	37	344	92	9	286	4	75	621	210	59	19	16	74	770	73	375	484	311	507	245	223	152	528	8	671	811	882	106
V485	240	203	152	6	334	243	154	46	100	18	383	121	159	367	295	97	192	454	67	34	11	246	32	121	536	183	85	192	141	18	61	455	706	35	241	30	139	781	22	112	155	133	97	618	384	490	133	112	150	8	191
V486	109	216	164	68	25	36	147	611	438	186	7	15	147	33	77	213	195	42	93	137	233	126	37	37	80	98	151	117	121	149	347	80	137	126	108	182	139	135	165	1110	122	63	74	168	85	294	143	37	0	145	171
V487	60	135	253	107	82	193	154	427	107	266	475	279	59	214	10	459	291	401	382	58	285	28	312	522	207	28	137	223	59	3	289	115	292	32	258	344	77	72	559	165	275	113	87	42	103	310	56	79	331	304	130
V488	266	329	105	19	103	173	51	326	32	304	376	325	18	223	13	121	238	19	207	1044	204	3	62	20	192	246	239	8	979	20	14	90	319	139	65	3	5	57	364	34	30	327	87	774	147	634	384	198	121	201	266
V489	108	27	166	5	411	64	14	150	159	63	45	158	12	356	68	34	40	241	18	342	410	325	159	119	399	359	186	257	118	129	65	138	114	432	186	6	28	167	122	284	7	66	167	163	67	165	42	246	181	290	59
V490	45	4	103	5	216	74	166	85	83	382	63	117	176	105	342	34	133	15	27	12	361	254	55	88	260	323	0	128	70	172	5	94	329	542	273	163	185	101	38	19	117	238	218	0	30	54	391	106	175	76	35
V491	101	192	308	142	146	58	347	7	81	127	684	151	252	112	484	177	44	660	27	31	142	33	373	145	221	9	197	15	29	86	1099	530	106	258	60	18	573	391	62	410	146	59	666	324	175	101	94	100	118	1	173
V492	275	671	128	117	460	27	366	87	149	246	220	463	226	108	91	78	276	147	348	52	363	47	5	192	40	394	39	29	69	436	110	281	225	92	174	238	170	14	108	85	66	199	579	16	343	28	0	38	100	772	505
V493	179	64	246	486	448	241	11	85	208	109	127	73	140	114	526	315	21	653	175	20	232	248	157	6	167	190	409	402	200	133	29	217	107	982	129	21	195	215	145	35	208	64	271	27	44	156	167	69	16	4	99
V494	44	168	30	443	259	225	92	35	53	117	136	175	5	86	104	172	258	140	72	544	200	58	365	384	38	168	44	85	8	3	359	218	47	15	115	369	167	35	48	177	370	1093	246	219	129	79	122	176	83	198	149
V495	131	101	352	135	25	592	91	298	472	11	4	294	113	89	753	28	13	104	612	98	70	39	138	27	290	35	11	42	845	17	29	269	14	432	46	5	722	9	14	748	28	37	343	46	260	3	94	123	23	213	116
V496	26	179	213	5	94	11	104	107	1042	303	248	153	8	149	45	55	18	184	148	80	160	1110	236	456	271	58	268	1211	263	187	43	308	7	579	33	23	493	27	261	98	122	45	163	573	316	196	88	1	166	60	141
V497	115	68	373	152	87	82	451	1174	1	18	38	39	123	23	461	153	45	264	77	29	272	45	20	69	290	15	419	625	324	636	334	382	486	36	152	254	106	135	72	115	164	157	126	262	99	355	213	343	693	116	93
V498	212	137	137	539	89	40	84	200	167	36	207	905	378	59	360	82	118	62	526	579	371	1	16	55	157	822	378	287	92	70	29	115	266	398	93	23	211	64	206	88	98	43	217	777	440	129	293	451	75	85	178
V499	34	295	78	612	221	70	27	36	2	763	90	266	374	385	37	250	880	443	15	1091	26	4	63	148	119	75	83	254	312	308	7	9	141	122	62	156	778	174	16	17	312	38	197	23	101	120	384	273	209	437	222
V500	319	200	193	145	557	79	86	181	37	26	513	322	270	63	251	189	34	178	50	44	424	262	1147	293	54	3	138	228	492	316	561	168	279	401	82	99	70	171	167	53	1601	18	120	81	187	329	19	238	42	34	236
