Source001	Source002	Source003	Source004	Source005	Source006	Source007	Source008	Source009	Source010	Source011	Source012	Source013	Source014	Source015	Source016	Source017	Source018	Source019	Source020	Source021	Source022	Source023	Source024	Source025	Source026	Source027	Source028	Source029	Source030	Source031	Source032	Source033	Source034	Source035	Source036	Source037	Source038	Source039	Source040	Source041	Source042	Source043	Source044	Source045	Source046	Source047	Source048	Source049	Source050	Sink
V1	755	374	298	6	66	319	496	372	665	143	125	473	26	521	940	93	651	343	178	51	465	59	30	34	8	157	86	153	84	69	408	1206	248	513	119	70	289	53	191	238	298	57	123	124	94	182	316	176	145	170	581
V2	383	135	33	81	2	76	359	225	52	327	64	256	244	125	29	523	959	132	332	250	79	101	728	104	247	476	146	183	636	8	208	242	159	291	104	70	22	79	357	393	33	61	229	273	486	3	12	23	89	197	269
V3	56	141	54	75	197	49	430	268	179	10	263	266	42	45	68	226	37	229	172	342	17	46	52	127	1008	109	101	179	36	428	416	189	70	220	571	108	43	62	51	709	372	40	48	141	27	35	16	108	124	171	95
V4	174	191	425	134	499	76	154	105	641	196	119	83	149	40	56	56	140	711	356	4	420	165	426	104	244	294	205	594	146	52	383	124	7	283	313	52	270	102	60	554	228	17	194	52	56	68	84	147	92	14	183
V5	62	263	11	52	21	10	12	13	40	562	153	58	172	144	172	295	333	91	7	99	83	335	93	80	248	26	325	340	15	431	149	291	12	531	28	56	4	408	38	158	109	70	8	86	432	186	26	147	137	373	131
V6	87	135	930	13	88	325	97	12	288	338	150	37	171	339	567	10	5	202	303	169	12	139	526	248	308	205	161	54	213	526	131	155	229	170	420	25	41	366	119	193	750	188	55	244	258	161	104	47	472	179	106
V7	90	136	112	506	46	247	350	85	18	208	150	29	199	93	101	52	922	237	298	246	26	467	344	340	52	198	160	60	183	9	109	20	209	263	39	132	6	378	231	96	272	575	99	220	529	22	140	310	393	128	121
V8	808	20	35	97	388	85	154	99	65	282	99	494	41	115	207	554	586	174	242	31	50	314	47	517	660	68	86	127	234	529	61	524	40	83	46	90	95	87	5	117	426	21	528	65	255	22	124	393	108	8	478
V9	75	701	284	533	289	6	157	288	25	791	29	89	138	81	164	226	145	115	29	75	44	290	1076	117	70	22	163	182	337	11	11	215	177	509	361	34	188	32	278	140	68	126	439	68	24	222	56	467	208	93	344
V10	12	33	712	88	33	394	273	17	99	296	157	169	88	30	41	204	258	507	237	118	181	161	165	145	24	233	166	222	227	391	355	947	32	46	9	248	35	477	27	356	97	12	233	93	183	241	208	453	37	1215	40
V11	176	225	232	589	322	23	109	86	294	8	107	373	37	1076	64	125	17	56	21	88	89	1	84	242	79	175	220	198	6	169	90	275	41	329	146	213	99	18	254	27	677	291	74	23	18	47	52	9	435	55	217
V12	12	73	3	109	132	150	361	109	69	372	653	440	24	314	139	50	4	25	5	208	66	602	144	62	164	23	186	864	392	191	67	481	34	11	3	254	491	90	54	26	197	409	1	11	31	376	59	92	101	60	62
V13	203	495	1	201	69	118	20	166	781	98	1248	272	2	808	37	476	329	32	73	194	468	61	189	3	240	10	138	125	231	114	492	176	31	15	687	76	509	393	273	301	347	22	117	39	150	17	79	12	120	277	332
V14	126	154	154	431	59	433	110	193	268	104	203	581	2	49	560	311	364	319	8	139	85	426	138	119	32	3	183	140	30	192	27	261	368	381	211	246	650	16	297	357	845	78	48	88	248	178	140	281	168	25	143
V15	273	715	8	227	87	22	243	428	849	298	175	131	28	536	316	330	141	0	40	170	432	137	43	37	1	249	40	292	572	56	8	384	40	469	43	107	493	597	13	29	71	59	111	80	162	340	22	205	48	117	422
V16	449	394	108	68	213	151	326	148	73	192	256	50	137	409	194	154	340	69	783	385	456	504	219	272	260	113	242	668	254	22	170	433	32	179	6	701	152	189	191	49	245	225	191	257	76	429	329	156	142	6	408
V17	171	64	56	608	905	103	2237	47	691	24	90	120	176	154	288	114	331	261	31	103	40	626	5	47	87	14	136	627	9	120	349	140	105	77	96	94	329	58	22	15	289	149	92	168	49	502	391	101	11	257	144
V18	177	68	154	1058	218	101	182	22	478	24	82	22	16	528	50	54	150	217	22	3	126	106	327	258	695	473	271	437	473	24	149	7	78	634	7	681	81	15	217	61	34	42	783	42	46	82	60	31	87	16	140
V19	210	170	33	142	508	79	11	362	167	164	759	101	93	165	36	663	29	130	219	636	342	13	21	335	5	615	44	109	584	52	116	10	108	256	104	73	66	177	76	24	30	647	60	94	12	245	393	84	18	458	209
V20	143	22	159	303	32	0	393	274	328	59	34	0	123	67	11	320	46	290	435	888	317	380	411	67	176	20	13	18	56	45	84	82	119	180	345	200	333	85	15	25	8	105	330	197	291	307	183	257	139	534	106
V21	23	49	57	108	135	113	285	140	118	15	3	14	105	268	180	422	380	107	275	274	26	248	431	146	279	238	521	22	41	445	121	446	249	196	278	47	354	55	26	241	30	10	36	337	348	545	97	112	64	298	40
V22	307	208	316	49	212	259	124	6	399	103	243	78	186	234	689	8	219	675	24	139	152	23	924	252	216	82	107	248	47	325	47	376	14	8	19	50	70	25	114	108	298	37	1	79	252	224	3	34	41	76	240
V23	21	557	84	275	51	243	52	240	53	124	98	120	17	148	148	326	11	139	0	126	316	163	187	326	77	525	66	24	79	54	185	336	304	20	30	195	120	68	198	13	219	90	79	314	67	375	7	350	23	222	233
V24	40	56	125	3	290	35	37	503	388	206	39	581	284	219	557	125	575	424	549	121	45	19	136	249	108	33	61	580	212	17	28	104	13	261	109	361	324	58	58	226	3	73	348	137	76	73	299	9	70	64	53
V25	544	127	143	292	98	391	426	33	58	105	108	263	12	65	10	136	164	192	74	237	311	338	8	157	195	4	103	173	900	271	197	80	273	46	54	2	271	767	196	333	67	94	77	199	235	57	23	58	76	1047	342
V26	287	39	210	533	57	163	78	537	317	52	39	308	100	119	102	54	15	140	6	6	7	91	158	430	57	689	114	297	14	1	24	723	491	314	31	237	27	193	481	275	18	572	560	174	5	0	402	498	232	187	175
V27	495	113	249	161	72	39	90	341	305	237	410	20	298	103	222	258	254	18	5	1125	32	948	154	195	185	12	284	201	41	365	45	44	435	8	257	127	292	4	232	421	384	527	101	1200	0	372	449	43	430	702	362
V28	93	85	49	150	68	77	122	91	178	275	19	453	1098	390	13	714	192	84	356	87	59	160	107	290	188	220	272	40	384	18	53	5	631	149	23	372	232	94	75	178	67	304	73	45	6	53	247	191	118	145	100
V29	37	158	171	167	138	180	218	5	93	458	42	907	439	295	443	144	167	91	8	149	97	141	54	14	4	288	6	97	296	244	204	241	54	612	105	548	114	4	149	89	352	27	101	26	273	184	7	77	26	64	102
V30	264	81	62	29	49	84	79	248	394	269	9	305	213	258	19	116	496	425	398	410	106	638	462	761	211	770	460	1022	17	346	212	12	157	53	185	163	492	502	61	651	55	277	84	16	17	65	396	202	32	26	208
V31	340	34	27	43	115	24	559	236	664	220	106	47	560	319	93	42	83	5	105	306	426	322	132	434	107	480	5	44	111	768	54	41	63	315	293	765	190	256	415	507	180	76	61	336	579	247	108	69	10	370	232
V32	31	109	65	239	96	16	328	198	58	464	71	178	216	81	313	78	46	248	207	160	60	140	265	333	338	36	371	43	55	331	42	161	180	102	103	56	303	218	428	112	160	112	294	40	446	6	137	29	690	40	78
V33	23	480	47	4	411	289	285	95	15	346	296	385	333	194	635	438	65	104	782	19	87	203	220	40	638	219	362	187	28	195	61	45	385	44	74	209	93	24	21	280	390	258	294	94	119	203	5	20	686	97	235
V34	19	188	52	99	413	71	159	332	71	136	75	128	95	52	46	1107	385	24	192	246	151	126	251	95	43	123	221	21	152	48	113	205	1	1053	174	241	80	57	750	45	18	735	45	60	25	159	783	0	140	258	78
V35	254	174	23	173	222	69	65	137	122	530	159	17	79	403	54	137	56	26	238	160	122	14	303	29	130	259	401	197	79	1045	130	132	2	214	50	75	7	548	96	162	15	444	178	121	111	38	89	56	273	253	213
V36	196	561	91	170	368	265	9	232	79	101	280	43	12	92	235	79	1046	76	160	80	18	658	43	97	33	202	110	167	64	130	95	156	164	117	23	77	237	14	197	17	914	224	687	128	164	196	254	539	171	197	326
V37	103	281	13	83	209	108	259	197	99	355	39	420	268	164	674	43	17	387	114	292	131	25	311	352	87	162	56	217	19	192	62	13	63	200	135	380	21	130	54	48	79	174	149	140	47	14	153	113	293	822	170
V38	216	174	9	85	309	528	315	431	82	87	125	120	161	505	472	14	568	313	145	61	120	153	182	49	164	220	75	73	277	200	411	58	225	49	177	373	1	162	86	172	146	320	16	128	444	214	123	44	241	63	210
V39	38	92	504	163	354	123	453	49	36	32	288	519	110	629	186	323	430	185	648	133	281	382	279	307	108	92	168	95	3	85	261	132	53	48	523	2	79	30	17	137	86	71	5	158	11	23	352	155	12	232	95
V40	127	2	161	116	556	336	63	24	161	111	348	237	35	14	34	289	49	252	25	165	88	75	307	105	218	478	688	397	638	404	208	983	69	93	151	605	48	2	41	6	143	154	79	19	423	355	34	615	1398	124	102
V41	66	179	93	311	1	284	138	45	77	242	863	1	93	217	96	14	157	542	595	95	23	266	20	63	9	149	134	181	232	340	527	366	19	426	184	20	22	101	80	69	296	134	132	227	201	116	392	154	28	3	104
V42	9	255	48	110	79	420	146	62	41	167	188	160	51	133	291	3	35	93	88	157	559	96	113	446	56	363	244	149	15	207	657	16	365	526	92	191	421	272	352	71	213	459	352	325	1026	386	112	191	289	126	140
V43	21	530	384	4	411	170	376	339	7	56	39	377	161	124	183	249	123	115	164	407	105	14	139	2	167	246	192	649	252	40	266	21	129	950	1	74	3	259	185	556	92	247	283	132	168	36	352	420	18	365	220
V44	96	309	89	115	52	85	14	152	23	224	7	156	394	171	284	86	58	186	50	166	167	120	859	7	54	138	83	175	48	192	276	181	15	131	227	74	979	136	10	44	179	217	131	173	112	123	288	403	189	1009	193
V45	99	86	28	1	208	32	7	163	87	341	94	26	942	149	208	52	73	416	451	367	2	31	114	322	147	432	37	109	241	384	35	47	480	216	577	390	172	437	205	80	251	42	43	214	47	158	13	89	125	241	72
V46	79	57	59	519	12	66	149	56	381	250	32	65	367	152	195	90	271	5	693	85	282	206	60	0	75	51	139	1	92	125	77	104	57	162	74	29	59	126	21	37	136	65	132	11	307	13	103	5	21	13	83
V47	61	249	32	61	320	203	175	102	62	336	6	42	27	680	4	163	22	13	404	56	106	116	48	84	35	3	538	227	288	638	45	215	251	374	2	27	830	80	110	106	454	474	173	51	45	331	2	311	276	72	134
V48	57	16	332	40	67	15	33	186	149	576	48	280	548	79	23	70	126	583	256	231	146	212	204	46	225	5	1443	32	244	241	97	230	113	146	91	179	83	232	3	13	34	38	216	170	19	4	242	68	11	252	54
V49	472	47	616	16	153	130	185	382	239	142	154	155	168	123	258	231	382	66	7	84	515	8	235	186	71	418	170	412	104	103	287	417	67	26	323	459	9	52	67	479	337	14	8	188	305	118	36	97	117	124	294
V50	787	14	254	316	257	268	44	279	164	242	24	288	87	674	35	4	220	250	54	155	139	134	37	23	43	42	20	138	200	219	239	122	254	135	73	112	178	46	93	128	234	163	10	156	361	192	235	466	203	67	481
V51	127	369	172	6	10	129	194	35	45	378	127	103	54	217	126	184	81	49	206	35	386	75	358	43	145	432	51	63	193	209	23	142	403	315	184	1339	248	821	312	340	269	64	80	95	63	261	45	110	971	45	203
V52	239	63	245	99	6	9	137	31	541	192	360	513	103	392	13	304	108	52	47	164	344	120	404	33	34	25	113	2	58	305	55	155	720	246	13	223	594	219	123	283	168	211	328	59	176	538	260	164	182	263	179
V53	911	124	125	257	69	325	140	206	48	189	78	40	187	54	777	127	31	370	199	421	58	69	155	73	22	152	332	327	120	45	24	269	131	21	89	84	55	175	66	45	269	347	282	151	96	91	177	264	53	222	533
V54	516	191	135	71	251	286	61	125	688	68	196	117	422	342	948	245	513	319	36	56	205	84	151	165	150	227	13	48	287	244	173	153	43	640	585	68	32	294	255	131	665	147	178	64	63	17	136	300	130	212	368
V55	483	331	495	108	412	34	104	264	96	6	201	49	57	26	126	25	133	41	578	48	177	93	238	26	470	348	41	183	309	27	749	46	149	204	176	28	2	167	74	66	300	174	598	180	106	485	450	321	187	107	374
V56	9	218	20	17	207	138	907	50	257	22	95	151	512	248	146	17	57	132	353	198	67	23	87	25	140	134	325	150	250	112	106	120	20	1	101	53	46	150	1	224	191	591	74	0	155	1	62	39	189	15	104
V57	16	108	169	6	91	204	652	176	103	229	431	272	25	119	82	37	174	198	478	116	294	183	76	26	21	375	34	27	41	27	195	115	510	49	139	492	373	398	47	101	363	57	36	52	147	280	167	467	512	171	70
V58	89	328	11	419	341	182	115	210	106	54	398	196	52	208	51	780	40	89	378	234	613	97	9	220	1163	117	461	353	73	217	2598	400	395	73	81	11	657	72	364	695	42	478	7	20	409	140	1	326	226	242	199
V59	284	198	145	3	311	128	329	72	9	9	142	126	76	217	184	46	353	17	477	8	204	5	104	30	502	1	142	76	41	4	81	39	85	67	42	176	431	127	83	163	22	831	321	13	331	108	174	153	571	98	249
V60	25	48	8	51	86	82	428	100	259	57	105	13	38	63	297	185	15	142	82	90	153	19	609	306	274	10	29	271	62	103	59	165	777	52	22	84	382	15	61	452	68	289	7	16	35	614	139	302	120	3	54
V61	224	201	94	1044	23	36	160	35	34	296	27	92	232	13	469	571	208	585	10	181	290	380	176	122	75	271	197	11	275	307	36	308	2	159	242	1	247	115	24	11	149	282	7	113	12	198	35	59	661	263	187
V62	119	112	9	4	845	322	340	1	161	115	7	127	396	703	50	568	118	7	121	118	374	63	243	242	319	37	26	51	477	10	439	115	22	47	83	30	392	231	31	511	367	96	21	82	290	49	46	207	222	220	141
V63	77	278	79	49	22	413	695	129	83	21	681	80	20	220	1138	280	53	33	523	0	5	126	692	21	257	528	331	86	30	243	75	389	325	220	64	71	329	208	69	119	219	152	9	22	210	46	162	360	27	217	181
V64	54	1	542	541	160	77	473	2	316	122	79	119	4	85	417	168	625	160	137	228	44	193	418	461	65	660	4	26	392	459	152	365	26	209	439	138	167	94	222	170	112	431	402	123	4	100	70	204	214	119	63
V65	370	9	542	2	40	170	95	174	109	225	154	320	357	69	91	88	210	34	30	60	171	384	30	675	437	33	135	69	303	363	261	80	357	11	417	239	96	569	195	179	172	11	85	382	73	628	378	43	349	285	247
V66	337	239	455	357	91	307	107	127	88	473	1040	25	346	49	153	33	580	109	9	317	125	152	96	44	132	568	21	435	64	128	51	45	455	116	240	863	25	187	104	202	139	44	99	179	16	104	136	146	35	86	292
V67	285	20	753	146	448	106	62	70	109	362	278	209	147	89	79	38	502	216	219	84	188	121	122	283	24	324	198	373	142	61	25	629	37	59	182	5	34	387	4	104	71	233	46	126	264	388	71	102	503	164	182
V68	145	156	193	1121	17	2	171	472	492	84	59	133	18	31	286	128	89	222	185	36	309	337	13	222	864	356	11	11	209	306	102	21	47	10	253	47	212	629	186	583	113	93	201	149	23	14	918	22	107	562	124
V69	186	134	145	626	142	398	122	631	104	443	175	101	63	30	91	169	18	97	106	185	75	234	160	489	501	62	288	84	81	129	482	445	298	47	637	428	106	236	91	433	128	0	230	210	384	74	534	406	217	102	145
V70	79	291	38	216	489	48	27	59	530	88	390	126	115	169	257	163	472	329	119	182	40	480	19	181	281	241	70	27	113	10	6	359	8	615	287	46	501	20	653	627	18	82	344	261	53	163	504	457	47	282	182
V71	35	51	50	157	381	475	80	114	309	1006	573	328	263	239	328	177	59	215	813	8	14	118	349	45	217	19	29	549	501	515	33	107	48	161	60	228	20	218	190	236	162	118	2	123	444	113	67	144	68	202	61
V72	325	275	522	581	3	183	755	207	35	57	59	182	484	171	88	210	222	306	143	4	54	364	907	51	81	88	608	86	23	170	55	347	486	602	160	473	175	62	64	274	63	88	621	7	180	101	9	447	147	348	266
V73	101	24	24	27	745	22	23	69	269	192	80	25	42	395	302	107	106	115	470	163	308	32	298	52	262	176	107	116	458	448	139	25	339	46	531	543	177	253	65	241	156	75	15	57	197	58	561	4	102	509	77
V74	86	82	163	205	1	137	375	150	30	32	524	55	455	92	261	28	155	297	231	82	368	88	260	8	4	8	102	397	199	435	17	140	425	144	73	33	200	739	60	103	169	117	91	251	262	235	146	13	338	62	86
V75	323	820	245	444	26	22	277	38	4	13	23	93	32	209	141	32	14	30	799	23	332	31	255	128	58	85	221	106	17	3	361	645	229	106	449	83	62	71	180	108	79	35	176	118	135	61	124	16	421	487	522
V76	24	12	4	241	97	380	233	167	3	452	152	125	99	81	23	153	34	100	91	94	61	15	180	390	56	433	13	99	41	87	78	257	16	55	245	92	114	164	225	451	112	18	6	71	126	160	75	101	162	243	36
V77	1237	293	24	135	54	253	915	332	500	170	232	1161	665	87	526	6	386	418	417	169	123	145	124	83	33	194	87	13	159	77	102	131	107	92	116	161	265	170	392	50	281	75	39	172	14	118	203	60	1	544	810
V78	69	241	309	406	24	149	270	255	20	799	49	155	30	166	20	225	110	371	1374	125	246	154	77	115	144	104	458	359	49	394	256	110	309	51	69	92	113	128	319	104	78	134	120	18	57	109	184	3	693	167	164
V79	689	313	48	403	74	48	673	618	314	165	563	75	34	0	511	356	120	107	302	68	664	406	2	807	313	85	352	146	39	336	29	138	112	130	163	837	226	3	89	5	50	133	482	119	288	506	587	0	138	12	535
V80	32	84	390	149	48	48	180	59	91	93	314	57	298	157	266	162	19	38	73	69	46	48	132	238	22	90	38	267	33	306	176	0	455	576	685	310	141	417	223	131	200	111	117	417	614	116	54	37	268	442	75
V81	40	20	99	409	133	85	109	475	406	118	14	131	50	140	9	88	19	255	31	6	11	162	12	138	480	607	80	213	1	408	777	364	129	44	4	230	57	441	24	50	455	77	182	45	12	188	33	190	46	240	51
V82	362	91	51	265	53	166	11	783	164	236	18	88	55	85	166	227	195	99	15	199	221	123	305	432	78	123	138	25	30	670	151	73	488	167	188	440	53	7	238	303	56	51	232	612	699	21	54	166	93	107	258
V83	261	612	43	168	168	10	21	54	15	547	3	313	274	106	187	164	15	66	95	38	70	355	493	368	436	192	76	398	132	573	88	42	13	97	289	527	149	55	183	66	50	229	156	178	290	29	220	124	343	8	392
V84	70	324	455	176	343	109	3	110	95	618	26	198	341	87	39	35	251	55	89	287	326	622	48	27	64	521	304	59	189	121	212	286	252	74	16	267	225	108	133	475	331	144	325	537	50	55	64	399	95	26	197
V85	28	96	423	182	283	498	313	22	53	0	119	30	28	110	5	149	76	20	123	23	5	161	697	613	437	369	271	169	17	108	9	333	87	341	709	142	83	295	63	224	475	2	69	19	137	432	325	206	105	76	65
V86	87	35	242	23	151	728	26	111	425	88	105	93	292	344	1	72	75	287	162	395	104	263	177	144	147	24	398	32	508	220	102	67	175	290	52	138	22	36	779	209	394	0	115	105	58	56	230	101	16	131	86
V87	109	485	177	287	17	426	101	7	251	237	189	59	542	22	97	51	212	32	233	39	10	149	380	54	63	92	65	79	165	105	639	134	286	195	451	104	364	16	365	13	9	124	60	232	276	251	381	328	126	115	257
V88	209	252	74	77	102	424	491	86	136	150	185	77	40	56	4	212	1	90	358	139	98	244	153	82	463	353	94	279	146	355	463	23	314	17	385	44	44	178	281	35	908	13	380	33	258	486	8	345	307	13	228
V89	614	4	44	28	291	57	14	528	5	5	130	21	434	190	393	722	318	86	357	10	246	80	386	527	130	27	427	10	297	187	89	607	190	227	689	157	41	369	4	99	459	146	110	0	170	493	522	381	76	335	328
V90	68	401	158	15	278	26	36	83	115	27	226	436	7	141	13	140	153	53	309	40	12	203	24	254	180	120	41	174	2	38	184	52	252	173	46	688	171	13	238	352	146	452	241	54	671	1018	124	493	78	409	231
V91	35	76	593	115	385	61	113	28	234	244	64	8	754	65	34	384	211	420	503	152	229	90	422	323	237	83	40	232	17	228	305	43	282	199	719	201	225	104	158	0	349	42	88	324	263	151	19	8	10	78	72
V92	237	1	96	18	293	40	177	44	3	480	36	265	247	132	188	78	26	230	527	184	107	213	31	41	66	125	108	230	150	51	236	22	6	17	153	20	31	70	114	166	229	4	159	128	548	264	309	412	146	460	146
V93	247	223	71	269	339	66	324	269	198	202	136	6	176	42	134	360	223	345	13	23	9	219	81	61	40	47	22	99	355	83	334	116	75	46	68	90	48	774	491	164	28	473	127	491	340	107	480	65	396	80	256
V94	879	280	688	270	255	354	61	394	251	586	135	452	403	246	71	181	18	229	17	111	284	145	261	102	136	52	181	165	344	116	194	22	137	272	98	353	13	177	33	401	186	38	1029	191	138	826	862	189	255	12	594
V95	501	227	15	325	34	174	23	587	792	76	823	25	258	881	66	176	98	55	318	1	199	15	116	54	100	156	305	69	75	83	178	200	1	14	36	261	208	152	117	72	629	155	62	228	810	24	182	32	30	311	337
V96	507	177	93	129	55	61	99	486	52	193	171	222	345	403	257	179	438	291	44	1	14	658	7	128	7	54	240	71	69	341	58	49	576	498	732	159	102	56	666	163	71	448	68	495	521	426	149	19	169	55	348
V97	600	194	36	35	640	15	104	850	308	68	42	960	3	211	116	18	173	244	98	256	170	323	196	207	84	310	15	128	514	61	152	140	466	169	67	34	706	590	189	200	82	344	15	386	98	135	189	396	298	164	438
V98	412	98	1294	136	26	44	206	34	30	990	477	310	124	214	125	18	46	233	88	387	297	772	254	329	168	149	373	23	295	56	492	381	107	141	119	329	385	315	247	25	10	284	340	558	22	319	366	96	268	206	279
V99	250	190	222	290	146	70	55	138	108	75	237	786	149	77	21	389	15	866	100	506	353	71	484	72	306	95	30	192	651	68	63	93	276	108	257	120	51	274	73	149	51	95	130	59	50	723	99	119	16	23	222
V100	271	68	345	506	298	49	254	98	49	207	560	459	208	270	67	158	554	50	161	23	139	338	278	290	237	962	170	173	255	94	137	497	8	353	391	34	599	88	111	398	2	13	413	350	109	274	5	31	395	124	215
V101	118	135	389	524	91	607	17	229	54	163	7	57	8	591	50	119	21	238	246	274	510	308	79	164	116	52	100	219	187	102	244	0	496	305	572	30	82	13	256	4	155	41	155	145	12	121	73	235	19	145	121
V102	59	858	447	56	166	291	4	248	96	87	195	36	9	45	438	341	38	50	1043	27	77	322	119	350	328	32	83	253	490	65	199	203	3	263	151	34	38	43	276	7	151	56	225	26	303	4	57	97	335	214	335
V103	148	251	235	320	153	184	9	9	46	104	149	20	13	158	23	439	412	304	17	14	318	569	81	304	247	32	22	109	16	103	13	27	18	26	414	469	455	351	121	305	579	3	72	72	65	67	4	167	213	157	190
V104	25	160	17	42	17	171	52	358	134	160	95	97	514	203	39	1	68	189	75	1351	108	131	149	163	105	134	79	67	254	52	27	169	152	270	587	37	166	941	133	153	1092	336	151	163	90	255	130	201	265	451	99
V105	100	477	11	145	78	480	200	329	29	49	65	1150	217	686	32	118	497	95	189	65	65	488	204	17	458	210	404	11	160	479	297	698	458	43	158	134	220	138	138	14	136	88	50	72	169	17	107	132	38	78	246
V106	102	54	21	3	244	115	141	290	29	525	152	63	445	172	216	21	51	241	172	30	217	43	405	415	18	262	490	200	95	78	482	276	305	78	403	66	59	230	1	144	12	285	52	302	268	204	4	782	559	839	86
V107	87	640	42	13	409	206	627	16	87	309	105	21	17	59	65	48	576	29	130	746	190	571	152	38	1054	5	359	70	110	474	366	18	160	453	58	206	25	1137	17	34	124	105	72	147	23	51	251	150	14	3	282
V108	21	260	8	246	137	20	194	55	478	110	422	82	14	45	102	257	371	137	189	157	263	174	479	536	415	255	470	53	99	54	180	174	15	412	223	777	43	15	14	12	106	285	471	336	8	165	43	62	46	93	125
V109	508	43	137	12	515	122	380	558	17	93	13	30	227	349	17	413	50	59	366	72	25	162	130	104	88	47	30	153	40	185	2	965	264	139	190	27	168	111	1074	90	202	343	31	64	748	94	187	285	105	26	299
V110	34	90	69	30	3	528	210	143	144	85	260	494	73	174	72	444	5	1	177	121	82	114	389	404	67	300	78	14	63	516	88	35	29	161	185	136	171	280	110	13	116	301	46	209	150	24	85	405	28	69	76
V111	125	80	52	484	281	16	63	52	696	15	71	158	4	251	52	78	212	440	58	14	77	630	403	9	90	385	189	317	73	290	109	50	40	3	278	297	92	72	202	230	425	196	22	130	69	19	261	343	16	6	115
V112	3	12	486	21	203	201	26	124	275	144	42	453	346	264	353	190	252	80	64	83	75	433	20	182	165	259	81	632	22	106	714	37	16	118	119	442	3	410	80	76	18	92	89	193	5	272	135	45	45	315	23
V113	58	381	97	149	904	633	90	253	38	46	13	574	473	646	81	472	207	319	222	760	151	59	67	33	121	127	211	98	62	28	213	52	23	145	33	89	190	100	284	339	75	150	293	95	240	596	231	479	196	65	192
V114	301	920	393	430	417	209	276	84	65	296	59	70	283	307	13	267	659	613	152	547	205	503	441	346	5	8	170	501	214	129	18	338	161	256	641	263	290	50	226	244	65	681	38	89	81	61	105	35	312	25	526
V115	37	357	30	587	140	164	114	673	235	153	37	57	490	59	497	251	462	96	397	549	65	40	266	138	670	427	204	162	217	607	56	558	496	35	63	122	81	95	133	65	257	151	104	229	53	306	439	216	249	116	173
V116	198	363	95	11	376	3	55	21	50	26	4	110	159	379	35	44	284	28	87	339	142	597	315	233	196	0	3	46	236	365	494	196	141	424	53	170	144	39	220	19	209	113	220	4	33	79	370	41	528	225	228
V117	241	5	13	81	65	268	14	255	107	11	31	603	47	1	59	101	158	234	7	266	363	139	144	230	58	324	447	1538	11	427	251	190	65	233	182	61	88	4	267	165	79	310	111	85	89	355	93	701	27	83	155
V118	195	30	167	1	610	164	2	323	242	47	669	52	430	85	382	24	41	259	634	56	62	15	180	528	181	489	439	67	107	515	88	17	262	19	100	1126	172	393	95	215	213	210	4	335	198	179	172	147	35	563	137
V119	61	117	238	86	99	24	64	277	168	64	45	78	376	432	398	92	145	127	429	116	5	635	200	125	21	11	330	41	360	855	14	20	368	86	244	194	12	691	39	191	33	367	124	15	3	301	288	73	68	261	80
V120	235	661	109	195	101	63	133	292	90	161	481	98	57	104	131	90	24	365	122	239	40	27	560	461	46	51	72	177	116	570	105	69	84	287	105	288	26	153	43	540	992	153	65	113	527	161	331	77	541	504	356
V121	5	41	521	390	119	133	140	108	44	41	546	196	84	4	85	309	290	10	85	426	16	644	59	251	122	494	111	449	64	124	316	598	83	340	144	322	48	47	67	117	115	807	266	225	112	301	513	201	158	61	33
V122	1178	197	77	78	116	808	592	188	144	7	199	502	538	9	280	641	30	594	112	650	40	204	145	99	40	481	371	33	17	48	252	596	168	22	15	33	368	69	147	134	4	56	94	475	12	155	0	656	177	739	698
V123	80	254	137	261	178	283	82	8	28	447	106	124	138	23	123	33	244	459	69	55	128	129	40	140	204	186	929	157	361	99	426	40	272	55	70	32	59	70	240	52	215	228	221	23	29	283	48	92	558	73	153
V124	1094	326	433	13	51	214	119	112	42	48	129	163	6	92	581	39	238	192	113	110	54	34	47	147	49	200	37	777	295	30	191	810	284	60	182	274	191	8	112	167	240	135	214	13	2	14	184	22	31	225	759
V125	58	47	45	290	259	20	211	121	19	64	163	208	63	72	337	408	105	161	11	116	179	95	392	19	211	144	557	13	289	96	61	164	23	87	276	13	13	187	647	241	104	17	25	316	63	154	98	211	46	433	70
V126	157	277	21	305	237	221	163	447	110	142	724	205	14	96	94	267	342	24	96	25	27	240	665	51	73	39	218	207	177	111	338	86	45	228	168	51	84	258	198	16	61	363	15	144	165	162	846	1	270	290	170
V127	214	69	200	84	116	571	81	278	290	142	26	55	242	137	57	604	109	329	57	91	82	92	214	37	56	138	82	0	229	447	8	206	303	55	29	106	211	30	244	145	190	537	280	482	154	267	583	500	167	301	143
V128	71	220	105	383	241	460	54	476	50	45	175	118	25	165	147	700	751	193	104	84	629	367	678	95	78	14	334	8	485	59	149	28	0	0	51	27	95	46	132	206	84	46	427	37	187	14	86	2	56	21	157
V129	22	159	24	923	58	66	429	200	421	326	90	193	48	173	236	268	71	961	94	18	373	156	513	296	12	108	45	523	134	173	537	88	29	258	100	170	233	51	1439	82	115	93	30	331	59	237	118	263	453	170	107
V130	43	350	346	24	33	452	47	311	10	26	100	80	209	110	4	542	20	592	264	794	74	41	140	168	481	115	86	240	28	156	773	608	177	15	18	29	196	61	100	20	120	145	70	131	17	771	23	139	18	27	191
V131	33	226	96	248	305	221	212	290	107	220	459	185	124	147	440	281	423	424	766	58	674	64	10	55	313	157	81	66	336	81	312	815	399	247	27	108	65	48	59	397	101	24	136	274	86	113	362	230	860	87	121
V132	88	381	11	42	286	281	144	328	317	76	35	19	1001	493	105	156	158	202	144	110	202	56	13	31	31	101	416	32	162	205	535	116	195	566	325	384	101	276	20	434	37	71	120	86	64	4	14	44	549	593	211
V133	11	202	51	21	56	36	1	7	389	82	8	292	35	64	70	78	165	283	354	255	551	6	60	109	237	62	117	99	33	220	45	187	445	200	838	1	108	194	18	67	129	82	209	134	213	17	11	228	34	161	88
V134	301	375	126	214	445	204	44	62	70	251	186	115	85	288	36	67	268	33	45	183	106	54	267	212	33	151	108	341	131	436	147	311	171	177	192	330	531	185	324	282	62	446	41	498	705	658	381	430	111	136	316
V135	149	269	123	108	490	490	742	43	160	116	54	343	437	431	202	40	161	56	53	19	104	57	270	138	23	139	171	177	210	197	38	262	13	199	160	104	41	50	132	46	371	71	72	39	249	229	181	12	431	33	200
V136	234	2	34	21	170	38	47	364	18	9	294	196	13	296	515	72	332	37	356	127	618	357	135	204	105	44	481	89	181	165	73	124	133	137	792	212	336	134	25	257	26	383	93	255	188	226	47	57	271	241	156
V137	177	421	35	351	19	44	293	13	113	70	240	180	129	200	119	141	19	61	141	180	180	118	56	139	9	61	359	37	272	384	33	26	113	63	323	31	175	77	569	8	20	543	99	268	747	67	37	55	225	14	281
V138	4	37	167	120	367	204	1	359	64	28	221	62	376	0	108	116	126	68	172	66	124	70	143	70	231	23	96	22	173	170	59	242	150	177	57	20	358	6	405	71	112	524	74	144	111	638	98	426	26	122	44
V139	289	678	4	62	148	152	155	59	91	27	602	20	166	432	183	350	19	412	9	184	51	358	70	8	296	110	34	70	178	51	298	265	283	172	57	125	222	292	523	253	238	158	116	601	87	188	139	265	16	62	424
V140	519	53	403	153	197	239	57	300	352	102	165	95	31	35	33	288	101	273	345	64	41	116	165	394	618	241	52	121	228	870	84	74	145	843	117	199	3	238	387	281	69	233	199	85	25	273	157	450	279	226	324
V141	29	47	80	274	675	12	163	45	0	53	287	14	797	5	544	103	245	119	177	135	64	84	228	216	72	290	137	114	29	525	322	191	150	131	22	258	353	1	46	604	114	163	118	106	302	84	99	194	15	89	53
V142	31	115	50	291	114	321	344	216	195	81	169	221	174	152	337	859	11	247	26	205	189	81	140	41	20	122	351	53	55	32	66	133	171	831	301	104	352	566	375	325	328	168	78	40	19	36	120	36	255	396	80
V143	164	1161	178	8	461	9	1233	30	72	78	109	224	286	65	219	144	180	14	131	27	118	32	20	227	66	297	295	147	241	285	425	227	108	58	168	4	103	625	233	364	64	63	113	51	200	230	38	101	31	520	544
V144	664	578	59	141	397	185	958	173	30	364	478	114	398	76	261	285	137	32	151	239	31	424	107	45	205	44	476	2	148	7	8	530	307	59	67	88	68	112	30	36	118	232	82	596	38	193	246	139	186	190	545
V145	327	601	435	169	13	206	63	32	262	8	20	311	98	147	115	166	131	12	197	591	91	76	282	344	48	100	102	165	14	21	220	12	285	71	38	7	500	326	122	183	94	286	313	428	177	546	329	111	12	126	433
V146	81	151	90	0	347	38	1	551	687	588	35	95	326	71	0	33	281	471	12	30	174	306	118	1	163	87	5	7	88	33	84	120	266	156	119	194	281	432	18	182	389	64	226	416	64	41	47	56	171	239	125
V147	636	57	82	253	309	30	2	178	253	180	239	42	9	4	277	285	381	79	196	70	51	163	98	6	99	395	523	31	302	7	443	145	138	291	188	170	27	477	31	255	89	128	409	535	94	55	52	30	242	137	366
V148	93	100	617	84	11	71	560	167	459	314	131	349	114	161	97	601	69	153	260	620	31	68	134	709	165	316	106	32	160	265	174	397	470	65	266	18	42	283	121	68	313	1	156	267	26	250	44	125	62	11	115
V149	111	50	227	103	71	546	0	88	73	52	62	132	18	339	838	99	628	540	365	116	266	113	95	27	425	169	134	342	40	385	146	583	7	157	224	142	122	289	251	155	11	370	152	199	224	288	478	93	82	444	113
V150	139	92	22	169	24	470	5	406	719	25	56	48	29	6	171	167	389	163	798	36	559	1043	58	153	113	269	4	86	161	268	89	44	100	185	136	127	199	491	293	346	172	3	66	19	202	347	141	150	244	77	129
V151	5	431	87	110	11	22	0	145	121	118	422	28	56	517	50	124	141	62	189	93	498	296	271	209	380	98	138	174	332	358	295	87	53	17	227	135	100	59	237	15	979	8	113	107	526	69	99	1390	72	18	170
V152	153	663	450	94	26	7	61	463	954	133	23	57	93	677	261	352	201	367	243	152	8	182	398	1	441	16	241	455	512	210	141	211	206	169	215	14	287	40	279	382	38	743	341	12	314	281	77	25	79	61	332
V153	157	52	191	174	46	127	203	277	39	371	389	303	88	237	219	42	3	101	82	230	49	49	130	16	270	644	95	42	208	30	23	328	77	403	190	44	165	105	139	36	997	23	127	193	109	533	99	429	25	36	118
V154	497	13	54	29	198	80	46	437	144	59	188	219	121	124	535	151	398	85	121	139	131	95	35	59	48	99	6	99	233	610	96	39	53	129	291	61	71	61	141	437	78	40	202	309	648	26	684	24	45	12	259
V155	51	137	81	106	552	214	7	308	55	1	96	108	559	13	3	387	39	95	63	167	177	323	172	65	39	2	125	173	424	42	676	16	679	140	26	297	133	185	451	241	84	183	221	107	77	108	191	4	241	18	101
V156	340	52	159	465	309	103	14	274	449	708	15	187	303	45	233	68	7	1	641	22	43	267	386	83	81	95	303	136	273	28	30	59	153	73	35	158	485	577	214	48	61	361	95	132	205	14	106	188	23	31	220
V157	250	212	95	847	219	1055	112	5	62	172	1090	283	17	446	172	160	131	1	61	7	199	157	101	188	237	92	68	436	190	182	228	137	137	93	101	212	43	709	86	171	96	61	13	97	70	75	269	327	278	201	247
V158	347	114	81	34	341	206	243	117	169	340	57	58	30	1	106	383	52	65	159	107	16	288	225	295	50	17	59	37	559	131	862	37	132	186	23	103	263	322	169	153	15	327	543	713	102	388	64	54	80	154	247
V159	1032	49	962	16	103	18	321	42	83	139	54	241	30	248	312	154	21	91	424	53	1248	161	30	11	158	94	15	397	105	867	145	295	125	8	157	662	36	175	418	245	84	38	135	256	789	25	258	221	95	155	614
V160	153	486	24	146	212	277	149	319	398	92	34	122	284	342	80	66	5	216	89	62	329	0	45	603	12	69	357	38	601	41	129	35	38	182	24	102	28	72	690	144	231	356	20	32	56	439	25	236	233	452	272
V161	269	9	375	12	252	305	4	256	679	19	449	259	131	274	640	321	0	306	177	38	156	36	21	201	138	66	460	23	208	77	378	286	295	32	14	50	131	60	141	100	117	14	567	203	160	10	66	41	27	58	175
V162	454	36	328	120	340	143	22	571	286	325	71	119	52	29	45	121	58	172	11	6	37	217	840	393	90	77	584	234	9	103	24	62	159	11	257	46	107	61	78	79	373	4	60	262	40	83	97	195	447	5	284
V163	320	136	112	270	666	122	315	207	75	132	433	365	217	115	3	34	106	199	865	155	3	437	34	184	134	3	88	82	611	26	228	179	131	55	812	65	262	22	170	317	161	246	37	111	84	131	176	61	224	14	258
V164	607	83	53	225	209	84	332	384	627	245	27	434	506	2	17	220	212	98	18	86	159	127	111	74	224	12	112	9	54	70	256	163	116	2	122	14	586	121	84	107	273	17	75	67	134	112	231	9	21	35	405
V165	57	123	94	59	281	223	23	174	1106	622	13	221	526	264	91	80	34	190	167	62	46	78	323	82	53	4	141	107	103	113	214	206	79	464	62	485	68	62	97	71	167	318	181	381	368	14	43	359	156	607	101
V166	70	41	65	443	217	372	159	216	218	83	19	17	423	125	315	79	0	81	309	195	158	152	187	43	120	191	30	109	4	104	153	136	34	288	59	301	17	18	299	0	24	115	42	37	173	2	194	571	352	95	75
V167	62	114	285	9	221	439	133	216	23	99	197	54	148	61	232	480	54	16	340	18	653	249	340	5	395	30	91	431	194	68	73	99	171	26	243	34	307	122	84	35	178	120	301	503	42	269	37	82	11	145	94
V168	8	22	104	49	211	131	200	375	58	34	13	585	90	17	118	117	90	115	35	547	521	29	166	45	374	339	83	461	143	32	3	429	123	89	507	537	131	5	83	90	54	146	9	39	338	105	128	808	175	315	33
V169	50	86	178	263	188	10	2	110	1	78	155	26	151	166	461	64	314	259	77	391	19	85	77	129	324	350	43	86	205	398	297	423	446	50	355	150	30	220	181	82	227	202	422	36	42	98	94	384	162	82	63
V170	109	185	103	230	560	41	156	372	663	161	282	58	367	47	557	258	289	245	9	48	415	8	90	317	21	44	37	380	455	303	865	152	368	81	131	187	3	173	313	72	598	86	431	10	82	268	69	484	17	33	137
V171	98	544	2	78	54	8	16	339	500	554	148	108	371	226	75	9	51	59	64	247	269	402	144	204	27	15	57	42	178	111	451	192	59	314	32	455	524	62	215	469	120	254	120	27	169	94	109	7	262	7	281
V172	237	244	153	39	180	244	589	316	333	10	66	266	239	227	183	52	135	118	74	218	509	799	272	691	38	6	290	68	1	472	68	71	160	154	148	371	15	73	145	415	104	292	68	330	643	31	284	98	674	228	237
V173	6	239	139	405	109	811	10	16	135	191	221	223	154	65	1841	254	46	45	21	216	671	194	59	17	51	394	139	43	278	31	30	61	24	85	266	2	7	294	89	3	201	106	120	151	140	312	336	260	50	286	107
V174	18	84	370	36	213	42	33	140	374	19	296	199	11	160	104	56	375	178	183	275	130	223	336	138	122	590	181	401	2	428	2	101	220	80	2	135	41	59	540	136	96	79	236	31	473	614	85	41	68	309	68
V175	438	94	180	37	79	75	797	446	3	247	457	376	201	16	48	30	328	4	49	177	124	46	7	174	440	0	149	347	65	73	69	69	529	11	20	52	125	220	628	282	99	345	137	71	29	66	36	103	67	183	296
V176	112	84	869	232	97	381	12	85	55	221	124	228	142	107	117	482	345	167	27	222	49	370	244	171	47	74	596	42	227	57	32	221	164	121	512	61	56	25	82	195	648	340	60	103	450	142	103	9	64	421	111
V177	199	310	77	239	209	103	327	511	17	737	463	191	76	73	18	656	75	274	76	12	69	8	390	260	82	291	957	343	205	107	262	0	92	481	377	96	379	18	12	39	291	267	70	683	222	321	142	236	51	176	249
V178	406	223	429	19	113	193	129	200	139	149	600	476	21	158	73	559	35	77	492	537	202	189	525	802	84	117	75	378	55	114	273	223	181	31	121	7	134	200	106	363	14	273	26	24	554	86	42	269	164	31	324
V179	41	77	31	118	491	18	136	2	50	108	835	214	48	139	281	434	31	17	740	241	231	376	134	9	53	157	565	37	12	72	246	171	266	191	612	38	121	173	215	146	280	10	177	192	131	185	213	14	54	103	57
V180	31	6	248	266	70	22	47	640	456	254	124	505	94	13	79	80	883	576	42	116	251	66	221	3	84	19	46	101	114	63	139	130	34	4	21	258	63	341	163	160	276	132	114	241	54	13	70	157	18	298	32
V181	259	116	129	124	392	27	80	321	101	153	177	10	403	756	157	11	10	88	114	221	92	88	90	25	0	1	89	547	124	335	88	57	20	85	6	131	35	537	161	114	500	601	80	217	344	8	172	146	24	48	199
V182	50	103	111	8	374	142	21	551	398	139	780	57	58	213	834	41	211	103	240	349	9	117	15	154	87	73	268	9	306	567	246	61	49	146	135	312	227	12	65	432	386	1	51	108	133	153	482	33	379	132	83
V183	81	267	172	564	439	35	60	490	201	556	55	55	183	135	240	449	157	327	276	160	339	100	102	65	30	23	42	64	16	303	251	0	12	171	264	276	80	151	87	85	450	564	1	60	180	44	714	81	277	8	152
V184	170	297	870	299	0	198	524	256	247	278	77	246	252	32	204	172	209	163	135	275	230	249	1100	83	132	293	296	89	842	58	19	163	122	59	54	623	192	577	197	26	18	121	501	73	276	23	256	177	148	158	212
V185	17	111	20	49	104	14	358	24	751	129	410	304	641	215	294	284	157	23	87	21	8	411	410	82	67	30	106	207	142	513	741	28	50	2	256	77	124	218	535	55	408	23	170	311	21	509	296	54	120	673	94
V186	115	422	1	256	9	141	171	25	118	90	7	150	106	55	338	359	207	17	418	272	77	125	165	353	200	73	77	41	74	153	40	218	289	787	41	216	137	33	270	453	268	64	36	132	121	270	87	678	271	18	241
V187	146	256	21	161	239	447	105	71	130	536	318	163	9	52	234	241	91	581	9	106	172	132	372	103	57	186	20	175	249	619	38	249	463	205	88	142	359	13	41	45	724	195	86	341	47	171	284	195	185	848	185
V188	175	21	623	83	105	91	380	171	81	74	141	20	159	102	344	222	11	384	595	448	315	143	98	97	203	484	95	359	146	135	81	287	39	339	209	180	129	335	154	38	192	184	2	552	22	49	92	30	76	195	127
V189	551	524	231	279	756	229	304	197	323	95	37	26	368	268	240	94	98	78	247	36	241	589	29	282	80	668	39	68	16	50	29	488	567	83	182	15	89	58	395	38	19	82	75	141	192	18	72	306	530	85	460
V190	75	96	27	82	103	357	411	75	769	117	192	235	116	278	159	294	1129	173	103	543	457	42	70	398	87	13	322	101	577	57	152	421	192	310	0	136	153	112	308	0	73	140	95	284	143	52	43	196	408	46	95
V191	998	326	50	136	342	268	56	245	472	93	380	325	270	1014	104	171	124	5	137	50	200	127	7	189	1	83	110	376	374	79	131	232	165	137	108	14	138	277	273	503	2	63	237	26	301	18	224	63	77	256	713
V192	27	189	89	87	5	40	75	58	132	311	218	9	153	13	471	424	104	19	82	34	190	681	5	32	48	117	506	102	128	13	156	88	98	170	185	195	92	282	20	161	57	14	37	9	269	104	121	826	221	50	100
V193	212	221	39	89	624	44	265	114	258	237	183	109	103	209	145	447	79	34	388	111	332	7	208	157	57	127	72	116	149	60	173	264	34	230	71	7	627	42	39	29	103	622	380	216	12	437	125	796	11	211	207
V194	80	88	45	345	235	4	129	598	118	49	192	397	222	233	42	63	432	77	18	108	0	229	431	29	208	18	190	37	119	50	88	2	146	475	573	56	285	87	47	135	133	26	1	728	137	13	134	49	119	376	99
V195	68	41	1	14	14	82	11	52	74	237	502	165	370	19	338	71	148	140	509	651	117	49	111	116	461	438	16	183	98	144	71	156	46	395	739	124	227	29	43	540	48	44	353	84	110	275	22	248	212	273	78
V196	148	548	218	298	194	783	31	44	47	93	37	549	1122	92	333	232	487	1	185	175	53	829	464	1170	369	268	23	72	376	44	247	32	300	254	145	365	33	246	10	90	100	43	191	180	225	12	103	256	96	54	291
V197	275	347	7	31	101	274	788	12	142	47	17	78	94	309	381	143	179	172	175	245	46	122	46	302	32	13	21	341	371	154	22	968	28	23	204	41	858	173	47	241	369	392	296	353	105	44	120	236	197	876	320
V198	407	89	952	202	194	303	333	233	305	336	29	13	337	1	84	288	403	80	131	60	85	147	182	307	355	62	75	109	121	74	316	162	156	259	3	332	424	16	621	772	124	209	519	80	262	75	354	72	49	10	288
V199	50	879	60	59	163	11	175	735	374	152	663	408	29	168	152	457	237	238	78	193	54	853	0	336	381	116	4	55	141	45	600	15	210	729	21	117	184	151	213	823	696	106	48	123	588	94	278	154	308	151	365
V200	87	361	73	176	52	486	246	28	15	238	89	110	77	69	288	37	59	127	191	68	126	238	329	77	295	236	97	241	185	102	40	263	56	85	436	192	96	359	381	212	321	210	34	160	21	54	671	13	181	174	209
V201	592	18	133	64	534	33	95	572	167	338	127	155	135	165	213	471	34	96	18	217	242	69	226	452	185	18	129	113	442	24	171	98	779	6	37	74	312	10	55	139	639	1041	290	125	59	134	216	464	84	65	339
V202	55	195	223	100	137	61	183	189	311	358	65	262	133	2	332	142	104	86	443	13	92	421	582	188	376	77	131	322	91	55	142	89	145	234	99	333	70	149	305	180	223	4	434	39	193	443	240	54	270	47	127
V203	50	310	505	467	65	51	857	55	116	50	368	170	24	423	98	12	708	53	513	61	58	79	117	69	62	223	186	57	2	80	10	536	57	44	62	136	259	144	54	182	203	18	513	180	245	261	40	70	268	45	159
V204	157	0	116	38	479	510	126	59	124	479	30	639	20	64	161	351	108	96	144	9	43	174	138	236	119	407	83	431	8	222	48	27	170	648	220	250	438	211	13	232	335	511	42	31	229	231	293	74	45	145	101
V205	377	201	349	470	170	96	343	99	34	259	63	67	50	68	93	70	74	188	480	115	233	81	271	59	5	205	63	662	28	444	89	63	190	118	108	138	16	266	119	252	4	219	135	83	169	216	86	607	94	442	317
V206	37	69	862	2	160	205	61	223	102	449	401	36	234	47	6	1	208	63	273	324	0	2	177	80	170	628	276	133	142	35	73	135	14	683	350	400	161	107	239	257	215	163	483	429	128	233	21	234	65	323	71
V207	86	36	103	2	28	238	77	174	542	6	212	589	1	58	12	72	76	118	126	688	6	118	397	46	221	126	275	103	80	15	199	94	33	100	121	144	629	135	179	214	74	27	347	584	59	580	10	570	33	97	76
V208	104	538	816	200	216	175	93	184	344	188	255	424	307	33	377	113	600	92	198	1098	5	37	239	37	98	205	60	96	166	647	228	343	8	131	251	400	38	589	61	178	144	28	17	80	174	84	182	55	314	167	264
V209	95	339	146	88	471	123	329	14	412	450	29	143	263	624	57	71	454	3	110	474	233	47	0	782	50	26	58	174	424	178	514	29	37	126	190	251	69	45	129	29	165	7	282	27	390	210	132	500	229	432	208
V210	53	25	93	139	44	259	392	354	204	220	62	121	43	90	349	62	267	91	23	36	179	98	151	82	177	689	81	107	467	16	26	151	54	107	336	561	121	597	723	13	137	32	79	775	83	197	252	745	765	170	46
V211	107	72	1219	18	361	40	77	432	90	72	35	398	532	227	7	263	563	49	84	272	323	264	81	70	28	31	264	621	329	735	100	282	76	88	81	28	329	44	228	185	49	448	376	23	247	267	58	454	336	402	103
V212	24	221	358	115	62	338	9	429	58	468	94	34	109	76	51	9	182	102	28	36	366	640	77	396	461	370	20	154	14	525	318	134	45	111	11	31	314	74	31	265	46	11	376	41	180	210	32	131	0	113	96
V213	8	32	166	93	154	284	128	205	61	202	23	410	193	147	1349	80	281	265	31	315	332	20	99	130	66	98	138	66	115	275	497	304	345	324	168	652	154	8	390	318	51	192	391	179	405	106	551	154	5	77	37
V214	3	64	94	123	201	74	227	280	31	197	63	1	144	47	62	27	187	319	183	131	67	69	341	209	220	155	231	424	158	48	57	193	211	188	40	476	46	302	771	454	158	360	162	80	438	58	301	227	0	124	38
V215	338	139	30	127	400	379	6	245	371	158	240	72	256	289	144	5	530	488	33	656	666	18	158	192	9	219	17	37	54	54	247	193	219	947	41	624	123	266	234	713	204	48	28	610	237	112	312	79	184	65	262
V216	88	1108	720	237	23	665	12	261	355	209	40	435	396	116	93	319	101	88	265	217	235	57	179	48	132	100	41	66	471	7	133	128	86	68	602	637	470	230	315	154	221	119	817	198	152	62	162	261	219	129	454
V217	303	97	58	15	218	284	196	118	22	189	24	943	16	357	428	238	323	158	150	109	329	52	119	28	631	572	88	532	231	15	219	46	120	522	423	478	536	145	23	20	3	108	140	140	393	126	189	303	488	308	209
V218	3	147	155	921	156	314	168	258	147	2	371	496	248	63	64	143	669	54	226	11	227	233	136	134	148	349	56	264	346	193	193	183	63	152	361	617	217	144	34	111	168	207	47	70	386	202	14	133	437	225	66
V219	13	4	387	438	456	407	87	204	62	482	60	187	1221	346	292	112	38	74	55	15	644	91	96	170	97	36	429	233	228	187	314	80	297	78	158	111	668	168	64	798	426	406	170	582	119	300	754	191	2	242	39
V220	565	108	59	93	73	241	194	225	56	523	137	120	353	90	150	322	35	27	319	133	96	33	2	475	28	364	220	418	3	315	157	393	29	17	230	26	106	219	149	241	54	180	471	248	2	41	34	486	266	22	359
V221	518	118	476	161	77	411	455	55	189	22	383	136	445	21	204	230	105	14	2	157	13	99	105	188	71	473	106	168	120	4	51	71	20	200	247	119	20	17	207	253	233	72	341	320	104	83	38	87	404	26	350
V222	375	53	296	95	27	64	48	112	23	307	102	88	247	271	103	48	8	705	64	101	16	117	259	140	87	363	97	44	341	108	24	56	26	5	460	150	3	307	138	42	134	8	149	41	28	32	127	137	101	36	218
V223	52	49	70	237	131	41	251	494	11	45	24	147	34	34	81	176	33	250	34	105	192	216	567	52	369	141	30	454	66	175	658	186	5	208	356	50	125	815	233	87	376	203	28	114	448	106	111	130	850	42	75
V224	35	452	162	752	91	14	576	265	226	559	240	312	128	179	24	436	282	640	8	555	71	46	151	44	57	580	245	104	127	113	69	14	117	336	114	289	97	287	155	405	132	384	49	60	132	323	39	541	155	282	218
V225	150	22	200	177	26	208	55	0	122	70	123	242	22	35	162	15	159	207	179	38	358	87	111	195	94	875	258	147	127	641	243	1189	203	91	108	370	52	407	126	545	231	8	13	132	244	165	485	109	11	167	104
V226	52	115	54	224	131	63	276	224	87	12	55	6	1	307	40	106	78	58	8	90	61	99	44	73	24	324	9	18	75	52	225	240	183	53	26	543	234	0	544	79	195	66	56	41	87	148	268	813	260	246	81
V227	13	442	54	307	64	19	86	16	36	70	100	105	51	77	181	737	138	379	273	33	132	3	633	328	299	35	60	569	284	578	832	586	118	130	4	484	9	193	91	12	138	69	66	177	77	142	33	456	51	136	198
V228	220	210	223	55	63	212	192	22	97	74	155	453	227	58	1456	604	345	136	8	14	16	489	827	434	2	73	72	189	150	253	306	102	419	8	190	123	281	228	573	51	206	56	203	92	67	162	118	538	6	75	195
V229	68	416	740	11	469	720	137	99	85	83	432	18	221	72	212	17	226	339	34	2	1026	119	188	793	191	175	343	128	122	737	24	51	8	59	242	113	215	9	108	290	46	189	363	11	157	130	122	152	387	149	208
V230	212	16	7	298	11	69	115	18	587	329	106	124	394	35	85	25	445	74	184	383	2	290	25	225	148	114	48	213	525	153	99	15	89	346	56	84	30	102	25	51	17	128	336	447	184	559	402	410	27	171	147
V231	271	59	225	457	39	218	256	42	150	409	37	40	95	353	123	44	61	280	81	54	145	334	118	154	299	208	179	5	164	306	142	573	95	189	134	176	51	183	37	692	144	9	144	695	1255	196	274	231	10	28	212
V232	330	296	275	57	455	252	205	41	438	248	222	209	186	108	24	73	310	557	181	307	187	77	59	293	43	802	19	74	124	124	375	181	289	92	84	95	263	594	259	227	277	16	67	529	2	365	408	16	433	295	284
V233	816	139	947	172	197	162	45	135	5	34	190	73	141	100	245	155	382	69	351	261	15	109	76	45	266	133	204	26	169	319	636	205	6	509	182	328	92	477	280	24	750	411	552	286	107	110	355	7	82	590	549
V234	80	175	77	367	102	205	753	27	111	292	125	187	311	96	65	162	335	538	118	83	111	68	182	140	87	14	211	412	263	94	202	104	105	245	21	63	1	753	77	59	145	164	512	145	38	108	368	133	350	243	118
V235	832	102	12	53	211	35	40	143	73	30	132	695	710	517	119	330	167	318	692	208	29	489	100	225	298	257	104	38	96	43	496	282	211	440	52	74	27	98	60	763	161	199	1	217	980	13	147	114	253	169	497
V236	11	353	119	45	91	260	2	354	386	212	5	66	317	30	10	46	283	320	80	336	183	101	255	147	96	247	368	0	59	84	202	293	164	524	111	146	19	28	725	250	9	593	40	557	136	48	11	15	271	30	148
V237	8	264	171	280	454	170	41	111	97	72	84	40	468	255	65	879	313	86	327	530	375	43	109	110	82	311	23	101	369	104	265	251	166	83	244	382	174	13	460	44	53	143	76	113	90	97	221	73	46	85	116
V238	267	79	336	185	44	220	209	145	167	6	129	34	94	375	14	541	32	253	260	226	267	188	58	169	121	21	297	782	76	322	273	597	786	301	714	39	242	124	23	12	131	47	107	3	672	314	232	40	200	71	194
V239	143	33	401	17	421	53	46	436	275	157	87	37	724	148	19	368	370	72	464	19	270	26	146	298	273	435	274	291	193	164	127	49	810	108	156	139	106	502	120	132	24	135	175	4	112	22	470	146	105	138	103
V240	341	136	19	20	405	158	40	11	14	4	54	155	107	267	435	206	16	161	67	60	243	240	234	101	32	465	1	178	543	2	84	82	388	169	174	620	104	98	117	313	292	134	158	231	301	460	292	91	75	4	232
V241	98	74	471	461	482	73	16	48	125	58	275	180	19	64	1091	388	53	123	934	174	606	207	152	371	33	786	149	93	120	7	194	585	490	549	237	270	144	265	593	89	9	228	51	155	43	45	229	90	19	811	105
V242	626	351	83	187	306	476	545	216	109	179	959	72	175	55	52	307	204	85	164	125	1630	68	91	16	464	48	544	374	55	171	5	354	103	6	302	99	212	109	143	190	184	38	131	480	180	52	9	375	237	408	505
V243	9	177	405	404	133	34	34	87	276	86	25	56	414	26	10	157	87	283	151	885	256	106	22	154	228	116	21	136	86	37	4	22	55	123	210	176	32	404	64	22	129	235	207	132	132	251	80	155	138	221	79
V244	257	302	292	798	583	132	296	343	104	118	101	442	339	23	375	98	25	13	96	1	150	38	486	186	181	43	36	3	44	187	10	14	136	195	212	222	512	462	238	2	344	237	237	88	115	48	58	28	201	488	260
V245	297	54	264	419	47	108	587	409	589	56	94	9	50	257	138	148	44	166	116	43	15	48	149	174	254	433	124	493	161	36	25	76	118	344	162	256	81	125	158	180	520	283	36	32	347	324	40	221	341	253	210
V246	389	182	777	498	130	561	55	30	156	51	4	305	37	139	139	156	508	57	170	228	0	35	70	31	322	91	668	139	266	124	23	324	412	144	444	121	44	263	372	90	40	272	366	109	18	351	367	394	313	106	302
V247	277	26	344	166	25	8	52	107	255	966	119	82	250	836	478	148	0	173	190	255	116	35	146	47	23	64	44	334	783	169	349	59	71	536	53	73	203	35	22	154	151	55	100	450	377	165	27	24	224	403	180
V248	174	444	365	314	119	89	91	33	62	46	602	687	29	283	238	140	112	40	16	47	400	59	53	588	290	172	22	275	739	90	51	133	268	39	204	178	127	225	109	492	24	154	580	96	969	21	266	26	138	184	277
V249	266	438	331	165	85	5	278	33	22	441	160	214	8	30	63	142	190	223	110	14	322	3	341	17	160	9	10	207	403	91	109	6	190	213	847	110	53	89	197	176	268	28	628	149	220	174	50	214	555	116	316
V250	333	197	40	77	206	9	191	262	460	82	33	96	178	451	12	600	150	54	48	539	5	37	366	226	233	88	320	55	16	560	24	5	251	272	23	244	176	107	115	144	298	684	30	176	301	576	69	497	4	28	268
V251	132	73	309	110	107	345	69	145	305	89	80	28	308	237	39	199	575	310	157	250	537	55	99	51	150	60	143	310	73	256	261	209	19	458	107	202	95	562	213	194	1	167	262	190	228	194	11	171	276	135	115
V252	325	485	238	160	413	71	142	63	24	274	407	103	271	29	418	6	538	190	468	159	257	9	233	404	261	210	37	222	765	124	33	392	920	13	195	91	26	430	221	73	60	103	121	100	85	282	141	35	162	99	372
V253	42	233	12	152	291	88	116	86	31	6	16	271	91	444	94	454	286	7	15	180	62	62	157	117	779	62	68	75	446	55	239	34	144	394	61	20	72	436	65	406	104	178	556	13	323	469	222	220	91	199	128
V254	175	584	219	37	111	417	57	55	151	149	365	56	285	40	195	30	38	370	18	23	210	524	10	329	66	131	10	37	15	27	38	651	34	236	35	151	841	232	320	39	22	97	18	210	360	439	162	200	316	22	332
V255	114	106	154	26	123	23	359	60	94	331	306	59	75	122	35	273	87	94	430	219	13	46	9	284	3	131	366	166	216	738	381	124	164	521	387	19	218	203	17	55	457	45	96	190	35	95	351	737	327	62	113
V256	131	366	256	68	188	141	186	4	539	96	32	738	363	100	347	55	388	360	426	54	16	92	30	1	35	89	284	22	111	750	302	52	811	173	351	327	155	168	443	60	354	368	159	167	152	123	207	204	89	153	219
V257	29	103	14	126	111	214	250	56	167	23	169	94	213	62	169	118	239	36	146	724	180	8	140	30	451	392	82	43	666	19	8	155	225	233	11	120	75	21	10	19	37	204	160	250	156	131	7	129	268	57	64
V258	72	291	21	93	19	6	278	340	135	29	78	239	143	82	8	187	44	371	103	171	93	374	64	150	345	862	673	6	88	451	446	250	172	387	36	369	428	219	68	424	366	165	3	23	23	1094	210	100	45	284	178
V259	293	12	191	99	253	459	83	153	22	334	154	114	109	132	121	160	69	229	323	457	20	51	198	718	6	87	64	113	86	211	39	247	267	92	217	94	77	49	7	139	172	10	132	2	137	89	344	201	625	65	163
V260	139	68	184	122	103	538	38	395	79	564	215	118	167	277	316	91	242	414	229	93	38	56	112	139	68	35	87	209	25	52	47	513	60	76	132	70	391	97	319	650	243	142	49	12	101	193	184	131	5	7	106
V261	74	132	133	152	516	322	122	22	96	111	123	33	46	21	72	12	51	556	1	130	98	130	369	156	88	32	85	104	157	191	92	150	310	13	32	95	323	53	14	36	237	339	356	29	121	114	107	106	28	194	92
V262	3	424	272	376	658	86	386	58	65	206	23	543	19	331	37	115	944	102	19	28	24	798	33	237	255	11	89	75	14	61	573	200	110	140	443	273	341	856	182	35	201	69	33	70	145	120	97	124	173	411	183
V263	171	292	155	162	2	35	236	41	196	1	242	398	171	53	34	71	352	74	16	210	151	138	492	65	879	44	54	109	344	158	1038	273	34	254	5	46	529	69	63	37	64	28	742	119	35	310	17	30	108	208	202
V264	74	435	474	31	58	280	241	375	541	43	240	59	365	129	24	336	135	481	36	310	301	274	96	145	36	465	254	40	469	520	77	141	115	310	100	27	249	38	12	23	33	86	555	32	40	82	39	47	39	185	222
V265	201	49	13	604	154	60	9	149	90	107	219	65	130	33	280	301	270	42	146	71	140	183	48	607	754	5	44	397	28	258	94	420	215	17	328	484	463	7	503	715	154	146	238	187	158	173	123	480	268	6	157
V266	163	534	212	280	10	58	265	289	51	199	76	1	21	59	139	55	168	114	40	154	240	229	148	399	30	480	102	419	7	126	50	73	43	14	110	64	15	51	96	300	185	54	56	114	419	395	121	477	140	352	250
V267	131	64	99	131	6	47	0	1110	5	125	142	35	26	47	74	84	156	43	479	40	61	163	321	14	600	91	37	233	24	1114	404	236	26	63	553	22	22	484	177	103	172	219	18	99	2	719	509	178	22	301	110
V268	531	0	308	20	180	84	147	85	19	184	11	418	77	279	203	804	194	304	92	276	384	233	113	414	185	22	88	450	162	638	39	296	644	71	243	115	171	159	35	384	234	5	613	124	31	312	168	81	529	297	310
V269	653	773	67	149	310	25	90	277	269	162	7	29	301	561	285	245	9	11	63	1443	679	304	42	441	238	46	90	292	69	142	568	119	762	127	554	180	51	46	903	475	508	1	103	101	412	364	60	198	199	5	613
V270	107	405	110	161	623	226	81	184	135	28	210	276	78	0	244	30	747	46	167	220	408	211	190	52	158	261	291	1302	95	54	43	42	549	111	153	27	68	144	174	23	395	90	165	434	41	19	186	78	438	66	245
V271	105	89	342	78	243	30	265	427	47	322	2	186	42	113	447	411	193	16	225	97	87	86	236	47	2	209	63	147	79	57	142	166	61	100	240	166	75	176	120	193	351	57	171	123	2	103	64	144	10	95	85
V272	726	65	157	485	101	64	34	346	256	254	167	174	17	62	223	56	17	164	472	871	403	125	147	104	16	882	1295	180	60	48	1	282	110	131	92	100	83	63	252	99	548	64	68	20	245	74	509	12	71	175	414
V273	21	294	273	258	90	95	623	95	184	383	46	62	211	152	112	23	745	395	72	183	359	345	106	96	143	17	152	279	3	99	507	265	262	85	9	75	159	51	277	54	414	37	465	228	56	128	209	174	207	248	149
V274	68	71	363	8	48	37	111	74	360	285	245	157	44	87	138	294	926	5	164	102	718	73	40	103	541	4	172	656	34	1	245	229	20	11	102	38	211	323	23	0	330	79	97	96	403	125	14	161	195	31	88
V275	250	465	186	308	17	43	372	89	97	33	51	286	2	127	116	184	162	249	6	116	60	9	27	214	101	241	168	2	285	240	383	61	145	87	9	562	191	277	84	167	59	16	155	258	6	85	107	307	102	200	355
V276	172	550	276	136	10	5	321	194	39	157	119	66	143	185	229	54	634	94	99	151	112	19	150	323	380	49	10	230	745	369	45	13	97	575	83	160	652	431	410	517	467	602	246	201	23	105	740	174	255	21	305
V277	55	73	45	8	53	78	269	195	10	161	110	515	26	193	114	301	156	236	37	7	691	96	77	289	121	559	81	170	1225	0	94	321	224	9	69	166	118	1012	375	266	36	112	49	100	116	125	132	64	356	4	69
V278	299	148	210	7	42	160	105	85	286	75	34	174	26	159	210	124	506	513	93	190	193	614	156	267	332	584	20	72	326	300	470	12	330	183	190	42	186	185	37	107	199	0	90	72	46	281	199	44	1409	1	227
V279	14	300	343	347	106	2	27	29	14	154	64	572	155	117	66	128	52	58	3	69	96	107	368	332	44	606	30	202	39	330	154	71	282	312	23	415	58	545	1	132	39	391	95	334	7	160	543	67	99	150	119
V280	17	420	199	67	271	728	170	305	20	37	50	283	386	369	46	146	209	57	66	597	213	343	168	38	296	307	192	258	274	360	128	5	526	53	283	241	216	853	112	325	116	611	50	97	181	243	38	66	879	146	180
V281	100	276	234	493	189	582	26	253	440	269	34	114	167	494	30	836	30	7	14	117	163	12	34	348	164	54	44	33	47	202	23	91	652	75	25	81	88	258	356	263	40	173	462	479	184	29	206	39	86	352	198
V282	166	214	616	138	365	31	280	470	700	4	93	331	86	1029	77	606	396	39	90	99	402	24	34	45	75	55	58	178	47	342	648	49	348	234	113	221	335	257	1	302	61	211	24	271	253	358	18	359	177	191	193
V283	15	627	426	157	124	185	161	43	66	27	2	54	167	170	268	420	242	86	799	103	21	50	233	4	223	67	6	268	138	94	176	43	99	18	50	366	270	50	463	554	96	55	210	28	86	756	190	3	60	18	249
V284	91	87	369	158	39	63	310	286	21	26	179	4	213	49	281	88	269	98	203	944	114	705	71	48	34	95	139	272	224	90	56	57	669	175	16	16	232	69	6	28	306	512	61	213	63	56	71	104	217	304	111
V285	71	97	41	185	45	159	127	165	66	285	27	69	53	421	8	44	135	178	365	145	25	259	2	89	55	1051	662	195	47	37	38	230	279	194	75	70	259	273	204	196	306	54	85	184	105	367	356	494	40	76	95
V286	195	11	297	69	18	59	75	182	68	212	1530	21	76	70	62	520	282	174	149	445	320	152	49	25	95	213	50	655	47	16	16	345	108	213	319	148	159	313	63	349	22	22	642	536	319	348	133	173	244	22	147
V287	406	226	284	7	105	610	209	363	128	144	162	144	640	57	485	183	50	21	436	391	35	1044	274	353	145	133	258	85	36	203	453	103	61	9	104	361	34	26	147	93	243	75	150	507	13	249	178	308	115	136	319
V288	24	242	5	69	78	214	224	229	522	262	99	7	24	313	5	41	9	948	181	20	119	126	54	141	353	6	222	351	114	152	7	182	87	27	277	89	20	180	13	199	287	107	257	128	49	99	124	244	282	58	120
V289	4	67	47	78	49	222	138	344	317	57	404	78	317	370	299	156	313	20	314	281	66	205	249	66	192	69	84	23	151	694	484	394	414	332	475	348	280	104	41	300	9	67	29	74	215	570	55	770	139	283	42
V290	857	17	135	841	40	380	54	366	490	602	185	209	433	411	74	94	349	36	125	324	60	233	3	177	130	192	98	398	1418	713	206	65	67	136	584	321	78	625	112	12	84	104	177	355	83	96	619	988	217	298	485
V291	31	61	82	794	53	7	94	5	97	267	41	152	117	506	82	387	275	45	84	79	84	39	506	199	617	130	103	201	57	195	173	104	46	14	212	769	124	255	387	557	1050	118	339	108	8	106	436	285	371	6	52
V292	43	722	556	36	779	175	27	134	26	490	67	346	163	46	105	509	156	186	78	76	43	117	58	102	119	59	463	356	218	199	188	53	146	57	491	303	190	172	356	4	626	23	282	40	123	296	269	170	3	60	294
V293	426	82	355	314	169	9	39	98	254	141	16	386	99	9	39	45	276	103	111	58	610	74	82	22	127	1190	399	227	28	343	135	1	282	13	311	304	123	356	238	41	38	23	0	123	332	147	117	432	484	25	293
V294	73	190	59	122	270	138	564	351	453	10	383	77	82	138	209	58	22	436	1	289	33	570	115	40	354	49	310	99	209	153	94	8	219	110	525	275	241	92	225	81	649	129	201	616	55	349	1213	189	825	83	152
V295	246	169	454	539	115	2	56	103	399	327	176	197	19	24	198	229	44	428	24	442	311	368	408	187	557	143	153	43	146	27	74	240	211	100	422	386	394	83	162	96	14	412	135	7	160	137	122	257	66	94	255
V296	205	29	217	197	184	7	272	36	179	353	55	206	33	1	173	377	360	34	17	123	734	136	495	80	188	29	264	129	29	128	154	2	25	191	12	127	12	207	18	232	153	305	76	365	35	916	100	191	157	76	132
V297	206	513	352	257	302	163	25	25	116	554	17	619	256	356	6	29	140	266	88	14	636	60	115	363	246	110	306	141	36	19	410	19	80	71	74	391	521	7	146	30	52	440	148	197	727	29	240	447	627	117	299
V298	9	246	209	257	131	130	12	17	175	131	237	252	14	179	1	255	56	76	253	145	181	5	24	168	139	84	199	103	45	113	80	11	81	22	80	118	244	35	99	148	15	56	214	162	227	605	110	412	103	180	122
V299	105	169	345	409	192	386	242	252	344	667	715	2	92	233	42	392	57	140	35	241	92	34	367	595	60	38	3	118	101	68	93	3	597	178	126	104	46	51	23	49	74	61	475	81	113	57	526	80	44	13	126
V300	2	82	33	235	17	169	728	147	112	243	300	74	270	122	566	221	59	16	116	244	101	0	2	214	151	219	352	55	126	31	182	442	1473	128	130	163	31	6	145	28	52	182	39	283	260	314	667	69	70	55	42
V301	100	136	269	172	28	460	203	279	76	112	91	784	184	12	269	22	109	23	154	269	58	467	21	191	231	45	448	131	6	8	501	397	82	206	440	513	88	208	198	295	395	260	131	113	31	237	156	49	48	69	128
V302	33	88	562	302	235	405	123	374	205	112	400	234	566	105	123	69	0	320	57	387	453	9	253	3	473	344	155	33	285	86	453	4	184	135	62	321	287	139	334	252	154	4	79	219	121	20	525	110	70	245	79
V303	66	207	103	22	87	4	11	153	94	95	304	276	38	116	143	23	302	36	351	40	93	219	66	245	480	17	613	368	150	239	267	162	346	125	339	66	122	286	402	162	108	210	96	1	297	142	119	187	141	423	141
V304	340	25	235	426	34	267	9	106	46	36	517	230	83	16	27	54	30	188	772	117	357	274	200	365	143	49	691	43	261	142	93	5	4	43	385	484	31	493	525	239	149	413	82	70	33	69	2	58	372	252	224
V305	17	201	89	121	296	119	24	90	119	787	62	96	128	109	163	71	420	45	16	265	96	95	91	52	31	449	677	38	96	382	35	282	194	167	35	61	101	11	706	137	423	89	82	293	179	197	114	260	492	100	106
V306	248	247	20	2	202	3	70	214	124	6	173	172	54	33	12	18	282	141	194	315	47	91	110	145	1183	139	315	8	153	578	219	589	28	882	263	33	189	48	184	469	388	1806	245	106	141	304	261	157	128	160	231
V307	203	99	33	327	21	191	12	250	334	334	33	32	907	33	1167	19	121	193	324	209	377	30	448	181	153	163	695	380	39	78	299	281	408	123	246	200	168	58	105	48	39	530	221	65	2	232	27	10	0	88	181
V308	269	155	316	89	244	552	245	373	696	433	3	44	333	508	120	194	116	197	15	97	43	39	15	80	44	60	55	459	382	25	62	212	38	305	273	419	166	345	158	128	96	7	227	199	433	25	43	257	15	196	217
V309	116	239	122	17	63	69	630	66	63	254	88	133	210	54	8	8	226	336	131	507	17	68	62	19	37	435	300	67	211	159	37	97	125	914	250	246	211	99	620	49	145	246	334	221	194	784	270	52	168	291	160
V310	167	94	359	64	167	398	5	485	214	21	97	414	407	316	264	263	219	182	31	19	365	44	148	161	57	789	881	665	222	56	830	20	49	218	56	15	264	223	53	163	312	387	165	40	153	16	161	79	74	440	116
V311	112	1	205	24	29	41	76	12	176	220	155	306	3	284	235	172	77	6	214	253	33	69	25	40	95	248	133	858	111	49	340	46	90	69	977	298	185	17	240	136	210	246	246	782	336	644	718	235	88	174	97
V312	105	143	111	60	79	58	19	26	8	336	8	27	251	265	149	287	220	549	92	169	416	77	81	232	310	200	173	64	28	17	502	13	312	23	29	365	51	145	606	85	398	302	144	607	16	546	239	49	326	5	114
V313	55	11	454	246	122	637	69	160	76	9	175	86	55	623	258	57	355	521	260	666	295	154	155	470	315	22	15	139	454	10	10	509	228	13	1222	48	283	414	167	347	243	20	432	1006	245	219	524	306	247	200	62
V314	59	68	612	220	99	162	87	19	16	119	93	90	408	1	463	86	95	153	20	160	251	131	4	33	59	497	400	807	50	117	113	263	173	122	325	96	185	46	217	54	116	50	188	378	338	127	278	52	139	109	76
V315	399	158	8	38	240	158	114	68	244	172	333	1056	264	40	108	19	220	78	107	153	60	70	116	243	531	96	71	238	170	3	109	231	66	967	18	775	260	171	38	47	14	107	80	21	87	498	55	91	230	190	241
V316	58	70	46	254	16	342	364	47	35	259	130	78	56	97	57	166	450	44	36	111	150	143	51	497	204	73	471	128	105	33	4	43	374	223	118	125	59	86	358	286	354	852	393	46	16	16	342	80	86	407	70
V317	218	357	162	29	43	10	32	130	21	79	169	207	428	345	6	4	61	121	587	23	45	0	26	3	2	182	226	89	153	20	318	127	186	35	78	141	163	54	184	14	395	419	722	67	4	348	62	99	94	212	286
V318	134	25	125	267	180	119	3	29	41	430	88	103	11	22	480	9	76	149	152	437	64	187	217	211	30	551	160	156	153	80	15	51	503	28	256	388	35	80	348	157	456	103	12	967	304	17	28	162	366	10	102
V319	36	708	10	785	49	182	231	90	265	306	174	27	280	106	115	189	318	68	261	59	395	239	184	89	63	651	20	521	119	125	134	151	213	65	11	184	263	136	138	218	99	36	429	266	116	81	342	153	260	66	302
V320	333	77	56	342	16	208	56	32	261	131	76	13	259	17	242	61	235	106	392	20	241	222	293	193	63	24	66	449	272	79	9	506	326	9	9	29	7	456	410	28	31	175	205	407	92	13	124	300	73	48	252
V321	0	264	53	122	415	176	168	356	42	744	524	82	112	318	65	85	269	83	76	332	9	166	445	100	253	274	113	98	195	321	18	287	60	57	133	178	150	434	227	110	3	162	283	11	121	202	5	7	386	43	126
V322	280	302	265	19	41	156	828	36	452	92	293	274	145	43	103	870	106	386	78	356	189	252	151	150	111	57	229	7	110	85	2	91	274	110	378	12	265	97	157	186	12	142	30	193	229	236	88	449	79	213	292
V323	28	13	255	143	386	158	865	133	99	412	88	15	356	253	10	567	163	433	244	114	32	440	252	131	197	242	709	87	766	202	0	153	216	229	8	142	179	19	255	121	217	189	264	211	149	112	58	64	1292	706	39
V324	126	46	483	84	11	36	565	234	24	24	251	52	35	27	163	318	37	145	414	48	45	179	229	146	76	41	169	192	86	480	236	60	1172	75	144	107	95	100	415	57	255	349	110	162	64	218	69	107	68	50	92
V325	706	359	380	436	346	60	82	84	242	980	40	66	99	21	39	99	43	170	6	36	694	61	97	81	122	181	87	120	90	196	185	25	132	229	92	177	331	134	12	503	230	207	231	388	38	135	63	49	731	82	532
V326	401	13	128	376	204	587	98	66	81	85	128	255	252	10	971	23	515	1	247	150	266	101	167	25	163	104	387	100	157	346	876	418	383	103	156	70	205	107	133	200	217	593	126	110	304	81	280	444	240	54	261
V327	15	49	61	323	19	18	199	453	47	16	61	605	30	154	59	8	375	151	264	111	82	340	501	410	27	188	270	322	18	175	70	115	20	407	36	234	473	346	339	40	156	104	49	68	54	31	55	131	415	332	54
V328	26	88	350	165	510	303	55	45	139	85	99	218	423	45	52	195	26	217	14	63	359	434	138	124	6	109	273	78	219	68	11	179	71	926	46	74	205	74	74	37	461	213	381	237	130	180	487	35	299	92	59
V329	151	72	114	421	48	435	81	77	150	56	175	50	146	299	755	517	216	247	128	198	129	124	61	66	264	692	84	67	39	796	206	112	700	116	245	47	187	359	196	65	1	283	47	237	694	166	187	144	22	131	131
V330	6	2	141	124	421	258	44	152	392	41	213	489	224	29	61	103	139	116	20	93	115	157	121	208	433	48	73	165	1028	57	7	20	252	697	124	204	200	334	153	396	361	542	135	437	86	319	193	159	71	164	20
V331	14	166	4	91	124	26	179	8	60	52	30	335	74	117	73	67	111	66	152	361	187	4	54	155	477	106	69	639	293	169	229	22	188	25	229	474	124	31	190	268	110	261	129	61	219	97	102	296	202	63	85
V332	417	52	63	8	7	11	432	8	49	405	147	147	36	588	10	32	141	72	14	70	127	161	146	217	96	91	188	28	137	43	212	136	139	133	133	200	135	345	574	71	116	646	29	98	161	416	82	97	25	65	244
V333	279	30	152	460	386	204	35	71	272	559	186	35	242	531	126	66	171	0	15	660	165	66	103	91	310	190	180	160	317	20	117	257	359	633	11	19	61	222	98	173	367	225	139	131	356	71	339	277	56	818	199
V334	293	256	144	285	107	199	205	9	370	56	39	269	33	156	11	509	40	318	2	114	46	93	386	279	17	208	10	324	64	49	42	404	54	119	7	89	117	172	299	12	257	424	245	381	13	43	699	269	212	625	263
V335	126	10	412	103	124	35	14	22	331	158	462	790	89	11	66	207	16	389	209	109	47	662	5	165	25	251	365	27	109	90	286	112	221	158	395	113	133	75	360	612	92	1209	357	899	44	597	14	116	274	71	97
V336	11	56	108	13	314	27	417	113	228	196	134	24	43	861	127	508	8	226	55	719	117	91	272	126	411	150	926	341	101	117	117	159	197	155	203	70	414	222	629	119	142	63	29	87	34	75	47	3	34	177	52
V337	19	422	32	35	578	347	224	100	296	16	520	445	37	8	1	120	122	11	112	229	296	143	93	34	13	126	167	267	245	500	63	361	39	469	204	170	89	330	350	214	306	159	77	8	120	209	43	39	120	91	179
V338	39	127	12	8	194	113	13	8	206	289	514	109	409	405	92	556	315	101	20	285	23	63	574	457	426	256	23	94	164	61	41	124	41	133	277	115	89	145	204	69	1321	50	306	28	271	131	81	103	37	130	84
V339	570	35	501	38	74	311	233	44	300	207	204	50	418	255	89	81	528	101	217	12	32	87	272	404	285	134	432	699	481	24	145	387	156	110	333	23	213	191	170	13	8	118	213	163	148	594	210	212	471	100	337
V340	7	100	890	325	244	728	341	51	310	246	35	19	44	122	76	176	400	537	4	93	67	84	127	12	724	38	183	166	155	191	62	31	64	102	67	266	689	18	150	67	175	0	269	24	58	485	106	68	16	298	59
V341	37	233	42	42	230	304	19	471	6	120	256	92	305	88	503	327	288	282	27	56	362	558	401	4	120	474	102	407	175	466	79	136	60	129	80	294	209	50	145	299	17	38	9	109	5	529	97	422	258	199	138
V342	389	26	773	38	107	83	117	27	70	104	268	24	231	349	419	311	304	120	56	34	263	404	451	24	213	156	69	4	188	3	32	156	205	406	62	187	54	218	160	100	264	431	892	68	98	325	569	78	40	171	241
V343	369	62	6	762	129	210	85	222	399	33	40	71	336	378	199	122	92	455	357	99	34	195	50	75	121	133	7	214	112	335	549	63	361	231	121	1677	21	316	165	66	769	126	212	161	421	28	96	19	196	219	253
V344	63	136	46	554	138	203	428	137	24	305	219	222	458	1434	204	282	87	136	15	84	49	553	59	299	33	88	206	244	753	139	96	31	614	495	403	264	302	1	46	159	232	18	358	52	50	36	21	97	98	234	108
V345	147	48	114	743	538	136	538	57	172	89	161	282	28	120	95	95	798	718	114	446	375	48	311	204	4	459	105	171	97	14	12	574	88	41	8	130	21	79	228	177	160	163	415	11	502	29	34	451	1274	13	122
V346	331	488	729	77	66	125	94	19	467	52	925	13	407	76	182	491	69	10	165	13	120	35	80	83	385	3	244	97	136	36	578	1085	183	212	13	820	104	1473	61	88	501	459	304	142	37	77	15	227	15	268	379
V347	31	243	597	112	137	217	199	243	11	55	77	247	165	120	157	28	455	301	105	86	1002	614	243	196	89	101	144	90	82	16	220	240	187	1031	887	11	378	170	175	728	17	38	384	306	134	51	116	213	109	214	130
V348	59	262	136	43	170	138	471	303	200	67	120	462	371	61	101	43	15	212	93	18	50	131	9	0	136	124	39	8	68	137	83	78	47	182	364	130	34	107	560	368	305	941	478	526	213	3	36	215	77	71	148
V349	72	113	133	0	120	64	331	258	13	62	298	115	154	80	226	36	67	135	27	9	378	465	2	1572	194	108	2	69	315	223	70	108	62	90	61	174	13	389	424	26	122	15	147	33	53	235	463	352	213	211	83
V350	188	131	50	62	462	32	243	490	28	133	75	156	353	458	386	108	29	252	579	208	536	257	7	214	127	139	1163	264	299	518	87	30	61	8	19	27	225	221	163	888	5	572	34	46	539	4	47	62	145	25	157
V351	54	69	23	9	113	231	173	78	14	33	743	256	42	577	170	183	408	80	42	211	253	192	271	108	204	30	31	300	27	92	25	163	6	135	64	340	253	73	244	89	59	1	15	47	284	47	517	280	625	57	69
V352	292	377	284	57	144	229	121	475	454	387	275	170	93	128	163	259	59	100	50	79	195	34	61	77	178	283	472	389	118	438	172	4	229	153	223	510	240	241	319	140	411	365	44	717	129	59	298	21	516	71	332
V353	94	512	31	46	0	261	150	68	136	4	313	1029	21	83	61	193	198	257	78	19	223	171	222	144	59	73	522	390	272	98	49	57	118	29	58	94	222	239	92	516	984	256	300	47	170	304	380	70	65	22	267
V354	292	593	98	237	293	135	222	362	176	249	88	221	389	7	54	54	62	9	177	144	53	117	959	23	891	52	155	126	60	239	3	18	123	165	138	270	321	356	54	122	35	186	21	104	563	273	130	651	141	442	400
V355	21	80	20	20	380	275	103	106	52	35	687	81	99	222	13	170	61	107	452	13	29	35	80	330	185	166	308	270	239	110	92	159	261	26	62	214	25	33	8	115	53	79	168	28	327	76	422	228	136	233	67
V356	123	181	0	24	31	297	111	88	150	105	316	3	108	905	375	208	175	64	472	117	209	28	43	75	216	106	203	389	60	172	291	112	262	307	121	261	84	577	274	313	706	777	34	52	194	56	109	41	70	137	161
V357	84	278	110	185	39	552	115	343	222	618	209	45	314	389	40	487	52	22	401	7	141	115	150	236	88	410	68	97	45	3	45	486	229	603	224	232	293	102	268	77	967	68	38	522	1263	14	216	8	185	123	167
V358	14	123	333	287	80	1	74	279	569	3	153	78	575	249	9	67	5	545	41	85	174	2	137	44	255	444	81	8	135	28	3	139	319	28	208	960	118	506	27	343	40	38	182	8	128	329	467	170	181	185	84
V359	49	471	87	31	142	51	713	114	63	337	609	283	158	223	95	418	157	54	262	73	11	141	59	166	240	63	584	202	117	163	95	83	886	196	474	5	360	142	2	36	102	225	114	164	201	389	92	128	112	61	198
V360	146	386	180	207	81	642	24	340	76	75	129	106	6	278	82	245	260	345	490	145	50	41	9	495	365	273	202	56	260	341	109	124	97	205	96	685	193	30	548	57	67	1	20	293	205	93	348	36	25	526	236
V361	94	694	22	297	73	415	122	4	31	59	67	24	151	37	125	22	161	1048	96	269	699	102	60	30	70	670	48	36	490	44	52	146	107	150	576	681	205	4	369	207	97	164	398	157	159	249	127	7	536	104	317
V362	6	90	69	217	34	619	728	187	276	186	72	5	31	70	90	714	212	195	96	287	414	168	171	326	129	83	134	20	66	262	266	395	530	82	102	224	306	4	26	43	288	121	16	130	138	29	91	64	16	51	66
V363	150	323	653	367	198	395	59	15	209	347	365	75	73	105	21	70	6	300	318	180	107	326	16	432	33	676	227	277	69	49	160	10	93	273	9	53	247	555	174	90	65	60	390	180	333	148	29	126	137	91	196
V364	10	238	340	380	20	312	421	316	373	33	218	57	512	144	6	15	133	185	308	150	25	131	285	1000	329	29	293	211	136	502	51	464	202	282	325	268	271	328	1212	252	148	195	41	284	179	188	94	92	176	158	128
V365	15	54	41	19	112	301	13	21	281	387	350	64	237	4	288	7	32	47	196	231	69	70	11	154	123	166	28	431	324	132	129	19	26	2	477	127	175	38	53	141	353	4	389	282	241	204	9	711	118	876	47
V366	86	1	395	198	148	479	10	25	401	139	71	245	317	379	64	135	215	442	32	244	526	11	1	102	198	915	23	177	68	96	243	132	250	356	300	222	28	122	568	137	139	434	40	58	59	1279	33	729	267	209	75
V367	728	16	22	201	137	28	606	37	361	17	312	467	51	57	313	111	162	549	55	222	413	238	578	59	193	136	50	213	881	69	675	169	120	303	358	213	86	248	134	171	289	43	254	690	25	40	223	253	215	1	490
V368	375	325	56	112	0	43	187	206	379	44	19	529	44	235	29	327	54	10	50	48	14	111	226	39	142	267	462	451	918	61	273	117	341	70	133	409	105	26	49	273	151	77	147	768	35	28	230	318	240	106	350
V369	45	326	309	32	119	124	0	275	156	108	503	341	533	674	324	327	115	281	68	519	61	64	520	83	170	49	37	54	171	174	159	86	20	49	343	8	77	26	55	167	89	461	51	464	320	492	263	261	209	52	147
V370	122	162	74	236	78	66	72	127	69	38	37	512	27	327	462	73	60	443	641	90	309	208	14	443	199	95	89	323	261	23	90	276	66	80	158	49	243	401	103	116	11	201	194	68	47	28	479	269	392	172	145
V371	211	39	143	62	55	148	186	675	283	78	16	98	184	102	224	389	19	23	46	52	239	21	105	25	7	125	5	620	9	67	576	269	449	768	277	468	145	294	18	156	157	7	515	28	450	62	2	4	5	311	145
V372	501	295	15	288	120	9	76	92	80	449	311	159	166	51	40	128	129	295	8	385	73	535	193	25	43	102	30	101	27	22	96	193	5	78	289	13	109	68	3	55	50	249	128	85	204	31	290	215	178	140	386
V373	5	93	224	75	66	172	506	75	53	47	312	192	406	312	290	511	124	55	291	149	326	3	646	215	40	52	18	181	96	41	514	39	223	85	158	220	484	443	270	161	65	11	184	1	5	9	429	17	287	74	48
V374	553	20	87	1272	89	485	773	25	452	605	224	49	462	10	224	127	185	87	15	126	224	574	62	14	105	45	51	207	112	205	184	415	196	120	239	270	169	398	28	216	175	151	385	178	34	76	228	158	24	68	326
V375	65	55	95	141	3	15	271	412	275	194	608	128	250	177	40	12	59	52	208	31	145	206	18	67	18	251	42	477	109	167	133	10	87	675	310	99	172	113	584	784	219	22	113	196	323	43	15	369	95	159	83
V376	938	27	113	58	62	19	18	358	61	120	71	142	126	66	13	171	235	517	21	276	82	315	5	87	352	130	319	119	5	137	101	184	0	171	455	69	69	320	225	68	20	355	114	242	257	73	222	198	535	79	550
V377	6	45	42	245	77	90	94	229	25	26	109	296	158	55	354	25	155	283	261	306	100	338	459	38	127	249	6	21	239	145	148	3	121	248	119	459	648	41	137	241	264	467	110	34	166	52	57	207	92	267	30
V378	30	139	144	205	143	26	410	535	99	221	165	8	81	65	306	465	53	437	184	282	508	6	533	169	208	30	521	56	758	157	22	269	79	75	102	141	179	2	262	166	2	46	948	606	20	62	38	7	10	30	90
V379	475	305	201	337	81	193	178	77	237	1	252	307	24	21	380	16	5	4	218	95	140	145	147	170	878	260	85	8	206	64	39	26	397	53	75	268	269	7	57	64	28	15	766	44	71	245	109	332	156	24	380
V380	311	394	249	291	338	35	162	637	51	233	335	8	285	884	472	20	80	58	16	90	669	311	470	106	365	648	305	55	74	923	330	141	468	824	91	61	136	84	11	40	84	586	204	190	244	11	771	96	115	257	306
V381	5	176	127	235	35	180	104	233	147	53	179	67	225	10	219	324	85	160	123	40	278	55	150	29	164	496	19	13	196	167	74	152	394	38	669	29	840	21	260	50	775	228	150	236	208	1217	313	375	227	120	93
V382	346	529	72	58	49	549	3	464	401	131	607	302	17	608	366	213	194	874	170	134	507	69	240	69	698	69	554	6	230	368	253	165	168	512	239	48	150	68	103	238	103	364	77	226	74	196	291	42	56	12	397
V383	181	47	66	450	10	367	158	153	34	444	29	220	19	485	52	44	261	481	41	102	386	326	37	92	681	37	61	3	38	194	195	341	207	51	23	195	74	389	287	204	608	7	291	52	33	123	38	34	355	332	136
V384	184	18	193	181	38	109	40	88	105	38	138	10	103	363	123	85	113	317	304	269	234	575	517	60	15	295	140	14	174	142	182	396	201	123	143	105	600	46	210	284	20	121	248	401	28	103	101	173	311	254	130
V385	644	69	8	910	31	17	155	17	426	56	19	54	22	98	56	112	38	1287	216	382	12	146	258	409	137	89	617	236	15	433	19	140	57	5	131	312	343	464	69	34	320	502	187	49	132	8	483	152	153	136	371
V386	115	82	441	104	112	158	150	447	118	226	56	391	230	106	285	429	377	46	36	40	97	224	405	27	235	72	365	85	244	69	108	259	452	89	214	34	181	111	100	348	148	94	63	11	255	102	253	142	82	24	114
V387	81	280	493	13	155	461	92	187	118	67	457	73	1	42	138	289	195	26	222	544	52	314	43	8	51	272	225	504	34	534	251	39	167	35	12	102	156	62	271	75	23	389	500	303	168	4	155	264	46	104	148
V388	143	226	9	570	177	141	146	11	505	322	22	57	593	25	126	114	140	224	102	32	129	445	21	219	42	585	421	55	2	176	142	64	426	33	265	235	452	17	354	656	608	44	21	310	194	24	40	108	271	310	166
V389	490	250	111	65	6	111	68	71	776	627	122	87	982	234	41	152	158	255	363	111	144	494	14	166	12	2	330	236	311	291	735	142	136	142	582	93	341	302	21	35	55	37	427	421	62	32	31	11	198	475	405
V390	58	421	354	124	109	126	299	145	49	150	281	429	171	109	259	173	146	71	285	460	92	186	374	142	115	122	171	122	482	100	405	9	745	353	150	98	74	511	489	38	37	95	176	53	193	283	4	374	214	24	204
V391	34	126	447	65	298	295	182	86	121	62	45	252	21	767	721	61	51	76	48	307	350	607	60	135	619	110	285	14	96	112	1065	192	10	6	64	153	201	25	903	112	20	189	207	138	185	488	9	106	124	359	81
V392	86	218	281	75	187	145	703	255	686	43	317	242	1	95	112	699	490	395	13	146	47	142	17	152	186	10	126	127	10	177	124	6	19	868	24	233	802	8	650	231	142	534	92	257	56	10	164	494	114	110	165
V393	70	0	359	153	637	416	77	53	881	20	307	42	441	221	81	35	777	262	261	208	327	16	12	275	533	163	69	151	122	41	290	150	97	155	124	170	409	33	336	187	279	99	43	140	329	193	449	96	287	364	58
V394	329	106	415	759	568	417	22	56	64	450	3	224	28	687	300	76	52	14	34	54	194	510	523	281	37	262	242	131	48	130	343	139	31	263	21	277	71	432	8	421	5	841	424	527	18	43	330	369	49	213	224
V395	380	42	13	144	127	100	131	447	30	106	146	500	403	460	315	45	93	134	387	393	26	146	355	34	242	130	32	443	195	51	302	177	346	156	19	190	261	837	73	79	249	192	473	17	111	412	177	201	169	240	247
V396	21	2	445	32	286	162	70	479	63	168	1063	29	6	40	176	75	58	135	193	161	80	175	159	403	29	235	464	359	209	27	46	759	310	350	171	321	93	116	29	116	216	522	44	37	516	66	159	189	288	254	30
V397	154	178	206	671	68	74	75	99	104	191	335	52	133	686	517	15	256	156	183	71	108	117	0	340	228	198	138	52	102	162	7	36	22	51	406	95	243	31	746	313	16	333	48	32	530	109	129	161	257	13	159
V398	60	72	226	414	37	22	79	282	168	109	102	88	119	905	66	543	134	80	25	1169	83	213	471	171	66	262	205	140	246	254	132	165	123	162	289	243	263	165	71	141	0	6	151	137	88	482	184	195	685	186	99
V399	15	132	334	89	56	40	219	191	67	758	39	5	3	6	170	62	224	147	92	35	352	138	160	53	179	257	338	473	47	221	75	55	300	47	26	411	11	437	276	535	240	487	349	553	903	123	168	570	36	93	74
V400	220	39	19	104	28	376	45	215	250	575	22	54	314	29	198	238	247	231	163	7	154	170	45	190	7	213	66	180	84	156	988	62	18	150	112	53	116	581	110	59	124	63	99	60	87	46	104	75	231	23	140
V401	369	661	50	93	226	571	196	83	108	314	175	166	81	255	33	145	110	53	241	104	90	375	287	47	2	20	26	157	137	22	75	304	69	89	239	139	124	534	77	63	49	603	11	91	634	264	271	152	313	517	432
V402	88	48	356	400	559	70	17	217	85	199	338	1009	552	209	520	180	96	294	7	365	334	184	189	215	278	135	63	44	28	40	250	434	261	355	132	19	290	27	475	586	0	209	82	798	4	79	88	232	235	354	107
V403	430	68	212	176	427	27	64	213	81	76	71	105	48	0	127	166	22	246	201	2	42	257	17	35	98	182	618	130	113	277	234	78	27	223	95	205	393	276	134	180	12	162	257	198	195	430	66	13	208	58	277
V404	44	300	57	75	30	343	319	73	72	33	288	139	449	298	28	136	28	763	195	228	187	380	232	238	1	274	267	270	92	67	42	25	255	197	190	318	187	260	146	56	47	42	49	161	254	9	235	78	87	120	163
V405	24	137	23	368	370	471	157	277	31	271	284	118	100	74	16	297	522	340	238	36	10	24	42	185	1105	184	213	94	251	76	196	51	85	67	168	7	113	82	13	117	52	36	55	483	150	221	147	155	147	38	67
V406	53	205	109	390	1022	143	274	157	140	71	24	255	281	86	291	137	396	310	176	284	112	121	14	78	181	138	78	20	59	284	212	30	100	141	82	135	44	137	240	102	87	79	128	218	121	42	11	7	122	416	111
V407	10	229	56	332	295	230	394	575	29	30	679	115	34	7	137	46	37	323	36	39	103	397	6	19	50	212	695	202	45	318	43	33	227	425	48	135	170	224	112	349	303	354	78	23	29	178	33	97	36	196	117
V408	135	13	18	3	2	265	345	258	178	263	133	296	249	42	516	80	42	432	24	394	61	454	234	89	180	103	11	245	60	113	378	125	876	99	179	70	641	166	34	80	30	275	320	274	87	4	188	208	23	630	104
V409	290	14	192	118	103	152	37	56	69	160	89	69	88	360	125	29	200	162	14	79	116	62	373	116	209	101	236	200	463	124	27	143	254	64	423	80	126	58	135	399	257	169	604	315	19	529	38	55	396	210	208
V410	320	273	138	447	3	510	322	34	370	77	440	119	21	243	132	78	394	39	1	197	194	42	287	758	57	10	54	22	233	50	122	33	136	13	399	153	362	279	234	410	470	15	294	114	60	49	165	200	18	295	283
V411	826	110	50	147	56	117	335	54	104	82	49	275	82	94	154	362	57	16	126	600	48	481	36	111	39	87	70	490	22	96	13	34	66	44	8	103	416	40	82	230	157	408	679	543	186	391	421	367	21	11	486
V412	124	208	41	720	249	809	0	96	116	289	25	981	23	72	139	220	200	454	266	74	40	595	108	561	77	132	15	93	84	127	27	73	502	64	45	134	239	185	73	408	34	85	173	3	213	207	342	262	326	1498	159
V413	48	0	25	38	230	194	130	216	91	1	262	61	319	277	466	75	269	135	145	384	63	283	130	644	430	287	271	547	99	91	386	290	190	119	159	289	28	89	14	36	91	189	28	3	89	116	198	11	72	5	47
V414	125	75	164	86	937	295	109	117	4	90	155	13	5	29	120	149	82	30	256	198	149	205	429	984	10	20	379	84	145	264	163	145	138	78	103	519	19	79	2	206	47	120	806	105	158	38	83	107	153	1191	116
V415	725	33	143	296	50	172	323	619	104	213	602	47	58	563	100	15	106	131	128	22	13	961	12	195	60	4	575	455	68	44	153	298	333	57	247	61	295	92	249	15	28	205	234	310	534	310	262	103	113	160	409
V416	362	177	107	90	90	92	650	260	169	0	165	105	369	56	97	285	21	108	304	41	130	20	47	271	215	14	30	1032	232	235	95	55	26	53	64	209	314	258	398	17	28	469	102	587	69	40	234	212	15	41	288
V417	529	145	611	249	316	189	205	284	84	86	20	5	190	247	11	2	44	198	692	201	87	155	96	24	220	472	36	308	410	494	646	18	400	175	293	54	700	270	154	192	665	8	1	16	100	448	5	334	143	495	349
V418	56	10	226	121	172	164	42	23	36	57	57	75	171	148	9	3	187	40	57	85	218	11	40	332	391	426	212	87	516	59	444	102	72	163	69	692	349	65	11	52	235	162	408	134	94	61	14	20	24	35	37
V419	16	143	124	125	229	50	260	23	351	127	137	335	66	23	321	158	108	13	24	284	652	34	84	637	183	203	155	332	22	33	270	126	300	232	393	74	283	195	102	170	58	26	28	218	219	42	188	59	10	122	82
V420	17	87	216	243	184	429	429	276	103	522	114	137	119	116	131	224	423	95	192	90	82	55	403	592	571	344	409	28	180	582	259	154	337	0	511	275	80	73	90	453	72	18	5	63	134	306	238	30	100	283	57
V421	268	124	373	244	405	287	641	121	137	696	57	15	319	153	28	296	177	25	574	159	569	16	398	160	178	391	93	38	137	166	91	246	319	440	355	319	5	542	331	148	298	900	725	22	134	106	12	260	62	143	183
V422	414	102	139	147	551	33	147	66	302	277	22	72	209	0	252	84	13	247	223	233	20	90	91	141	273	143	2	85	70	76	63	203	139	205	63	136	317	91	126	366	402	498	450	159	100	47	30	91	298	391	262
V423	101	26	455	23	171	341	17	105	119	118	320	178	224	207	241	138	216	68	35	72	305	399	75	426	207	372	14	434	142	41	1	13	154	223	142	86	25	427	276	121	43	367	14	17	412	73	1374	47	26	305	79
V424	210	24	82	30	25	260	139	183	65	220	85	231	474	189	238	182	70	24	26	36	49	36	200	67	198	609	25	760	220	162	6	58	239	7	283	3	386	17	32	19	462	141	182	207	227	250	148	78	35	211	141
V425	219	35	629	35	29	79	41	267	364	57	128	43	94	131	65	116	226	61	338	123	16	107	70	745	129	152	84	141	227	153	193	63	69	66	244	44	1866	175	243	209	244	259	49	531	276	66	367	114	71	3	160
V426	46	75	36	244	71	82	148	89	209	64	616	206	264	31	91	237	141	569	88	217	65	120	273	496	348	180	10	335	379	30	45	686	200	21	175	243	37	362	46	65	108	224	44	431	153	66	67	16	86	73	76
V427	140	15	207	36	351	127	273	158	36	80	365	66	17	462	418	291	21	14	207	223	167	47	270	42	271	54	313	268	270	411	133	100	8	585	157	168	0	354	299	82	352	12	77	29	141	131	393	751	86	58	101
V428	521	41	121	495	105	311	210	9	534	385	93	39	15	80	41	303	104	1160	356	30	399	431	182	609	164	527	494	662	134	6	150	142	141	387	53	56	368	60	24	175	14	40	599	48	197	25	344	176	40	46	344
V429	439	87	159	16	120	85	150	122	16	299	286	61	124	6	101	18	206	671	196	37	94	55	142	20	107	66	324	486	154	707	12	158	323	171	17	114	151	71	10	113	0	92	101	229	252	23	540	103	24	59	285
V430	239	181	11	397	358	430	87	122	59	449	339	37	169	48	21	133	388	276	187	524	326	172	550	168	40	323	79	122	606	14	55	34	164	133	444	110	107	9	396	208	454	78	557	35	87	118	15	543	120	383	224
V431	59	492	43	151	12	268	70	112	45	203	42	210	8	5	63	85	686	286	150	330	82	40	378	548	468	515	358	237	61	62	40	168	44	480	471	36	48	6	262	333	102	44	144	29	43	345	82	140	178	442	234
V432	44	91	167	90	211	111	65	236	163	294	220	586	72	486	475	359	253	14	141	347	47	11	136	170	104	496	13	146	173	203	61	370	240	699	10	88	58	32	281	157	151	260	24	134	10	48	292	311	224	170	81
V433	114	136	256	159	288	20	52	216	535	75	371	11	116	229	490	8	317	200	64	11	95	9	684	581	25	78	105	0	45	141	115	105	77	138	175	87	76	80	1	306	312	50	924	56	254	1250	41	2	39	168	131
V434	170	932	104	103	54	44	236	8	784	455	19	56	106	378	103	124	190	83	45	79	79	748	87	569	143	629	238	7	133	322	281	36	126	352	18	72	400	154	256	76	188	98	62	161	187	452	40	32	378	656	472
V435	27	91	57	135	121	119	355	65	428	290	381	136	301	78	210	107	25	39	67	276	295	264	135	120	46	514	87	342	298	16	125	122	467	227	71	217	361	173	299	199	91	6	125	172	149	16	6	40	146	163	65
V436	889	52	172	82	530	35	29	193	141	168	32	31	27	32	69	218	132	88	216	98	403	222	476	770	192	245	251	71	363	329	855	296	19	3	70	45	207	11	143	395	203	97	29	4	291	442	34	166	2	104	513
V437	155	288	232	47	21	725	36	436	147	503	266	239	287	132	70	477	43	979	3	3	120	381	555	49	314	40	51	8	66	274	337	87	328	146	586	337	273	203	2	867	9	177	673	86	451	81	116	91	132	20	201
V438	207	483	106	29	65	330	89	113	396	37	226	107	196	41	17	416	11	26	179	16	48	454	21	68	324	136	172	298	122	59	145	253	321	6	149	198	1	322	79	131	101	123	597	108	68	653	1057	78	429	16	296
V439	263	301	184	398	68	278	116	695	420	191	5	662	109	25	38	381	232	17	92	24	109	34	212	110	207	51	45	71	303	3	129	324	4	69	173	14	664	436	331	80	61	74	358	11	170	23	448	160	88	283	262
V440	96	189	411	699	376	854	208	191	247	360	57	677	427	159	365	1	76	57	1137	297	16	74	469	178	97	77	495	263	228	193	590	214	203	107	115	1	225	264	379	109	231	219	382	21	25	120	32	559	366	345	148
V441	28	190	86	117	330	196	498	70	282	28	6	136	667	65	533	547	64	138	8	225	315	301	32	124	58	312	137	67	312	5	264	523	254	324	227	50	395	287	87	423	211	594	11	466	0	215	153	89	24	30	107
V442	21	44	653	233	406	6	257	545	230	103	451	7	50	504	285	533	206	52	44	156	119	41	83	316	113	183	15	18	593	60	114	322	431	51	72	21	24	84	361	0	129	37	214	175	275	32	243	54	63	155	43
V443	58	38	131	216	10	207	293	457	202	204	126	17	8	15	531	8	47	117	94	422	260	465	24	53	397	118	175	97	37	273	428	262	82	133	266	172	346	56	20	275	55	214	321	497	117	62	616	41	107	222	61
V444	94	176	125	213	535	309	137	122	88	455	120	20	131	178	14	252	25	270	169	94	62	284	95	16	23	121	265	101	46	272	139	91	110	144	57	11	58	198	446	13	315	22	86	196	27	440	38	125	279	299	115
V445	559	616	3	110	52	12	100	289	142	117	45	46	53	221	79	292	120	321	29	82	1039	147	589	31	269	117	110	96	35	582	43	512	91	429	50	299	59	12	1	27	15	133	458	251	1051	820	25	83	36	67	517
V446	82	278	88	313	43	37	202	388	281	116	884	181	356	628	49	547	42	491	74	852	520	25	16	354	8	44	168	304	144	96	178	45	288	27	200	20	158	105	464	42	27	353	112	181	341	251	123	72	374	477	164
V447	52	1	301	185	173	525	399	189	31	43	94	110	350	18	157	14	386	196	1207	74	106	144	184	209	882	25	74	4	35	155	68	109	350	47	8	505	515	93	186	88	86	210	166	59	70	104	91	115	123	22	54
V448	117	22	58	14	73	51	30	34	86	536	198	58	164	69	324	22	161	41	66	1	147	52	355	113	425	234	293	668	183	271	156	203	12	35	5	40	90	299	78	604	282	389	1365	446	218	381	3	126	450	326	90
V449	96	280	59	161	110	329	99	161	70	98	83	174	236	177	290	50	42	377	54	35	2	556	338	159	391	52	758	219	57	135	60	692	35	582	198	229	2	9	42	29	147	114	307	41	529	233	40	257	117	156	194
V450	190	180	664	102	55	14	553	118	104	318	17	35	106	6	124	45	40	613	48	377	133	31	58	115	287	7	206	94	223	446	242	53	143	231	52	135	90	102	134	285	53	192	3	165	323	388	428	50	607	133	190
V451	27	22	305	0	17	79	342	22	256	164	109	0	295	208	54	151	85	106	118	116	138	245	125	116	265	91	13	293	69	534	151	381	584	21	3	27	99	331	69	216	26	190	133	93	109	227	225	277	274	310	39
V452	65	148	13	96	22	94	93	57	102	46	28	723	37	37	182	148	94	352	175	159	26	596	299	34	8	35	118	10	37	1	7	67	5	148	199	177	304	373	119	75	61	60	100	33	125	120	173	616	67	98	106
V453	123	183	174	26	4	63	735	309	309	199	177	486	314	38	560	8	174	344	87	124	214	30	171	2	940	256	235	2	62	64	56	163	107	179	105	6	117	46	17	31	49	66	256	159	48	78	253	335	107	212	146
V454	331	122	1	0	55	517	47	188	514	22	108	416	163	223	143	104	181	178	367	57	65	32	46	289	669	515	315	377	549	343	271	308	520	3	41	484	1173	81	120	14	71	498	59	102	110	48	122	95	135	84	264
V455	627	5	26	607	51	30	29	38	0	98	246	0	871	747	49	68	297	208	305	87	149	252	79	211	454	234	191	141	614	182	181	345	0	18	18	115	126	144	467	334	170	131	44	2	264	45	35	84	558	363	348
V456	10	111	134	689	93	335	206	662	148	157	335	12	141	800	354	217	343	39	128	100	52	147	214	817	93	277	296	436	200	121	193	415	478	326	40	359	38	62	263	67	51	43	233	151	37	49	20	337	330	169	67
V457	835	15	3	65	81	160	182	202	101	101	55	374	95	0	528	77	208	525	196	108	38	976	45	3	143	222	30	640	78	11	239	377	12	243	85	427	272	12	250	385	17	165	257	105	360	349	192	9	6	285	450
V458	146	448	176	89	113	62	267	206	83	127	202	484	387	12	89	519	777	30	329	199	463	132	146	141	82	99	105	27	231	459	40	37	526	186	24	133	276	81	27	65	83	289	801	65	119	84	13	263	160	117	249
V459	247	146	31	244	217	40	15	445	458	501	654	68	93	207	235	181	110	153	223	85	387	46	18	100	239	218	78	55	328	203	3	106	32	66	428	87	239	483	292	48	72	71	102	58	449	276	839	59	74	588	201
V460	375	812	223	297	314	179	241	162	994	67	97	256	234	42	82	42	260	17	884	625	55	38	201	246	202	20	93	357	348	30	182	159	132	312	399	22	159	163	33	323	197	472	115	820	442	388	16	133	112	44	494
V461	41	892	337	102	298	350	57	55	117	112	57	6	37	407	469	2	282	49	307	268	885	110	70	159	10	2	217	163	104	164	292	7	251	18	55	52	463	74	389	47	267	87	191	15	122	83	152	299	307	845	370
V462	137	289	206	25	45	190	60	25	324	325	147	295	325	317	659	1083	40	87	171	30	20	242	279	363	86	120	290	4	14	573	249	128	52	189	188	242	51	155	140	5	455	197	81	109	6	958	131	79	8	71	204
V463	34	7	6	134	103	222	43	62	51	317	343	395	25	152	15	100	305	260	137	127	106	142	316	326	33	192	70	17	1847	339	318	79	324	10	198	57	253	55	30	114	178	25	51	897	187	44	168	29	1062	55	39
V464	24	49	72	166	175	128	223	257	210	36	359	783	29	157	4	223	403	2	136	249	585	13	989	1	13	300	161	31	85	48	275	589	40	178	55	37	53	1	143	336	105	98	183	700	38	558	1044	128	585	132	50
V465	308	477	40	96	335	307	124	101	359	84	227	281	109	480	125	505	129	406	171	263	21	286	18	134	93	1	134	250	408	11	38	158	297	18	382	115	16	393	341	179	73	59	89	102	229	256	274	167	93	184	322
V466	215	130	85	55	131	80	285	14	296	276	9	681	204	108	242	572	149	94	319	10	328	24	491	190	67	100	105	88	169	169	156	79	160	253	53	121	318	248	62	71	93	961	73	29	580	146	16	558	127	28	198
V467	128	215	255	71	518	68	128	79	49	158	17	44	191	26	35	128	86	72	135	369	81	28	99	121	179	27	87	46	180	847	420	432	624	203	494	185	13	18	205	46	420	99	86	763	36	6	109	72	223	566	168
V468	393	26	128	36	205	318	655	121	115	785	254	103	60	45	110	11	258	319	19	110	471	98	107	177	134	37	1130	239	519	177	27	96	99	242	7	218	57	70	338	167	584	96	47	16	136	244	325	116	61	2	268
V469	262	51	58	206	411	51	177	47	662	339	146	67	48	377	168	45	64	82	708	570	391	203	144	304	47	108	194	69	123	219	238	306	55	691	273	6	304	264	56	158	15	196	159	763	288	2	1261	437	60	81	216
V470	16	65	150	333	51	223	125	399	616	87	85	15	772	67	209	44	63	133	31	113	244	476	687	740	133	167	136	129	141	33	51	105	5	205	118	486	21	307	219	113	36	185	149	57	224	44	163	38	0	693	39
V471	495	491	50	5	277	42	59	539	25	85	238	97	38	218	169	209	116	358	424	97	33	6	166	55	113	212	172	132	347	264	15	39	148	422	172	1659	169	2	239	261	146	27	216	242	50	372	15	94	103	32	423
V472	196	506	35	27	451	21	13	740	89	85	205	39	260	6	118	44	106	169	407	575	26	110	318	722	205	12	156	63	455	265	180	218	284	62	97	358	94	48	51	197	84	75	43	122	723	112	36	393	30	590	300
V473	121	151	38	652	963	134	249	67	52	220	237	282	221	0	48	152	336	70	367	89	216	321	321	94	52	86	325	153	548	165	21	44	50	253	301	194	18	74	66	1258	38	323	670	184	2	83	4	48	375	281	156
V474	36	96	130	288	124	71	100	41	52	66	180	275	389	78	31	270	71	7	198	111	816	177	99	706	199	272	209	406	47	161	94	781	412	134	167	24	509	354	44	97	177	257	79	574	367	454	156	170	629	117	77
V475	122	40	136	138	53	59	264	109	84	108	465	61	71	205	61	3	142	71	403	338	210	278	41	50	394	113	476	21	577	80	115	50	105	90	478	315	184	109	24	306	335	7	33	454	76	64	60	73	165	121	102
V476	93	12	204	157	225	487	227	470	32	154	168	29	137	104	5	166	125	60	75	632	305	173	451	220	109	122	87	184	213	390	29	79	10	310	240	50	3	473	79	445	68	48	332	180	225	41	168	175	83	34	63
V477	1	46	664	20	463	151	412	336	185	107	51	0	3	600	153	473	339	130	175	522	61	42	42	17	511	14	208	233	28	92	208	37	57	426	4	39	214	164	61	5	36	19	120	607	51	39	811	163	595	117	40
V478	76	97	30	5	511	15	88	159	71	584	11	507	165	130	36	52	207	509	133	654	1563	699	59	162	94	23	162	332	74	59	99	51	197	114	19	37	4	109	43	167	67	103	56	165	47	49	45	183	64	260	92
V479	48	203	267	103	489	122	66	83	79	10	134	172	67	237	67	29	429	13	127	142	68	17	58	126	157	37	152	60	199	161	12	255	267	40	159	151	274	145	296	278	107	99	253	312	36	69	297	21	125	31	102
V480	7	166	117	86	394	843	264	632	223	33	85	41	93	92	492	153	113	458	1201	93	1	188	148	161	552	210	78	69	77	106	330	154	206	56	284	40	145	74	77	5	30	72	441	94	1165	34	73	298	134	49	74
V481	117	6	45	124	535	156	59	413	157	42	21	324	258	12	121	221	31	223	136	144	132	97	499	216	96	44	228	77	232	14	309	415	2	278	28	640	62	16	192	83	79	130	293	20	292	176	121	70	216	914	79
V482	124	24	461	147	179	183	244	329	72	118	56	140	284	27	6	334	153	567	106	214	77	214	273	42	32	201	83	41	74	184	112	185	199	21	139	20	184	0	159	161	147	141	1	167	159	43	204	489	107	190	90
V483	381	186	15	77	291	258	122	246	180	64	449	399	654	521	262	0	58	421	189	274	489	146	95	5	157	2	534	240	23	92	68	43	49	133	34	53	79	147	355	13	64	183	325	408	265	4	248	319	15	524	323
V484	15	87	4	350	331	64	215	140	100	205	24	11	85	222	23	38	134	174	46	88	50	22	47	269	117	344	53	28	483	256	248	528	59	375	62	164	221	1	292	40	55	178	543	3	330	43	259	314	64	608	61
V485	171	433	9	19	34	719	200	129	76	312	422	315	33	188	58	79	47	196	81	911	194	213	520	68	379	153	57	44	27	47	302	29	587	75	332	50	502	54	762	345	13	12	71	14	324	163	63	92	446	378	263
V486	334	47	504	235	5	220	152	628	60	368	658	190	129	6	342	98	19	257	300	219	212	339	42	105	154	606	351	289	83	257	299	11	66	18	131	30	242	92	188	104	343	113	55	214	50	85	280	23	59	16	184
V487	188	174	196	269	151	299	121	32	179	148	659	35	303	145	401	69	29	115	121	103	11	67	15	357	108	90	95	324	83	231	353	121	176	199	50	211	180	157	78	238	246	231	344	670	278	562	24	856	114	51	205
V488	514	344	193	119	406	10	227	273	669	91	43	525	65	205	278	149	32	186	26	102	57	663	8	334	37	21	29	152	36	207	266	587	184	483	248	94	49	322	573	445	6	283	12	19	238	148	77	197	91	200	454
V489	172	104	41	160	78	921	96	470	7	57	275	199	157	75	351	92	52	317	364	60	249	16	242	299	378	213	88	210	137	37	42	144	65	253	642	146	107	44	73	15	985	895	886	296	6	339	138	291	53	391	169
V490	104	104	195	384	119	477	199	252	70	43	235	386	52	49	157	85	273	100	236	52	178	49	34	3	185	547	268	39	175	18	98	304	85	212	30	257	55	134	403	467	118	44	10	281	231	178	121	17	0	228	101
V491	22	136	25	34	1087	35	555	462	34	154	276	48	181	651	136	471	546	183	20	191	798	57	87	199	20	174	758	67	69	650	3	752	82	59	371	126	242	175	404	50	279	205	25	520	600	445	210	171	260	24	70
V492	40	254	123	97	375	246	223	245	443	111	17	5	31	361	142	109	82	31	552	524	164	19	241	213	192	6	46	460	436	150	2	152	147	225	166	89	183	310	53	406	252	38	128	25	933	17	559	337	695	428	141
V493	63	0	53	112	123	616	219	18	169	331	23	549	63	167	215	74	43	243	269	52	32	159	157	60	24	322	71	30	54	21	246	2	75	152	144	70	463	167	71	566	67	7	174	641	58	103	384	740	686	133	56
V494	31	118	141	487	54	33	81	5	113	709	398	39	47	235	510	191	208	64	49	123	64	56	16	88	999	275	71	193	50	138	212	129	264	676	420	156	292	167	225	188	565	733	473	52	123	7	79	95	307	68	77
V495	69	534	446	85	69	546	1	66	428	538	59	55	74	189	46	49	654	477	439	299	98	5	434	528	31	20	8	511	190	45	211	65	360	257	111	54	70	371	9	431	16	162	277	545	601	137	33	266	381	222	247
V496	102	145	130	227	303	151	226	216	48	104	12	35	1979	123	269	120	322	173	21	403	25	155	313	33	1108	422	27	103	28	14	393	928	472	48	362	24	22	2	163	265	41	332	124	243	51	95	354	123	58	55	135
V497	378	264	59	265	159	17	61	43	202	208	541	66	29	528	306	173	49	66	28	62	75	109	54	110	419	125	544	88	185	184	376	246	30	5	379	10	83	25	2	484	28	6	144	225	16	72	157	417	31	50	264
V498	79	21	61	463	96	279	153	142	251	157	27	175	61	54	114	0	266	251	152	265	167	521	21	467	338	1	448	154	116	138	298	325	154	37	690	21	31	296	61	294	84	117	443	9	146	105	77	3	79	31	59
V499	16	387	24	102	525	108	151	230	179	133	87	177	205	68	83	24	0	27	496	232	33	348	33	114	181	85	39	61	406	580	222	5	136	573	75	49	57	557	205	1027	148	208	241	107	162	224	233	235	133	119	161
V500	715	312	435	37	387	111	9	449	229	136	74	130	188	159	145	49	69	364	204	39	15	10	68	82	11	61	762	129	423	396	118	72	5	136	481	3	863	145	290	117	30	55	311	336	272	251	359	142	116	56	528
