Source001	Source002	Source003	Source004	Source005	Source006	Source007	Source008	Source009	Source010	Source011	Source012	Source013	Source014	Source015	Source016	Source017	Source018	Source019	Source020	Source021	Source022	Source023	Source024	Source025	Source026	Source027	Source028	Source029	Source030	Source031	Source032	Source033	Source034	Source035	Source036	Source037	Source038	Source039	Source040	Source041	Source042	Source043	Source044	Source045	Source046	Source047	Source048	Source049	Source050	Sink
V1	70	101	185	74	255	247	272	55	476	10	19	4	155	25	11	45	65	19	44	89	145	20	123	113	17	56	75	136	114	101	486	35	396	47	620	141	3	186	194	85	97	165	476	1083	217	99	30	308	412	298	140
V2	6	27	2	203	94	68	410	316	189	73	79	38	187	12	306	114	395	412	160	74	184	405	468	391	209	195	9	144	69	603	33	95	344	12	211	694	44	268	19	29	124	44	1	176	15	96	235	39	20	163	31
V3	80	57	94	0	166	311	543	389	429	17	417	91	860	18	150	126	87	691	116	95	174	15	135	48	248	7	118	142	50	160	197	258	64	334	102	449	331	366	13	13	226	95	252	169	257	154	253	231	146	301	68
V4	134	218	98	21	40	215	365	125	386	169	213	154	77	137	54	108	133	51	55	238	36	80	293	165	259	220	205	224	186	34	168	21	199	118	847	397	245	47	283	32	94	184	75	736	6	751	10	122	177	72	190
V5	270	147	30	259	1155	47	93	260	139	258	61	397	80	41	29	220	347	161	85	180	54	112	91	39	8	176	433	59	14	517	421	214	248	381	229	489	154	193	132	33	228	268	217	98	66	371	141	111	227	124	162
V6	30	75	12	56	188	163	119	451	302	277	179	277	16	30	507	318	459	356	516	140	692	74	160	9	60	58	131	185	9	43	311	456	5	586	173	135	640	3	740	38	44	478	370	455	25	201	106	388	97	33	107
V7	163	186	577	347	241	227	309	17	107	26	37	0	180	6	113	230	23	102	67	146	328	96	275	22	389	112	274	49	117	61	22	277	126	371	643	49	98	79	34	242	32	344	184	829	260	205	190	30	5	110	182
V8	235	119	89	216	139	24	63	291	144	66	133	31	170	22	105	845	95	45	92	480	62	53	25	380	0	3	370	611	468	480	72	338	99	47	138	248	241	158	379	33	218	227	93	24	1001	248	323	103	78	202	158
V9	167	384	45	59	124	60	319	381	617	94	438	153	17	11	424	54	132	619	314	8	37	54	22	80	113	78	380	229	0	200	40	228	50	89	146	1380	101	42	146	63	352	21	500	167	9	145	84	110	169	161	299
V10	19	15	396	871	282	265	42	124	306	493	118	62	82	169	26	66	212	234	267	410	37	64	226	100	334	189	134	323	868	257	507	114	30	72	270	405	46	145	24	221	501	104	126	137	48	234	24	120	144	47	46
V11	112	52	379	195	527	422	8	65	180	555	159	667	387	173	29	135	69	241	309	145	421	392	119	109	221	134	318	83	5	238	842	97	293	168	70	139	76	191	487	286	70	26	46	41	308	310	158	77	359	2	72
V12	194	38	345	228	38	182	44	173	573	82	124	223	469	23	255	811	113	102	270	124	502	453	195	165	424	71	318	475	196	38	67	153	411	161	12	161	9	364	415	15	101	232	18	79	28	19	244	230	205	131	88
V13	100	435	237	36	265	6	81	515	132	134	397	316	322	614	263	19	320	15	96	150	686	133	46	288	69	77	97	89	194	43	9	61	375	470	7	143	114	148	19	183	41	221	216	134	304	288	37	19	85	56	346
V14	460	59	1	149	190	452	311	204	294	4	63	117	273	42	209	146	231	128	240	38	509	135	12	44	114	209	43	634	404	11	264	6	31	500	151	91	30	205	127	407	258	25	126	641	181	190	45	62	49	301	133
V15	124	531	27	21	144	165	541	36	34	310	85	34	241	201	91	148	86	297	160	201	257	353	187	59	349	158	62	254	115	533	264	30	287	610	281	254	49	86	202	63	44	110	55	140	409	64	28	84	203	34	429
V16	136	188	43	22	97	46	226	138	74	53	87	301	40	62	67	13	90	69	192	294	54	70	58	16	420	9	23	262	0	122	51	64	305	3	91	108	21	112	18	695	87	29	285	6	276	88	309	114	6	184	188
V17	124	18	55	10	576	408	60	537	378	799	14	47	134	500	42	1	28	894	285	750	167	26	267	605	12	153	76	422	103	207	105	97	186	209	327	625	248	5	3	269	9	123	205	195	31	168	76	365	321	60	56
V18	147	170	86	116	310	27	115	15	305	77	191	163	238	106	367	36	179	87	10	22	138	145	151	142	71	87	43	264	77	139	3	292	203	23	191	405	30	75	71	602	173	40	839	598	344	27	151	62	299	72	164
V19	54	265	99	166	129	97	201	36	300	23	92	124	108	98	18	238	104	31	280	125	607	220	101	212	36	181	111	91	1128	32	442	550	228	67	20	60	307	108	41	406	168	9	33	159	253	399	514	110	136	23	212
V20	522	133	244	84	13	68	157	288	391	276	80	60	74	156	145	145	2	404	25	10	414	140	36	120	110	99	118	255	12	11	124	4	230	148	209	70	453	105	150	98	270	5	1	368	290	564	45	107	305	134	219
V21	1187	345	176	38	150	141	603	41	252	190	22	87	443	398	240	24	334	232	917	855	182	477	43	177	260	258	848	7	101	113	289	76	86	306	100	75	27	216	461	111	611	165	462	201	119	121	61	248	326	205	481
V22	396	48	400	534	352	122	30	0	413	416	19	29	188	395	213	351	70	245	318	587	264	422	405	1327	377	22	118	50	193	486	72	136	213	166	37	194	278	336	6	30	235	72	129	38	21	67	404	184	2	16	121
V23	21	91	102	60	220	305	306	187	115	206	19	27	188	558	129	85	68	99	345	77	34	13	162	177	55	305	310	152	369	50	82	247	3	29	18	55	600	177	425	1063	3	48	28	235	249	63	174	155	113	7	78
V24	457	332	58	31	224	577	171	67	26	62	52	43	114	200	37	90	160	45	185	134	238	46	416	4	770	15	506	82	89	515	42	73	166	92	30	1	258	381	296	264	243	310	21	40	65	532	211	24	347	7	309
V25	49	195	184	240	95	172	917	176	102	252	739	142	0	346	63	247	146	272	8	137	363	225	230	80	456	2	488	235	30	88	324	112	189	71	15	722	17	198	59	96	220	42	68	194	218	220	231	13	244	406	185
V26	74	463	256	62	94	211	13	269	177	162	335	243	68	54	73	220	48	897	31	80	546	18	261	66	145	322	90	128	1228	339	161	255	316	168	31	584	11	237	34	27	94	2	239	8	11	1	1022	736	7	26	353
V27	158	204	321	159	19	140	291	233	269	87	420	459	41	283	205	82	487	23	207	183	433	171	193	80	190	139	26	707	330	344	19	387	4	49	39	24	222	12	176	219	1	7	97	48	4	125	594	8	268	314	178
V28	23	73	48	27	259	86	143	106	460	1	27	538	351	400	154	262	204	43	335	198	206	88	44	145	89	54	332	336	54	37	104	472	70	110	98	409	11	6	63	1	398	283	305	383	220	128	13	237	167	16	69
V29	82	810	75	51	35	307	72	466	62	132	162	9	184	420	128	287	84	200	434	352	312	131	186	373	171	11	317	79	192	323	66	38	299	53	71	92	20	755	167	289	29	116	153	613	299	340	406	96	535	39	655
V30	277	15	234	64	37	115	17	248	47	21	136	383	35	198	71	65	384	360	405	82	420	114	134	33	188	39	328	284	390	482	127	14	224	266	175	378	278	48	274	165	153	326	23	119	48	98	25	54	244	461	69
V31	508	167	116	39	116	107	5	306	412	69	8	124	240	435	142	49	40	16	307	332	51	110	45	376	30	105	179	256	159	118	90	120	135	81	88	78	52	6	370	74	142	66	602	168	186	324	85	60	68	423	236
V32	184	36	223	92	5	53	108	231	30	442	131	345	136	41	85	64	8	34	0	5	48	338	105	12	104	191	3	84	23	19	82	126	161	105	463	38	79	163	153	26	13	78	51	208	130	99	262	343	453	633	60
V33	16	179	166	125	37	74	91	34	21	98	122	32	59	81	11	128	541	118	152	143	47	86	1818	188	330	7	52	677	184	60	445	444	26	178	259	99	158	694	15	212	82	37	177	122	158	91	397	204	9	162	144
V34	56	377	34	185	46	139	62	12	126	5	124	238	199	122	2	496	1196	155	11	27	269	5	49	39	562	733	13	86	966	358	500	312	11	138	119	663	85	181	115	493	190	140	244	442	1452	186	275	148	668	243	329
V35	426	113	133	18	234	111	625	211	381	8	87	33	90	99	158	586	210	401	27	63	204	429	228	16	213	520	720	253	54	45	230	147	131	195	261	407	650	132	347	180	7	69	226	259	53	354	83	147	72	136	189
V36	462	212	350	147	506	38	111	223	133	145	227	17	31	179	122	364	54	61	404	25	114	76	170	65	47	19	103	412	13	60	71	137	22	176	158	188	128	3	115	175	354	907	354	71	169	117	8	242	281	309	247
V37	22	819	96	45	131	108	303	7	743	145	563	149	0	259	33	255	25	47	843	113	66	818	23	2	10	151	162	642	251	234	37	71	131	36	394	199	790	68	295	12	136	108	106	11	147	53	28	121	247	123	709
V38	384	118	61	104	71	200	630	95	247	43	166	136	148	175	103	8	193	27	39	9	1	54	103	527	16	350	1284	43	202	103	57	20	287	335	129	85	16	196	96	275	82	597	76	62	138	238	18	1	106	13	170
V39	118	87	191	288	322	286	474	67	99	16	53	291	557	228	69	169	119	344	589	5	10	1	751	55	249	65	265	128	39	111	49	51	53	423	107	30	231	824	138	153	84	114	64	20	595	525	180	430	67	230	109
V40	221	177	4	168	203	109	109	601	200	85	273	1088	263	7	188	382	45	101	508	97	139	126	97	56	86	45	309	29	372	62	180	11	57	27	66	99	380	155	9	24	9	101	161	68	38	619	565	16	804	329	178
V41	72	239	10	52	563	422	1058	121	5	29	39	105	291	150	86	914	162	827	26	243	80	7	365	188	210	643	43	284	234	13	9	119	45	134	34	2	126	16	194	153	109	124	59	116	8	548	222	349	67	150	211
V42	1125	81	86	70	26	60	342	74	255	116	35	46	38	63	29	518	263	418	502	16	69	125	175	201	111	76	145	90	442	696	127	661	547	58	189	90	33	108	272	729	307	52	112	0	254	40	237	380	110	2	246
V43	318	112	117	70	197	510	77	160	139	242	390	2	106	313	129	447	82	5	587	260	55	328	362	115	90	656	40	9	40	237	81	75	354	95	363	69	619	84	472	160	144	83	699	237	82	12	224	22	183	381	149
V44	463	27	55	83	33	399	83	227	399	30	298	233	274	402	15	111	444	411	89	180	22	746	17	194	18	18	116	12	56	141	48	26	143	295	54	238	379	51	53	35	616	386	718	163	312	79	37	6	25	111	105
V45	137	208	82	355	578	275	74	74	73	53	176	42	421	43	187	190	125	295	4	631	337	393	119	379	132	33	560	579	296	47	598	170	248	101	187	258	46	404	136	113	230	32	27	440	577	238	95	545	217	630	182
V46	53	563	465	1019	298	99	103	13	70	469	175	49	702	35	94	430	92	0	338	185	321	29	137	207	177	7	70	1	25	187	158	61	13	24	258	26	3	496	223	51	57	161	367	249	3	52	206	3	14	160	446
V47	172	39	311	334	129	42	39	7	356	78	129	15	166	2	87	77	19	35	23	355	53	50	215	87	32	176	109	83	16	88	160	2	365	448	124	84	109	307	282	296	31	509	379	81	1	162	146	364	513	128	83
V48	41	516	525	338	98	8	280	159	80	1068	64	236	28	25	67	121	91	17	23	136	119	328	31	54	165	65	102	85	69	161	162	2	101	16	16	88	267	123	526	38	18	349	503	94	157	64	7	284	462	82	387
V49	617	70	219	194	38	469	208	106	199	32	578	2	84	173	82	42	268	25	13	129	141	83	281	263	67	136	172	28	19	181	257	266	204	183	144	147	480	258	40	111	54	55	147	262	109	143	57	23	284	442	142
V50	25	23	125	349	283	22	194	61	243	328	551	193	39	43	56	131	238	373	154	130	14	669	382	176	95	45	29	607	89	210	234	401	33	263	10	334	16	412	12	87	47	18	171	134	86	446	160	324	186	528	36
V51	173	28	196	147	375	290	593	35	434	265	31	247	329	584	164	365	353	4	60	291	47	160	160	40	15	8	210	352	248	268	261	94	134	145	90	40	330	128	200	131	30	52	137	191	360	134	692	37	415	35	57
V52	62	266	361	164	10	99	201	16	101	187	1069	19	141	87	278	986	94	457	143	349	1	361	340	153	610	80	434	330	222	3	25	244	36	606	129	457	152	829	264	136	289	64	375	220	113	18	72	4	459	21	231
V53	111	60	762	172	27	505	8	89	76	84	87	59	32	708	304	6	75	256	158	177	97	383	236	69	334	145	437	253	540	45	155	326	109	29	335	204	30	228	198	30	40	3	88	117	77	169	5	219	252	100	71
V54	77	33	92	30	71	79	42	102	239	257	136	326	240	438	5	156	192	111	76	18	90	276	64	337	30	187	214	424	81	156	62	431	173	439	407	212	199	285	39	161	182	240	28	31	46	216	126	587	148	183	50
V55	127	72	25	82	950	502	200	533	466	183	208	61	105	630	21	11	154	167	882	502	46	456	102	56	24	132	154	544	134	358	172	317	23	41	360	60	480	147	55	223	87	785	173	115	8	347	122	228	58	9	98
V56	112	86	28	73	613	227	49	30	125	10	0	224	8	32	125	128	101	451	181	13	8	68	40	15	111	316	183	117	220	198	43	243	1	188	179	57	259	95	198	167	162	61	263	295	85	286	142	53	569	56	111
V57	139	422	216	93	70	342	1167	263	6	244	437	38	899	21	182	452	181	579	308	43	217	54	641	537	416	490	342	327	18	31	484	115	93	112	288	28	37	475	205	111	73	153	79	152	111	216	544	83	207	141	351
V58	56	262	75	2	29	211	191	98	24	230	555	78	49	130	198	58	129	233	395	356	126	279	54	527	130	259	4	180	459	0	414	299	78	81	82	59	683	320	63	24	190	46	171	143	245	62	426	102	525	347	251
V59	1087	85	126	527	25	102	166	1	98	366	4	10	357	15	183	21	259	12	219	183	69	206	59	20	79	141	319	327	33	108	192	198	4	473	336	116	24	181	5	204	145	317	541	259	120	733	294	321	18	474	245
V60	86	32	196	451	376	95	205	93	148	32	59	0	224	47	124	29	131	613	151	398	18	332	190	295	421	308	204	134	2	33	103	267	182	107	568	0	22	450	777	315	106	66	5	7	19	34	65	80	121	132	61
V61	86	244	65	72	156	171	129	32	301	166	390	648	5	90	13	66	177	45	146	9	63	426	169	108	94	147	267	323	271	128	230	251	193	55	178	28	100	62	4	37	33	92	96	109	119	129	109	46	97	174	208
V62	34	5	15	178	152	199	183	501	8	359	96	4	545	207	56	0	143	224	60	844	53	28	190	55	33	86	240	655	129	68	235	171	136	227	116	50	88	74	96	2	70	75	121	69	171	545	90	50	30	437	33
V63	34	360	283	111	303	121	22	8	111	926	209	62	460	662	63	34	22	265	188	321	139	153	62	690	66	59	18	673	15	530	58	64	449	651	769	309	357	131	380	428	535	1110	188	160	10	52	124	498	48	335	318
V64	172	98	111	461	108	277	239	211	198	1	260	84	106	202	307	154	379	163	87	113	68	516	591	71	228	179	294	80	100	149	522	443	64	78	32	363	152	116	187	263	171	334	89	184	10	301	135	415	117	364	126
V65	548	186	110	185	55	68	665	335	272	136	83	245	114	139	230	660	141	210	103	103	170	762	13	154	347	82	121	153	14	156	80	73	62	136	322	22	84	28	27	24	39	179	148	387	313	427	27	142	142	370	243
V66	251	223	526	279	663	35	494	63	259	57	354	125	149	368	43	233	172	214	140	38	138	321	79	5	200	338	131	345	174	212	1074	0	681	337	16	7	92	189	640	417	17	323	266	428	21	122	161	439	125	10	231
V67	55	118	94	498	58	119	155	479	169	135	108	324	470	280	4	62	11	87	444	245	137	226	55	157	483	168	330	142	23	179	30	89	429	365	214	51	77	314	271	20	54	3	59	29	349	32	439	166	423	169	119
V68	311	17	162	7	517	22	512	50	26	3	66	365	289	54	41	25	36	207	141	47	284	205	134	310	198	33	130	204	34	148	272	28	183	200	129	123	27	23	113	67	337	325	79	42	27	32	101	289	124	435	69
V69	102	3	719	644	26	0	486	36	19	49	133	323	266	3	254	60	244	30	35	185	89	187	0	71	122	200	18	373	328	84	203	472	271	326	8	402	55	4	199	72	8	121	327	434	30	219	404	238	902	71	39
V70	131	29	9	174	87	429	31	142	31	47	79	2	699	66	84	55	10	309	341	181	28	221	664	173	25	19	427	76	125	29	3	288	14	412	69	138	276	144	82	39	102	1442	214	164	108	35	216	58	53	45	52
V71	141	152	267	250	173	9	49	585	18	61	127	62	28	113	394	4	38	65	377	136	1	276	158	106	54	4	216	209	294	106	146	123	2	88	35	1201	77	735	27	772	136	64	30	704	138	4	268	151	445	116	154
V72	27	4	261	67	32	129	362	109	69	197	168	23	230	147	305	14	82	96	151	300	20	249	27	116	198	235	60	123	598	67	364	45	551	126	358	74	582	112	88	770	8	51	80	191	114	301	1	332	37	117	29
V73	188	548	89	71	109	20	335	176	353	89	505	80	53	31	167	14	474	3	205	80	113	247	74	177	335	108	144	144	120	68	324	219	59	40	278	64	16	70	125	108	398	129	150	149	692	456	98	84	366	111	453
V74	7	505	188	86	248	59	63	242	5	136	660	3	347	45	28	130	152	522	14	100	173	522	351	362	3	456	5	73	111	84	44	21	454	149	131	237	4	129	305	85	154	17	195	110	96	338	24	11	141	134	391
V75	1	129	0	47	136	73	7	62	52	289	418	49	342	70	270	37	63	33	221	211	154	196	6	288	349	321	60	459	382	360	151	59	23	119	156	44	27	104	189	3	703	141	129	26	172	61	465	88	158	200	121
V76	366	462	604	136	1	157	154	341	149	133	4	168	135	82	232	38	610	612	78	35	98	87	14	184	288	261	153	14	401	36	515	63	312	567	17	9	167	241	189	48	23	73	120	472	108	14	110	386	378	78	401
V77	3	41	303	23	197	132	63	293	87	431	160	41	254	202	253	108	170	84	11	61	42	77	415	204	236	549	12	121	381	17	446	8	45	198	11	349	203	528	79	201	258	155	901	153	526	107	72	366	284	127	62
V78	213	394	69	47	661	227	208	210	16	342	33	152	29	381	123	30	95	265	253	381	78	428	276	156	53	38	133	134	240	241	46	97	25	20	484	100	17	66	69	25	128	103	263	167	530	223	706	72	71	324	329
V79	189	24	67	64	67	405	343	42	164	17	441	2	82	124	90	116	324	58	233	172	191	72	163	155	60	25	361	838	140	59	125	195	60	297	166	34	138	276	143	75	26	743	68	34	189	331	104	316	174	338	61
V80	473	3	97	147	138	133	331	75	113	534	55	394	179	95	19	19	236	12	10	168	24	372	91	876	1156	160	349	2	181	363	27	4	101	90	468	6	244	70	747	98	163	305	263	22	166	203	69	182	97	198	93
V81	652	157	66	72	94	814	5	77	14	288	130	76	46	320	91	71	94	74	270	80	243	37	176	56	29	75	68	141	273	387	244	81	4	201	123	796	287	162	246	29	293	31	1	164	457	632	209	24	83	1013	228
V82	1	116	214	36	75	736	343	69	166	212	5	95	128	269	248	301	224	32	78	152	69	82	235	123	79	52	452	11	27	95	4	39	42	19	130	1408	21	270	342	102	150	397	337	19	27	10	101	539	87	189	106
V83	59	403	133	6	32	79	294	320	120	108	499	32	56	354	3	102	403	58	90	460	310	145	101	48	56	50	240	434	52	688	99	101	435	265	12	253	124	1079	251	266	351	16	1319	58	33	512	66	242	60	418	330
V84	4	1224	123	203	345	68	133	184	30	290	23	220	21	329	70	26	73	473	249	123	637	27	247	688	149	131	85	11	5	203	294	13	126	385	80	41	1	86	236	112	44	51	101	8	121	35	246	60	108	35	888
V85	116	89	23	138	269	208	330	467	126	430	388	444	34	197	23	295	381	317	181	321	106	122	710	55	168	120	42	22	621	60	172	107	150	194	14	238	446	27	10	41	422	1	72	104	3	168	189	706	15	66	109
V86	424	56	37	29	270	340	154	103	101	110	310	18	442	59	348	965	100	292	140	26	154	297	75	225	194	364	558	517	157	92	354	640	35	294	232	30	86	180	36	431	183	179	167	25	66	37	333	1	214	199	120
V87	312	75	25	176	90	339	57	312	115	340	76	207	169	59	18	489	413	7	205	35	170	153	190	124	278	1	226	76	71	72	70	790	1156	347	145	128	776	41	732	47	261	198	19	105	892	139	5	39	342	6	132
V88	176	75	109	286	46	1083	90	65	40	61	276	138	45	217	883	372	126	203	157	15	425	233	432	127	70	362	98	97	97	17	11	211	52	84	323	134	78	73	266	149	387	21	152	86	113	191	189	65	28	63	101
V89	45	166	341	30	27	17	416	128	7	96	250	31	1113	35	48	637	79	58	80	227	22	74	56	172	10	309	34	122	95	37	26	37	288	146	96	386	574	51	492	60	85	22	120	369	178	219	74	78	164	84	169
V90	57	338	65	38	949	419	315	57	300	26	120	367	198	157	81	34	66	145	15	146	22	126	126	347	247	103	67	45	217	119	514	25	429	10	194	543	114	247	20	67	33	69	281	173	72	293	611	250	85	145	283
V91	191	330	185	0	32	62	93	202	122	292	29	466	320	180	43	368	241	196	27	155	108	245	70	182	136	51	18	48	30	73	248	105	710	79	157	260	358	112	224	120	85	68	85	44	321	990	47	263	109	170	330
V92	25	448	418	15	49	47	214	57	90	235	406	5	18	19	170	107	385	193	108	42	218	94	401	380	333	166	110	823	187	499	423	223	38	275	89	162	10	12	5	17	287	143	374	108	33	48	639	241	10	141	364
V93	118	346	247	67	355	231	504	45	74	48	66	268	124	193	51	380	119	7	494	697	35	7	106	111	208	307	212	204	230	67	14	119	1142	117	108	215	47	38	93	4	75	179	104	64	16	265	47	90	23	147	282
V94	85	11	464	312	12	362	65	238	6	187	186	200	129	121	959	41	183	735	575	15	97	9	123	87	10	164	227	43	233	70	112	67	410	979	4	113	5	98	394	93	216	199	148	97	97	77	39	82	466	276	41
V95	287	154	363	605	116	161	30	27	6	335	187	235	181	10	311	269	2	223	552	289	170	209	103	24	13	196	135	7	206	534	55	211	79	32	9	23	457	8	257	330	62	560	4	61	341	331	172	253	105	25	180
V96	241	85	289	803	81	632	147	19	71	189	59	637	66	84	77	216	27	250	200	346	82	136	89	442	29	37	30	185	169	97	144	36	362	135	13	119	117	162	45	69	458	122	37	354	400	223	291	31	159	154	126
V97	393	79	104	11	2	34	63	63	208	207	32	162	141	102	401	620	437	599	195	64	468	565	6	190	87	274	227	256	375	29	130	68	2	270	516	55	154	103	520	31	5	283	213	38	155	221	186	306	627	440	134
V98	30	681	41	26	86	375	562	196	182	246	346	10	598	269	501	101	406	40	29	228	230	50	82	233	104	88	199	0	474	11	223	50	150	196	138	115	253	752	142	56	106	74	100	24	129	106	14	524	267	97	523
V99	26	19	40	308	181	0	83	60	11	153	153	202	581	91	1089	55	603	473	96	190	284	431	44	339	120	90	114	113	65	152	222	196	11	289	104	254	162	281	599	67	38	198	250	98	152	54	12	150	262	58	51
V100	7	187	19	372	273	50	256	86	97	36	266	6	134	208	45	398	149	4	69	199	185	486	39	616	21	2	263	30	19	94	43	136	96	246	147	129	56	19	131	275	371	111	243	377	150	206	70	36	87	231	152
V101	71	191	259	122	61	236	143	260	331	366	18	16	121	13	84	351	4	129	97	290	830	226	310	188	260	226	178	130	71	29	251	41	172	309	395	39	403	260	91	116	123	476	148	59	131	497	356	164	138	112	176
V102	198	37	49	77	60	70	96	588	317	138	76	112	46	546	141	517	28	252	154	111	400	873	26	48	124	9	7	136	317	48	227	536	881	75	425	93	23	77	364	228	268	17	274	597	548	74	239	52	318	71	82
V103	168	66	55	127	153	247	25	285	116	93	288	237	28	101	125	36	106	212	292	355	273	296	283	188	26	220	152	247	8	55	332	486	181	148	109	666	17	195	149	179	581	22	166	225	384	30	70	45	214	148	85
V104	653	409	57	176	538	57	2	189	111	44	71	217	64	12	45	98	481	36	88	44	224	94	65	237	130	1	52	229	124	158	140	19	504	179	82	190	119	1133	116	8	587	374	17	81	137	43	846	382	30	262	424
V105	65	92	856	559	27	316	134	66	191	249	113	644	61	153	12	172	82	92	134	87	14	225	168	267	228	39	419	180	295	20	78	148	77	20	329	195	115	30	165	373	385	233	156	321	299	81	380	7	107	62	77
V106	108	41	153	195	147	205	483	366	239	191	149	324	9	255	32	9	64	197	1	50	16	239	14	57	61	74	421	170	13	21	866	160	340	26	309	122	153	229	51	259	288	519	249	229	142	147	22	212	228	775	65
V107	119	107	226	618	111	4	36	9	947	285	22	35	11	215	45	663	177	58	110	170	261	177	132	412	595	487	33	9	11	255	370	72	116	189	56	416	315	160	5	30	260	118	330	111	145	86	57	181	122	652	105
V108	90	153	106	392	293	238	343	162	2	154	153	175	216	89	345	4	115	121	628	95	309	75	308	66	64	83	34	189	89	162	429	72	12	208	368	216	658	256	73	129	198	199	182	805	543	98	80	665	33	50	164
V109	28	391	152	55	99	382	435	0	405	24	39	49	288	136	818	335	271	5	671	202	860	20	97	408	1548	609	2	181	188	460	19	166	43	246	325	583	1208	762	299	156	27	103	414	63	142	43	140	31	54	3	334
V110	92	57	88	592	143	191	285	336	145	43	96	709	201	134	847	141	102	16	1	92	1093	677	29	38	23	379	480	121	475	268	387	237	490	365	110	68	17	241	60	305	153	56	157	3	304	156	645	405	135	98	80
V111	85	381	58	14	348	157	119	105	148	35	124	135	48	51	156	127	155	331	18	999	151	403	45	72	232	21	58	55	155	1072	15	21	180	740	315	257	106	7	239	185	135	320	47	309	68	443	4	428	107	512	318
V112	118	63	317	408	58	308	103	76	138	31	418	172	57	207	36	134	601	111	207	20	103	68	396	99	308	157	18	22	82	67	2	303	23	133	769	237	520	71	24	2	291	58	117	175	145	147	228	24	196	16	98
V113	1	70	53	193	146	88	137	157	649	192	173	9	61	134	229	210	34	46	15	20	28	499	129	29	225	290	46	10	11	53	188	36	244	469	132	41	347	116	185	210	159	175	176	291	40	829	109	114	175	31	68
V114	401	97	254	279	19	610	417	334	377	90	114	28	127	396	291	56	156	61	144	157	23	601	1	95	47	1	4	919	78	9	97	25	903	107	71	116	352	637	280	488	123	672	171	283	294	82	105	47	70	6	150
V115	283	472	39	1	29	145	277	211	327	182	18	13	40	226	57	255	230	203	443	359	242	310	46	202	210	39	434	186	176	75	163	69	190	179	85	446	589	38	477	26	51	7	8	89	710	125	65	72	140	347	420
V116	346	50	113	196	170	17	649	308	625	80	2	1051	389	10	96	13	110	511	240	117	75	270	1021	84	132	257	453	263	104	59	305	432	501	581	198	183	39	934	62	465	392	44	280	473	230	702	31	22	31	156	111
V117	175	14	35	89	130	725	59	50	595	11	178	340	304	89	46	44	43	1	30	45	36	88	270	319	456	30	18	193	266	16	455	554	198	68	104	147	670	17	818	267	25	112	0	115	143	44	146	41	323	106	58
V118	145	214	71	124	753	108	63	51	73	177	13	128	27	494	448	201	113	73	302	56	236	61	95	110	115	354	361	275	0	264	70	570	86	43	199	161	254	30	163	203	277	376	240	138	1	225	610	21	123	326	193
V119	184	341	415	21	299	318	75	27	142	333	499	5	286	184	16	52	188	599	455	199	51	20	373	115	110	8	515	142	32	349	93	6	268	108	99	44	17	231	152	443	104	173	296	719	131	69	38	34	469	135	296
V120	182	41	30	103	676	87	129	61	14	60	218	233	435	21	147	31	259	276	649	603	50	207	409	18	254	395	453	180	103	473	124	48	330	37	25	211	423	629	131	437	743	134	73	1	230	37	381	262	404	110	93
V121	296	39	324	108	3	13	62	131	236	89	30	57	175	204	771	31	162	374	238	30	214	25	181	36	754	105	171	425	207	727	189	17	56	66	99	10	40	93	36	104	58	232	22	20	85	207	132	462	34	36	80
V122	380	450	368	117	513	294	352	29	431	197	18	53	819	34	235	79	637	48	358	585	397	138	471	103	146	161	88	26	166	124	70	82	317	409	46	15	318	15	630	213	47	170	133	20	200	4	431	20	157	271	435
V123	15	125	554	302	2	151	137	144	449	139	157	137	36	420	108	55	19	326	434	557	111	91	323	111	221	16	437	231	105	402	126	122	23	377	67	539	269	288	111	326	2	370	150	351	129	62	148	50	197	116	136
V124	2	158	24	157	55	51	466	272	99	564	197	31	39	121	141	44	70	117	20	122	100	86	258	31	142	340	314	105	668	435	148	519	305	439	16	66	100	186	41	97	42	76	58	779	62	332	224	204	290	149	152
V125	14	68	284	342	104	32	148	7	248	34	72	369	601	113	35	470	235	233	131	108	155	202	40	181	574	17	58	740	161	136	18	69	221	452	97	520	39	160	7	310	179	209	27	164	65	122	468	310	181	20	58
V126	45	617	156	369	212	273	681	99	113	102	351	174	69	132	595	150	6	152	38	159	565	213	89	11	93	182	99	397	21	25	32	89	18	4	139	169	180	432	104	106	385	119	413	160	376	62	388	291	278	116	467
V127	268	231	297	151	790	230	0	4	94	166	29	328	208	45	224	623	433	59	96	295	151	0	80	94	421	114	339	153	166	727	80	94	473	298	400	168	340	401	11	67	70	775	93	268	230	161	181	395	4	44	220
V128	101	221	131	248	52	191	229	140	278	116	48	159	139	48	28	369	163	33	111	129	49	451	47	47	702	395	273	61	100	10	363	104	218	88	117	549	115	145	94	16	277	2	159	278	145	92	114	49	181	5	188
V129	235	70	7	125	11	163	392	62	95	2	278	402	659	31	176	247	415	26	39	126	449	752	140	85	43	42	66	368	107	122	1	280	728	35	161	265	26	453	697	36	241	117	545	56	7	303	287	339	2	76	131
V130	52	139	170	357	13	12	89	114	237	123	376	344	126	0	522	226	20	216	138	535	28	238	173	20	237	257	265	579	195	233	104	275	125	490	70	11	300	432	147	257	127	337	213	478	73	125	68	12	136	58	130
V131	203	79	31	297	94	1292	45	26	50	33	181	308	136	390	69	358	93	82	303	97	473	607	211	229	93	169	103	310	89	9	60	196	169	18	216	54	116	38	6	126	476	43	234	51	338	115	109	7	11	1034	119
V132	675	307	86	173	170	147	126	85	80	52	191	12	6	296	147	59	558	55	147	66	11	374	222	69	105	60	454	579	277	24	6	576	443	55	289	403	164	72	173	717	94	354	21	177	136	167	505	91	61	77	358
V133	512	428	72	432	12	511	382	202	932	217	173	36	159	305	20	286	33	0	73	72	121	33	269	273	91	110	57	214	27	30	204	106	157	300	76	526	163	80	271	23	164	10	151	40	301	472	112	65	149	779	415
V134	319	375	130	260	25	18	261	15	130	27	30	7	101	16	357	193	331	150	30	15	76	594	126	33	162	48	431	205	71	207	142	1128	151	47	96	127	63	565	268	256	106	225	293	621	80	86	247	43	123	369	346
V135	76	101	644	227	61	52	186	522	660	227	494	179	36	35	84	95	20	79	327	622	85	86	12	180	302	106	799	34	245	41	141	123	264	40	298	4	146	77	55	139	838	86	200	187	64	39	147	45	277	235	101
V136	12	151	77	203	108	249	34	139	250	44	14	376	20	263	36	100	435	36	150	119	223	122	547	272	65	568	86	363	534	375	113	156	162	307	472	243	438	534	78	333	82	105	513	191	187	256	11	409	53	882	138
V137	78	692	462	52	174	116	73	924	707	25	231	38	48	71	341	244	862	627	295	64	2	67	149	241	534	322	220	489	131	22	74	22	34	408	5	229	182	4	542	105	29	229	44	108	161	93	1049	93	525	291	573
V138	179	8	89	39	75	43	6	3	21	10	158	71	13	405	90	113	226	10	637	636	38	89	441	64	143	86	364	106	94	64	25	187	169	171	69	136	138	34	144	133	369	113	50	107	43	8	376	79	360	49	56
V139	108	183	121	397	449	71	280	87	164	276	46	54	38	455	21	11	27	143	293	49	176	107	43	64	93	118	100	34	22	394	93	265	69	60	49	16	261	132	101	320	48	17	1484	123	69	70	97	533	119	61	174
V140	200	65	114	892	608	200	124	94	24	89	97	11	360	43	34	23	750	277	41	430	20	214	136	39	46	237	35	208	7	256	101	190	106	155	150	37	598	526	177	179	91	634	128	456	43	161	136	9	315	67	93
V141	270	107	97	83	48	204	137	371	100	2	25	1004	91	253	113	22	55	8	21	54	46	304	101	48	39	86	502	1050	258	333	31	503	236	474	24	168	715	9	810	980	39	146	26	46	151	291	60	11	1060	430	153
V142	56	6	52	172	143	424	128	274	187	31	99	302	128	7	18	375	115	124	96	232	178	334	523	957	15	46	10	18	186	807	104	15	14	42	1167	5	168	51	150	8	387	113	49	577	272	111	158	309	180	423	32
V143	51	113	400	80	44	147	159	51	31	27	545	305	8	21	55	12	80	14	560	138	100	523	172	40	34	316	156	385	14	173	116	42	203	93	918	114	95	168	380	79	181	105	62	608	93	49	385	98	146	527	109
V144	397	69	197	586	114	447	40	65	254	166	0	245	12	402	1197	94	197	475	117	60	51	49	80	667	265	182	81	338	31	57	140	31	677	251	31	170	83	79	282	201	263	192	149	776	548	51	167	43	451	252	130
V145	57	254	19	149	478	296	26	12	830	94	66	58	49	374	144	318	355	236	55	178	174	21	36	275	128	232	1466	24	18	176	187	660	659	62	99	259	145	339	163	367	112	105	988	301	451	354	128	320	266	231	219
V146	563	301	48	5	117	498	671	364	268	166	176	369	198	765	299	207	166	35	127	7	277	9	266	99	47	343	26	73	89	465	634	183	246	343	147	116	274	127	65	433	96	57	16	185	62	21	21	281	20	321	335
V147	623	531	549	529	98	335	178	25	527	367	444	110	265	11	76	228	304	277	10	78	687	70	287	106	320	43	39	14	107	30	126	275	222	146	117	84	19	548	224	126	48	29	12	195	467	237	62	432	274	362	545
V148	22	24	112	291	78	454	28	32	409	185	135	13	259	17	362	343	198	322	1	191	211	47	141	35	105	254	210	137	83	44	84	159	544	330	203	266	132	165	193	411	319	319	46	436	64	27	252	419	119	58	30
V149	250	235	10	195	98	267	151	57	144	80	285	67	549	451	234	79	358	48	98	60	7	99	156	29	132	435	247	288	797	42	17	156	56	295	104	366	467	22	89	130	336	255	13	438	119	361	42	24	138	126	257
V150	288	25	53	224	249	188	141	498	223	8	228	393	402	377	156	564	36	105	104	107	95	209	613	166	488	329	225	61	387	131	206	179	30	28	32	58	293	466	101	30	68	14	102	215	248	11	134	173	358	858	80
V151	37	671	13	26	17	262	513	59	121	153	208	174	742	588	0	518	209	75	73	95	226	926	60	151	355	152	15	216	98	220	159	222	332	190	616	176	821	374	792	181	334	846	210	67	55	14	82	29	45	272	549
V152	147	387	133	72	400	220	21	198	274	20	613	386	409	611	131	151	20	57	167	240	216	76	46	493	317	212	94	453	319	429	122	12	299	33	79	668	243	182	329	42	143	52	246	281	11	433	111	31	132	280	345
V153	693	790	91	187	130	445	297	77	388	120	197	595	37	115	501	56	367	118	2	157	175	16	17	122	136	214	73	220	101	83	210	251	150	55	911	0	159	53	57	224	477	41	144	29	366	267	199	580	70	37	685
V154	323	113	220	490	359	129	77	244	307	97	19	16	35	17	353	26	25	72	284	57	378	2	76	80	411	553	145	309	173	703	37	21	192	173	41	259	537	95	281	257	20	4	53	34	490	313	119	124	211	180	156
V155	129	84	82	116	13	498	90	219	19	701	145	72	200	304	86	284	361	59	133	587	794	337	98	161	1	219	455	130	600	131	602	193	26	167	368	101	94	62	144	362	312	162	38	339	264	0	28	153	933	24	103
V156	133	258	204	10	878	22	2	369	103	57	112	353	226	34	53	52	183	225	153	356	210	165	495	57	137	283	47	19	80	708	537	990	36	155	141	27	32	166	87	30	163	165	313	605	580	401	22	78	51	288	212
V157	88	220	54	28	161	267	156	190	151	101	525	220	67	351	162	670	152	53	105	79	352	34	269	453	160	25	13	130	301	135	98	435	602	68	366	3	29	197	88	151	16	169	161	139	172	103	7	57	617	75	166
V158	214	32	102	379	56	72	37	346	40	56	137	46	746	111	244	42	33	50	100	293	28	515	291	42	69	85	74	47	141	278	593	227	569	32	53	74	841	198	422	84	77	541	195	19	142	655	137	258	378	36	96
V159	302	140	206	222	204	4	303	404	532	42	339	279	178	124	49	97	62	230	33	51	98	281	25	480	71	135	257	182	33	21	66	292	303	297	140	438	34	195	593	54	835	229	274	30	508	35	359	477	36	164	191
V160	260	23	78	151	13	254	6	260	144	48	537	80	148	619	85	54	484	273	293	219	52	385	121	277	25	897	64	256	84	254	63	490	93	94	196	254	1	27	631	299	225	182	67	43	11	425	74	42	672	708	66
V161	367	71	9	95	46	320	130	45	453	356	680	277	286	844	195	158	20	119	737	363	14	163	717	21	91	202	321	102	213	2	146	110	92	71	276	11	222	5	290	113	32	135	164	197	7	192	20	57	181	94	120
V162	1597	713	63	890	5	131	278	464	15	169	152	1	88	245	176	117	117	569	253	209	419	69	278	46	11	287	919	27	85	88	178	104	5	661	10	75	24	99	647	1590	7	92	103	304	381	7	73	79	48	347	796
V163	166	26	43	126	209	82	252	69	405	262	353	18	20	79	75	259	566	240	198	310	47	531	69	219	2	143	147	118	80	552	142	154	569	188	295	84	442	552	1	439	886	401	239	704	25	534	341	160	861	143	67
V164	18	186	56	131	16	61	14	98	201	1233	8	754	14	144	27	43	213	291	372	31	166	649	48	127	18	68	45	25	76	115	103	41	138	106	108	134	456	67	213	217	95	65	168	20	231	25	30	22	112	26	145
V165	948	317	123	85	512	14	103	65	30	2	207	412	87	12	97	328	661	205	45	1	39	54	307	362	41	17	159	103	273	152	101	334	128	939	4	124	116	71	21	245	116	116	94	219	46	53	136	95	70	258	407
V166	157	139	314	51	172	155	68	37	179	19	26	28	186	280	290	52	16	472	276	234	721	297	335	804	38	597	144	109	96	227	8	319	41	152	86	104	53	55	47	227	133	409	216	18	446	97	46	90	150	148	151
V167	37	113	247	25	411	116	24	268	312	12	214	511	45	8	72	115	312	149	91	97	27	621	100	349	86	311	9	42	91	224	109	412	206	31	30	91	42	458	440	21	127	223	33	30	38	128	51	103	751	262	112
V168	204	193	114	84	510	307	68	121	6	228	261	34	237	439	132	176	40	348	99	41	18	31	133	21	198	50	47	4	156	102	310	101	14	254	12	59	517	159	998	44	22	25	43	218	367	171	33	528	9	321	212
V169	277	50	325	244	68	179	398	22	568	180	183	96	113	277	96	70	8	167	145	241	147	50	70	80	104	713	137	476	105	88	102	117	543	2	168	89	47	108	243	234	27	12	1426	230	167	404	214	349	19	224	123
V170	771	138	265	77	143	154	124	131	289	38	99	183	148	8	48	164	380	146	120	270	143	10	99	235	158	55	24	34	136	297	8	103	573	229	129	53	65	36	79	174	329	145	168	202	263	148	289	134	33	59	230
V171	11	158	133	64	555	329	171	290	197	3	115	387	39	539	107	1150	360	288	49	228	183	111	429	756	135	18	78	169	337	47	303	279	122	164	67	62	5	197	30	66	487	103	48	488	105	109	395	121	234	36	137
V172	0	168	470	411	33	73	297	24	256	148	249	190	273	109	81	188	20	159	19	91	62	21	288	148	63	150	165	23	401	209	272	11	95	245	29	10	26	252	148	253	530	67	132	186	67	93	277	12	227	151	157
V173	126	126	543	27	343	213	145	1123	75	430	94	189	87	24	124	54	72	133	141	163	106	58	105	83	57	470	313	18	48	137	50	124	614	107	766	106	357	475	2	51	19	58	383	792	74	424	56	22	181	959	125
V174	57	21	53	125	32	492	280	52	19	46	19	229	234	15	118	299	674	163	161	447	45	247	22	133	31	28	151	263	347	175	110	150	97	170	259	84	13	142	386	4	541	660	90	5	56	51	88	418	268	171	44
V175	94	148	270	26	230	69	6	517	97	25	439	17	211	619	146	7	104	28	71	91	77	213	69	79	109	329	84	192	391	89	355	247	50	262	41	50	271	47	45	16	60	71	20	250	103	10	79	9	316	206	136
V176	78	109	25	54	184	132	520	73	503	73	1243	15	277	102	142	170	206	47	554	67	49	425	78	92	469	25	3	51	35	168	181	183	35	258	372	25	5	28	219	65	90	384	294	242	112	435	304	14	160	488	110
V177	143	79	111	369	37	212	1061	304	53	307	8	88	295	23	1	244	55	192	210	254	81	277	3	1	57	6	578	208	142	1170	112	19	212	109	93	429	137	21	856	387	301	60	44	73	315	28	161	102	27	132	108
V178	10	870	279	259	100	454	129	191	225	357	309	38	257	15	271	41	45	379	143	428	277	607	226	91	226	98	53	40	135	90	52	320	448	26	39	395	45	25	134	65	38	86	136	162	129	44	532	81	420	118	692
V179	187	380	136	7	145	410	40	463	197	137	177	363	124	61	26	540	82	82	475	168	232	685	317	43	297	596	77	231	202	295	538	22	4	97	315	642	92	6	75	242	82	65	63	161	243	77	313	410	153	101	314
V180	118	177	530	123	480	114	159	74	37	1428	156	134	93	302	506	102	160	8	130	208	261	249	7	123	9	182	346	311	40	30	166	36	70	99	309	48	68	448	684	111	192	53	313	85	113	115	93	125	79	701	191
V181	273	682	224	383	136	37	123	58	65	25	382	5	136	525	65	279	440	104	1116	260	137	83	7	33	243	352	128	59	36	25	26	562	346	37	393	147	748	39	296	123	414	98	9	117	151	224	154	663	111	132	636
V182	95	40	123	166	73	44	122	88	252	226	92	94	552	512	106	88	68	47	147	103	32	167	32	21	14	50	183	168	971	64	346	74	108	91	3	97	63	509	268	122	79	720	29	69	181	338	68	4	101	212	58
V183	491	4	368	164	407	7	1174	308	202	301	205	75	24	113	269	266	302	20	33	108	491	73	265	479	769	0	19	23	290	97	32	85	218	26	6	414	13	66	212	215	40	151	370	125	278	198	407	17	552	171	100
V184	53	186	39	17	138	206	41	544	72	45	340	478	833	248	318	375	0	53	236	271	108	71	104	52	179	317	33	74	110	113	334	219	125	69	115	212	699	18	61	70	177	74	382	627	232	16	174	914	0	151	159
V185	107	23	927	18	7	10	157	24	528	22	281	101	256	160	260	55	103	218	375	152	149	72	52	291	60	115	104	552	134	281	300	436	28	132	159	171	268	340	422	56	517	81	77	611	74	525	181	158	139	148	57
V186	2	88	49	338	116	207	268	136	21	304	63	19	84	165	180	67	81	121	72	285	182	12	32	79	68	188	127	101	58	109	305	72	39	140	217	625	20	157	305	123	431	197	64	185	99	5	225	198	8	52	84
V187	164	29	22	159	63	228	84	46	7	91	163	117	270	89	205	174	216	80	72	53	264	247	30	105	290	304	69	11	238	77	145	80	89	96	252	346	3	15	228	208	393	154	444	38	75	565	49	11	194	351	54
V188	94	219	87	425	154	224	343	104	87	185	431	1	185	231	90	213	975	110	22	107	414	182	52	758	175	136	50	114	436	187	2	218	272	261	62	22	53	1241	288	425	39	219	114	457	114	59	574	34	200	25	210
V189	28	339	121	220	189	26	110	174	75	285	79	14	359	374	336	65	273	274	27	107	312	153	4	13	56	69	14	39	388	15	437	115	87	105	113	20	30	99	107	137	21	607	182	37	194	113	727	247	12	191	301
V190	32	49	125	102	133	72	620	12	291	71	126	368	81	20	249	43	265	90	363	152	571	57	165	121	62	36	453	452	70	16	98	94	249	18	206	14	36	333	4	325	48	139	87	718	108	999	36	134	170	83	60
V191	542	185	70	133	428	2	150	48	1057	298	92	199	290	275	458	40	70	159	29	91	96	124	22	34	33	162	862	427	773	174	599	216	66	121	100	112	53	58	71	211	143	50	123	6	193	134	97	118	89	191	229
V192	22	153	29	232	146	79	298	617	1477	195	56	122	33	118	227	566	17	346	26	285	14	394	47	278	426	190	229	146	288	120	46	7	109	84	443	97	31	322	634	133	688	0	473	103	58	531	37	20	17	342	170
V193	37	506	15	217	64	181	150	21	59	167	156	86	685	101	40	230	437	424	1131	56	33	90	226	53	41	40	3	114	223	13	133	178	45	95	367	453	26	121	112	102	511	86	13	119	21	391	225	131	207	163	425
V194	41	325	97	66	84	29	461	334	303	34	205	160	14	365	312	144	10	269	277	51	124	373	40	98	373	239	83	128	707	33	97	433	382	53	334	391	143	85	45	266	16	628	586	109	155	235	4	144	181	59	280
V195	395	702	167	468	87	113	825	264	295	348	299	216	75	177	56	111	6	68	60	61	140	94	6	579	48	188	239	21	533	108	12	237	273	92	10	76	92	223	7	119	134	201	24	126	463	310	113	102	85	168	614
V196	527	0	58	77	14	1114	300	129	393	112	59	207	14	292	148	136	109	248	204	178	22	32	29	114	688	46	212	19	353	27	393	127	106	76	110	340	130	119	241	1079	66	12	21	93	44	53	147	59	166	245	96
V197	19	23	94	11	565	34	60	18	218	184	499	10	233	63	245	1	51	44	1073	425	70	109	310	241	144	567	429	108	216	81	31	81	104	492	123	491	313	114	119	305	371	32	385	27	265	68	144	205	103	25	38
V198	168	10	226	12	57	40	581	292	85	332	11	143	288	163	305	343	104	6	16	306	230	819	557	221	29	119	144	130	243	548	15	275	461	38	144	24	498	193	195	178	420	93	212	241	209	225	220	15	219	507	56
V199	227	5	296	686	98	60	377	33	937	23	235	297	0	645	1	342	124	81	31	42	183	53	320	54	55	96	204	67	13	52	39	91	159	164	240	325	627	54	803	186	79	542	46	76	245	42	511	47	421	123	57
V200	30	215	7	773	400	64	49	30	362	212	68	200	38	270	26	44	183	72	148	15	359	132	307	978	245	9	18	101	316	59	215	273	67	564	117	142	161	128	783	397	129	49	249	889	4	74	176	72	67	559	197
V201	167	14	173	14	437	597	21	67	52	355	68	119	480	8	528	236	40	137	480	52	105	48	605	21	211	193	74	256	210	248	46	275	59	318	517	173	95	28	65	3	412	54	14	4	116	61	90	169	603	4	56
V202	429	216	184	28	750	258	30	100	307	3	63	152	13	24	105	44	516	98	86	80	193	19	30	150	204	497	47	80	155	18	330	361	378	378	293	155	427	236	116	31	121	188	65	539	161	164	109	182	157	24	239
V203	134	26	480	38	73	164	13	231	86	299	124	72	832	646	113	50	212	193	503	441	175	88	15	172	101	233	627	6	47	219	72	647	42	156	190	406	210	282	71	49	150	33	33	120	215	334	172	279	327	294	53
V204	385	497	175	251	265	4	621	81	18	97	217	373	506	129	265	199	143	192	171	85	81	380	191	62	199	90	334	161	167	213	229	187	32	364	301	471	147	238	31	405	76	719	254	61	317	14	27	250	311	186	440
V205	242	237	259	227	331	218	15	84	253	122	552	52	186	463	58	99	890	104	103	405	190	13	216	608	202	614	483	66	32	128	238	337	178	998	331	17	276	252	0	241	79	284	160	354	1	309	384	6	319	326	228
V206	33	31	192	78	55	122	236	553	243	0	56	60	187	4	57	187	130	27	338	33	162	309	21	115	123	53	254	51	169	78	233	25	416	34	186	41	208	99	6	0	80	64	101	27	110	282	95	40	115	484	35
V207	81	68	192	118	86	9	222	330	1022	68	114	653	164	1014	575	48	424	130	454	17	67	443	404	86	255	197	8	184	753	1	368	90	172	47	289	174	227	96	93	139	556	196	244	187	66	230	139	22	40	113	83
V208	244	389	73	104	174	733	18	170	9	524	294	110	96	56	57	43	47	159	71	213	2	422	41	486	224	31	106	47	59	115	467	15	149	470	245	32	108	295	117	45	47	262	69	262	28	402	43	116	31	225	315
V209	143	21	502	81	79	744	48	337	35	341	5	148	70	69	5	109	85	390	145	140	105	122	160	357	152	211	243	119	139	207	457	201	270	21	2	242	138	200	211	113	97	120	48	157	281	510	348	10	67	100	55
V210	156	305	26	296	548	72	189	987	314	640	163	57	183	146	51	32	600	266	322	87	1	1	280	210	252	118	99	66	11	289	63	89	78	195	106	154	306	224	335	149	59	655	29	113	205	70	213	130	183	111	293
V211	120	451	112	51	667	64	92	476	26	18	472	427	81	94	105	347	106	124	95	331	792	74	135	70	85	201	100	322	30	47	377	24	172	158	150	16	53	292	14	483	65	323	109	796	5	56	249	719	26	373	361
V212	8	18	150	46	235	101	26	96	127	773	200	789	41	50	102	35	126	41	127	234	77	34	672	76	140	1265	699	684	618	103	11	40	43	175	408	49	252	284	145	134	353	78	272	103	81	103	52	363	107	86	35
V213	87	113	808	258	92	71	329	25	176	27	208	152	382	366	163	175	55	102	85	39	10	46	583	37	38	118	226	67	250	183	220	242	222	336	83	164	546	471	247	1	38	128	169	26	31	0	269	125	53	90	114
V214	179	595	7	93	156	166	494	138	4	55	363	271	139	22	679	5	408	74	20	384	245	103	39	143	46	128	162	19	645	306	42	19	47	215	494	24	8	488	13	578	26	397	24	385	64	26	235	153	201	100	485
V215	141	18	243	38	36	282	148	267	839	1	199	197	379	78	607	25	244	205	3	44	295	234	370	26	138	270	143	29	15	9	820	158	136	90	154	724	178	130	98	358	19	196	184	171	20	155	68	67	158	161	60
V216	283	250	76	102	73	54	479	296	97	84	378	121	17	169	138	328	54	39	278	572	62	199	242	76	205	877	1758	74	19	13	416	266	38	35	6	67	134	127	64	75	106	152	67	209	153	163	75	139	297	14	245
V217	232	200	238	472	422	103	719	86	6	37	1	54	99	126	263	108	89	360	444	118	138	129	266	516	69	61	193	112	593	6	388	363	26	277	640	8	27	75	181	579	3	24	585	262	129	233	178	108	12	152	213
V218	263	150	165	369	57	147	146	556	242	15	26	60	61	155	99	143	100	728	0	94	58	66	34	17	65	36	145	116	9	76	151	372	87	525	134	91	149	501	154	345	73	105	423	316	56	251	562	233	228	158	161
V219	38	600	318	102	548	45	39	175	37	50	113	120	153	10	139	104	101	434	195	235	475	33	139	413	79	31	70	93	201	48	488	515	91	35	167	30	397	477	42	17	144	318	447	1	89	35	380	88	52	16	454
V220	219	44	12	469	659	396	32	239	73	0	13	141	314	106	77	18	547	58	619	53	26	375	244	720	29	248	74	197	52	330	420	140	219	120	90	14	126	14	100	89	102	226	393	414	483	336	43	621	112	108	91
V221	0	202	78	258	356	531	66	4	7	216	53	91	260	241	555	65	271	62	51	134	738	703	59	177	97	471	26	261	665	51	268	566	197	97	94	15	354	484	124	219	291	153	328	44	188	427	109	461	220	82	179
V222	24	70	161	55	239	51	39	261	83	5	50	26	162	393	79	220	232	182	251	751	0	76	2	62	158	10	95	443	286	103	93	851	244	224	310	480	161	313	16	151	423	35	7	323	50	150	54	21	132	33	60
V223	8	101	51	95	145	103	623	183	75	144	138	86	130	11	235	546	46	107	169	60	31	31	325	25	168	412	395	104	34	89	281	227	49	1022	277	115	239	123	20	634	23	407	535	45	428	1280	36	672	165	122	91
V224	132	384	1	82	334	15	420	30	77	294	392	49	250	479	53	83	75	111	232	513	353	82	395	813	279	62	120	74	750	112	170	35	23	56	457	85	15	11	212	143	521	307	128	41	484	1036	352	159	239	8	354
V225	648	23	93	224	147	128	190	250	83	657	204	17	284	16	715	99	149	101	25	206	31	38	42	119	90	332	430	173	34	107	117	152	317	22	68	372	256	110	89	82	186	189	1	389	27	234	59	368	220	68	124
V226	204	481	128	88	37	324	211	698	73	253	169	136	208	16	163	568	190	91	483	275	185	10	219	19	11	247	65	66	160	201	144	207	185	389	162	2	132	181	34	45	421	65	117	234	115	71	940	302	70	157	365
V227	447	22	59	88	71	24	90	171	4	406	178	855	187	161	119	897	13	453	511	410	517	26	127	135	67	123	459	60	190	4	81	368	158	182	85	361	161	76	308	13	82	79	70	78	580	55	8	52	124	123	117
V228	68	14	347	159	16	121	223	772	65	93	149	5	80	218	26	49	291	42	160	287	197	28	30	70	11	582	118	105	93	236	295	121	56	66	206	9	153	29	379	44	119	50	690	138	7	106	568	240	199	154	35
V229	31	38	184	377	19	326	11	279	40	516	163	142	28	61	2	46	326	440	173	62	90	285	90	153	7	35	42	48	292	258	119	80	118	722	265	187	319	364	85	148	18	258	291	406	580	139	416	336	400	1075	46
V230	161	163	359	445	78	134	380	171	74	127	76	44	101	58	165	466	176	41	155	26	179	10	142	439	186	60	152	14	174	203	344	261	87	82	54	317	106	162	79	624	132	518	466	137	151	66	221	95	205	64	147
V231	113	930	252	37	56	907	37	21	293	252	343	145	45	204	124	226	246	55	47	20	735	338	1128	3	32	198	25	3	76	149	123	225	360	478	14	408	102	26	33	21	29	26	202	168	64	285	242	19	194	50	731
V232	127	128	35	417	312	62	112	320	315	265	12	14	201	320	91	87	183	750	59	316	174	20	47	235	73	8	283	114	107	67	680	386	127	311	203	111	128	242	643	85	34	701	99	298	663	434	86	173	12	700	138
V233	283	20	419	344	38	32	88	34	15	210	421	524	21	66	772	255	112	697	30	10	268	99	98	384	72	66	55	120	55	203	232	242	35	116	339	450	22	245	574	18	181	10	221	367	124	90	534	99	554	369	74
V234	253	0	124	152	65	314	28	184	171	46	205	43	96	68	578	892	509	555	90	207	77	287	173	509	35	483	101	472	78	124	105	893	67	442	47	203	319	72	213	217	722	321	498	131	178	65	351	487	56	32	69
V235	120	328	293	301	51	108	20	165	393	61	30	50	79	1116	270	54	664	40	24	236	63	285	383	54	383	79	176	1221	266	32	359	199	444	353	87	98	480	649	160	40	98	1143	279	833	722	115	50	17	24	315	282
V236	152	61	12	173	26	157	24	540	26	19	480	274	58	613	79	248	314	291	247	179	313	7	14	354	550	60	578	35	174	208	142	217	54	14	43	199	4	316	26	21	159	94	27	229	53	51	72	440	265	574	75
V237	475	434	345	240	510	220	233	78	56	85	375	324	21	29	353	450	42	82	100	241	218	140	101	109	188	809	488	171	110	325	305	140	4	258	286	10	167	8	18	104	69	272	96	43	165	105	329	191	95	69	393
V238	1402	250	354	559	637	128	12	22	14	423	197	226	95	98	229	189	616	514	212	660	587	289	1015	431	15	289	29	56	54	237	54	200	99	138	244	171	512	115	160	105	217	529	122	28	25	240	123	557	112	27	438
V239	117	21	95	132	141	54	10	87	14	46	52	76	365	10	66	130	243	238	89	69	98	46	611	95	44	403	76	43	3	88	340	425	191	85	223	78	109	27	104	316	351	12	5	61	17	182	177	48	87	53	38
V240	98	128	40	450	153	403	562	578	80	62	180	90	147	158	131	119	234	183	140	406	95	540	30	88	427	129	72	27	98	120	11	210	198	269	117	45	473	147	635	104	47	2	99	181	438	52	264	207	19	111	126
V241	161	14	240	247	80	24	192	52	51	63	611	50	205	54	334	135	24	611	4	195	81	189	404	81	10	272	47	23	563	183	243	135	190	115	597	4	246	11	33	109	93	13	22	954	178	134	53	5	129	384	50
V242	169	102	437	100	42	202	85	5	55	114	130	526	105	85	568	121	211	134	678	151	304	178	16	233	81	230	40	93	420	243	74	12	121	137	108	136	22	72	122	702	121	236	38	99	240	574	456	359	258	153	139
V243	48	110	31	128	45	253	548	316	182	22	173	134	171	20	78	431	40	40	285	180	75	131	154	27	497	228	118	38	109	545	721	77	200	352	223	216	61	352	301	244	153	684	675	192	75	297	98	28	87	323	109
V244	291	165	378	1525	164	50	147	58	111	45	133	285	36	177	909	161	36	117	67	223	35	92	80	37	91	116	8	21	69	20	716	235	0	374	3	118	209	124	50	23	128	123	190	471	98	381	196	9	19	59	159
V245	374	140	31	177	307	29	36	592	1027	157	38	87	170	678	678	10	7	345	138	325	73	251	16	217	30	422	590	28	90	84	9	7	57	99	169	296	714	141	218	639	494	71	190	4	327	166	502	23	329	134	188
V246	199	147	139	297	416	636	3	162	232	89	519	167	212	190	265	65	223	129	41	479	11	98	492	59	160	38	49	107	399	519	25	205	552	367	28	817	99	21	667	312	499	360	118	207	219	12	33	101	225	493	175
V247	434	199	41	22	112	7	25	558	59	96	280	152	413	35	413	68	368	193	658	43	65	302	1441	706	195	248	42	20	414	88	111	90	824	14	17	174	26	190	502	186	2	125	8	31	264	405	133	161	20	514	244
V248	4	113	53	160	12	21	36	181	435	524	417	345	927	68	454	100	8	7	34	41	151	150	231	1118	84	7	106	102	96	136	8	264	177	206	198	185	153	1	26	64	146	41	175	163	177	40	8	14	58	92	102
V249	46	1135	8	104	125	384	337	54	231	1335	93	50	261	96	98	268	101	70	65	10	169	4	111	209	137	609	270	50	326	83	153	196	350	348	502	147	396	435	2	5	134	128	189	165	507	173	100	52	385	169	910
V250	398	352	25	148	1375	36	284	519	83	130	581	90	378	88	1448	87	248	161	41	129	117	43	68	0	537	305	167	2	187	41	219	225	365	378	479	113	195	193	330	13	99	346	55	62	200	43	216	75	204	115	361
V251	91	97	21	52	75	369	61	176	79	145	403	695	95	45	160	132	450	5	427	376	76	1022	280	33	195	296	83	347	10	11	164	584	13	308	114	82	42	280	181	67	151	116	724	482	1022	241	36	713	485	33	119
V252	158	75	79	172	62	392	196	263	59	1	127	373	27	93	145	93	226	160	535	85	111	220	120	320	245	60	31	71	326	242	22	61	254	274	67	246	295	272	119	222	501	419	28	109	82	34	11	97	10	54	96
V253	71	264	240	78	148	138	321	99	98	268	124	272	121	73	50	403	170	16	171	5	9	211	22	188	89	2	329	82	52	14	509	38	291	105	17	203	97	70	40	426	424	28	261	368	90	26	120	99	23	152	185
V254	141	216	138	230	483	61	333	146	312	101	271	35	461	189	450	391	788	148	399	24	523	175	254	136	446	297	1	94	29	136	187	19	248	38	14	398	27	31	240	406	111	213	295	326	67	201	140	19	255	486	195
V255	109	16	153	48	49	28	2	25	495	104	416	198	784	333	262	222	54	181	151	380	140	163	44	347	97	61	229	120	49	525	52	104	15	350	864	59	262	189	148	206	96	190	186	92	323	7	63	2	99	256	47
V256	55	310	933	184	107	34	397	562	78	92	60	348	140	267	879	771	23	5	102	69	42	92	43	111	193	386	451	91	53	368	190	18	289	594	67	54	75	164	288	216	15	368	258	215	4	139	182	245	159	5	264
V257	435	167	296	165	23	132	69	301	49	222	40	41	353	130	17	102	90	122	160	535	72	78	472	151	175	57	8	100	12	155	205	125	125	114	67	73	225	212	32	16	275	17	60	136	398	100	99	51	90	60	197
V258	4	121	102	145	210	26	296	100	52	233	81	112	143	94	85	638	138	57	251	76	160	30	150	187	23	1107	207	226	574	223	54	580	109	886	288	244	65	155	162	569	68	15	222	28	30	87	181	55	31	71	115
V259	4	32	579	159	23	418	82	491	382	106	751	69	65	116	306	103	45	32	101	93	349	20	375	160	63	332	302	275	20	524	81	89	297	873	201	205	115	38	49	230	82	186	475	308	24	65	16	137	90	13	43
V260	176	111	101	306	475	68	7	60	197	418	103	120	30	13	57	107	269	26	5	33	206	261	582	21	805	632	352	211	7	260	7	133	113	470	336	33	15	73	201	132	315	520	36	27	113	105	44	170	17	439	136
V261	0	178	986	227	136	182	1002	266	298	141	427	259	7	147	139	627	215	2	88	73	49	338	5	70	400	7	17	171	44	559	8	113	174	654	685	12	38	160	244	138	152	893	84	47	196	311	270	45	33	146	155
V262	138	418	194	63	314	150	18	145	9	41	153	433	198	16	148	109	97	259	201	8	231	164	151	91	43	54	25	6	106	85	616	17	94	81	189	16	376	283	224	238	359	12	178	120	224	236	932	32	724	83	361
V263	5	370	891	157	8	6	338	258	56	440	69	306	130	355	178	203	4	25	980	167	25	283	42	29	21	386	27	158	139	40	24	425	2	320	38	48	66	289	22	89	33	220	165	59	286	167	860	199	334	55	272
V264	343	150	371	177	204	78	2	10	137	30	373	189	25	68	135	137	188	142	4	280	14	351	20	72	304	241	205	198	210	256	40	321	24	316	219	74	70	65	234	111	534	43	56	96	27	129	203	312	186	4	172
V265	207	25	14	88	109	192	103	308	775	94	50	7	660	34	86	369	231	160	31	299	210	21	236	646	43	176	76	575	164	304	344	187	32	779	335	212	364	210	5	121	737	182	482	69	150	78	125	31	245	238	68
V266	421	700	108	692	264	239	18	4	158	45	215	347	19	314	16	278	110	884	90	296	33	560	15	127	103	119	1	20	78	889	82	54	138	477	47	9	843	863	106	82	105	0	40	111	27	19	33	20	31	100	592
V267	127	18	157	69	18	561	91	12	12	45	231	154	388	744	52	294	50	181	74	85	229	281	814	264	28	154	28	631	312	165	16	425	76	138	39	187	17	158	33	48	5	66	250	148	147	9	131	18	0	120	64
V268	167	276	104	29	566	658	60	150	162	147	252	220	527	110	54	150	52	34	221	25	309	68	27	131	721	431	17	254	284	927	73	220	502	84	165	147	163	225	396	262	260	349	151	274	6	464	161	9	113	55	234
V269	63	187	210	98	1	521	44	144	27	44	124	35	11	140	28	125	290	496	236	39	25	105	218	709	686	55	120	476	59	292	216	54	69	160	164	313	119	70	34	176	69	144	149	85	156	35	113	237	640	30	162
V270	212	62	78	103	33	363	525	558	9	448	173	195	74	290	102	180	498	194	373	374	334	247	83	105	96	56	347	127	700	42	55	376	0	29	383	125	13	112	167	49	67	62	474	39	585	65	20	137	202	169	89
V271	18	23	239	213	352	169	384	110	83	429	244	86	220	52	366	606	231	206	444	278	65	36	500	179	118	110	574	755	339	298	363	121	44	4	74	260	173	32	85	0	8	721	33	70	237	270	65	202	64	98	49
V272	477	463	645	779	10	79	8	43	92	782	101	219	83	10	58	22	1133	247	104	133	59	42	7	77	120	3	85	65	539	91	338	165	339	194	661	318	139	40	249	211	1357	14	449	355	69	222	26	161	364	179	414
V273	665	15	35	50	44	160	358	22	350	5	542	39	2	2	204	83	310	444	42	75	215	223	246	345	185	222	83	26	16	204	2	275	240	633	50	910	36	25	857	240	420	117	335	439	78	483	41	280	66	104	151
V274	110	25	37	236	316	471	203	411	22	82	694	107	253	130	87	235	81	2	130	123	232	84	92	71	11	291	97	235	95	37	41	84	205	101	2	43	13	18	52	681	527	13	12	22	13	1	453	9	43	95	43
V275	48	663	216	272	138	985	158	106	414	407	155	29	96	115	116	170	157	152	46	359	288	42	316	41	44	278	99	89	375	14	59	81	467	158	29	73	156	11	94	71	378	451	19	137	342	840	4	81	446	42	495
V276	430	229	121	382	70	29	88	235	344	7	56	286	378	153	7	40	34	286	54	534	144	94	519	126	589	779	469	20	39	151	88	284	173	137	607	57	27	26	111	161	64	242	609	126	63	56	807	532	94	92	260
V277	183	72	54	69	32	205	63	240	60	61	2	375	207	371	111	282	216	23	82	509	226	440	499	236	176	355	287	98	168	85	160	233	243	22	503	84	131	60	47	111	310	223	805	426	161	430	448	524	7	455	94
V278	0	65	71	124	6	442	101	194	92	70	80	132	402	330	36	43	142	51	174	383	162	203	141	299	80	24	194	18	69	95	20	138	549	196	162	324	416	293	430	581	4	3	422	99	95	46	39	565	31	265	71
V279	54	580	9	200	19	262	32	188	135	329	13	272	51	3	9	33	25	89	257	63	248	26	89	212	281	552	181	41	31	275	319	301	235	73	90	347	214	74	72	107	165	370	31	348	83	203	179	71	382	313	512
V280	181	92	464	327	80	66	417	161	159	3	46	78	253	107	232	74	87	313	271	240	149	58	74	37	69	357	33	572	128	467	70	30	279	465	6	3	5	136	645	444	160	778	302	413	50	342	25	1	76	7	105
V281	834	111	91	757	376	124	359	223	691	305	311	324	188	510	602	515	68	131	251	33	105	444	113	612	334	15	63	254	99	318	303	70	423	51	56	153	54	403	270	290	111	387	343	201	166	202	21	1263	160	100	236
V282	33	115	488	269	564	89	121	283	46	803	217	44	87	375	147	141	264	159	786	82	9	148	81	189	217	121	237	98	122	157	44	66	636	140	3	37	110	390	65	843	146	217	153	207	50	2	252	311	195	73	123
V283	11	53	59	201	380	125	98	60	420	169	86	15	456	697	561	319	44	643	131	449	285	366	98	195	37	22	709	190	410	234	48	429	84	321	188	218	180	71	219	906	154	346	97	78	10	308	622	324	274	345	71
V284	316	98	192	113	426	16	244	246	40	303	6	51	285	217	115	29	504	344	138	558	145	863	107	81	4	43	39	50	484	193	121	72	163	25	49	401	291	197	159	32	47	213	8	118	215	377	103	6	371	19	150
V285	264	72	654	39	77	115	213	203	96	116	98	78	4	115	394	67	280	300	87	387	227	267	541	13	280	1	16	95	59	147	35	74	502	78	282	353	64	187	347	41	250	60	54	55	17	15	425	275	102	90	112
V286	111	169	177	115	366	189	31	105	1	95	91	153	52	8	590	333	81	81	99	41	257	40	308	470	105	227	278	281	91	35	2	475	134	15	1	364	385	125	35	2	114	491	723	504	1	372	134	14	60	67	156
V287	147	565	205	295	298	168	30	772	63	116	277	338	214	64	317	32	119	176	112	150	106	28	34	2	31	333	1	755	250	557	196	303	244	83	82	82	206	5	134	26	148	177	70	96	37	83	585	10	605	62	427
V288	103	174	74	24	120	12	352	45	194	292	57	407	1136	182	197	86	188	89	149	152	314	137	177	92	273	84	466	185	105	281	11	437	36	187	330	126	19	150	130	437	5	85	480	103	414	4	130	392	60	314	156
V289	81	30	556	25	39	76	15	211	251	45	1197	17	46	7	5	246	18	210	45	45	294	571	13	270	85	353	5	41	228	19	57	6	35	29	32	63	146	650	508	3	40	40	178	328	64	410	332	438	86	119	54
V290	764	654	109	6	290	23	64	185	399	312	32	762	25	360	107	262	34	34	140	347	68	173	58	113	28	198	49	359	82	7	99	93	372	457	7	305	10	68	149	423	186	17	176	16	32	116	259	59	85	58	629
V291	208	117	407	118	96	448	159	821	93	244	656	82	72	736	368	187	439	457	257	426	157	287	348	376	375	166	3	493	79	380	18	318	206	149	95	26	68	10	18	92	60	65	60	57	26	407	233	395	178	673	147
V292	112	22	126	16	967	89	26	61	53	908	25	239	458	379	28	328	121	80	74	28	601	19	89	72	477	200	724	21	102	291	249	53	58	16	355	418	42	186	85	129	183	91	227	92	69	19	391	593	132	148	51
V293	206	26	144	114	140	587	523	4	30	44	6	238	10	472	209	124	129	557	45	152	18	127	364	143	190	108	74	86	276	155	33	71	40	117	137	3	325	169	271	71	117	224	150	386	95	197	96	580	249	292	81
V294	168	41	166	53	253	531	12	4	79	35	12	501	201	16	95	156	84	24	99	741	232	236	475	319	93	382	74	170	145	456	11	77	75	87	54	311	270	209	841	329	119	17	120	193	363	191	102	353	382	358	79
V295	302	39	85	169	26	214	152	355	385	413	39	59	22	313	112	167	36	218	259	91	133	2	28	57	916	77	66	68	500	210	365	89	271	556	24	270	30	475	22	152	80	25	24	204	413	226	30	193	87	4	77
V296	230	108	11	75	40	36	75	252	1688	94	397	588	127	59	69	366	13	429	40	62	478	148	269	355	122	498	176	45	25	264	49	325	47	92	62	64	97	96	153	63	98	15	122	497	264	52	320	224	65	181	130
V297	48	36	208	80	131	30	41	113	124	382	145	226	40	657	251	222	137	232	45	147	216	34	274	59	41	577	120	257	159	550	47	10	183	56	187	217	416	156	181	38	39	189	112	393	105	139	384	229	104	33	72
V298	176	557	373	141	327	404	327	380	64	266	140	63	67	432	396	150	90	585	431	417	146	77	112	206	402	86	73	470	622	63	423	314	105	114	37	224	94	155	625	11	61	298	14	8	250	164	404	168	72	319	432
V299	363	533	264	809	43	5	45	175	388	202	222	94	1	20	104	199	83	160	29	425	143	170	64	452	529	98	46	111	63	105	340	34	113	313	315	73	227	190	113	257	285	440	16	13	255	64	368	6	366	52	483
V300	119	32	120	176	178	361	254	243	39	399	428	60	109	80	108	285	29	78	0	180	38	43	124	122	174	197	18	557	100	33	14	155	12	130	241	192	40	35	484	19	32	301	354	245	67	262	499	9	409	46	64
V301	105	290	311	20	290	0	105	89	71	17	18	683	5	459	34	357	194	137	56	65	154	466	358	618	290	70	85	119	432	93	173	410	13	21	613	137	240	388	58	181	41	66	231	129	138	106	458	183	8	245	259
V302	3	147	122	955	406	452	49	38	158	351	486	125	25	287	61	33	51	91	61	185	63	143	99	90	34	842	170	425	47	25	309	214	185	152	231	169	193	168	61	150	244	134	604	119	102	49	704	57	96	36	125
V303	54	382	66	141	124	81	50	236	286	147	125	400	314	115	20	158	178	274	165	471	440	20	408	211	39	163	190	53	53	45	84	93	63	37	121	291	99	110	37	230	155	141	863	39	417	13	50	181	352	189	333
V304	44	250	373	11	218	623	80	59	259	99	317	37	307	102	379	259	1309	294	164	12	29	688	171	140	354	210	142	430	105	116	177	825	15	414	212	335	186	36	378	56	39	212	118	138	169	224	263	278	166	206	228
V305	83	18	180	205	276	380	581	101	242	104	627	172	215	340	740	261	36	120	9	1	285	86	173	23	525	742	296	638	152	820	117	33	55	262	215	26	324	116	26	659	401	274	56	20	171	332	783	392	89	344	57
V306	402	115	134	20	38	26	17	88	151	151	102	94	4	465	197	168	12	361	347	78	44	12	414	466	71	26	124	79	90	191	180	161	206	435	262	120	267	344	30	67	40	177	53	58	275	140	293	76	177	236	157
V307	394	78	98	781	308	297	188	259	385	20	103	70	39	32	226	55	23	62	118	27	782	241	161	1600	222	62	190	148	118	67	127	119	33	2	311	219	412	457	420	160	124	9	45	148	53	93	341	133	44	16	155
V308	80	71	177	45	565	86	181	26	373	37	230	129	140	212	31	189	182	280	72	187	301	27	38	677	1307	255	58	252	1	63	540	41	16	269	14	929	168	270	18	282	170	371	333	141	84	162	66	231	213	7	82
V309	86	167	187	363	612	454	9	430	874	60	131	5	135	266	87	110	80	165	329	411	67	105	32	120	533	91	417	444	50	66	288	62	164	322	29	214	461	850	47	312	4	13	93	38	58	116	84	247	99	214	154
V310	107	250	609	290	34	28	164	14	170	101	594	64	906	25	592	125	314	38	18	95	388	13	101	102	107	25	280	122	331	51	113	82	11	29	363	232	46	44	42	317	84	201	120	117	8	339	25	93	128	35	232
V311	364	190	229	470	152	26	136	318	287	243	417	24	10	48	259	507	68	22	62	101	183	114	41	14	51	358	575	66	277	235	145	411	1	485	229	148	128	1	60	16	226	50	260	50	40	39	43	124	410	29	210
V312	111	13	541	21	4	175	239	60	45	35	214	263	35	19	138	469	240	60	22	24	9	7	155	119	201	178	562	37	84	82	348	542	351	81	281	97	235	256	769	33	195	158	58	174	65	134	79	24	323	27	42
V313	71	9	77	115	124	233	296	24	53	23	65	122	44	203	80	28	143	101	196	264	320	381	250	63	773	25	12	114	88	192	144	220	0	28	278	295	161	237	376	36	87	139	7	78	572	146	221	115	177	161	44
V314	240	191	391	76	31	249	244	34	72	4	14	42	20	15	64	212	742	143	457	92	947	106	248	259	32	130	379	324	276	40	26	193	381	260	99	318	259	13	815	13	101	42	393	45	22	3	8	84	321	51	199
V315	651	174	8	184	153	571	666	171	39	138	563	207	56	146	172	240	68	670	133	45	127	102	31	714	135	46	224	51	241	682	284	47	513	54	21	4	175	349	118	138	123	250	115	121	54	75	126	56	94	650	268
V316	379	47	162	45	161	161	132	472	120	24	122	162	4	34	170	230	4	16	62	333	113	92	80	327	275	477	213	68	106	131	110	8	135	32	362	125	244	125	45	93	198	172	228	206	363	145	136	583	16	179	106
V317	37	50	234	79	212	181	182	326	293	207	13	46	385	307	779	19	145	16	571	29	44	40	252	76	237	44	149	62	243	29	1	210	29	413	292	136	189	9	609	459	767	260	108	327	102	192	347	18	233	264	60
V318	72	492	12	253	117	346	111	167	69	226	120	63	108	40	626	263	70	16	58	197	92	22	0	629	361	670	24	110	406	35	19	245	122	108	237	616	271	307	43	388	304	194	15	319	25	162	116	68	5	123	411
V319	365	298	249	363	112	141	34	199	102	243	29	80	35	87	59	209	3	46	168	664	1501	39	235	163	78	97	109	269	11	125	493	240	282	290	185	0	377	13	683	657	53	99	264	63	40	56	43	39	298	20	306
V320	800	46	78	13	193	188	327	282	30	121	954	52	401	130	608	13	191	120	106	74	11	283	132	295	262	181	9	59	91	186	133	108	484	237	17	86	163	740	269	93	22	291	55	14	0	419	51	284	260	416	165
V321	136	267	34	61	282	20	476	35	236	198	65	34	51	128	75	43	228	85	250	570	42	202	60	521	246	167	73	199	238	571	229	110	463	387	757	0	66	538	13	183	143	287	60	566	168	121	440	12	222	0	230
V322	178	366	334	53	15	15	199	280	649	23	46	99	639	221	108	28	241	698	283	20	159	316	31	0	494	564	8	4	29	36	48	304	173	252	44	12	383	94	187	102	5	97	6	373	40	129	373	37	785	388	309
V323	444	62	123	32	276	260	92	184	196	262	163	84	83	708	530	174	6	769	75	56	841	87	10	266	581	18	250	23	67	5	23	196	24	335	90	418	294	304	108	254	213	55	12	55	56	222	100	83	48	171	115
V324	93	899	412	674	320	47	3	536	34	36	226	85	25	7	0	452	144	5	44	633	6	329	79	329	75	389	51	1	15	428	388	92	82	22	83	190	32	189	127	168	91	89	439	230	718	855	309	81	5	139	755
V325	96	395	87	272	19	63	295	252	436	597	26	1209	0	130	29	8	561	115	179	270	255	53	85	33	128	411	339	110	64	3	187	283	13	665	70	142	55	435	66	60	136	38	12	105	118	76	151	209	89	130	331
V326	115	1	176	113	3	97	192	86	214	318	300	258	108	54	212	180	48	53	713	147	340	301	159	182	444	61	124	65	260	205	60	798	646	14	97	127	41	484	66	208	85	374	51	355	234	85	50	305	122	184	41
V327	109	41	126	611	161	53	376	33	295	418	573	280	98	344	81	387	332	860	212	1297	252	240	719	132	393	80	351	140	322	365	96	5	121	5	89	287	423	9	153	109	73	385	104	2	678	245	117	371	50	1	70
V328	44	79	9	114	291	127	81	214	130	995	196	66	180	329	27	49	210	294	165	570	260	106	203	119	317	333	401	230	199	251	114	25	209	52	25	105	443	144	189	13	332	172	55	436	159	81	74	724	88	90	91
V329	71	35	126	328	85	14	417	44	31	213	506	13	53	10	128	65	450	975	85	273	165	92	125	25	95	27	73	36	205	0	673	52	285	343	386	75	187	22	20	12	510	920	346	22	326	29	393	21	125	71	55
V330	23	290	0	180	117	355	36	63	27	58	156	309	418	196	271	39	266	454	17	29	47	161	159	133	373	148	208	115	58	33	195	58	77	60	425	703	149	246	58	19	454	2	57	129	54	185	238	117	54	53	235
V331	274	148	77	206	60	54	15	205	421	57	32	12	167	52	347	92	140	1	89	203	181	83	187	166	388	260	114	255	274	101	429	295	837	26	60	676	342	408	117	74	94	866	122	374	652	585	55	15	435	163	179
V332	319	47	93	875	205	428	95	392	476	241	317	514	24	218	14	481	116	220	257	434	212	175	724	500	66	87	218	287	100	107	233	2	39	183	275	18	187	101	190	8	393	9	48	234	3	81	663	250	3	60	99
V333	60	106	66	111	25	63	293	130	362	38	166	40	127	123	129	264	340	57	277	71	579	14	151	107	15	258	20	618	85	416	63	219	70	252	72	130	52	30	300	830	190	222	259	305	0	18	45	254	117	51	104
V334	212	0	10	33	172	285	85	332	47	192	231	19	242	379	57	317	99	306	230	33	464	34	27	76	330	229	58	145	116	258	200	3	292	332	22	371	406	271	292	2	196	300	334	455	78	42	580	51	67	30	51
V335	198	7	61	177	1	492	323	275	135	57	258	86	1093	54	317	135	3	134	57	28	16	35	59	99	2	341	247	333	70	73	389	75	58	307	23	245	236	104	401	707	426	165	54	35	239	100	75	140	77	20	67
V336	20	85	34	54	644	302	93	24	310	401	278	376	65	22	32	79	428	242	711	23	256	261	378	23	421	25	568	270	98	217	36	53	261	0	148	109	314	93	154	17	55	286	98	149	88	360	149	56	757	37	98
V337	146	12	40	318	193	7	184	133	217	185	455	145	105	418	22	8	73	338	1	198	130	419	85	405	148	2	424	67	382	110	701	461	66	10	86	207	131	61	343	96	78	66	899	33	76	625	5	143	480	295	50
V338	347	169	52	468	305	110	588	352	73	51	182	91	110	306	351	136	1026	512	316	54	58	110	45	84	121	281	31	107	16	237	59	123	7	357	439	198	227	276	52	153	67	259	201	222	71	257	37	590	73	107	191
V339	85	241	688	677	34	56	542	12	169	188	107	15	20	44	17	258	1260	69	41	18	54	107	65	146	1065	111	374	441	30	582	208	105	262	193	6	256	515	319	118	463	116	6	278	318	149	232	0	138	29	298	226
V340	43	115	182	64	294	263	253	575	221	120	330	90	946	198	824	26	88	6	77	21	351	549	393	80	74	373	77	382	189	157	422	14	258	43	56	357	25	135	175	24	120	461	131	558	1	160	193	562	394	36	130
V341	76	77	40	50	55	55	7	113	275	745	66	0	205	522	422	176	490	223	86	299	359	28	90	19	216	46	8	31	453	421	307	211	270	245	59	16	180	97	372	15	94	22	68	516	192	445	662	33	45	143	98
V342	86	221	68	115	400	256	79	72	41	355	101	15	271	447	293	88	120	5	160	1	47	27	38	665	455	7	39	1	276	317	334	404	335	30	187	187	78	172	105	130	21	321	31	105	44	488	138	116	102	32	194
V343	210	192	690	277	473	128	423	88	90	183	419	320	176	205	453	375	237	277	487	50	13	562	357	27	367	6	796	177	52	124	1131	126	36	420	65	109	48	516	179	133	535	430	2	172	150	371	403	42	73	394	213
V344	166	559	155	49	17	24	214	55	27	160	46	4	151	19	76	368	134	74	11	15	92	209	5	26	17	18	39	67	440	328	289	2	495	300	139	79	383	10	46	30	20	83	27	527	922	681	107	907	61	22	432
V345	374	384	495	30	185	14	1	306	60	682	189	410	402	144	16	310	137	403	101	293	520	111	191	541	241	507	148	133	322	155	487	839	193	17	167	65	117	59	261	484	604	0	244	264	532	659	38	291	68	1132	401
V346	47	14	97	210	123	14	23	192	72	298	111	60	188	30	501	249	298	109	38	41	100	427	239	208	407	10	36	105	342	83	511	148	10	248	59	287	218	79	34	51	31	74	466	364	60	137	2	90	266	71	40
V347	309	260	14	133	56	471	170	98	25	283	156	492	149	138	927	217	18	8	127	152	245	49	206	128	60	387	111	198	129	283	48	176	337	377	146	546	269	132	130	285	99	426	109	266	200	12	6	59	52	140	245
V348	189	92	6	52	13	662	187	57	24	88	99	76	0	181	21	119	138	343	583	267	25	114	83	39	444	160	86	267	79	239	232	598	236	49	79	393	38	108	128	426	28	63	139	78	168	364	233	34	338	32	135
V349	151	80	320	35	239	501	32	180	118	462	61	115	441	15	224	16	61	254	33	40	510	63	480	159	98	158	159	170	591	11	81	365	160	130	379	64	16	246	137	79	1351	19	163	173	280	826	329	127	268	118	104
V350	68	9	395	336	113	708	159	140	63	189	82	612	161	68	230	9	179	128	30	394	186	259	22	26	104	262	135	98	29	400	45	336	593	79	3	513	12	775	1170	789	66	397	46	86	324	18	39	330	71	272	60
V351	5	220	52	1492	199	152	170	334	39	178	161	227	486	46	12	118	379	104	258	597	129	460	26	290	479	184	160	469	45	118	186	73	312	294	210	207	48	370	51	335	60	271	193	143	86	136	54	96	15	10	196
V352	37	245	81	8	9	719	72	149	382	65	43	132	159	37	135	287	81	48	8	0	175	182	142	411	60	88	152	480	313	202	179	355	190	124	247	98	312	33	7	182	127	12	93	27	85	61	165	258	147	68	224
V353	215	65	157	177	791	134	124	435	1005	102	28	284	20	340	355	67	490	593	103	47	260	77	849	9	135	627	179	76	25	711	250	64	248	38	48	20	602	37	43	75	207	418	503	201	70	386	19	63	107	400	112
V354	245	145	505	221	65	643	284	184	364	434	24	197	315	30	235	215	821	272	103	1	318	33	89	498	246	288	265	266	87	12	59	402	104	149	357	105	527	78	218	141	127	13	340	224	197	436	39	57	111	580	173
V355	226	132	1098	212	23	48	16	226	29	519	11	121	19	85	59	162	138	42	499	76	110	373	132	180	236	316	619	825	330	376	15	97	205	81	310	24	712	227	211	130	145	92	481	142	129	378	64	358	103	176	159
V356	113	247	275	8	6	236	2264	177	146	195	300	113	66	321	34	481	342	201	495	346	218	137	182	721	165	17	10	295	610	8	105	76	199	133	3	446	40	268	339	115	753	216	17	351	106	91	1022	252	986	311	245
V357	12	562	554	401	359	210	124	154	39	75	202	16	60	54	145	21	32	180	56	124	65	186	246	247	198	146	424	13	515	52	30	243	262	6	153	462	387	233	105	40	329	76	530	101	190	97	36	791	82	90	412
V358	22	123	135	0	18	337	42	62	41	67	84	186	415	883	36	9	62	114	414	446	33	55	4	172	115	9	16	358	85	571	58	304	112	72	267	92	245	1030	162	129	132	305	327	104	118	590	223	524	126	153	124
V359	8	104	111	324	185	253	265	760	124	85	148	92	102	120	270	370	121	41	20	779	142	146	38	313	597	328	734	305	222	468	406	27	142	45	49	5	374	178	9	254	331	347	248	114	147	23	569	101	97	175	112
V360	189	66	418	104	41	348	27	21	147	342	39	47	35	86	221	633	20	5	105	314	25	203	412	92	57	28	266	551	169	175	552	132	235	41	20	27	127	75	524	0	167	790	361	134	946	65	117	875	227	361	113
V361	485	53	188	388	23	44	481	98	362	40	33	219	410	158	426	148	379	65	674	527	405	47	58	108	56	129	53	36	300	157	91	146	480	348	185	46	323	349	50	85	36	36	266	217	388	55	81	144	36	2	131
V362	68	139	22	222	49	119	19	70	254	191	55	194	251	324	430	268	47	81	531	0	19	39	23	3	227	378	1086	49	118	487	207	319	36	220	61	236	581	13	97	16	183	570	79	10	73	75	7	648	214	378	138
V363	290	72	223	38	4	55	172	184	222	131	244	95	730	373	118	54	1	317	382	206	31	486	16	1	23	78	154	51	116	16	175	164	332	134	116	1121	157	12	15	315	51	306	200	258	110	752	26	133	134	746	137
V364	37	103	79	64	96	266	31	125	74	93	366	154	45	697	251	189	6	200	18	37	258	382	1	97	359	296	328	420	148	172	199	158	197	45	391	198	3	228	171	106	154	23	255	212	356	74	103	41	9	37	97
V365	81	88	237	167	428	138	21	210	12	734	277	228	97	84	150	225	7	573	18	113	298	457	50	318	244	310	262	109	76	244	312	689	273	111	111	62	226	316	245	124	561	534	27	12	615	133	424	124	12	471	93
V366	47	76	125	210	316	311	188	100	106	6	26	200	72	189	148	184	160	237	275	404	5	34	96	662	72	63	336	188	107	1853	291	284	217	300	49	267	8	7	175	334	137	8	147	105	291	261	118	208	289	173	81
V367	188	277	741	407	107	81	71	82	117	181	16	296	706	24	419	426	282	259	187	29	359	271	222	13	563	73	577	176	325	98	100	242	22	311	37	218	98	157	111	42	175	176	46	65	110	332	209	355	53	53	267
V368	105	39	306	142	35	59	273	599	10	910	77	56	13	81	272	666	308	479	160	143	61	428	587	240	17	232	54	96	5	140	426	82	73	320	49	317	12	12	676	35	28	102	960	137	164	96	124	134	700	197	74
V369	260	37	160	8	364	77	160	67	21	522	103	17	223	249	53	64	41	9	306	26	7	81	311	153	38	343	286	100	103	179	56	164	252	37	56	185	129	205	43	137	29	436	710	3	512	36	134	33	466	61	79
V370	23	287	415	86	7	14	277	12	81	140	276	287	49	48	221	15	599	138	43	91	40	69	294	566	21	283	112	159	354	166	114	440	14	132	178	53	380	16	266	37	295	10	255	96	10	163	115	331	39	84	269
V371	144	77	190	126	573	134	73	59	208	6	135	196	123	19	184	326	508	204	124	114	38	69	115	160	41	256	165	788	181	808	8	18	456	67	178	145	37	254	41	56	58	581	63	44	54	128	53	241	206	64	100
V372	156	142	309	94	810	213	168	314	281	84	215	62	48	277	339	175	411	23	168	45	20	135	391	34	74	59	20	117	9	16	120	401	388	35	184	509	7	44	334	489	583	645	172	65	465	161	163	375	52	888	153
V373	264	36	82	356	516	10	198	553	146	193	306	28	10	78	0	607	259	42	536	20	174	708	8	533	400	50	382	145	51	358	411	16	234	750	455	42	232	172	84	244	36	297	187	70	378	479	30	87	237	169	86
V374	82	155	167	18	662	340	189	555	519	9	145	320	1039	6	55	420	345	11	20	5	50	11	403	250	173	10	129	221	311	102	123	130	432	34	16	270	171	114	127	113	168	86	250	127	90	282	100	821	175	133	125
V375	22	266	595	216	372	127	236	12	935	100	64	95	1121	148	268	141	79	15	69	672	528	230	205	92	742	97	29	34	49	462	147	106	453	536	378	97	117	48	197	76	152	141	315	60	106	15	24	471	63	50	213
V376	7	135	96	236	56	157	27	121	183	402	291	321	3	25	22	26	7	67	32	394	69	16	78	35	392	491	78	244	127	177	92	43	25	310	49	24	267	29	133	32	54	123	241	8	62	37	151	337	120	65	112
V377	177	102	59	192	285	206	104	152	62	670	63	290	284	68	267	100	100	47	683	5	34	117	80	48	138	223	504	129	44	133	153	68	523	150	689	373	165	22	5	511	63	23	7	72	40	78	134	506	296	958	113
V378	229	84	369	40	59	142	103	16	262	43	1092	96	316	45	142	209	292	32	37	89	828	531	102	270	13	133	159	15	278	116	51	765	189	74	693	30	252	274	335	911	58	56	202	237	496	17	153	147	9	263	108
V379	29	396	124	618	195	7	8	28	341	340	63	655	190	211	582	248	635	205	45	179	125	3	201	52	0	319	82	36	47	159	27	549	235	387	88	157	502	156	15	34	238	71	1	30	272	116	195	17	151	20	325
V380	22	483	83	80	221	130	71	33	1	284	192	33	186	41	77	76	538	19	183	101	111	89	27	26	19	44	32	309	19	283	285	161	58	15	152	226	33	286	13	642	193	376	245	90	303	108	190	73	109	554	382
V381	370	32	210	190	38	69	46	10	9	117	149	516	331	89	183	241	7	41	38	8	138	622	139	16	228	37	348	316	428	530	454	85	250	319	244	40	221	34	20	270	37	258	254	441	384	169	65	258	79	163	90
V382	7	381	457	168	85	32	53	84	234	183	191	169	126	203	272	159	100	265	68	9	166	150	258	130	176	124	469	79	238	104	178	83	413	30	143	111	398	110	203	97	214	209	273	16	27	57	713	252	129	305	295
V383	312	90	307	28	147	194	48	71	369	132	622	389	306	1	102	211	7	214	228	355	460	69	17	264	222	222	45	1	0	64	245	110	237	86	219	159	568	125	25	249	190	171	9	551	12	27	26	33	395	149	147
V384	919	686	135	266	26	131	401	132	54	43	80	714	1	33	188	300	295	114	205	108	362	24	25	82	27	582	70	5	91	51	184	102	70	89	510	159	18	93	155	87	113	59	490	189	2	115	7	165	144	354	658
V385	389	248	168	263	525	538	78	250	48	359	59	15	26	289	293	441	24	125	134	565	38	666	117	282	366	141	49	116	36	66	186	143	234	198	184	93	308	69	258	227	130	14	396	188	258	28	91	7	360	15	276
V386	43	567	261	270	474	568	16	135	39	179	27	312	85	446	50	529	80	85	198	22	158	22	141	205	62	38	96	594	8	173	99	219	96	556	13	49	10	238	142	23	66	648	40	250	34	172	439	111	387	56	439
V387	263	78	284	286	371	128	75	26	113	149	25	302	73	714	189	140	56	20	318	198	252	264	352	36	302	520	31	208	24	583	671	160	148	14	463	52	175	81	107	656	490	690	277	307	1337	42	126	184	441	21	142
V388	372	480	171	145	11	15	1	1143	40	220	3	493	8	246	218	377	115	43	110	231	140	83	423	157	163	87	555	57	533	216	156	70	103	76	149	222	406	96	819	374	92	52	357	62	201	264	181	874	145	28	448
V389	57	255	277	525	667	123	98	714	222	152	23	42	205	127	55	138	109	686	37	470	22	55	99	8	75	309	34	205	305	147	450	35	697	188	242	230	124	497	243	413	291	390	137	342	154	29	95	237	33	76	246
V390	12	290	177	74	363	72	201	108	143	137	61	26	18	117	238	194	88	27	763	11	26	21	485	411	210	10	29	381	43	10	8	149	198	37	7	62	6	208	511	83	51	460	201	502	227	95	230	149	120	187	229
V391	382	467	537	229	210	27	13	803	357	198	221	65	118	25	62	126	5	388	89	12	112	1108	6	120	225	124	115	214	263	552	70	267	137	158	109	467	254	90	376	197	11	572	475	376	22	138	63	188	51	331	432
V392	119	10	48	63	396	314	20	446	122	876	223	225	57	92	131	776	502	608	58	178	178	147	40	58	393	158	552	403	126	14	486	35	134	29	193	93	528	173	92	96	177	65	311	162	251	139	161	369	659	5	66
V393	52	306	60	692	229	11	169	105	460	194	299	108	290	305	218	422	116	106	32	145	268	211	19	296	166	290	241	76	45	26	50	28	373	216	93	212	204	139	27	273	57	78	309	457	44	150	193	176	339	310	250
V394	612	25	761	19	302	671	97	11	40	548	216	321	59	13	80	394	62	457	30	207	71	226	673	273	64	157	68	376	99	225	67	136	114	100	698	214	28	23	30	571	170	112	164	83	9	53	76	74	126	164	126
V395	267	196	613	26	60	116	245	23	116	117	174	438	412	18	154	328	215	285	55	379	218	327	6	198	144	6	329	87	302	119	58	708	11	80	114	103	17	111	185	51	353	419	461	26	181	53	18	131	371	454	203
V396	95	56	0	160	183	69	31	22	274	15	327	540	21	945	367	795	277	187	291	95	149	89	26	148	7	266	124	426	382	1767	554	468	5	109	476	268	24	274	296	242	17	135	157	156	126	596	11	26	68	65	74
V397	188	213	17	44	71	1	182	290	52	517	347	111	101	151	204	11	424	140	301	311	203	16	496	259	438	217	24	86	520	140	255	345	302	320	162	41	391	25	435	534	318	108	570	105	14	84	77	72	22	111	208
V398	182	738	52	25	337	184	231	282	427	785	32	281	386	166	39	33	358	24	75	300	101	138	29	159	300	90	132	212	22	6	284	117	9	35	63	19	18	142	160	59	73	105	531	191	707	270	85	312	198	160	597
V399	508	0	78	6	90	19	37	328	309	233	278	8	4	247	173	146	95	326	296	110	409	101	8	31	119	40	49	141	184	625	560	897	275	53	100	356	197	383	153	177	121	83	40	176	27	5	78	176	465	312	102
V400	919	137	90	114	21	16	317	156	287	116	529	40	55	79	261	220	74	203	50	49	28	345	176	623	279	251	63	143	114	103	238	381	17	187	242	331	153	80	102	68	131	71	12	144	101	60	26	325	661	612	269
V401	3	28	219	146	74	705	25	151	21	523	225	162	380	16	269	9	350	359	53	234	12	457	870	137	104	683	105	85	679	297	158	166	3	9	151	13	22	155	241	169	52	877	77	69	568	387	351	163	152	186	45
V402	20	439	214	42	580	369	64	125	67	191	105	70	13	39	20	60	242	291	318	152	88	43	202	406	53	0	102	376	155	0	754	463	60	125	8	195	1	36	229	180	259	49	15	34	0	306	117	183	581	18	371
V403	256	23	55	28	114	79	376	51	69	188	61	861	426	14	82	131	59	34	91	32	269	186	37	366	67	462	275	169	35	152	308	407	310	100	75	148	791	41	50	178	612	254	51	135	107	95	12	57	173	33	76
V404	24	418	35	95	89	440	345	30	333	324	204	240	25	22	312	46	58	652	85	126	164	29	50	180	10	312	63	18	4	307	88	294	34	205	78	216	67	61	66	118	536	213	291	257	137	163	36	177	39	40	321
V405	568	39	366	284	7	28	523	80	3	170	362	182	58	9	146	40	97	59	162	88	14	73	96	146	273	194	962	28	380	337	28	69	95	60	28	86	622	2	146	22	195	372	277	15	712	560	3	216	144	132	144
V406	48	179	67	309	93	275	348	26	110	23	757	491	204	142	31	8	76	211	33	33	591	90	19	143	102	76	73	467	275	254	46	129	251	121	608	97	327	8	490	160	500	114	28	261	462	182	80	184	26	94	169
V407	14	207	83	331	113	4	137	275	124	136	28	248	18	54	322	47	187	205	96	149	173	141	100	194	49	41	67	225	31	58	675	95	73	122	20	75	114	18	88	6	177	205	51	344	175	134	34	173	41	57	170
V408	220	54	100	140	15	36	247	284	33	335	223	394	166	488	246	235	164	2	70	47	27	599	14	244	28	791	293	320	2	328	8	158	82	67	54	283	176	78	593	47	264	10	271	87	119	3	101	3	51	372	106
V409	151	85	177	81	98	346	5	435	6	98	0	164	174	148	223	207	3	343	733	104	158	107	209	292	15	19	31	102	800	5	441	135	9	316	546	287	101	193	66	423	51	42	72	93	27	196	65	108	378	311	99
V410	247	2	95	193	440	3	530	314	41	41	241	220	964	238	213	311	34	78	220	239	130	236	684	67	79	33	292	955	116	75	341	79	155	69	155	85	150	245	103	275	962	22	5	20	25	732	62	108	458	112	61
V411	83	395	14	99	265	205	68	232	682	115	583	141	88	197	724	47	182	268	114	51	116	58	98	225	136	167	16	1	27	183	95	11	37	194	127	245	101	14	30	45	31	112	122	16	121	196	98	294	50	151	321
V412	56	213	94	55	143	177	108	63	429	140	171	2	423	209	25	59	97	50	163	339	85	180	566	19	43	278	275	77	1046	82	635	353	41	25	186	1	62	226	18	80	1039	84	277	33	65	15	174	75	137	265	193
V413	70	187	35	137	258	112	160	25	177	392	49	914	99	14	382	7	140	698	9	44	39	139	12	296	696	10	188	227	130	122	127	173	180	387	152	133	357	343	119	336	178	225	562	164	600	343	108	362	433	27	171
V414	52	161	471	480	166	45	117	65	171	322	74	23	179	632	363	63	141	112	620	103	244	196	178	559	182	798	422	66	74	212	146	202	461	3	129	221	323	313	43	34	644	204	21	4	10	111	205	938	50	150	150
V415	30	37	37	376	107	71	103	595	31	191	278	191	6	9	282	64	75	68	16	97	2	60	483	308	426	111	387	38	155	24	235	190	90	84	260	1052	32	452	650	307	100	8	290	40	16	52	868	297	98	448	61
V416	595	602	122	162	239	58	2	121	94	182	347	405	86	586	237	2	25	221	54	93	214	472	789	289	237	112	26	36	513	429	273	326	63	342	95	217	270	595	30	57	19	443	609	152	68	163	160	45	306	159	537
V417	64	593	338	46	671	140	277	434	495	135	181	53	873	521	150	152	37	178	268	8	4	523	201	190	406	175	82	18	44	196	39	50	146	405	15	377	5	12	327	388	346	236	216	224	414	523	21	368	31	141	489
V418	101	536	743	145	675	119	34	834	31	250	80	118	163	449	43	1400	227	303	160	12	409	134	424	110	17	448	170	173	324	119	229	117	57	55	235	145	1	105	18	2	18	160	193	76	160	40	106	175	345	46	454
V419	13	303	68	75	489	163	166	84	473	102	63	432	241	15	96	5	87	52	29	513	611	211	205	176	72	38	47	19	45	45	67	260	191	252	532	465	177	384	2	129	277	52	191	86	22	20	64	115	106	41	227
V420	157	618	295	81	38	95	102	53	74	243	113	534	18	508	326	236	29	204	172	585	57	114	234	56	163	194	88	381	113	610	51	400	366	82	271	105	0	102	224	449	35	8	478	380	30	238	346	220	1	72	512
V421	198	362	320	803	91	37	488	9	260	26	500	153	48	615	194	205	99	363	144	169	52	186	349	27	66	19	385	103	86	1	24	178	162	188	645	345	161	71	107	291	203	406	361	250	15	17	194	167	19	690	356
V422	63	33	171	33	153	8	63	269	18	0	45	112	242	89	7	16	229	212	331	449	425	97	67	159	99	300	173	76	187	490	57	27	678	179	17	248	35	91	35	199	62	27	59	640	307	140	99	138	290	122	57
V423	54	81	93	0	132	101	117	303	231	117	198	178	5	115	423	154	497	13	43	475	212	234	83	151	10	401	165	22	601	72	66	38	155	260	20	37	97	127	62	96	30	76	88	211	757	21	95	305	63	328	96
V424	216	199	9	72	548	4	0	153	364	171	32	58	6	250	56	61	409	449	133	51	182	90	375	61	1106	281	167	346	48	57	59	162	190	183	12	106	293	207	56	140	99	15	83	139	304	69	25	445	352	93	197
V425	352	193	136	361	450	11	45	154	307	513	10	2	301	393	798	115	75	54	492	57	304	231	476	1	552	158	207	409	184	5	109	114	57	618	413	137	3	503	461	312	182	54	265	134	70	331	68	48	55	312	227
V426	293	4	432	156	15	806	95	59	99	252	167	71	54	75	359	37	113	108	272	314	48	259	95	1077	433	55	128	271	34	315	25	194	265	11	60	310	257	35	21	264	347	54	4	301	278	73	618	12	422	77	59
V427	265	576	835	118	38	105	277	175	73	100	148	67	14	117	152	269	308	56	266	34	29	244	597	5	343	117	86	173	35	98	18	402	132	81	96	70	592	118	99	12	31	240	152	110	646	10	336	58	330	387	494
V428	68	178	201	206	327	157	16	62	206	170	25	275	107	236	438	365	199	383	288	112	402	21	168	187	297	176	48	115	99	12	116	76	373	262	167	174	13	47	15	987	368	78	48	457	176	108	314	132	547	351	153
V429	101	20	395	233	43	108	87	54	79	638	387	120	42	160	205	142	55	227	79	256	142	23	300	630	559	219	40	359	252	30	128	511	144	11	222	318	287	44	83	98	439	51	39	68	127	84	142	146	197	258	32
V430	188	110	503	589	1020	203	73	738	19	59	28	399	23	338	116	248	64	106	489	50	119	132	39	42	7	133	333	72	248	38	23	303	221	5	495	445	276	13	5	40	206	19	166	241	211	399	967	144	905	341	138
V431	115	157	69	127	39	206	150	0	458	59	129	705	421	20	467	37	27	240	31	11	143	47	144	464	76	917	143	259	308	200	280	32	891	52	1367	249	31	214	50	89	229	209	138	145	160	128	298	460	38	264	146
V432	149	22	130	398	315	75	69	1032	0	194	47	48	112	108	19	173	104	1224	217	27	326	158	171	156	471	19	209	34	147	130	28	288	253	341	337	41	92	6	45	280	49	148	123	37	81	40	222	338	276	300	58
V433	30	84	2	178	151	94	127	148	294	3	116	693	270	150	201	271	20	93	137	305	289	249	298	91	4	48	402	263	25	215	210	87	221	40	689	7	250	324	38	553	249	44	206	2	214	421	18	55	14	596	87
V434	68	187	133	183	147	77	158	75	92	159	555	363	2	31	109	166	267	112	13	307	98	27	7	43	59	5	13	131	73	18	325	57	2	151	5	50	147	233	153	22	62	148	229	134	54	54	212	592	137	41	191
V435	681	43	721	263	134	17	246	79	7	374	148	353	20	60	242	223	4	215	489	134	157	25	37	29	305	82	10	515	187	495	8	162	143	323	222	228	206	255	141	124	225	121	156	122	61	81	39	321	296	12	143
V436	94	154	349	577	20	675	176	50	35	218	26	18	56	137	38	447	476	356	105	29	202	544	67	75	166	208	3	530	5	268	132	90	23	721	195	75	79	0	203	229	14	5	64	364	41	206	327	202	36	276	153
V437	349	92	283	219	198	159	170	131	143	507	314	360	525	375	5	499	43	306	225	472	129	408	249	388	108	162	106	219	80	9	16	88	379	241	141	48	8	217	23	1	88	385	49	82	444	129	270	45	89	349	124
V438	373	320	318	21	2	102	558	489	12	690	73	194	367	155	267	12	161	59	114	29	285	130	243	444	135	15	100	293	61	110	39	70	21	125	84	42	243	195	137	117	88	80	284	243	369	4	109	195	162	218	315
V439	82	12	266	65	48	207	196	146	320	169	69	201	106	91	41	187	31	0	630	488	290	2	44	52	53	45	100	232	260	157	35	135	262	134	219	126	267	335	34	150	103	92	363	124	331	167	1007	47	286	262	40
V440	587	625	207	375	11	56	33	285	262	374	8	61	262	168	163	9	218	37	189	19	172	229	29	88	675	138	13	402	122	835	337	93	103	52	38	29	81	125	380	263	53	86	23	230	388	321	213	158	88	110	613
V441	254	381	179	29	324	17	14	7	1	37	49	865	565	308	8	129	234	376	541	484	313	157	70	178	222	6	21	269	521	607	341	391	134	301	86	254	149	470	501	27	19	291	63	32	97	96	68	128	69	156	318
V442	111	82	416	231	232	244	50	366	55	7	81	36	54	647	31	114	29	83	564	234	21	42	79	4	410	24	38	244	137	46	363	113	465	519	4	70	677	293	882	108	1152	525	15	202	322	403	272	145	130	45	110
V443	51	180	97	42	276	188	100	97	137	404	266	184	349	109	4	360	330	415	162	130	66	14	145	186	711	3	42	165	73	133	144	585	72	191	92	758	48	189	64	91	83	138	22	104	18	230	41	253	291	8	196
V444	65	461	109	36	289	450	349	96	118	137	2	279	510	59	40	40	70	505	0	200	507	136	392	302	165	66	21	321	156	124	112	559	117	96	193	49	37	102	51	164	780	129	392	25	308	108	528	821	598	88	400
V445	60	527	185	580	19	455	321	109	81	206	2	7	387	383	180	168	101	382	6	213	214	111	116	19	104	194	300	63	72	128	340	129	45	526	392	397	260	416	10	173	152	91	213	44	734	211	285	131	110	14	387
V446	188	86	83	148	182	25	17	91	62	70	653	32	102	478	5	71	142	70	184	305	129	207	77	3	153	55	53	179	40	161	103	32	89	20	166	112	74	148	68	72	5	269	180	411	198	277	310	53	4	183	141
V447	20	11	99	33	72	33	103	441	220	333	547	153	190	234	122	173	4	24	103	549	830	123	78	82	5	79	183	450	230	16	77	280	60	285	1	124	150	195	220	53	363	79	364	289	60	989	166	49	359	472	35
V448	349	30	310	34	118	2	60	382	18	393	167	74	377	78	77	69	73	560	220	1191	242	54	1032	21	160	158	149	389	97	57	1645	459	34	191	46	272	52	84	22	852	217	139	60	19	422	202	1	284	69	40	105
V449	6	141	289	305	205	76	318	86	56	25	13	188	68	174	55	46	282	396	365	46	149	26	475	372	88	74	690	6	112	13	331	224	318	191	30	477	30	79	55	183	163	159	45	92	26	78	23	100	326	82	128
V450	166	346	79	1156	233	138	46	22	80	209	161	588	249	461	41	620	395	217	258	274	117	18	292	728	217	821	15	121	76	12	172	286	10	818	111	325	22	189	503	174	241	185	59	50	788	350	476	20	252	579	268
V451	84	1069	322	213	422	263	328	93	4	91	451	162	174	103	419	64	182	219	860	328	758	55	366	156	174	442	62	56	197	83	5	6	81	986	109	259	259	192	223	43	226	7	129	375	288	353	103	268	206	51	897
V452	334	19	172	97	51	6	6	74	471	115	176	136	34	18	37	121	126	46	11	57	168	453	240	42	108	343	0	24	349	16	13	60	143	26	394	1024	422	57	42	33	21	148	41	194	601	184	201	98	61	321	82
V453	119	131	69	151	357	97	490	444	397	63	164	26	117	207	280	49	86	214	15	43	72	167	88	274	130	92	277	75	370	192	31	535	165	126	166	33	383	119	116	420	245	137	196	119	22	72	119	32	155	354	123
V454	53	248	244	193	56	23	166	390	398	83	482	315	298	153	111	168	203	156	97	119	674	419	228	81	314	522	421	383	14	38	917	26	17	117	238	40	1287	225	435	428	179	65	36	398	196	185	355	72	273	281	223
V455	20	313	223	380	186	137	80	114	228	505	126	188	184	45	796	97	10	185	58	17	95	155	22	114	112	25	266	0	194	35	149	51	1011	59	13	56	73	705	327	476	463	540	34	71	1081	79	200	148	430	118	263
V456	82	377	427	41	90	493	247	290	312	634	112	5	4	208	103	33	275	168	33	272	302	108	219	220	134	415	356	897	120	138	237	1	467	188	288	163	99	2	104	75	177	61	466	500	243	599	106	727	7	254	344
V457	169	82	14	182	5	131	530	57	32	17	45	54	44	29	118	13	405	210	1	43	163	1	638	26	16	67	52	492	278	40	136	38	18	151	122	73	304	509	226	278	34	51	49	71	126	3	163	838	290	171	98
V458	598	24	395	131	179	63	342	36	147	284	214	101	237	306	360	156	375	359	15	151	56	156	18	57	35	44	153	251	118	83	35	36	85	237	91	64	191	145	238	249	249	84	688	115	27	120	312	298	110	63	121
V459	22	187	4	168	13	97	232	159	43	377	401	325	239	314	254	336	131	5	181	10	108	255	443	389	30	110	18	78	778	42	32	83	21	43	680	206	116	26	286	91	109	24	524	92	222	54	429	913	305	71	144
V460	309	12	23	11	326	245	476	8	244	8	122	393	378	74	307	145	54	77	398	234	723	17	343	360	204	60	411	49	169	115	127	21	97	57	315	141	27	463	526	235	18	28	155	286	748	484	110	51	489	651	59
V461	417	18	418	78	54	175	45	86	45	57	518	127	152	376	143	490	715	203	68	109	53	237	321	175	196	430	8	278	118	32	248	230	115	517	349	50	84	145	81	57	7	76	70	245	100	373	145	196	19	17	92
V462	268	287	1027	134	20	224	780	289	286	32	15	548	62	949	4	210	43	165	56	181	378	48	22	165	324	14	178	11	208	294	117	150	574	39	264	148	68	1122	184	138	530	293	137	72	303	66	269	58	37	329	301
V463	365	382	0	301	127	65	4	92	73	146	224	139	335	251	357	194	269	165	490	67	255	54	42	30	341	501	360	87	282	343	21	186	222	201	142	92	118	188	58	135	97	344	181	157	134	207	165	35	38	4	353
V464	78	251	701	52	10	84	30	163	113	446	217	257	1024	131	253	112	146	46	294	20	474	46	308	65	140	624	147	144	10	81	187	67	20	4	249	315	43	366	234	302	224	11	7	215	156	554	327	170	28	80	220
V465	59	119	6	47	80	6	350	16	397	168	443	228	140	824	247	175	12	88	136	63	180	283	12	262	643	30	550	161	118	230	93	268	467	29	24	30	115	67	35	577	177	136	172	60	164	84	540	263	184	11	117
V466	6	232	7	14	106	6	83	37	1	78	445	88	62	90	182	45	249	159	245	129	11	49	2	103	167	705	119	468	175	197	211	154	158	92	34	262	342	38	186	69	57	56	242	82	454	26	25	220	69	16	172
V467	328	52	22	116	163	437	111	1	250	382	60	234	95	416	96	57	211	364	131	385	1	355	38	5	16	58	153	505	344	410	129	186	83	52	784	80	397	608	52	375	43	196	186	143	86	11	135	39	387	41	109
V468	278	377	382	63	284	161	62	1329	325	160	50	146	193	458	154	125	149	344	2	32	447	131	22	293	76	732	71	299	88	363	380	248	169	49	12	42	186	177	231	22	1804	446	232	16	132	9	398	25	243	500	358
V469	65	475	242	43	255	48	316	357	264	259	17	331	202	144	262	6	243	83	82	173	98	115	20	279	35	67	67	112	313	21	301	125	176	134	47	97	73	169	99	321	9	50	48	294	58	353	320	326	121	28	374
V470	36	121	19	57	199	1065	557	97	170	354	468	176	51	127	25	240	53	165	27	54	245	122	597	32	40	59	258	50	320	582	325	226	113	34	71	106	108	362	82	157	59	147	795	231	61	278	122	763	287	570	105
V471	68	91	1	134	161	72	215	326	561	149	90	52	72	534	53	367	386	149	43	584	310	395	67	25	75	125	3	176	4	22	159	13	223	458	84	43	30	140	6	47	77	104	298	245	245	72	7	427	6	671	105
V472	338	118	97	315	200	264	183	58	70	47	16	24	164	175	459	146	267	9	4	152	273	98	508	72	15	228	17	66	147	232	32	159	50	170	52	453	32	118	96	342	120	65	1	53	542	10	201	164	23	61	170
V473	390	81	91	222	7	350	2	75	594	870	211	416	285	131	42	425	51	126	51	0	201	158	217	224	73	63	286	253	194	116	237	124	92	13	751	380	274	92	237	24	270	351	183	259	211	208	444	232	785	216	159
V474	122	125	60	314	118	150	98	124	34	36	65	2	276	87	147	255	9	545	451	426	908	130	4	8	197	62	98	82	11	213	98	5	137	328	22	103	145	284	34	103	360	169	66	734	190	32	38	332	111	112	134
V475	267	169	341	217	227	86	161	116	195	25	37	70	6	191	405	82	590	94	165	125	10	102	559	140	76	2	199	49	1299	88	7	239	122	126	235	98	24	161	560	181	141	50	141	294	160	82	450	16	252	171	196
V476	32	114	74	20	104	303	347	68	27	85	10	420	129	59	225	309	305	53	168	633	110	61	22	840	36	59	67	367	943	210	79	134	18	98	44	26	113	183	7	429	229	417	89	86	468	600	141	4	129	368	113
V477	349	223	22	47	245	92	54	706	48	60	81	1199	270	179	277	224	178	301	305	500	30	188	409	169	63	1	185	142	233	720	75	36	4	372	192	241	374	17	248	72	4	66	3	45	438	84	11	336	175	216	233
V478	130	47	145	540	53	3	259	189	174	487	526	363	201	63	106	138	630	81	420	690	229	403	36	129	51	265	432	382	323	274	484	102	29	133	43	83	86	62	897	131	152	115	54	12	86	47	295	28	151	20	70
V479	811	118	412	35	66	121	72	133	105	74	79	312	131	224	59	318	426	21	319	17	26	245	320	41	305	19	0	314	659	809	203	294	170	329	93	251	143	48	336	69	60	966	70	145	73	229	1	80	610	199	223
V480	57	663	91	28	193	496	184	54	15	56	23	46	16	568	64	142	18	160	118	431	392	303	160	189	439	29	78	415	147	171	215	525	312	5	93	230	36	75	306	271	172	95	145	458	72	280	92	10	501	130	510
V481	79	524	80	94	105	13	282	259	20	126	361	87	156	1106	29	218	227	357	244	22	59	349	121	97	216	542	127	49	619	558	188	42	404	696	997	28	65	236	199	276	324	85	47	248	23	223	166	399	170	96	402
V482	95	55	135	101	395	112	7	41	7	233	0	41	23	95	33	142	51	52	195	70	54	636	492	115	236	8	196	81	151	458	117	267	261	235	7	45	246	135	129	130	217	195	12	99	399	244	367	23	0	70	82
V483	187	795	341	748	157	604	10	211	19	179	24	488	310	28	57	318	92	137	99	176	125	537	114	291	61	42	424	173	468	49	4	54	193	127	106	97	279	2	17	22	9	144	88	100	32	631	148	97	291	149	635
V484	174	343	31	632	5	296	54	153	6	236	23	426	140	234	46	175	42	4	24	568	340	30	383	50	138	129	363	170	14	348	810	352	193	34	731	313	394	849	230	8	360	324	132	337	25	14	105	177	45	67	294
V485	38	204	355	7	211	147	220	172	110	399	129	86	345	274	99	216	48	159	167	39	232	35	251	56	406	29	29	9	361	426	105	168	243	85	60	152	292	289	199	19	114	292	200	144	44	47	195	176	259	230	188
V486	18	118	150	30	234	54	25	398	108	9	274	62	37	184	315	33	427	103	70	17	337	10	598	73	122	666	64	120	176	83	40	86	273	197	675	213	31	227	82	1341	57	136	56	394	389	293	80	31	51	23	104
V487	541	3	140	183	275	80	51	497	257	251	413	57	95	89	6	0	177	230	520	409	116	145	39	138	153	16	9	88	285	2	339	318	316	421	529	22	628	217	549	59	27	291	19	108	58	52	60	136	431	101	103
V488	93	145	38	297	16	16	177	21	304	10	121	113	270	239	375	178	156	271	677	0	816	37	64	233	389	193	91	231	233	119	67	59	68	205	183	73	203	55	96	299	41	127	510	171	733	123	656	107	31	56	130
V489	1125	201	5	213	113	140	128	238	271	81	219	17	55	27	107	31	61	50	294	64	23	134	155	69	291	175	166	801	90	77	83	96	149	10	25	125	380	394	231	242	930	17	91	139	22	34	207	465	1073	111	345
V490	132	48	85	88	52	272	50	623	104	126	116	1023	66	0	46	30	59	64	14	131	106	125	59	71	79	32	1138	0	5	14	320	402	23	62	2	290	445	89	3	419	211	184	35	66	182	74	68	517	193	3	67
V491	315	9	489	16	24	269	72	188	394	627	166	195	546	3	57	95	103	353	13	49	125	571	22	246	171	28	989	56	264	119	323	200	205	105	30	839	65	54	63	100	426	395	174	194	48	147	575	363	168	691	86
V492	53	15	358	29	178	64	287	14	229	62	103	54	54	275	53	167	300	388	105	334	6	5	147	84	1085	351	24	98	63	26	132	194	309	38	590	223	300	121	61	5	3	54	39	335	133	100	122	214	93	327	22
V493	117	176	117	382	111	0	386	17	60	223	123	23	121	56	331	628	610	42	300	391	9	444	32	9	291	5	527	64	218	192	525	33	1063	89	206	139	209	461	100	330	227	400	125	224	257	52	216	135	185	241	183
V494	290	112	1061	528	815	253	200	195	23	64	139	163	10	80	726	22	112	79	287	143	10	12	64	132	89	58	26	12	429	270	16	97	10	26	407	142	39	105	5	175	212	14	109	226	159	114	2	347	134	31	144
V495	316	294	46	11	63	223	86	746	223	11	287	1155	123	140	52	281	322	20	156	181	1371	167	22	123	79	292	488	470	445	20	996	87	139	32	199	309	143	189	116	134	115	166	193	113	103	317	258	149	494	58	280
V496	42	61	226	31	64	47	72	31	49	178	4	246	510	153	615	337	75	634	392	176	6	318	120	510	111	465	76	15	32	70	185	92	133	21	57	209	155	44	48	226	446	27	172	219	50	262	201	100	259	534	63
V497	547	116	44	124	147	211	430	189	22	195	496	407	21	175	52	65	43	604	17	91	45	514	239	95	84	132	47	90	321	41	127	269	277	91	1010	42	361	134	10	76	345	330	189	67	10	118	6	130	158	911	200
V498	730	31	150	190	27	109	123	225	86	110	294	5	229	166	395	60	2	346	82	501	265	96	1	258	46	170	4	31	3	465	23	178	64	207	114	31	15	80	40	64	18	123	189	455	133	113	118	606	57	877	134
V499	49	222	249	190	67	136	39	314	97	211	202	261	158	42	152	8	146	81	90	41	814	102	10	6	55	119	189	48	137	77	316	721	100	180	78	374	31	328	36	444	570	469	285	81	114	45	17	25	79	64	180
V500	135	80	97	106	415	380	305	216	198	132	337	151	195	21	188	73	180	35	266	330	252	360	131	98	16	39	11	46	219	263	303	599	233	13	388	9	25	9	35	7	230	69	149	37	498	86	8	9	179	53	92
