Source001	Source002	Source003	Source004	Source005	Source006	Source007	Source008	Source009	Source010	Source011	Source012	Source013	Source014	Source015	Source016	Source017	Source018	Source019	Source020	Source021	Source022	Source023	Source024	Source025	Source026	Source027	Source028	Source029	Source030	Source031	Source032	Source033	Source034	Source035	Source036	Source037	Source038	Source039	Source040	Source041	Source042	Source043	Source044	Source045	Source046	Source047	Source048	Source049	Source050	Sink
V1	59	515	83	182	230	888	116	356	12	2	627	980	134	209	119	84	41	44	130	330	102	15	31	10	396	130	138	6	85	306	78	487	668	17	16	85	4	129	263	112	439	102	314	18	4	327	493	235	115	35	168
V2	89	157	159	233	18	293	265	60	62	19	45	64	236	402	14	225	82	27	351	202	111	131	198	108	198	245	225	163	54	74	238	77	579	208	66	242	174	77	188	46	8	55	419	186	242	281	104	138	321	6	117
V3	39	41	749	103	389	169	1	259	4	58	255	34	10	75	232	489	215	87	60	1082	182	35	180	680	63	342	117	454	364	33	9	361	114	25	57	87	156	4	156	16	341	61	25	53	101	110	114	351	28	416	71
V4	57	44	67	407	160	263	316	20	767	466	420	40	526	146	87	17	459	625	256	8	233	80	87	61	141	37	91	68	316	35	719	112	94	9	158	905	247	214	384	410	54	105	165	29	108	345	1260	77	167	12	58
V5	465	201	194	224	51	2	290	12	144	113	787	939	191	39	64	8	97	322	4	454	23	219	63	94	168	140	3	25	199	176	121	343	92	391	308	38	337	43	279	40	103	111	17	51	133	35	426	150	557	130	391
V6	820	20	49	95	39	108	149	308	31	39	174	233	491	120	4	63	150	83	29	290	673	53	8	304	2	93	167	477	317	0	430	347	238	19	58	93	294	79	23	49	381	835	42	434	166	473	50	320	109	76	568
V7	135	252	95	164	277	12	382	48	0	190	103	152	155	617	121	61	83	120	76	343	309	42	95	242	123	313	1	290	53	240	146	93	236	265	115	82	4	7	279	394	686	123	62	23	39	12	334	1	470	66	177
V8	97	65	152	440	83	320	115	49	67	264	152	627	532	417	638	21	35	72	608	0	18	160	150	324	624	140	234	57	207	321	153	30	58	165	60	424	138	146	393	131	67	275	77	140	368	264	157	78	210	47	95
V9	403	93	133	41	4	121	14	94	48	34	117	36	127	115	201	50	230	197	590	4	30	17	405	72	32	168	153	25	78	420	154	26	373	362	15	117	67	3	251	600	411	193	412	33	15	207	110	368	120	186	297
V10	232	72	89	114	189	150	238	14	153	147	305	504	144	51	66	357	301	83	7	501	8	140	170	288	292	248	375	7	45	8	276	3	156	253	365	116	71	256	970	78	50	260	21	253	319	23	400	34	63	190	217
V11	140	264	123	223	387	110	132	184	259	101	268	21	233	464	657	13	226	241	205	329	246	96	110	118	1197	44	158	23	874	169	75	174	538	374	146	25	35	88	75	36	80	177	361	11	664	106	29	191	306	15	178
V12	189	141	348	185	504	449	149	126	32	169	324	396	62	263	147	640	106	258	247	46	202	82	393	66	617	44	11	296	421	414	161	137	48	46	379	608	25	23	55	120	121	621	262	22	84	66	429	168	153	215	178
V13	308	32	16	45	90	499	364	41	268	96	14	95	104	77	132	248	153	589	93	146	188	631	226	188	189	174	93	146	352	88	480	42	236	158	31	96	124	25	169	210	90	688	57	89	306	56	181	350	86	37	238
V14	31	94	5	156	154	263	248	102	209	89	352	65	436	29	334	233	107	19	275	188	146	86	133	95	28	109	97	249	321	40	2	147	2	87	418	899	74	1392	115	438	60	59	10	143	218	54	75	202	34	7	77
V15	270	20	168	366	0	41	223	132	61	208	180	203	350	141	25	343	24	266	173	36	76	114	73	1	299	134	102	327	817	150	413	94	357	400	53	215	66	89	813	6	192	82	446	256	196	2	197	576	30	212	163
V16	108	1226	104	219	304	27	227	175	48	166	13	988	117	41	171	119	206	218	4	116	923	896	198	29	27	31	56	58	61	242	18	106	18	373	608	135	33	57	18	294	57	321	130	5	94	324	119	87	248	68	423
V17	129	16	315	49	10	234	234	109	536	223	158	484	520	600	201	8	88	19	245	3	163	5	364	152	0	156	1	80	180	38	192	54	71	0	76	14	336	23	201	17	379	189	62	223	10	12	120	28	160	369	108
V18	436	1061	130	161	189	47	191	5	24	153	72	264	133	58	18	417	92	12	220	115	171	10	398	228	564	25	106	5	573	268	26	98	166	244	175	743	267	110	75	505	549	42	205	35	87	383	115	162	8	541	554
V19	372	159	51	1401	9	74	7	335	87	150	288	719	158	183	110	76	696	103	1	169	526	45	269	11	297	41	61	15	143	123	245	153	0	141	165	38	277	139	326	181	142	256	256	24	212	26	71	144	328	126	304
V20	188	22	37	170	137	342	99	572	30	310	141	47	29	0	403	178	356	139	214	750	6	203	166	299	263	237	235	134	59	25	123	201	66	452	201	24	42	941	75	61	89	9	190	97	70	835	228	284	29	737	146
V21	493	38	105	7	155	0	10	103	119	305	67	33	115	397	60	1	611	629	260	407	195	421	108	165	5	74	92	138	99	87	114	25	169	563	178	377	61	172	73	13	31	646	50	310	70	90	14	86	38	91	310
V22	634	933	350	414	27	103	206	177	509	74	14	102	59	135	27	5	156	58	2	28	312	21	62	282	52	58	114	92	203	144	251	313	60	162	260	262	48	154	32	691	24	11	99	66	88	77	64	269	225	142	648
V23	51	302	569	216	133	263	62	224	672	55	58	148	194	538	9	24	70	187	15	64	182	115	275	224	128	46	32	57	178	107	287	9	198	20	112	60	853	510	85	122	209	153	61	101	72	121	282	238	58	42	128
V24	41	83	324	58	161	314	32	148	9	317	53	80	26	103	30	125	129	499	370	263	191	1	311	357	0	562	1	92	48	299	127	222	31	149	64	86	95	53	38	193	34	123	504	118	7	10	190	483	268	182	78
V25	79	726	16	145	350	345	109	559	95	55	256	176	192	353	359	80	309	506	165	719	86	68	186	820	131	54	29	209	155	152	422	375	116	50	88	313	69	33	18	404	171	100	195	23	141	125	30	80	62	269	266
V26	52	53	486	477	242	152	43	195	88	109	40	15	326	321	75	16	35	331	691	377	84	77	0	52	65	141	299	218	73	508	247	135	6	88	432	50	46	726	41	203	67	402	89	172	267	41	118	311	441	26	65
V27	287	129	187	114	304	193	182	183	484	111	190	137	55	136	235	173	140	85	70	38	564	242	159	118	694	128	658	315	18	134	34	429	340	377	41	454	93	510	147	114	83	424	292	132	42	22	344	96	189	1149	238
V28	39	770	158	0	55	47	173	215	165	3	48	33	6	168	18	218	169	233	150	170	92	1327	46	177	96	151	131	102	545	352	10	362	432	127	502	452	36	18	301	105	731	57	202	71	517	91	166	361	1087	339	229
V29	114	37	43	40	13	171	16	32	29	107	234	132	129	93	74	505	720	387	372	163	108	5	1	37	98	659	97	161	158	168	79	805	39	245	184	258	60	6	568	192	834	481	66	263	90	174	182	165	45	111	90
V30	151	276	123	25	211	30	131	94	89	104	298	53	44	69	39	195	102	77	196	90	52	281	198	72	114	176	769	400	63	67	107	89	79	417	302	271	545	43	979	82	187	80	602	413	345	601	301	60	104	48	203
V31	53	59	227	112	220	155	46	201	18	60	30	1223	324	45	85	38	54	142	103	2	123	399	8	42	1	90	59	236	104	229	429	192	169	248	140	23	653	140	4	187	87	39	139	9	618	445	209	29	148	2	80
V32	51	251	66	51	180	257	506	628	17	111	133	68	391	58	11	287	56	154	60	89	235	430	303	136	275	476	13	325	20	368	45	150	210	489	157	37	416	54	14	149	743	163	193	599	20	19	38	70	384	56	106
V33	116	95	101	83	465	158	500	281	179	111	218	310	87	133	601	295	65	29	74	200	82	142	267	20	106	26	353	5	97	339	51	87	2	489	241	112	500	76	389	63	20	24	136	582	615	458	158	45	71	225	123
V34	82	275	184	131	162	2	41	578	334	183	113	387	25	21	358	116	464	117	180	526	341	210	90	139	61	90	36	452	26	61	309	168	767	284	15	167	199	237	67	207	142	301	167	332	41	57	150	304	332	339	144
V35	84	97	5	503	27	206	103	81	573	130	10	444	202	44	481	45	264	363	41	503	88	148	180	2	6	91	511	35	47	81	212	27	159	70	90	98	233	373	38	57	161	258	0	260	157	330	164	32	392	127	85
V36	88	33	60	95	83	154	295	55	131	14	22	280	418	107	111	31	203	160	396	1	2	27	247	120	253	53	254	172	487	50	140	217	5	89	154	549	64	831	194	14	419	472	197	67	30	337	51	37	364	38	90
V37	520	372	381	15	189	161	71	26	198	36	216	16	409	92	16	390	89	26	134	105	357	748	266	906	6	38	233	220	152	345	182	1022	134	23	115	487	113	590	83	37	92	3	32	1	215	86	56	76	40	70	408
V38	77	30	343	187	84	134	193	17	134	30	142	46	198	368	141	56	23	10	660	136	198	123	10	52	117	200	225	397	37	586	104	169	33	479	827	20	545	28	46	7	114	104	544	132	33	54	403	56	33	210	81
V39	117	240	32	671	669	86	149	286	82	696	25	373	31	159	72	124	183	68	527	45	169	90	3	252	346	180	189	98	183	101	67	47	1033	733	179	213	123	193	174	8	202	138	359	122	139	135	211	246	167	126	165
V40	24	38	252	474	82	150	134	28	67	69	240	102	93	10	82	298	161	61	143	86	44	87	0	426	284	1046	37	225	50	346	66	120	38	122	74	194	238	382	884	1177	265	144	231	308	18	259	244	4	202	94	56
V41	58	601	108	397	9	3	193	415	140	77	280	15	15	109	582	29	128	212	386	288	220	156	215	699	94	368	142	111	31	62	590	90	115	249	79	252	7	103	386	85	106	10	56	529	117	43	5	254	203	210	195
V42	177	796	278	245	73	91	27	189	176	267	56	44	59	240	7	51	252	172	112	10	44	296	19	10	463	8	152	229	360	149	87	169	203	260	574	169	103	173	761	173	54	36	758	29	22	197	28	82	73	22	308
V43	223	24	155	268	203	216	88	409	469	80	151	289	240	45	132	29	0	151	8	568	147	272	437	122	27	188	177	26	300	324	126	69	337	1	27	46	4	303	40	111	60	78	21	160	9	124	218	65	363	152	194
V44	167	105	113	186	97	72	80	80	18	85	36	134	306	93	343	168	330	87	29	58	103	134	39	263	149	214	161	359	221	59	53	124	110	189	96	296	107	85	3	15	34	261	10	460	171	345	93	268	49	373	167
V45	299	34	353	109	4	131	580	795	961	59	223	15	381	533	9	14	77	257	270	97	264	533	376	60	177	178	131	658	170	191	593	8	7	13	265	119	483	434	208	28	144	11	78	74	411	12	424	262	200	22	248
V46	154	50	306	230	162	480	621	299	366	10	496	304	385	579	161	188	21	82	69	108	30	492	94	264	167	32	146	22	126	132	122	295	119	61	126	90	288	237	20	77	350	28	5	63	55	109	36	159	106	389	124
V47	66	332	3	14	87	91	42	245	71	32	0	177	112	116	516	12	426	3	160	43	18	0	110	35	32	636	618	75	180	5	775	92	84	529	172	165	19	207	104	78	137	652	314	706	90	75	1101	24	45	13	149
V48	27	195	188	380	191	176	204	32	60	810	127	371	613	61	102	405	477	154	43	279	115	95	269	25	45	68	212	232	597	305	241	332	629	302	354	48	135	119	39	1	548	16	183	38	63	87	275	198	221	23	94
V49	42	386	188	119	791	10	377	28	105	126	40	40	103	384	54	86	194	286	137	444	132	38	44	101	239	1	368	49	111	80	396	6	347	326	455	103	11	28	58	116	58	582	74	101	205	94	15	182	23	81	136
V50	64	84	32	94	331	115	288	127	116	223	315	76	10	142	163	184	227	8	143	425	216	13	47	161	362	102	518	220	31	280	296	13	484	177	323	107	84	95	37	274	89	223	79	464	526	217	165	114	51	205	62
V51	51	181	403	133	325	240	204	140	288	113	201	193	148	303	247	37	13	141	252	123	473	325	117	244	136	29	42	44	645	174	251	35	218	132	130	174	33	352	122	372	147	132	50	64	262	240	54	143	50	15	91
V52	118	93	33	53	212	32	42	88	206	46	320	41	102	318	124	156	71	261	104	83	102	86	97	97	240	187	194	94	165	4	251	46	70	117	60	593	823	131	102	267	5	381	26	341	130	1	342	162	355	375	112
V53	55	89	298	14	51	117	182	149	409	270	16	520	223	72	304	40	76	289	32	158	172	88	215	123	132	572	78	185	335	147	30	15	79	30	90	27	534	108	166	47	19	189	27	32	192	113	427	281	103	197	65
V54	159	350	128	1	236	759	18	370	101	13	162	15	208	149	16	33	118	61	342	90	53	82	32	516	72	70	51	70	2	59	145	444	17	16	15	81	191	46	121	376	233	736	292	65	478	184	59	462	313	307	197
V55	9	78	191	400	197	71	101	36	179	326	226	13	107	260	69	364	41	51	52	190	176	220	370	108	285	26	98	621	25	399	36	83	52	41	53	64	616	87	8	140	492	12	0	251	663	479	78	326	6	253	46
V56	39	556	14	228	660	181	289	234	430	49	342	53	336	254	74	177	110	247	8	247	128	44	542	172	18	277	169	179	31	610	25	17	322	63	128	409	61	3	106	16	165	99	4	188	361	17	74	304	29	529	201
V57	4	163	423	152	358	299	171	416	30	152	329	227	1	59	368	22	446	143	78	382	59	51	324	31	163	279	98	266	237	326	39	140	37	412	311	20	89	32	256	17	212	324	17	12	133	1	300	59	359	45	54
V58	246	137	174	578	228	100	88	619	255	617	342	3	222	364	399	72	274	99	354	194	548	158	54	571	20	236	610	392	62	6	17	417	637	0	566	259	16	5	89	1150	43	103	308	590	156	231	63	23	200	263	211
V59	214	7	173	233	82	96	78	113	119	3	157	97	113	77	132	306	81	162	410	37	143	352	151	113	220	70	146	44	302	419	185	14	120	236	106	348	77	121	205	42	246	407	591	7	268	84	432	160	166	738	167
V60	162	116	64	396	253	156	164	19	176	40	324	213	27	106	410	408	491	20	708	397	523	113	30	15	117	60	132	26	29	268	38	632	37	95	167	8	126	23	36	470	157	29	103	137	303	596	33	635	103	63	153
V61	196	121	105	194	136	444	6	162	117	243	333	81	365	96	748	501	368	69	95	368	436	152	274	33	10	164	185	151	319	244	322	86	304	151	183	285	94	37	60	32	174	59	156	31	368	294	593	12	6	732	156
V62	378	282	352	431	607	257	200	131	222	192	55	197	37	328	249	72	129	298	231	341	176	178	114	363	99	459	110	93	165	203	296	81	289	500	166	250	1738	62	427	508	52	144	283	55	62	41	9	278	8	84	340
V63	261	440	102	122	199	16	213	124	84	325	477	319	18	111	42	541	3	176	211	541	32	26	135	192	110	69	6	53	692	281	30	210	65	72	363	150	3	660	66	133	60	6	7	315	116	317	10	82	390	71	300
V64	102	356	10	48	167	87	82	39	526	104	60	62	316	29	152	213	105	685	252	104	256	190	296	305	122	14	32	61	47	72	119	182	344	144	370	5	30	218	291	738	1	72	120	13	208	80	202	6	184	18	172
V65	16	167	867	77	184	272	68	53	132	14	92	1	72	89	18	55	134	47	973	307	34	29	57	4	23	45	241	428	166	151	270	66	114	162	86	51	236	192	65	68	3	61	190	9	16	258	554	1	91	64	73
V66	138	122	234	433	175	139	21	450	35	508	203	65	1	30	253	589	129	95	100	5	255	116	100	133	373	91	368	433	71	128	279	70	319	12	100	161	82	96	26	1	74	63	40	285	191	102	80	81	84	203	129
V67	104	156	179	45	135	56	45	81	451	12	53	112	16	66	22	207	16	33	348	59	48	75	51	284	104	218	483	5	443	100	17	302	560	105	126	28	189	58	251	30	92	59	66	40	101	309	27	139	480	4	122
V68	54	11	316	123	55	99	301	307	30	62	129	73	342	32	18	101	8	610	300	287	30	157	104	210	217	41	69	78	358	47	196	0	318	175	59	72	65	462	23	65	96	321	171	28	614	66	139	186	134	333	62
V69	219	530	91	63	4	3	127	61	151	411	35	301	41	0	23	234	85	37	104	30	169	49	216	437	14	303	21	311	6	87	391	477	243	538	104	285	477	369	58	100	89	84	423	25	37	262	54	176	192	625	298
V70	55	403	5	15	181	134	466	239	168	34	333	289	378	38	142	517	42	33	56	390	12	120	392	39	202	37	31	0	157	313	74	45	232	14	11	373	45	66	214	153	411	41	306	106	244	11	324	6	308	273	157
V71	87	24	424	169	40	313	112	25	35	140	259	543	303	526	387	45	129	81	229	212	92	460	245	77	26	189	324	421	14	65	604	5	335	195	435	52	220	181	1	63	97	448	16	89	46	253	259	23	325	41	85
V72	191	344	248	134	21	149	695	4	223	88	107	130	161	131	3	45	73	6	577	226	219	465	944	356	614	30	157	142	281	33	193	68	252	195	56	170	138	73	82	71	126	5	26	366	56	190	145	239	23	11	204
V73	416	148	142	232	261	129	588	91	228	211	432	216	35	317	139	111	724	378	54	245	337	338	202	476	94	205	273	253	125	205	202	242	122	206	228	894	41	20	159	145	116	38	194	79	257	111	114	185	341	55	339
V74	1053	70	68	402	290	117	91	201	314	91	25	128	89	1	492	140	207	195	112	57	80	22	183	90	183	54	772	3	132	301	140	52	269	111	5	114	551	336	211	53	534	131	428	133	27	152	50	78	311	66	650
V75	67	377	328	33	69	35	401	40	20	397	0	231	560	183	291	415	284	73	447	457	121	218	79	21	80	102	73	342	680	313	531	86	55	292	86	115	158	109	71	395	211	231	14	451	76	70	320	37	9	34	161
V76	58	131	251	354	110	143	27	322	474	25	84	61	306	18	311	80	56	5	122	38	17	77	28	299	16	123	553	91	133	191	112	650	83	783	244	136	57	42	329	26	252	7	359	352	132	124	137	87	327	425	106
V77	22	170	122	636	683	27	155	108	636	1108	193	435	415	100	160	112	252	115	220	52	12	138	56	185	213	242	116	51	159	403	131	217	99	383	120	170	388	49	83	432	486	239	600	121	225	334	70	289	90	229	91
V78	229	192	295	44	362	54	196	277	19	426	835	183	590	240	343	141	465	18	421	258	116	45	14	14	224	118	7	319	212	63	16	227	91	60	113	171	4	65	136	144	186	463	536	4	256	20	261	66	129	681	202
V79	33	122	460	269	736	327	349	408	145	14	376	12	779	135	86	66	180	87	391	57	303	221	628	88	16	75	0	256	30	1071	691	432	331	34	128	179	113	56	141	48	219	116	1112	689	34	51	3	341	45	730	85
V80	24	44	201	113	288	0	52	49	65	146	161	491	286	39	377	157	20	253	622	107	40	590	148	554	50	71	63	13	477	163	79	780	17	50	158	18	57	478	99	41	554	404	218	124	675	111	122	127	35	149	36
V81	688	58	10	42	294	154	223	65	177	42	70	83	73	257	11	60	129	329	327	94	37	243	51	229	500	349	158	95	298	78	50	159	298	201	13	95	5	220	72	456	115	50	233	329	54	7	29	109	107	275	504
V82	115	33	400	171	80	354	155	84	172	111	316	152	210	44	464	280	98	385	52	98	84	476	1	139	339	113	56	208	89	152	733	25	104	63	109	209	277	52	239	34	251	29	71	203	156	9	371	165	124	166	106
V83	309	74	348	167	25	23	80	30	51	44	166	54	143	97	539	6	62	127	199	235	386	129	39	414	192	755	30	19	129	197	214	143	258	279	170	69	84	75	281	251	363	9	121	124	10	7	749	226	414	21	236
V84	1143	302	125	282	86	295	201	135	188	272	107	49	475	509	146	919	430	822	261	777	678	774	221	880	75	300	820	74	8	369	119	135	1	436	82	78	115	64	143	29	470	87	346	1103	151	30	174	259	319	78	868
V85	96	121	827	425	1	222	103	115	412	41	139	438	72	28	154	115	94	247	8	94	207	166	23	52	6	101	418	2	119	203	19	647	1	125	441	188	159	123	10	60	490	33	22	88	65	539	7	303	42	240	122
V86	75	28	136	137	414	95	405	99	47	190	18	124	202	33	454	657	86	81	338	88	15	291	21	255	8	10	168	677	999	226	297	395	117	286	56	769	164	51	203	173	140	123	3	167	20	242	582	259	166	36	74
V87	113	233	45	146	57	250	68	518	488	482	42	7	103	312	122	78	243	33	18	96	116	112	153	33	46	82	282	184	538	16	451	60	474	31	212	236	101	40	89	57	195	0	230	140	85	398	6	114	238	76	158
V88	81	350	159	7	240	83	104	60	695	18	114	164	223	126	108	1	57	92	203	458	15	193	703	10	100	638	173	113	283	12	247	986	272	247	31	274	552	318	33	302	110	41	351	183	84	42	36	702	572	265	151
V89	1115	165	8	90	156	75	208	129	57	64	670	16	328	38	787	18	334	69	267	4	2	525	502	42	123	3	50	125	431	174	161	188	162	8	29	126	40	350	167	68	186	358	114	232	233	482	13	104	256	135	816
V90	38	16	133	348	27	71	52	43	18	53	261	914	243	102	306	146	433	206	117	284	283	114	213	92	41	357	208	33	107	47	19	212	494	557	75	147	62	128	574	222	357	159	214	442	109	20	322	464	113	75	42
V91	511	295	200	80	78	187	103	198	130	225	463	373	62	110	58	1070	143	806	6	374	108	20	80	637	481	171	363	129	401	983	298	46	323	43	66	30	206	111	104	268	23	272	526	4	900	326	164	10	219	415	453
V92	788	66	132	352	137	93	414	71	799	56	242	146	179	20	5	325	264	508	17	55	76	307	33	60	8	127	182	391	251	438	363	1043	28	6	35	61	199	80	166	87	1034	371	681	90	12	93	511	667	120	14	601
V93	574	363	62	33	478	178	276	69	110	33	206	23	800	143	340	48	284	7	105	7	211	229	96	519	127	300	191	161	344	218	106	100	93	61	297	134	185	363	106	40	20	46	74	312	356	400	26	63	447	29	477
V94	474	39	218	0	30	635	158	1104	456	188	147	182	39	774	104	0	306	2	97	329	58	93	257	175	176	83	158	575	756	10	29	0	232	81	44	116	9	2	186	66	58	1	143	343	479	358	23	244	217	30	367
V95	264	7	190	111	1	185	212	10	1183	157	132	239	183	121	81	515	39	28	58	124	84	11	64	308	806	5	16	580	476	348	277	234	52	29	134	215	8	236	190	233	64	16	14	483	172	161	23	72	60	73	188
V96	65	350	123	428	202	112	262	33	48	557	57	388	236	294	50	113	0	64	104	235	259	14	328	26	96	296	153	186	215	395	33	738	21	77	97	113	28	295	204	237	8	176	553	54	98	120	306	46	325	17	132
V97	47	689	350	304	38	50	237	321	48	87	150	131	143	156	13	43	6	15	742	75	57	87	480	152	82	97	81	17	160	292	374	57	26	1	25	106	437	0	16	280	13	421	528	83	171	1870	821	143	1097	19	209
V98	84	110	274	144	819	117	91	32	459	531	68	501	58	165	237	155	82	137	48	734	12	111	236	665	63	26	153	281	35	5	75	295	77	16	258	222	50	26	96	48	55	39	60	88	69	12	871	274	356	454	111
V99	181	110	589	150	70	103	68	402	448	659	130	386	527	492	151	392	133	272	60	105	159	270	637	201	327	732	58	29	279	115	250	69	134	117	821	190	166	8	90	10	465	142	87	319	265	138	206	908	226	179	171
V100	96	79	274	34	165	276	13	224	91	48	117	330	335	181	335	54	55	19	0	0	157	0	30	264	869	108	626	185	255	112	161	64	265	370	158	42	599	411	215	266	45	489	4	71	7	220	34	560	14	181	110
V101	409	7	99	722	111	245	196	373	4	259	101	22	22	23	391	42	107	383	18	193	46	280	70	496	265	24	53	28	244	48	149	115	381	119	199	388	778	1	106	128	18	95	132	191	417	168	136	101	41	291	284
V102	329	136	86	16	274	48	116	402	50	179	411	115	14	66	446	186	839	111	113	161	58	123	34	920	785	236	492	10	54	28	202	64	24	324	52	330	15	920	449	67	198	321	163	52	20	36	259	119	681	285	257
V103	91	34	78	178	274	1103	585	190	113	93	286	43	106	8	71	402	96	27	139	147	454	239	7	3	525	513	349	30	217	640	613	151	449	1	216	37	19	120	162	242	38	106	32	290	317	411	2	27	6	39	90
V104	197	444	523	299	88	23	10	42	18	60	183	106	205	210	129	412	62	83	176	126	163	458	292	111	810	74	104	16	171	579	130	21	205	294	913	168	143	249	203	250	35	356	89	116	207	26	15	100	183	400	253
V105	112	65	193	346	254	115	122	308	117	9	77	609	48	32	91	482	44	7	160	34	3	898	31	47	117	147	46	55	783	41	31	196	273	632	111	212	169	210	67	626	302	601	135	105	6	9	360	105	319	113	89
V106	145	166	126	88	223	57	203	402	166	27	267	60	116	103	28	209	141	397	26	488	136	62	84	10	124	511	28	92	116	472	191	28	8	44	1043	161	145	99	550	156	38	162	147	36	119	33	12	78	24	381	156
V107	72	23	822	217	69	135	87	60	737	3	78	65	76	50	30	66	26	78	223	4	339	75	420	116	73	405	248	76	457	146	8	169	180	506	45	549	23	182	261	7	70	470	129	13	291	475	140	249	12	0	65
V108	199	112	51	92	116	695	71	200	82	47	601	255	163	80	166	320	83	270	120	61	255	296	398	65	418	100	19	131	273	59	149	488	322	176	4	57	125	16	87	199	51	170	173	572	554	204	49	56	221	22	162
V109	190	39	253	71	599	243	328	170	200	29	16	153	21	21	988	98	114	293	162	62	124	495	398	76	65	637	316	18	179	433	346	10	102	193	30	206	115	56	18	53	212	201	345	616	38	615	107	270	90	213	146
V110	295	570	21	132	90	242	343	510	284	19	187	216	428	450	164	306	9	144	240	505	102	133	107	211	460	132	297	387	104	478	110	262	87	289	231	89	31	79	44	206	428	65	278	139	57	104	126	600	79	136	355
V111	128	60	407	104	32	236	226	363	175	4	262	44	117	70	1317	48	33	949	40	147	36	161	221	333	266	1337	3	72	219	13	118	93	236	825	146	273	105	169	503	45	477	172	185	1015	34	11	15	106	808	393	131
V112	269	651	3	105	91	106	69	78	101	53	144	238	71	30	156	233	152	66	1140	213	812	513	403	333	164	114	25	277	630	6	91	119	354	169	42	256	333	142	231	151	267	261	521	61	133	19	158	109	362	223	343
V113	164	212	61	121	240	40	221	24	19	40	52	309	21	484	199	52	185	189	233	100	197	212	523	107	85	40	234	173	216	765	410	267	17	273	20	88	128	177	183	169	431	34	186	66	17	82	138	92	308	151	176
V114	158	368	565	842	363	425	29	23	28	99	410	169	142	688	295	51	25	350	101	664	209	45	66	288	246	68	189	8	63	448	372	631	99	16	870	26	62	73	51	365	58	216	48	70	93	679	398	4	106	462	239
V115	223	94	711	1078	130	222	133	77	241	130	246	49	147	237	85	353	1700	283	58	49	585	35	279	22	192	562	517	77	116	43	397	309	16	363	216	22	97	797	158	162	577	223	147	285	33	131	199	57	608	38	198
V116	15	11	386	215	892	318	85	503	36	121	54	266	0	106	109	8	258	430	76	28	77	5	455	399	6	1	259	30	26	300	24	252	445	590	12	206	275	72	460	10	73	154	79	45	60	54	419	40	130	109	28
V117	305	105	107	125	156	21	110	227	7	360	69	81	74	26	74	63	559	157	102	98	149	254	197	73	88	157	592	432	121	529	29	722	389	54	738	339	118	139	241	23	783	300	191	39	559	189	100	689	276	60	268
V118	401	106	5	129	78	78	51	59	406	308	416	239	75	636	204	26	26	8	79	84	27	705	123	60	203	5	6	48	112	102	27	392	376	55	369	315	195	2	187	48	152	1	15	107	19	565	94	514	89	338	299
V119	961	20	36	223	251	188	124	185	178	22	45	258	99	396	74	56	32	651	33	188	9	596	28	88	61	71	161	68	128	71	290	26	281	44	112	25	340	25	55	45	346	142	228	100	97	157	84	17	285	244	675
V120	67	23	234	149	72	58	786	745	144	7	84	142	238	11	167	240	23	145	275	308	65	573	24	207	632	5	289	316	34	184	224	248	106	168	152	601	128	465	1026	406	44	115	496	270	59	27	96	185	223	34	75
V121	3	287	360	26	100	160	96	93	22	135	151	117	118	23	207	85	11	195	347	179	200	87	35	66	737	540	305	136	42	5	97	150	161	113	412	341	526	0	89	69	82	2	35	238	5	8	394	322	13	10	91
V122	430	211	168	217	31	243	124	7	8	115	1175	3	81	83	195	62	160	54	61	287	6	511	473	470	227	88	193	97	58	8	32	719	417	170	5	417	327	108	269	86	9	128	125	230	32	128	452	22	362	7	336
V123	36	106	437	380	288	250	21	543	98	121	206	95	272	70	180	252	25	218	89	35	594	47	99	336	29	211	176	435	80	356	43	208	150	218	223	172	59	377	221	172	105	440	30	38	3	17	16	438	15	36	50
V124	105	434	144	95	95	472	257	189	50	63	199	90	30	46	59	78	114	304	143	68	167	111	109	95	36	125	137	41	11	29	77	860	282	414	128	381	85	44	408	51	92	103	92	98	251	153	415	275	294	80	166
V125	90	289	71	160	84	428	29	234	62	135	175	15	399	403	36	25	277	129	66	108	23	416	0	263	173	192	725	151	5	91	91	162	298	221	520	8	274	241	475	523	328	534	197	305	105	70	395	27	379	210	157
V126	202	602	626	34	283	44	10	211	11	119	208	230	0	223	99	107	387	72	323	8	87	334	107	103	182	198	116	144	176	42	20	82	35	13	207	246	141	95	170	166	375	142	14	51	518	121	21	55	934	292	341
V127	163	410	37	98	195	19	111	43	29	86	8	299	3	16	435	209	13	689	7	261	15	152	263	151	344	160	284	162	45	13	116	46	264	33	155	579	250	176	348	197	116	461	47	32	256	106	322	339	65	342	224
V128	32	34	51	34	340	31	156	311	112	97	212	367	111	332	57	163	125	241	152	75	7	110	34	753	99	610	149	436	42	132	146	406	1027	173	135	387	230	20	155	165	116	105	440	251	222	71	148	151	292	23	55
V129	85	294	263	0	86	120	158	241	2	52	140	345	176	216	276	272	73	44	54	42	18	4	26	1819	98	5	377	225	139	30	1153	184	88	135	469	69	25	216	191	122	170	14	0	32	204	125	547	474	515	274	151
V130	572	7	98	792	193	61	279	84	29	181	34	449	176	739	336	198	245	62	66	147	142	207	453	14	113	300	49	38	261	250	81	105	89	92	241	19	87	197	209	503	8	163	89	198	40	340	216	813	267	184	431
V131	42	97	224	78	272	9	182	29	393	197	142	700	181	27	213	219	0	102	417	486	1122	233	197	115	20	28	127	260	175	447	73	7	113	64	154	4	340	77	170	721	155	72	5	298	83	471	325	39	26	128	67
V132	384	756	15	131	148	239	142	27	78	409	137	105	24	269	65	584	73	144	15	184	148	88	548	332	237	1194	26	513	530	115	284	186	123	254	65	5	66	152	19	612	232	200	319	105	59	3	51	158	65	137	455
V133	409	6	192	306	139	121	77	458	299	305	47	37	16	237	45	21	108	268	112	435	94	199	222	16	4	11	316	534	26	267	837	25	207	293	122	359	121	57	385	71	92	629	37	33	263	87	91	58	287	77	244
V134	66	137	6	29	236	122	254	124	28	80	364	182	256	222	755	353	20	73	137	65	292	41	222	38	101	169	339	705	609	257	407	178	104	20	34	76	65	386	27	2	111	40	318	294	236	437	382	29	47	204	101
V135	119	273	168	19	34	510	139	254	453	302	72	381	676	164	98	153	17	93	57	57	340	316	52	24	38	86	360	435	157	586	41	213	26	633	59	378	200	90	503	23	244	95	298	63	235	179	347	241	25	106	149
V136	153	63	344	348	75	239	117	119	298	45	99	422	106	605	32	49	47	70	5	222	285	188	511	115	14	94	55	220	400	52	241	192	506	347	49	777	301	7	96	212	141	67	72	449	294	407	111	113	107	223	123
V137	319	28	30	119	94	41	48	283	385	94	69	71	448	70	163	105	57	99	270	194	483	312	214	316	14	136	224	370	95	17	83	4	23	100	89	94	104	0	112	7	15	152	3	264	196	68	66	240	73	596	233
V138	40	113	182	502	14	297	136	0	231	203	58	153	120	601	193	75	177	153	341	70	131	58	9	280	594	356	256	449	6	162	37	307	891	1032	25	63	52	35	7	474	40	70	36	255	115	116	168	304	23	204	58
V139	151	85	89	248	82	167	362	225	263	15	151	316	191	831	92	378	67	369	72	211	24	216	605	30	60	8	206	386	251	334	162	292	70	7	5	4	69	45	260	70	126	915	371	93	392	81	162	31	305	365	157
V140	69	85	132	212	290	3	383	106	284	484	129	101	272	167	113	39	256	671	7	173	1068	160	66	613	368	2	107	187	109	129	196	284	40	175	39	466	217	7	94	333	786	133	398	39	580	184	167	320	337	318	89
V141	78	161	640	140	238	31	59	316	375	404	160	177	76	208	358	9	92	775	201	147	286	89	5	296	976	536	888	105	166	510	240	288	127	74	179	262	94	10	32	47	126	61	77	253	120	53	88	96	306	181	121
V142	5	50	736	201	579	185	309	1168	48	241	223	63	304	870	108	258	1136	198	12	240	33	328	49	13	21	224	92	162	597	4	48	86	950	82	106	35	5	667	10	191	62	324	99	106	77	3	82	97	73	141	36
V143	91	20	61	335	376	11	351	63	16	73	516	161	339	59	836	636	57	531	217	80	277	292	315	321	66	121	276	143	142	434	358	212	267	182	64	104	10	170	14	149	537	88	34	82	57	25	37	175	285	151	77
V144	109	81	319	268	339	325	593	65	180	15	6	172	16	237	551	175	179	223	52	57	171	323	255	96	451	347	265	281	416	75	24	444	36	284	136	87	1	172	75	357	586	40	206	527	7	203	217	194	50	287	119
V145	83	89	174	99	419	77	98	96	302	129	146	190	82	115	411	231	254	54	103	87	201	1	488	139	80	111	568	260	409	287	305	133	350	19	122	822	174	169	118	110	323	113	107	340	72	41	455	25	14	108	107
V146	34	183	307	165	145	61	340	171	268	16	614	1	18	79	100	58	192	94	697	470	143	234	197	38	202	68	34	206	156	48	651	409	195	128	29	372	78	4	88	394	387	219	313	31	105	344	65	461	342	153	87
V147	73	150	83	483	385	273	56	68	193	21	101	101	94	644	117	1	16	80	735	419	235	205	46	19	118	38	223	7	261	204	172	123	107	95	3	23	300	192	110	210	244	277	332	1	19	21	97	41	85	340	103
V148	216	62	379	47	83	133	100	31	461	21	110	270	64	171	193	28	168	25	389	14	518	427	287	109	72	40	179	168	677	171	188	92	40	68	2	56	84	244	73	86	282	241	947	2	336	76	39	530	122	242	181
V149	469	30	60	49	88	363	169	184	188	266	142	288	30	32	35	172	24	517	10	255	131	55	55	386	80	184	528	135	211	100	82	175	339	86	294	201	58	38	1123	60	202	56	113	288	7	35	472	189	27	659	309
V150	453	6	409	53	15	597	216	196	122	132	161	0	96	105	9	583	89	125	37	63	462	543	494	318	44	36	374	34	17	163	96	103	151	107	658	311	5	26	357	303	110	13	287	137	41	430	171	68	58	105	326
V151	85	101	71	221	424	257	14	272	166	2	59	94	487	185	81	65	107	620	161	325	22	2	126	296	101	101	93	62	195	279	231	376	314	283	508	13	26	49	336	599	5	279	353	254	342	292	359	262	88	164	106
V152	229	32	37	189	34	331	32	1	29	124	571	28	167	58	592	61	23	187	3	140	329	205	97	181	293	703	24	173	593	199	94	187	33	248	233	284	199	1895	161	322	421	146	383	51	12	219	106	19	171	252	160
V153	183	281	89	488	39	629	290	507	133	611	436	544	12	175	35	739	59	415	57	452	125	28	104	57	148	87	17	306	20	422	97	83	30	777	44	34	85	124	5	567	10	457	301	241	312	140	542	10	36	42	191
V154	397	25	123	629	70	31	217	131	65	110	68	41	21	173	94	42	241	337	125	351	0	125	17	85	372	30	166	346	423	360	36	431	228	551	98	54	190	47	342	496	185	145	142	366	75	12	255	612	295	596	283
V155	144	146	97	29	5	332	39	1	198	68	218	247	266	357	1	90	194	568	88	669	108	45	366	182	372	204	110	77	188	410	112	140	29	187	120	9	125	125	99	170	336	288	10	44	112	229	340	101	27	58	145
V156	89	204	305	190	30	69	758	54	103	183	12	327	360	5	48	16	4	299	46	80	69	244	145	20	435	1037	73	210	45	108	229	145	77	69	123	326	200	332	360	289	169	2	3	319	148	79	84	549	30	23	124
V157	183	386	0	592	213	51	16	74	178	279	198	264	89	126	778	3	63	69	5	259	175	33	146	127	179	116	63	179	191	219	22	5	418	151	344	14	104	171	65	349	45	4	322	494	102	178	175	506	669	17	220
V158	22	538	246	58	390	308	670	173	83	40	673	87	92	822	37	181	46	56	98	364	2	8	169	88	168	1384	295	54	165	40	201	555	298	200	93	130	227	105	174	358	6	41	205	297	20	486	21	147	84	187	159
V159	139	3	919	423	101	469	22	4	236	278	7	469	208	374	2	73	23	135	376	428	318	134	577	362	316	559	105	6	397	163	163	110	241	28	167	79	127	427	637	510	65	48	442	75	78	207	17	26	82	297	110
V160	112	268	6	131	276	45	223	242	14	354	18	60	10	92	712	58	148	224	649	1056	633	372	210	200	221	210	256	267	182	529	169	58	183	60	610	266	293	279	458	140	62	850	26	350	443	352	79	739	81	153	151
V161	220	282	412	304	54	131	360	49	426	11	10	240	384	252	151	728	1301	379	374	30	571	169	281	403	25	297	233	85	144	823	50	170	340	255	468	174	216	10	19	213	288	238	136	248	180	55	254	100	650	125	273
V162	492	356	10	27	55	453	282	112	149	47	106	125	133	6	86	130	769	355	359	475	30	31	371	248	132	341	329	12	70	371	29	233	96	469	324	177	47	172	551	182	71	358	526	76	18	79	20	50	80	724	430
V163	432	78	171	56	109	360	30	214	146	282	45	21	73	184	13	131	162	6	176	82	29	335	100	29	10	653	170	67	116	395	143	250	17	196	55	214	51	63	56	488	40	213	37	180	1483	26	436	312	96	81	313
V164	209	240	41	131	181	296	842	234	260	284	106	5	73	297	126	291	33	203	35	29	96	300	130	85	298	249	141	74	174	365	109	357	41	136	229	221	1111	4	64	339	39	152	241	73	106	31	564	400	161	152	210
V165	185	72	183	11	380	133	44	112	291	3	97	668	91	199	36	171	20	18	193	85	108	254	242	58	734	236	232	112	253	285	133	614	81	62	695	42	544	18	840	472	239	181	207	125	181	291	194	354	184	176	160
V166	588	620	31	30	4	442	253	240	82	205	241	409	168	258	167	159	8	145	10	172	64	120	298	187	9	114	274	61	207	269	126	462	806	61	290	108	154	85	322	422	263	7	625	139	394	36	388	291	41	78	561
V167	52	47	175	73	140	64	481	21	2	25	14	820	279	476	348	264	677	257	13	97	367	321	271	30	145	210	312	298	262	104	110	183	195	52	101	362	20	12	99	35	318	146	1025	535	158	28	333	62	409	123	87
V168	15	272	297	159	332	171	69	23	264	111	118	135	195	202	123	183	118	29	22	259	45	56	154	149	317	110	144	39	745	6	6	1	464	45	116	385	113	14	202	347	7	18	222	91	8	338	211	14	170	190	79
V169	211	16	43	131	20	54	55	167	758	215	9	66	815	324	426	208	75	339	268	105	517	474	60	57	610	8	18	422	251	47	83	32	320	372	80	31	18	253	246	54	39	371	236	332	309	356	252	622	302	7	166
V170	254	364	200	257	586	115	16	192	127	173	533	494	296	202	235	360	95	41	56	140	125	3	112	182	98	92	488	329	55	1095	9	479	134	220	47	891	129	321	260	130	140	547	198	410	6	521	27	87	71	60	280
V171	122	11	469	207	109	1	229	774	77	113	52	70	39	201	18	537	45	21	322	29	797	1122	82	32	63	111	185	152	293	232	139	52	325	355	171	92	244	38	80	51	109	71	55	737	52	9	28	1	245	43	113
V172	176	6	232	497	75	85	424	138	253	620	173	39	51	280	202	12	406	181	278	37	28	51	129	338	9	244	3	44	110	634	2	1	2	104	75	402	224	35	537	94	35	80	303	136	192	105	84	402	19	35	146
V173	122	223	423	14	31	798	132	172	241	55	162	131	2	285	421	35	133	33	346	129	705	392	80	221	41	229	21	69	264	247	544	351	261	44	148	45	256	127	175	135	227	364	63	556	72	45	82	34	896	117	158
V174	60	264	2	743	232	387	421	479	11	132	292	143	151	464	459	599	94	65	199	404	129	125	199	342	179	199	38	49	301	246	178	7	105	287	401	280	506	54	15	350	95	273	218	216	77	6	10	129	1	619	135
V175	15	423	307	17	246	53	538	356	388	69	263	192	128	73	105	17	106	6	47	24	24	4	108	24	619	3	482	74	216	19	140	156	50	369	162	293	276	242	106	110	39	107	61	130	487	69	34	167	454	95	130
V176	248	37	175	93	0	464	43	424	38	211	21	107	95	25	356	633	3	103	102	87	98	443	122	58	92	173	23	363	54	440	144	231	18	5	115	578	124	134	62	84	94	458	97	80	235	79	156	52	3	318	160
V177	346	311	196	558	328	3	234	74	50	259	213	248	95	351	174	199	108	0	419	11	139	14	259	10	197	474	7	283	149	205	35	29	39	291	497	149	21	388	157	389	169	83	136	44	365	521	2	162	35	149	348
V178	6	754	80	567	111	238	145	52	116	92	154	318	167	142	464	118	330	6	317	237	92	84	424	293	26	21	166	182	72	11	7	103	65	60	301	140	260	147	150	17	523	60	671	54	7	147	74	4	223	4	186
V179	63	496	101	376	22	27	200	255	214	36	15	24	452	55	37	70	204	155	34	80	92	240	13	357	186	67	293	84	27	206	120	8	72	137	479	123	301	15	1	229	203	128	568	202	28	448	219	531	201	3	174
V180	109	178	58	35	170	46	115	34	243	1302	46	13	11	143	10	11	46	114	369	54	209	18	1036	43	4	170	89	1004	187	46	23	67	183	18	14	72	33	91	235	171	86	12	218	288	49	344	519	196	472	50	151
V181	221	178	194	191	232	248	39	891	14	56	133	1102	69	331	147	149	77	56	17	36	54	503	71	39	184	323	115	198	398	268	1	166	117	159	448	21	233	170	31	86	306	330	22	1	122	60	31	247	73	24	214
V182	279	292	355	299	3	35	3	138	110	273	47	539	510	113	66	224	227	57	124	7	128	724	470	638	76	298	133	4	423	124	6	324	117	245	270	21	309	385	130	265	151	145	114	75	373	557	323	33	75	116	295
V183	95	181	11	20	266	138	299	74	64	301	51	45	8	274	4	411	246	91	43	44	39	211	34	527	17	234	178	125	33	313	14	162	91	208	30	480	44	2	187	12	112	1106	119	487	216	52	83	345	15	139	116
V184	129	1	76	46	354	102	18	63	89	140	705	105	85	279	617	278	309	373	9	28	608	651	597	206	406	10	462	14	189	134	67	115	367	96	304	90	257	30	192	434	213	97	545	0	67	97	89	32	261	430	111
V185	211	405	691	69	245	2	90	190	105	42	699	195	989	12	5	16	27	135	121	14	30	24	145	194	342	43	122	45	162	77	324	10	171	30	22	552	286	32	68	7	103	40	364	274	36	92	92	200	500	33	274
V186	39	183	118	379	52	242	188	138	24	31	0	158	88	31	235	98	68	30	148	66	58	186	264	178	69	316	80	220	204	103	478	342	305	64	38	6	186	180	55	203	608	407	3	102	377	645	54	64	131	272	88
V187	119	547	90	138	179	448	314	242	198	131	120	105	540	122	9	884	84	738	195	81	196	205	14	66	100	66	0	195	72	8	572	302	65	31	284	61	245	6	37	122	189	4	216	149	106	409	4	39	122	499	227
V188	160	304	1016	71	135	245	169	695	247	208	827	125	110	318	366	189	141	2	175	91	270	382	119	396	31	381	22	30	60	600	100	13	112	103	122	498	31	71	1018	421	452	91	330	494	86	219	43	212	657	405	201
V189	46	31	243	451	316	189	471	310	323	189	40	21	34	114	224	157	16	23	370	241	21	7	429	23	4	36	201	110	221	56	192	68	105	389	239	244	56	99	47	293	453	160	25	35	354	137	146	155	2	109	63
V190	131	312	45	18	202	5	75	224	217	139	139	106	175	356	233	233	62	61	2	383	441	414	250	29	42	160	44	272	164	250	328	84	167	110	186	141	48	299	45	234	188	268	46	198	192	45	227	64	70	267	159
V191	8	74	660	158	149	180	538	114	503	418	79	107	46	756	93	74	62	822	153	35	52	113	207	291	61	115	235	390	165	403	193	19	348	163	59	322	292	418	214	129	17	244	27	130	111	629	45	47	285	57	55
V192	89	95	183	214	12	264	346	126	207	127	372	1	67	300	15	21	693	945	318	305	40	340	101	280	160	79	237	210	16	166	35	27	215	299	774	94	399	106	89	497	90	43	26	11	170	139	140	49	120	31	121
V193	98	279	244	183	61	68	720	195	114	227	123	34	851	26	398	218	73	121	235	157	78	318	180	44	309	12	82	414	81	260	135	241	504	61	518	210	644	538	275	92	255	41	410	109	20	446	192	40	135	287	177
V194	56	372	180	78	23	183	374	174	329	422	174	263	479	178	218	49	11	289	107	516	100	132	131	380	34	285	159	653	261	454	24	127	17	30	705	477	430	367	30	88	472	414	124	97	235	125	68	824	133	136	148
V195	35	70	34	93	351	144	26	438	222	111	511	8	178	256	118	31	254	194	108	180	986	27	77	50	455	110	98	80	65	168	214	76	128	94	64	205	132	223	202	169	609	357	96	129	390	204	4	78	298	202	65
V196	76	285	290	82	6	167	399	77	253	1	256	21	195	209	317	369	20	75	93	114	136	344	166	253	1320	43	42	196	479	4	640	301	73	46	176	216	141	54	106	84	43	33	526	1057	14	26	564	284	418	351	154
V197	146	283	180	286	113	24	147	18	345	38	162	64	74	4	72	73	8	11	57	105	108	140	52	42	37	228	79	337	6	2	0	9	105	40	64	16	50	67	30	69	328	227	48	241	284	15	182	370	1	290	157
V198	358	55	87	545	178	357	143	638	701	90	5	150	842	21	18	15	128	102	108	423	305	245	128	247	3	53	1172	151	881	60	76	197	12	140	184	163	43	294	282	96	67	69	116	277	25	32	47	189	480	762	254
V199	973	14	47	129	562	12	113	228	51	94	56	45	439	366	84	34	424	145	92	255	124	483	531	4	166	44	59	74	91	179	263	461	489	145	619	286	251	11	149	95	302	196	194	510	215	474	20	299	76	81	656
V200	178	223	530	427	139	199	358	490	434	94	89	35	362	408	162	495	909	316	138	95	696	169	13	157	41	344	275	76	319	98	424	81	79	346	107	122	124	726	282	64	58	422	296	412	76	186	229	78	47	52	203
V201	89	54	226	77	237	584	32	9	70	185	254	611	119	204	30	176	50	8	179	69	7	479	77	99	44	85	77	201	194	248	151	11	72	115	406	655	8	37	315	193	1027	145	396	1	696	93	474	71	169	229	112
V202	497	138	285	1	372	20	77	30	315	207	257	712	181	175	148	28	33	98	320	42	17	184	38	81	22	31	27	1	1	168	735	21	385	19	292	167	1194	135	118	23	329	47	227	117	78	161	101	86	29	203	382
V203	22	509	44	102	588	316	46	527	1140	141	170	102	425	435	393	313	67	110	8	430	44	6	1	126	17	15	44	20	119	1222	93	231	23	9	161	698	184	5	145	188	111	122	121	71	310	659	214	43	390	26	169
V204	63	207	356	250	40	85	322	16	347	200	89	406	290	50	18	58	6	508	589	204	354	24	91	233	75	47	14	327	145	360	222	159	231	92	18	280	331	42	456	263	64	145	20	349	433	13	0	231	700	653	90
V205	193	55	10	310	409	113	24	105	120	201	384	520	5	195	23	77	64	656	547	56	541	119	162	117	251	2	60	289	58	406	221	474	234	19	101	359	5	10	82	196	389	162	213	32	426	238	51	94	342	82	185
V206	115	36	20	134	161	260	63	8	268	320	173	64	207	200	70	123	50	125	90	131	235	234	274	320	134	13	44	152	307	150	136	44	12	185	20	376	278	353	312	48	314	95	95	21	296	23	57	129	258	101	98
V207	171	121	310	324	52	34	16	174	123	80	78	29	40	582	157	11	41	265	164	176	224	33	273	505	45	51	256	2	203	1213	83	56	146	397	271	374	225	116	414	302	28	546	177	96	52	207	53	382	104	219	144
V208	51	564	48	46	62	333	167	81	81	415	306	1050	651	72	19	37	0	213	38	46	23	114	515	82	226	89	630	74	196	101	364	15	241	119	6	306	132	142	197	550	47	45	13	39	1	148	69	256	52	123	190
V209	38	34	314	545	3	5	34	379	505	30	246	369	90	76	440	243	21	120	260	12	242	254	24	39	222	326	66	74	267	269	234	488	144	67	151	317	10	48	102	7	142	35	563	601	485	431	79	233	49	84	67
V210	98	349	463	254	217	29	268	378	44	158	46	99	173	131	83	262	94	220	94	235	1135	534	32	102	243	45	241	61	11	528	138	110	229	151	84	520	27	29	230	46	120	30	69	302	111	382	24	171	217	597	183
V211	52	48	104	101	101	962	18	5	126	154	46	99	230	60	20	46	59	132	136	101	102	618	56	391	370	14	69	189	8	19	130	379	448	133	153	75	10	76	79	124	51	86	8	91	122	31	230	335	68	191	58
V212	185	237	212	292	77	125	125	433	629	46	140	49	10	242	9	202	178	56	39	213	183	475	21	0	89	386	444	175	56	8	164	12	174	2	10	398	10	902	152	60	445	150	403	236	455	13	6	160	42	19	208
V213	201	250	45	353	171	1102	108	991	79	55	292	390	285	170	497	72	173	88	24	213	79	52	637	44	97	22	353	183	13	192	73	273	455	41	194	385	14	249	338	179	163	216	498	11	79	113	84	354	464	56	234
V214	187	45	207	356	50	338	132	11	21	68	325	45	212	2	345	231	50	25	3	233	39	114	231	669	153	115	276	30	1092	27	165	436	199	284	182	1	54	271	415	362	106	39	8	2	39	145	140	97	37	500	167
V215	22	229	321	268	229	2	295	161	317	16	32	132	133	158	36	107	209	281	84	320	45	233	271	284	1	25	22	173	275	31	322	656	131	320	90	447	18	199	616	60	80	127	13	305	252	281	97	431	474	247	83
V216	341	47	41	166	294	44	393	98	77	562	389	349	370	46	264	186	569	27	71	312	355	273	153	39	97	150	37	46	460	354	290	46	48	90	32	9	47	587	211	130	112	308	894	50	146	244	260	30	72	12	237
V217	142	798	309	358	18	236	12	152	52	554	54	132	104	355	398	100	11	183	259	631	716	481	38	334	24	118	664	289	46	93	245	111	296	316	6	606	162	62	254	211	23	265	36	251	303	49	15	307	262	157	309
V218	300	121	97	450	46	288	74	107	33	159	50	143	56	568	58	24	147	219	198	32	17	184	337	203	78	149	262	13	275	651	414	306	745	111	14	45	146	75	295	241	79	617	478	238	14	135	130	222	54	604	238
V219	104	28	292	246	582	187	207	47	52	70	81	51	655	538	194	24	126	145	213	10	205	8	37	153	27	10	213	201	447	145	93	23	46	461	458	229	220	122	116	260	119	869	160	107	34	86	229	58	373	108	94
V220	15	136	134	8	16	63	168	394	175	41	35	297	343	223	44	68	62	163	16	57	503	164	87	53	28	79	387	25	60	188	136	1003	316	172	134	90	109	152	587	26	29	289	441	267	15	177	177	803	181	89	71
V221	132	690	130	89	115	66	135	744	30	77	530	78	36	249	25	693	6	190	998	165	154	169	125	30	135	56	281	213	231	213	590	22	102	392	257	176	46	16	556	291	404	148	131	154	294	8	41	180	477	84	274
V222	604	352	57	294	115	538	379	334	314	874	535	332	43	92	302	396	395	11	283	305	110	590	168	10	401	16	4	76	114	179	251	206	51	274	3	235	304	119	129	175	890	197	644	50	63	141	115	90	25	147	519
V223	324	154	323	75	211	38	529	164	74	83	261	82	269	12	33	35	185	130	577	14	166	58	8	114	306	10	25	139	323	110	351	58	10	284	70	380	66	40	57	53	68	241	273	64	120	4	417	12	140	282	236
V224	68	116	497	37	113	187	104	548	5	188	451	565	322	31	66	77	274	81	253	2	235	186	517	39	56	72	352	484	344	453	72	90	146	144	48	46	35	87	43	66	204	201	144	464	173	267	0	96	93	100	90
V225	150	145	16	39	302	42	132	261	70	124	579	135	183	48	813	262	37	252	253	145	309	194	108	32	535	43	62	96	6	115	8	185	23	204	297	196	221	112	153	233	91	197	124	229	1204	58	58	46	308	58	165
V226	207	11	17	5	838	35	148	164	16	11	196	111	35	282	119	132	152	396	107	454	140	168	161	70	149	110	677	395	134	69	225	201	68	263	55	506	1	193	889	6	23	18	28	111	179	28	123	175	128	361	163
V227	160	333	148	11	474	67	110	702	97	6	1322	727	164	431	125	179	301	329	19	111	47	585	459	247	453	24	151	17	83	126	228	1590	201	557	130	340	367	174	252	96	294	331	689	1161	18	555	91	169	49	123	252
V228	15	410	54	123	372	28	109	147	88	40	322	61	510	187	309	338	212	36	108	132	25	813	82	107	159	102	15	678	273	61	290	427	234	42	190	356	702	52	10	211	351	71	152	67	69	269	42	42	8	13	120
V229	2	45	151	201	90	77	673	205	64	172	125	388	271	166	442	32	831	190	311	240	15	82	29	90	297	23	15	140	29	36	163	7	638	533	61	246	40	196	3	33	459	162	103	37	107	274	425	76	226	44	30
V230	508	14	108	653	4	12	465	273	381	21	187	276	38	409	154	39	33	773	114	286	151	53	51	32	89	118	23	547	546	82	961	136	500	580	1188	79	118	193	80	42	388	174	39	129	166	432	81	155	124	490	371
V231	40	190	91	313	709	566	2729	29	325	238	122	126	91	215	370	5	219	457	201	14	384	136	111	29	131	199	812	181	2	216	268	5	162	39	159	102	141	99	203	75	336	530	315	271	368	53	337	221	135	242	109
V232	124	11	36	522	140	60	107	263	161	525	137	186	682	88	613	847	24	318	247	180	66	431	368	172	125	127	202	170	227	113	114	14	31	290	35	956	5	301	167	1	234	60	38	258	61	57	199	344	306	214	97
V233	226	771	70	65	248	51	121	143	273	116	378	65	186	230	664	404	68	31	7	678	98	246	507	16	198	132	134	48	29	141	308	494	277	102	9	6	182	48	244	56	68	57	110	84	98	741	62	815	64	9	383
V234	139	10	122	51	93	33	18	589	26	254	429	42	45	1	392	109	387	206	51	27	113	285	14	15	265	238	13	1272	90	122	182	206	37	306	498	440	627	50	387	62	441	89	72	44	185	133	109	429	254	355	121
V235	499	363	287	216	34	153	8	127	220	331	414	194	174	271	72	281	455	161	483	464	256	698	208	60	300	176	337	429	312	1	347	43	67	48	19	649	20	190	35	167	25	518	34	17	507	126	17	469	184	62	441
V236	82	248	143	73	48	77	94	117	39	363	55	112	105	16	254	16	276	77	128	111	261	310	350	93	277	38	48	4	131	24	576	239	180	272	220	73	256	1	159	116	383	17	98	47	48	135	802	135	506	113	113
V237	309	83	4	348	162	437	499	272	62	811	58	250	168	50	699	313	83	86	69	37	28	73	1088	23	77	38	99	89	31	106	599	92	25	173	343	193	539	60	166	508	269	18	144	171	147	62	207	70	198	139	249
V238	292	422	375	180	751	160	109	178	96	75	38	80	112	52	144	203	273	106	175	171	49	57	549	104	36	2	5	173	280	131	189	184	209	1199	49	277	60	228	212	94	77	356	351	469	185	210	384	153	0	155	323
V239	69	353	54	17	56	372	157	491	216	172	50	140	641	266	388	470	117	24	71	3	104	177	101	269	217	122	412	464	362	110	33	279	23	85	152	48	49	128	732	240	20	302	306	78	579	37	262	299	507	66	155
V240	293	18	35	565	44	998	87	113	54	92	83	73	661	71	724	193	65	316	40	34	350	281	133	386	496	712	46	118	16	157	825	168	257	596	18	199	18	40	238	136	152	18	37	261	93	34	214	135	361	175	198
V241	722	218	2	242	187	203	336	248	291	309	8	259	266	257	42	165	269	528	26	56	244	301	120	378	262	16	345	54	67	198	252	74	5	42	101	398	209	149	137	76	438	476	169	266	130	96	190	343	9	189	556
V242	501	37	544	163	200	23	94	2	159	414	104	223	97	203	111	60	268	149	169	20	134	154	51	32	202	807	9	223	1248	181	206	259	159	111	220	183	201	265	223	376	258	121	191	183	707	199	178	101	25	254	350
V243	59	192	847	18	252	48	543	439	29	118	75	31	218	246	350	20	49	48	29	123	124	55	119	191	63	114	379	24	0	107	41	6	103	71	81	23	571	357	39	5	261	61	35	56	17	488	49	9	15	339	100
V244	50	184	24	392	56	576	267	101	136	555	72	101	860	74	84	45	108	81	24	60	154	78	5	46	25	27	20	229	38	53	1	122	136	59	179	49	49	47	241	76	79	412	6	604	32	276	307	143	272	30	99
V245	187	257	211	132	42	317	102	1	185	256	67	286	540	59	33	663	222	101	112	319	61	359	57	69	245	24	174	2	120	23	93	193	275	238	371	688	318	156	12	113	139	367	334	28	80	140	350	248	102	134	209
V246	10	73	418	310	296	26	278	69	20	148	340	49	19	116	59	82	32	14	373	480	22	462	136	117	69	162	119	66	92	199	20	139	651	7	33	43	784	103	406	487	73	448	102	10	95	193	386	35	13	428	42
V247	175	761	273	940	78	144	384	275	159	346	31	280	78	161	22	250	105	28	206	185	896	33	17	108	285	253	58	288	220	285	652	478	38	37	149	235	468	685	627	688	54	193	359	185	168	315	174	165	130	430	330
V248	121	51	226	627	110	142	22	159	14	591	145	3	35	277	8	2	151	73	30	502	314	108	77	102	266	296	123	551	59	332	444	3	340	74	239	44	11	175	214	12	358	87	38	58	144	163	259	649	44	123	93
V249	53	469	641	412	120	150	129	8	26	77	93	86	135	134	74	376	367	81	30	232	589	65	49	142	328	44	277	161	545	146	178	89	14	33	766	80	216	680	67	342	276	46	1	11	38	356	375	121	214	426	171
V250	14	2	207	136	199	568	197	386	113	43	271	185	438	141	50	0	465	416	823	1066	35	255	63	112	211	56	197	16	215	99	199	467	816	158	446	390	78	60	106	65	255	48	35	1	168	9	141	56	436	376	47
V251	114	363	215	215	141	842	237	14	39	76	99	126	232	63	26	179	254	290	59	209	100	69	21	69	33	226	230	85	87	92	125	106	67	63	194	258	64	1	254	135	381	14	91	508	586	249	125	677	200	311	195
V252	434	386	1315	300	17	656	528	849	118	105	68	116	27	4	3	67	38	66	520	368	16	40	10	52	67	131	500	80	140	26	387	253	215	87	9	23	105	309	238	216	67	66	80	208	48	34	62	312	66	123	407
V253	140	95	49	229	150	8	133	351	47	190	13	234	429	486	24	43	295	175	240	107	244	268	117	81	123	240	4	281	425	113	46	65	306	104	479	2	20	30	77	837	365	168	392	8	369	61	350	325	67	70	148
V254	19	132	91	282	57	42	956	23	94	235	121	7	79	57	252	349	78	282	436	36	146	209	113	12	216	351	55	8	447	74	106	138	119	154	235	173	25	6	63	55	50	43	52	388	46	149	249	135	296	22	56
V255	35	127	718	2	68	346	135	186	109	41	454	90	16	176	31	659	451	129	87	90	314	42	91	342	19	60	245	41	132	99	91	234	34	320	186	60	165	432	48	476	303	170	435	92	169	87	176	164	12	244	65
V256	17	284	42	59	71	1010	188	456	374	71	658	22	57	81	110	83	122	256	449	48	370	141	35	307	530	108	579	528	96	102	194	490	24	258	34	11	174	235	356	152	68	520	62	21	339	102	49	189	413	113	96
V257	236	6	15	85	46	403	31	160	142	138	123	43	270	20	468	496	122	169	108	128	52	19	120	42	29	23	59	5	26	724	493	67	337	105	178	89	105	57	193	243	111	87	139	51	364	141	48	51	80	477	185
V258	80	32	332	25	174	46	75	20	279	47	68	78	67	300	284	9	54	344	108	196	169	76	138	216	42	87	183	125	42	503	72	75	213	187	227	201	92	156	59	126	246	79	435	38	196	116	16	448	409	78	71
V259	48	512	1	75	805	81	310	233	223	104	125	135	226	15	3	180	47	20	270	329	28	33	7	81	111	158	6	458	105	13	112	65	26	105	17	30	165	287	87	155	429	18	449	93	98	39	79	54	170	26	139
V260	725	21	393	116	104	384	10	71	17	238	270	199	41	372	417	189	114	47	96	179	92	1	31	30	24	450	151	97	320	234	48	130	74	44	328	256	148	486	118	312	318	299	411	81	74	230	337	107	613	248	530
V261	932	180	178	47	323	223	248	267	396	187	354	101	42	348	312	410	239	235	364	73	348	12	955	198	150	72	660	176	164	82	129	372	66	123	142	37	111	934	125	22	56	240	7	121	113	233	362	101	254	980	687
V262	13	96	55	16	12	124	104	42	550	15	534	39	452	118	26	39	49	116	169	110	144	515	341	192	40	56	477	247	14	210	0	304	28	556	516	354	185	240	144	51	76	175	67	156	27	23	13	512	125	0	58
V263	266	417	93	231	341	312	87	342	8	37	327	30	28	31	48	745	105	236	461	188	312	134	18	963	68	72	315	268	114	46	266	269	45	327	596	193	57	130	93	188	292	95	168	462	157	155	102	325	32	279	275
V264	31	462	77	131	275	116	71	30	108	251	547	146	143	180	270	297	218	617	48	117	120	61	384	110	457	179	504	235	27	6	106	596	268	59	13	316	273	293	38	257	472	110	179	191	559	10	225	580	18	0	147
V265	302	126	12	13	786	45	192	290	163	47	343	8	24	85	99	431	398	641	180	119	478	99	49	40	316	69	78	17	26	456	10	139	684	88	53	70	234	335	416	25	235	22	147	265	140	231	68	96	27	33	252
V266	43	246	111	6	112	58	96	167	24	46	75	357	61	36	108	267	111	315	20	407	48	10	30	25	880	356	506	301	203	14	759	28	55	85	194	1592	78	183	315	14	784	266	416	78	116	77	174	563	84	127	103
V267	795	148	84	223	172	144	315	144	491	56	38	32	624	232	273	260	82	749	81	1108	31	456	560	590	137	14	150	357	450	136	210	3	321	15	62	338	414	255	703	218	1254	613	51	224	7	122	975	644	14	496	569
V268	167	50	185	40	84	210	112	84	12	155	136	139	946	125	126	35	15	61	11	45	106	1	47	419	159	1	296	1170	35	260	198	313	19	343	192	151	153	269	102	257	114	10	180	112	12	634	141	36	825	329	150
V269	25	6	36	312	21	365	335	29	75	753	158	67	135	664	595	12	89	112	498	104	149	62	210	29	403	219	1	26	35	178	62	85	109	72	56	13	495	78	1	42	202	799	357	125	233	6	76	118	242	52	40
V270	47	96	25	232	120	625	70	168	348	70	66	258	309	115	31	231	311	230	237	184	183	8	117	338	107	78	305	106	265	76	379	217	176	131	138	1	233	14	121	233	310	178	216	51	226	29	250	150	88	442	66
V271	337	91	47	478	21	122	303	184	225	368	35	91	27	29	485	33	125	356	222	97	116	16	332	186	373	137	285	341	56	390	139	36	468	74	206	97	30	112	490	336	174	68	425	202	301	389	311	72	419	367	267
V272	105	52	546	1288	291	134	44	11	220	22	3	85	25	211	177	49	354	125	259	64	59	28	84	32	5	101	5	466	47	131	98	168	43	484	163	724	79	317	143	162	82	53	103	229	133	110	549	19	74	31	94
V273	518	376	65	218	323	311	10	178	60	6	14	89	163	222	208	16	10	70	182	153	19	88	504	35	430	78	35	468	126	117	111	190	104	411	29	764	348	57	156	130	84	119	611	491	61	98	33	441	53	329	435
V274	162	72	440	63	117	405	142	1019	416	704	37	172	95	102	37	34	28	21	702	18	476	152	75	40	330	327	36	93	34	120	226	53	217	109	207	560	287	472	422	398	51	123	70	61	461	226	38	145	83	48	135
V275	262	59	21	76	6	16	4	164	12	213	97	113	97	30	45	42	13	118	25	267	104	193	132	67	13	166	13	647	252	518	89	327	1	540	206	289	153	165	62	74	160	291	66	142	26	176	632	210	96	278	201
V276	677	4	42	256	134	296	13	622	100	68	225	300	356	329	27	83	71	170	114	40	8	499	279	773	31	297	321	38	410	415	141	162	124	213	83	53	41	51	326	331	39	954	7	199	7	282	217	61	33	79	451
V277	282	172	601	353	620	162	125	91	40	417	0	232	308	119	5	758	221	457	149	4	48	507	89	300	171	187	240	494	89	271	61	170	162	110	100	23	271	54	17	177	39	127	173	246	93	637	126	185	865	39	240
V278	57	16	137	35	179	303	51	74	63	27	385	250	491	127	63	33	46	238	61	93	192	122	42	530	92	252	178	75	0	99	115	160	157	443	257	486	167	649	18	111	413	264	16	397	31	33	271	239	57	9	60
V279	311	8	75	79	88	52	163	58	43	125	102	502	58	300	65	399	526	42	113	28	50	406	306	23	317	278	201	133	151	186	109	33	178	18	5	206	75	437	160	165	20	436	83	44	45	311	214	110	103	8	213
V280	602	118	243	186	43	265	60	81	79	64	194	98	21	110	215	26	230	172	277	24	15	310	13	16	34	80	126	227	219	10	47	1073	189	75	278	21	273	210	139	232	174	6	934	130	63	41	464	55	500	173	467
V281	381	51	241	64	200	196	127	104	94	280	296	129	659	211	348	0	59	145	202	119	20	154	124	20	14	3	41	185	110	108	9	387	455	83	158	265	322	212	152	13	108	556	250	28	550	71	2	506	220	239	272
V282	7	41	344	149	614	405	17	30	6	113	48	135	296	123	51	58	269	209	316	11	116	135	175	361	304	192	276	131	81	42	519	306	325	15	135	155	75	34	470	423	40	38	101	265	371	258	100	53	115	208	30
V283	39	596	412	136	50	601	86	203	34	116	22	141	109	80	53	69	394	26	70	10	583	423	191	13	6	160	216	631	223	554	785	225	15	155	315	60	26	503	41	287	20	24	60	393	12	83	119	96	1048	94	179
V284	75	53	118	148	120	238	78	312	89	353	191	265	256	23	255	88	235	144	92	72	313	745	371	264	34	848	347	20	9	154	213	83	296	167	312	162	366	118	17	121	155	20	334	98	140	306	317	655	200	139	80
V285	72	33	103	633	107	251	33	29	349	20	414	205	184	105	76	413	52	383	122	477	607	135	338	223	17	247	429	25	163	61	535	43	185	33	288	288	530	506	278	255	13	85	472	71	65	4	12	1020	28	168	65
V286	33	265	75	28	13	47	73	246	48	292	82	156	106	39	270	103	555	49	70	439	187	0	675	277	235	589	29	69	89	166	42	458	72	160	139	630	105	29	41	144	169	36	79	48	757	32	54	325	41	25	115
V287	75	154	534	378	357	60	258	35	383	370	544	5	96	5	75	120	281	142	498	256	63	44	857	764	62	11	548	374	160	584	301	128	24	230	139	222	7	55	500	64	458	176	77	57	71	25	233	149	156	66	92
V288	104	2	27	20	77	232	106	124	135	47	368	42	496	32	7	510	56	6	284	142	45	9	479	163	29	328	62	578	856	110	21	111	1103	397	173	47	213	74	595	710	152	355	87	89	513	345	213	241	11	140	89
V289	170	357	181	295	496	104	11	135	196	5	391	216	135	222	557	425	553	91	169	123	5	486	247	328	78	403	217	498	24	393	106	37	14	218	484	10	17	200	495	198	50	401	2	178	116	218	950	232	245	375	212
V290	280	209	144	273	39	18	116	463	10	415	230	81	19	109	506	95	36	98	33	323	253	146	27	259	430	719	627	601	503	599	30	253	20	179	214	45	387	181	65	19	182	20	171	374	85	32	614	292	130	549	242
V291	228	278	251	806	165	126	162	30	56	744	114	109	161	366	33	189	70	31	89	77	23	33	499	200	111	313	97	358	159	66	436	20	54	5	20	264	18	13	186	470	19	94	34	37	62	346	40	102	34	43	247
V292	31	212	247	127	901	139	394	394	63	177	73	150	498	104	188	16	111	237	109	17	699	116	70	45	72	52	155	7	90	683	783	29	128	117	51	33	435	349	114	93	183	66	33	637	162	432	71	92	128	475	109
V293	478	142	272	210	415	186	408	529	253	515	79	53	597	493	8	1	55	359	305	155	106	427	2	277	674	163	237	34	82	83	205	56	257	122	35	2	39	546	149	115	5	313	208	370	2	22	85	132	296	570	381
V294	441	211	597	27	114	280	135	23	27	28	250	275	5	545	70	293	458	433	217	395	140	148	29	281	342	242	86	17	5	219	317	150	12	232	66	82	366	359	13	65	152	53	3	3	339	161	297	178	171	281	356
V295	796	68	452	543	39	178	127	169	68	58	216	86	81	56	215	105	203	106	514	988	239	304	29	308	379	167	680	647	346	347	82	228	52	7	69	30	208	52	250	231	261	219	158	299	616	273	563	306	286	116	590
V296	432	85	160	46	1037	29	74	244	216	848	159	1	40	147	827	236	760	38	30	40	21	12	171	596	270	11	250	208	413	95	0	211	86	281	320	179	265	71	11	702	202	156	173	9	3	42	207	136	570	66	351
V297	80	133	139	138	386	129	92	22	74	31	326	90	252	205	18	668	373	24	20	54	739	109	148	70	12	278	429	483	97	302	409	665	201	65	262	454	240	840	162	135	622	178	531	49	30	316	29	295	103	38	104
V298	220	45	34	95	239	726	562	80	181	109	35	10	161	87	401	225	159	28	258	89	146	80	335	54	29	28	378	246	125	82	191	76	842	206	53	151	336	188	115	29	471	469	204	345	188	38	70	822	53	48	176
V299	183	153	185	19	51	118	279	24	427	162	70	14	15	174	74	62	34	141	211	465	131	433	313	94	15	88	84	57	222	169	123	72	448	108	353	85	79	241	1	213	0	256	180	685	247	89	108	335	13	9	187
V300	34	4	131	50	115	136	6	75	485	146	397	86	124	168	118	381	219	10	420	1	219	186	218	547	769	78	130	263	182	32	31	65	153	80	463	225	58	59	259	37	282	139	748	298	38	137	21	189	71	23	49
V301	127	234	22	64	68	52	126	47	130	117	142	364	115	103	370	309	229	136	241	55	112	159	135	174	58	27	8	15	133	42	90	1	126	275	142	247	105	89	22	212	689	288	289	9	125	85	111	89	16	17	154
V302	168	175	118	49	40	270	2	62	664	57	292	221	176	233	21	131	646	152	203	218	345	216	99	213	247	247	53	85	31	52	103	93	175	431	286	25	315	312	48	42	87	234	5	19	266	735	74	2	81	88	193
V303	14	91	117	33	18	259	79	65	17	78	13	45	34	51	19	420	78	46	110	67	38	47	258	13	159	432	30	1100	97	259	51	44	81	90	166	13	124	105	2	46	91	165	75	172	0	246	203	591	274	39	52
V304	52	221	120	65	62	166	61	272	153	541	12	200	340	20	483	402	76	317	256	3	0	195	444	222	370	586	22	213	69	562	170	1037	511	930	31	10	132	303	15	8	116	48	115	34	511	50	118	155	93	143	116
V305	158	96	408	88	285	853	355	401	64	133	13	144	470	35	161	738	112	205	154	160	106	128	3	0	1	415	33	106	126	69	81	505	0	34	105	140	297	272	95	50	240	155	215	399	313	68	372	290	285	30	131
V306	239	455	109	107	428	5	150	419	572	77	38	70	379	152	43	211	87	598	33	13	149	87	319	64	117	683	151	289	61	48	296	222	46	780	41	204	226	172	66	109	88	62	170	3	532	92	37	823	25	178	298
V307	178	235	444	158	565	131	122	9	523	839	6	2	147	224	56	119	105	303	385	299	372	71	68	91	152	41	33	293	39	105	241	143	61	504	248	107	34	15	210	58	47	35	77	346	391	107	153	24	24	44	188
V308	596	166	208	22	42	141	26	83	23	91	164	222	374	326	90	80	44	326	110	81	279	408	20	173	54	182	51	4	94	20	365	438	26	163	8	44	170	783	713	323	66	505	83	105	105	296	37	283	51	900	466
V309	3	305	153	30	187	917	76	480	143	265	193	208	165	273	43	291	39	38	6	244	4	359	307	15	122	730	92	217	54	41	79	1	1	150	49	259	28	361	159	430	239	258	232	56	41	202	513	128	85	174	88
V310	327	173	20	89	21	883	314	7	116	451	242	151	9	545	15	238	637	47	27	168	177	88	435	596	222	183	235	136	62	212	458	71	366	119	193	327	12	91	272	6	48	68	317	311	114	42	105	64	97	23	247
V311	882	314	12	222	46	451	85	40	30	66	267	544	49	13	21	252	267	279	168	59	133	195	273	113	108	813	49	13	253	301	150	73	46	323	22	809	63	182	480	228	368	116	11	662	123	329	500	104	235	237	661
V312	190	456	35	490	551	342	49	60	359	469	320	47	315	264	152	287	234	193	94	162	3	1282	175	83	526	383	62	178	17	377	1269	94	3	432	456	96	135	286	18	7	143	280	0	163	204	836	94	447	47	142	273
V313	466	76	96	620	182	279	237	2	22	248	20	69	40	415	10	82	294	31	122	82	25	39	114	34	131	224	45	10	146	411	55	526	135	48	119	13	5	87	446	306	161	470	46	15	103	6	54	115	502	190	302
V314	33	84	148	13	608	35	218	60	71	696	364	180	138	324	95	860	152	15	336	473	112	82	210	112	415	675	10	184	117	258	498	68	71	294	233	155	225	44	130	178	148	107	47	225	133	5	1213	63	94	122	51
V315	281	62	78	202	371	528	436	83	292	5	68	46	66	168	82	127	47	349	657	123	77	272	325	403	32	7	230	137	72	398	510	16	7	199	149	507	167	93	240	1143	187	51	159	308	14	126	3	221	193	208	270
V316	254	353	283	248	9	274	28	73	295	778	20	56	27	543	281	112	73	100	261	3	114	283	146	75	317	197	152	2	178	313	228	85	13	10	146	7	178	219	63	166	119	72	500	202	104	605	23	220	331	286	263
V317	395	81	319	257	172	105	87	87	146	179	463	175	367	3	189	131	78	503	10	199	247	307	385	571	0	250	123	231	454	31	468	112	81	98	186	137	286	17	328	315	126	174	99	119	24	16	121	140	93	524	290
V318	88	280	54	394	871	66	186	111	100	51	2	100	59	301	418	651	193	155	470	50	120	24	2261	776	325	82	264	355	386	221	218	52	48	179	107	2	480	143	12	47	43	1302	44	30	267	224	302	459	212	254	165
V319	332	279	28	192	186	84	96	142	72	380	669	57	156	0	343	2	170	71	80	118	60	106	26	170	216	36	110	120	616	12	208	41	121	127	363	185	292	169	361	184	63	135	190	330	343	99	15	262	173	272	296
V320	95	7	161	137	23	409	22	344	70	351	87	11	40	34	64	401	146	12	61	817	178	213	148	861	201	588	105	31	95	230	335	417	206	166	605	148	21	9	3	104	226	36	13	125	108	361	359	62	244	36	89
V321	26	75	823	131	392	168	218	108	194	379	217	316	2	49	4	429	775	73	402	361	300	52	56	282	387	31	412	1	34	460	88	6	284	2	135	71	15	152	166	201	249	106	411	209	817	580	363	3	4	253	46
V322	46	184	42	146	32	103	94	152	278	127	54	286	406	81	153	0	619	175	238	509	596	184	414	206	455	321	356	257	251	90	58	398	201	95	124	467	213	467	729	353	116	15	816	17	663	148	67	135	604	25	97
V323	269	59	287	73	329	30	330	411	174	205	159	138	91	79	731	295	192	32	42	119	543	340	579	439	9	1	28	20	221	257	19	89	319	409	384	77	114	166	68	116	172	103	162	1	53	87	153	3	42	23	225
V324	25	130	181	78	641	315	117	307	711	741	63	298	414	33	185	1	105	34	117	144	189	554	309	98	270	30	86	137	182	64	47	410	58	103	55	30	55	232	38	23	173	32	25	34	198	88	62	76	316	307	63
V325	104	82	58	134	70	144	492	206	494	89	233	79	59	39	26	57	207	310	55	36	762	333	121	30	452	330	66	512	61	488	190	419	59	487	482	16	431	86	34	123	230	25	449	124	94	181	725	26	157	261	124
V326	107	155	302	58	306	4	224	80	219	85	121	105	140	123	246	76	251	272	43	66	310	280	124	31	28	260	166	70	46	31	58	39	196	338	28	37	171	252	358	125	249	209	183	61	335	235	61	250	39	89	140
V327	389	174	168	80	4	228	430	61	27	119	120	64	74	142	352	440	198	157	120	7	77	464	193	32	631	140	490	470	40	85	988	23	417	30	126	216	300	114	20	41	124	64	82	67	187	384	329	0	166	257	325
V328	66	85	148	64	635	5	76	106	398	42	3	689	42	200	574	561	89	43	182	153	209	153	1	188	54	19	233	9	34	86	62	125	448	291	38	490	33	459	478	88	306	207	91	213	103	280	28	441	397	102	101
V329	118	351	148	225	14	103	6	167	192	36	47	639	163	213	28	2	739	44	201	38	69	224	295	37	223	0	141	592	205	25	275	34	99	16	103	52	498	1105	83	8	12	149	26	193	184	35	290	52	805	51	206
V330	106	424	13	33	365	174	14	614	305	70	8	334	464	683	3	61	803	58	225	74	52	61	163	150	104	356	216	114	404	23	181	479	131	231	520	1	670	14	42	270	19	433	0	82	251	257	216	373	62	81	200
V331	339	169	111	5	53	17	270	22	25	45	699	222	165	173	62	293	20	348	292	656	96	206	412	332	179	57	627	162	620	60	67	140	306	8	44	77	59	177	288	25	90	276	463	2	30	128	102	279	138	48	296
V332	92	706	461	16	143	200	51	328	30	85	113	75	155	94	610	236	27	78	63	20	75	63	50	334	5	89	492	146	350	283	84	38	296	97	245	236	78	165	163	228	118	26	112	181	271	174	179	47	0	8	230
V333	196	407	337	590	69	570	837	14	730	258	20	94	53	11	318	83	303	66	408	200	212	128	113	190	121	204	299	172	230	118	166	32	245	2	33	87	202	266	20	0	483	306	109	4	67	644	3	239	111	145	273
V334	35	124	240	29	325	137	174	170	165	205	2	524	295	442	66	12	74	6	270	31	142	414	440	122	164	171	214	43	30	101	96	180	446	45	47	24	307	80	296	74	111	105	155	316	39	31	219	65	513	50	77
V335	451	284	40	35	36	239	188	121	82	508	558	71	62	297	16	127	100	117	264	78	168	169	23	19	34	729	8	303	69	385	14	133	223	94	49	51	156	108	912	60	87	10	109	268	227	16	123	216	47	259	380
V336	46	297	100	124	283	139	98	175	153	111	75	62	17	42	666	154	51	87	103	288	108	360	35	450	164	383	410	418	208	23	121	156	110	45	187	50	58	37	23	10	284	68	220	17	967	130	461	212	450	277	134
V337	54	102	142	74	1	30	47	400	28	243	644	147	91	112	423	133	163	85	172	463	732	78	37	220	1074	870	228	130	452	203	10	58	340	588	391	62	145	512	80	65	28	334	87	185	34	12	815	94	739	323	76
V338	56	14	137	37	772	252	152	771	6	10	296	227	108	103	108	50	85	36	244	5	311	100	139	157	1	8	214	508	66	85	191	340	798	172	200	153	22	749	99	553	530	372	329	427	41	268	5	188	27	77	54
V339	21	154	5	20	191	444	65	93	120	235	151	70	50	353	151	237	538	95	56	120	24	24	544	297	64	77	319	258	54	450	238	247	124	215	652	76	38	182	296	82	273	48	207	83	102	24	177	89	208	210	61
V340	322	107	113	53	70	168	37	27	204	99	677	190	368	96	57	14	464	86	122	36	103	317	123	510	108	207	121	149	490	60	122	50	184	119	684	841	455	74	55	458	49	13	892	139	399	340	121	716	158	283	296
V341	123	20	215	207	77	375	151	46	181	926	1227	278	283	95	0	260	174	215	258	0	57	65	92	433	14	212	761	308	82	1	623	59	120	125	303	398	138	63	208	9	68	10	48	7	167	498	337	76	152	59	113
V342	25	479	199	9	89	174	21	109	92	180	328	35	311	13	340	38	189	95	220	28	199	573	3	101	151	119	61	80	334	77	7	51	141	48	30	122	53	108	715	246	441	242	98	15	417	924	125	428	120	298	151
V343	507	289	254	856	56	99	32	22	39	20	209	206	482	279	22	143	161	59	539	10	34	248	20	36	140	147	84	104	200	24	417	66	113	131	26	265	318	51	312	144	224	2	338	87	51	35	26	154	160	719	441
V344	83	202	50	196	59	13	137	227	494	29	169	25	116	104	452	104	66	49	693	259	78	65	328	74	248	72	467	18	5	71	227	77	380	312	126	35	0	36	39	150	277	327	45	2	632	291	18	454	128	5	125
V345	229	34	122	126	123	203	1009	31	1266	109	1448	105	75	62	346	0	299	417	328	25	641	106	19	108	80	78	253	68	116	212	94	330	207	203	144	71	134	70	59	278	229	69	65	8	597	226	95	464	358	1059	191
V346	119	127	340	165	336	98	178	440	64	70	51	258	263	131	549	442	486	397	175	501	310	76	26	45	215	293	85	88	99	295	107	215	153	96	176	19	171	179	287	37	102	173	334	79	990	47	1	279	120	232	124
V347	34	261	305	146	61	98	219	120	253	199	58	68	190	893	171	266	79	483	49	640	226	244	61	31	114	211	1077	160	44	203	237	524	109	421	333	27	246	789	309	44	24	5	181	82	74	164	164	259	59	44	107
V348	226	267	17	335	349	6	138	2	30	78	44	37	9	149	551	742	580	121	77	290	52	49	752	29	327	68	78	124	151	475	104	143	55	143	6	203	202	75	241	111	374	361	354	438	25	307	1	167	68	89	252
V349	17	199	1	147	29	261	43	7	684	84	321	186	34	6	188	20	285	483	121	454	188	120	322	426	426	388	665	152	116	156	74	41	128	72	894	149	54	13	66	231	608	381	117	256	253	222	758	28	128	73	84
V350	422	61	101	111	126	702	71	127	212	458	173	264	45	401	47	396	698	37	687	675	62	155	41	20	100	349	11	46	537	271	168	336	649	71	0	481	223	151	104	217	15	191	121	265	574	36	31	66	89	328	318
V351	32	47	122	349	776	134	489	159	49	69	99	1	130	28	345	89	20	32	57	80	98	177	265	35	95	70	544	19	103	176	234	285	308	175	19	175	304	21	191	140	724	5	0	81	212	726	16	482	39	298	47
V352	247	259	48	149	12	275	583	145	130	71	449	54	297	79	155	4	187	59	183	755	72	312	25	268	313	121	81	120	35	3	14	55	1	148	101	120	35	73	511	1037	73	106	70	452	248	88	46	12	345	29	233
V353	621	67	327	14	249	125	139	20	271	387	80	585	494	290	595	26	84	138	67	324	184	138	52	138	116	706	77	218	13	39	210	250	335	51	46	143	48	285	55	316	162	32	116	123	108	206	47	43	17	159	449
V354	7	78	87	41	107	179	154	365	681	87	192	258	44	48	207	267	1	21	416	62	907	166	231	108	8	25	41	56	82	285	271	52	28	28	425	276	431	30	203	33	635	238	63	69	264	314	274	203	3	143	47
V355	667	104	2	25	28	67	144	291	335	398	363	39	94	136	320	586	437	101	111	77	163	7	72	224	294	241	85	166	56	115	41	345	358	33	49	50	68	172	186	127	161	162	481	82	1035	105	170	69	4	83	484
V356	209	230	63	36	102	88	253	389	251	154	558	37	115	167	362	380	163	308	129	92	74	135	799	233	102	426	6	189	498	33	115	169	233	321	108	623	2	140	234	269	238	17	138	5	131	34	272	11	69	24	195
V357	111	11	380	54	69	234	26	184	81	494	175	715	97	75	632	64	83	684	396	436	191	28	136	41	55	71	64	68	556	19	106	6	414	158	285	47	7	263	301	1580	2	346	453	138	65	15	812	52	136	36	87
V358	115	23	160	239	51	104	152	79	325	35	204	209	249	19	540	139	129	41	167	608	344	176	86	57	158	123	240	1	236	65	54	115	0	633	173	20	170	322	91	55	34	629	60	62	247	18	219	145	81	181	96
V359	372	558	124	721	24	676	250	252	21	140	136	391	34	533	204	189	213	68	368	130	123	477	128	125	4	221	147	34	79	61	526	42	149	55	59	297	9	162	89	284	169	50	357	103	136	322	219	28	251	20	401
V360	122	15	90	284	32	209	15	1095	267	42	416	361	107	314	37	171	127	162	607	134	226	226	43	55	92	140	295	49	1131	84	92	98	648	59	20	278	77	407	150	126	0	56	663	498	313	317	434	10	80	37	106
V361	70	594	3	204	70	190	624	270	159	240	72	51	385	18	1252	119	265	571	256	222	1161	211	180	123	212	62	8	387	327	153	369	101	369	179	188	5	255	70	347	241	218	26	78	40	141	96	785	754	7	443	234
V362	126	933	259	81	42	73	186	7	241	578	153	627	151	352	125	150	405	144	320	224	195	225	261	40	72	241	63	63	81	170	2	37	416	952	172	26	20	97	180	551	189	261	53	252	463	300	268	59	4	246	336
V363	228	473	146	29	146	43	55	732	450	523	419	360	118	537	0	150	148	665	118	7	77	20	367	249	94	343	80	80	347	56	36	815	58	39	6	60	856	140	208	28	14	828	6	19	65	4	419	12	57	134	277
V364	175	111	315	140	224	603	141	277	419	0	179	251	31	259	288	32	177	200	132	305	15	766	10	308	57	353	411	507	679	34	107	55	6	84	104	170	210	212	114	104	219	319	287	26	64	19	151	134	797	86	170
V365	314	134	117	381	255	58	420	523	98	98	8	6	31	402	4	83	66	250	286	36	351	279	234	120	53	33	57	259	284	199	158	628	43	550	1125	43	71	72	53	42	130	30	336	115	144	93	300	4	606	45	267
V366	87	73	9	143	238	541	591	24	30	207	18	40	45	174	122	239	38	66	112	326	668	48	76	139	431	189	20	138	245	214	45	56	224	319	181	211	162	132	207	105	162	582	284	18	220	312	42	92	484	318	94
V367	5	87	128	64	113	175	468	243	365	477	211	169	120	259	142	166	582	488	333	18	40	191	144	18	62	169	156	174	39	23	18	127	176	22	953	213	179	233	23	28	157	22	238	335	31	276	58	576	934	360	53
V368	381	587	62	146	53	272	70	98	11	417	194	23	56	15	15	222	99	176	101	409	51	46	0	116	166	75	62	400	54	131	257	156	123	110	235	11	220	81	56	229	71	199	7	652	36	28	207	217	0	253	418
V369	156	81	23	305	46	82	125	103	272	106	2	62	459	219	414	45	32	166	30	8	650	237	180	256	21	77	690	162	91	70	175	138	537	63	75	69	162	26	96	376	2	170	338	11	72	115	214	16	191	273	128
V370	53	22	3	456	550	200	108	404	400	248	68	95	52	226	103	39	181	109	148	12	32	42	496	719	4	134	252	129	9	21	133	129	144	208	324	87	173	5	345	148	0	291	133	76	932	35	84	297	56	822	76
V371	142	379	75	81	41	342	145	613	304	74	191	1000	184	272	105	153	382	131	109	57	848	10	490	20	3	99	353	344	431	246	55	158	16	154	237	82	26	10	84	102	43	124	89	34	102	435	66	130	9	348	210
V372	0	30	157	71	60	39	33	208	417	35	892	130	10	1	33	117	69	486	237	122	10	23	77	154	28	224	318	41	98	104	702	165	561	389	57	415	277	140	513	573	172	1692	117	202	123	156	7	686	11	339	28
V373	312	347	37	27	192	212	43	141	225	523	31	52	41	2	370	407	321	297	40	135	8	62	27	512	62	456	37	32	186	174	25	113	33	166	112	346	338	16	465	462	163	272	69	307	251	209	12	109	58	48	302
V374	293	35	29	293	268	81	295	479	374	8	124	107	3	11	45	149	600	194	46	303	195	45	131	161	305	146	14	6	771	69	35	226	63	290	212	166	29	108	326	272	102	168	223	156	106	38	57	474	102	13	213
V375	91	115	66	70	207	1	4	184	637	11	24	195	578	46	52	120	251	62	332	112	97	39	4	248	18	103	286	417	64	492	401	1070	105	82	152	119	68	70	245	37	217	33	208	1157	472	51	1	294	131	80	92
V376	598	191	23	138	211	408	32	79	62	25	651	84	29	98	121	106	172	122	33	7	212	633	3	179	422	94	69	199	199	38	255	263	272	88	35	174	71	506	217	66	778	9	1156	385	317	141	10	2	248	221	466
V377	54	310	257	544	134	89	140	105	154	120	18	128	59	45	31	4	152	12	381	41	219	85	351	167	215	135	319	63	159	173	261	20	136	190	39	169	188	25	1	231	834	123	175	237	77	436	27	5	140	753	128
V378	166	56	13	92	105	133	7	137	360	18	111	101	337	336	14	30	131	387	71	251	42	322	91	166	323	11	259	72	115	119	10	574	84	129	274	0	196	77	90	15	188	117	145	8	381	2	487	22	84	165	127
V379	56	55	208	95	105	170	231	44	265	266	199	213	46	382	754	52	12	88	262	0	50	39	37	75	647	19	467	129	222	136	296	147	88	16	216	64	439	261	481	510	73	15	98	53	371	7	451	85	309	128	74
V380	152	69	224	62	307	865	187	14	17	625	71	777	408	506	129	66	7	270	70	142	17	94	42	53	249	344	123	516	131	84	59	129	28	138	193	647	495	110	426	25	123	284	10	5	791	5	122	172	31	219	127
V381	84	32	1176	16	148	198	89	839	56	29	10	309	531	235	251	834	22	105	12	67	338	105	40	1	375	408	70	121	100	257	579	32	442	357	188	243	159	464	224	291	784	70	36	140	35	660	142	70	426	430	94
V382	78	25	4	194	15	157	41	87	66	461	48	211	37	754	83	41	68	330	887	142	213	365	164	60	3	348	157	119	156	218	170	18	328	31	402	71	264	36	167	23	217	17	320	314	225	355	18	27	304	14	85
V383	48	344	119	730	92	16	200	48	299	50	523	90	80	59	0	250	233	19	325	593	202	203	177	163	191	81	40	491	19	151	230	351	23	186	123	6	398	15	56	417	126	78	139	39	104	67	58	192	5	50	142
V384	108	294	7	302	332	39	204	156	160	110	39	197	437	769	204	29	17	136	67	147	50	89	23	3	107	398	161	145	85	89	44	41	783	241	218	187	189	1045	16	1	49	114	100	50	114	420	416	384	296	14	165
V385	72	150	156	145	61	460	168	426	27	10	35	134	166	87	593	48	21	152	92	520	111	243	114	96	281	628	149	239	157	110	23	111	426	143	50	720	228	340	46	255	86	106	71	118	441	272	220	542	0	54	105
V386	371	128	7	60	94	57	356	34	162	140	57	46	294	1	14	356	228	11	161	52	249	199	113	108	133	41	205	236	89	30	88	33	139	271	111	328	482	296	36	142	89	55	649	35	7	135	646	407	208	204	298
V387	12	285	94	35	209	136	314	32	54	686	122	474	825	270	398	278	335	64	127	119	121	254	14	22	182	168	671	17	256	316	37	87	29	24	213	161	131	142	221	87	125	94	367	273	176	61	379	285	262	189	97
V388	628	170	98	128	174	51	17	63	390	197	349	20	757	150	172	6	99	48	147	244	90	295	425	343	246	173	10	198	390	286	608	427	220	409	333	107	182	14	90	276	333	166	83	679	604	20	40	13	831	131	486
V389	333	227	69	72	175	344	494	161	431	17	398	136	13	83	5	492	2	106	635	258	51	323	61	392	138	17	87	109	551	712	191	39	22	116	231	789	31	21	58	395	67	353	476	7	54	336	161	340	283	43	279
V390	259	112	175	89	170	113	18	288	511	33	219	176	302	81	106	380	214	64	158	7	210	346	552	97	182	507	298	66	833	9	112	15	46	227	129	185	126	491	358	232	196	5	342	94	363	660	179	45	406	202	221
V391	257	16	287	337	194	56	213	12	114	405	421	39	111	198	211	111	68	414	343	75	146	66	695	180	387	236	55	207	26	444	22	368	109	91	540	200	495	4	753	105	75	10	0	194	75	2	76	0	187	412	210
V392	264	623	112	68	89	177	30	102	186	127	164	394	15	35	52	87	30	2	18	126	396	490	576	368	68	107	247	36	1	199	86	237	94	38	29	42	47	465	2	792	223	60	268	249	79	296	610	23	102	80	331
V393	55	104	250	21	94	254	459	78	206	300	43	97	665	119	0	511	1178	478	170	52	757	71	53	181	73	98	6	17	192	141	332	761	366	127	4	57	4	185	715	27	462	126	90	571	156	94	101	279	476	176	76
V394	162	81	593	27	343	82	20	5	262	682	374	312	13	23	134	163	184	201	59	548	281	133	220	297	224	60	178	302	492	320	97	146	263	194	35	164	106	2	119	16	152	22	6	349	26	742	19	189	483	119	142
V395	24	330	334	50	539	18	176	204	106	84	4	106	129	98	57	340	5	283	230	939	532	156	402	207	264	223	100	229	59	297	218	329	37	246	146	292	137	106	2	158	335	164	224	265	56	202	134	51	62	93	103
V396	364	195	6	11	132	344	398	2	279	571	5	20	80	598	214	568	198	202	27	18	34	250	58	294	51	32	319	120	17	70	16	351	123	70	407	41	63	110	119	45	44	168	143	378	204	16	156	49	18	392	289
V397	4	108	5	212	330	336	137	22	312	241	34	37	205	92	24	283	26	316	169	194	162	36	17	17	446	68	113	336	380	64	59	217	6	27	220	552	418	428	261	35	62	227	541	179	2	76	47	225	33	575	50
V398	151	146	177	100	35	256	60	360	178	54	78	239	4	187	156	279	327	134	309	321	235	210	153	289	296	24	43	229	216	344	228	81	369	18	147	90	257	259	0	17	297	58	30	299	257	11	23	0	110	42	152
V399	39	84	202	155	239	127	192	213	14	198	29	289	145	36	267	7	28	65	777	33	8	736	222	519	468	520	306	236	66	177	16	91	195	230	23	25	91	65	327	9	86	281	451	551	29	221	30	171	63	417	79
V400	17	32	121	159	177	455	4	16	314	288	35	14	266	189	867	858	113	70	208	45	29	51	121	160	23	180	35	317	349	105	79	156	56	102	33	338	80	501	213	455	354	62	180	158	333	261	81	152	49	397	41
V401	55	98	3	337	39	291	425	321	20	108	222	157	93	498	5	147	72	494	21	945	118	301	70	38	194	247	159	541	34	91	236	39	214	20	258	155	28	187	360	40	14	42	12	237	203	221	25	17	21	341	66
V402	120	541	189	47	740	150	446	96	5	552	398	118	181	231	219	40	88	69	36	90	404	87	31	74	883	390	112	66	407	39	173	103	22	468	314	182	65	498	98	71	8	337	65	375	14	50	1000	97	10	61	228
V403	35	33	146	365	78	189	187	8	406	275	462	141	132	16	160	108	15	128	301	262	26	98	38	116	47	102	109	449	340	33	84	551	123	153	436	262	304	596	273	113	384	60	40	169	284	210	67	1021	54	12	46
V404	647	56	301	451	174	45	271	160	128	48	49	213	28	30	709	202	49	127	82	141	389	433	50	317	356	153	198	295	125	15	95	24	104	124	26	223	165	20	533	157	109	301	573	45	61	57	462	253	0	457	455
V405	357	112	66	33	13	48	109	81	47	35	26	93	428	344	105	199	601	100	633	187	155	37	225	284	7	98	350	131	11	10	43	421	854	188	20	19	53	181	186	369	7	51	35	159	621	435	30	156	167	23	307
V406	163	57	7	39	434	60	306	513	509	22	553	62	327	139	18	95	194	45	47	115	353	106	29	110	351	71	67	177	131	27	12	123	583	75	30	165	9	60	184	237	994	760	12	21	44	213	231	0	156	213	132
V407	731	388	133	5	250	322	359	232	76	237	204	400	199	22	117	21	136	419	145	84	305	214	81	390	196	33	173	118	9	675	378	166	41	79	139	6	71	433	260	115	344	63	81	246	415	196	113	96	71	270	571
V408	145	849	207	230	63	30	269	179	326	44	230	42	403	1	662	200	255	200	48	327	512	198	149	157	20	210	225	290	251	135	56	43	8	171	28	38	67	19	352	492	82	174	183	90	307	169	224	564	11	114	328
V409	238	136	190	451	31	102	33	32	62	22	18	11	306	663	153	65	489	74	316	67	56	195	311	86	22	366	149	212	64	47	407	6	136	15	124	252	44	158	368	140	3	138	98	438	112	83	44	160	29	612	202
V410	0	280	400	118	131	358	15	382	211	51	66	125	627	113	3	67	693	209	377	60	211	201	78	201	262	305	46	35	14	187	110	131	152	479	169	234	195	78	25	328	448	308	214	306	263	149	21	193	707	219	93
V411	213	41	16	90	88	403	179	27	172	34	311	129	230	549	23	58	275	888	95	116	41	269	3	46	103	256	41	314	19	291	221	293	62	700	73	59	89	44	256	263	191	75	438	69	242	204	92	465	0	198	168
V412	25	288	144	222	742	12	113	25	111	350	386	363	42	38	113	39	242	126	741	128	21	190	338	123	16	297	326	1347	91	311	389	440	65	69	262	20	282	485	14	255	137	225	24	744	151	538	285	181	122	120	107
V413	155	183	85	128	11	580	191	260	51	184	33	891	71	39	163	15	13	132	251	154	31	54	236	4	510	140	144	71	45	75	81	65	27	338	262	97	619	11	247	3	375	849	916	695	365	198	224	15	151	183	161
V414	247	219	65	271	50	23	606	131	407	116	179	152	67	16	21	109	82	345	122	70	681	113	132	516	33	40	291	168	149	18	465	99	21	101	99	260	66	145	111	626	48	249	177	142	513	47	79	60	20	52	213
V415	210	746	60	637	196	80	347	104	71	148	67	281	120	114	73	815	1159	24	337	209	32	443	236	63	192	369	498	409	217	28	87	564	199	222	384	166	697	1174	346	629	28	132	312	38	111	10	40	71	121	29	341
V416	142	84	194	433	299	10	296	63	403	440	258	256	229	202	283	246	131	182	432	304	225	702	126	206	391	39	145	108	105	73	85	26	126	96	265	102	591	88	109	45	77	23	333	50	145	639	25	130	237	189	130
V417	334	411	104	298	43	54	589	44	197	13	97	313	349	229	97	353	151	179	531	220	195	124	148	163	38	286	280	227	173	62	402	0	215	393	185	124	1	90	38	218	281	42	241	261	128	1027	78	3	180	464	311
V418	75	250	7	42	941	149	266	528	132	854	162	75	100	213	63	215	193	20	224	26	201	4	48	149	77	341	308	141	416	51	23	273	201	12	394	16	257	242	62	115	79	700	37	200	66	208	30	42	119	88	115
V419	84	92	122	311	31	386	571	62	117	448	177	160	114	438	16	129	199	226	1	45	186	215	85	406	116	482	334	37	53	383	61	321	166	138	161	66	51	80	11	540	83	123	13	148	62	526	128	148	400	134	88
V420	83	181	414	185	54	44	41	161	131	65	278	147	9	47	362	116	57	193	163	223	94	30	172	256	237	345	109	57	602	159	276	24	276	35	115	557	18	562	111	224	273	263	272	314	51	167	104	369	18	1045	118
V421	74	177	222	239	335	110	456	12	1116	122	165	119	273	943	89	161	38	238	16	78	103	285	348	269	355	99	883	196	124	96	278	54	1	562	332	266	24	399	330	61	178	0	42	179	85	133	163	2	102	64	125
V422	233	276	330	58	49	43	506	11	152	225	496	49	28	545	106	3	150	208	94	302	163	219	65	76	299	10	22	74	18	161	116	205	333	492	140	267	107	197	478	337	64	258	37	125	93	114	9	171	86	40	226
V423	195	216	45	314	358	27	270	269	257	28	156	520	195	54	26	81	30	194	415	121	126	26	7	266	2	456	81	211	60	132	63	281	346	7	88	23	172	181	213	9	39	387	356	158	55	46	599	38	541	228	182
V424	353	124	397	258	105	29	664	1	11	43	142	327	7	330	343	73	947	15	28	2	0	28	103	671	105	84	295	372	113	44	191	1051	269	450	501	203	21	464	164	52	97	109	301	213	29	8	146	11	494	394	265
V425	141	85	41	382	163	40	2	310	109	379	4	35	94	69	64	67	121	234	77	321	57	0	205	284	42	176	109	98	26	1022	37	96	227	96	65	0	234	288	127	4	33	426	709	109	332	527	231	36	56	209	135
V426	122	10	749	131	176	250	149	155	9	165	71	34	102	161	99	27	108	154	70	222	472	329	175	115	397	237	92	198	122	249	178	84	210	26	29	280	203	229	7	197	64	113	551	130	70	99	179	113	37	264	114
V427	627	416	667	32	133	76	258	7	173	145	46	39	816	138	180	24	425	287	73	71	263	62	165	33	88	128	124	7	444	31	112	233	1	80	280	169	157	96	9	0	22	79	159	46	106	55	66	87	67	131	498
V428	438	56	368	263	4	1085	187	25	75	763	74	177	129	562	53	22	335	284	310	117	325	58	304	701	766	199	277	23	388	35	106	29	171	247	115	183	550	4	160	211	9	441	113	313	77	623	410	305	612	439	318
V429	36	342	541	7	112	143	97	115	17	841	70	128	54	108	229	63	796	172	44	10	198	147	42	157	3	284	252	89	160	163	5	52	824	227	977	16	450	102	112	75	156	521	20	118	117	135	345	146	306	58	140
V430	202	48	183	251	391	156	461	102	57	9	27	103	109	256	8	601	113	242	419	292	165	71	308	495	9	218	82	1017	149	163	93	347	242	134	106	227	802	502	45	90	83	4	273	238	29	243	264	130	581	394	168
V431	61	10	221	88	241	146	162	91	205	399	146	44	18	298	303	1116	486	91	19	280	104	123	247	113	509	152	227	88	274	13	48	137	243	20	36	529	134	165	57	510	1	280	26	346	668	1031	495	42	67	66	67
V432	108	323	81	262	117	175	250	53	35	202	225	14	34	55	66	159	167	173	435	34	68	233	125	36	96	12	279	185	124	48	77	94	158	127	138	89	435	201	741	302	1	15	182	228	299	136	34	98	73	622	153
V433	109	27	231	64	45	365	47	205	486	24	248	505	165	115	87	222	4	34	117	471	591	94	49	405	79	98	312	61	160	77	305	37	106	10	97	112	228	142	34	343	51	107	134	11	21	180	89	346	151	69	83
V434	35	89	90	31	68	135	18	93	11	44	150	244	53	213	28	108	377	102	374	325	1	167	233	66	404	266	248	29	136	419	547	5	85	47	96	30	14	154	115	166	21	162	58	195	3	96	6	363	310	139	75
V435	79	149	101	13	89	72	736	239	678	23	145	837	65	40	15	376	264	25	17	86	124	192	2	1	248	159	535	133	71	101	171	130	239	1183	18	319	758	272	419	237	111	20	272	176	504	105	96	11	370	348	124
V436	264	226	152	169	25	420	101	5	324	204	339	100	29	184	124	429	110	611	39	48	109	29	155	390	787	89	161	83	248	406	97	74	489	235	32	83	340	365	69	20	11	19	148	114	38	160	74	388	18	289	256
V437	120	146	18	102	24	53	109	445	8	0	151	312	584	759	89	98	74	50	627	27	80	4	188	40	431	139	466	32	213	287	194	28	90	110	434	417	840	63	107	183	106	39	96	40	63	463	73	37	221	0	137
V438	151	98	11	21	1321	133	205	112	50	234	38	177	300	25	70	189	174	193	27	111	169	79	123	92	1029	409	351	237	171	68	170	205	6	1	8	18	191	73	503	15	129	36	140	141	196	58	242	274	574	47	119
V439	467	315	209	110	13	41	2	214	323	294	320	5	43	227	258	115	7	47	327	105	40	237	116	161	430	594	276	90	5	184	96	160	349	252	6	221	779	97	857	42	83	240	72	505	80	131	510	28	18	25	387
V440	269	528	337	311	123	93	291	345	9	74	53	209	0	272	43	51	61	6	26	511	195	62	176	154	85	18	28	69	29	115	43	84	95	377	118	21	118	398	147	447	87	148	91	464	27	243	136	32	656	268	303
V441	128	26	118	109	219	50	335	314	40	543	77	139	178	195	196	62	77	406	257	461	210	171	130	16	77	234	22	142	43	223	61	155	2	195	352	50	152	389	357	198	68	62	150	108	363	58	14	110	205	120	120
V442	23	119	70	226	281	9	428	968	304	56	853	458	348	759	267	19	316	1140	81	99	327	70	290	384	65	235	225	131	211	216	318	504	351	149	301	7	86	136	154	591	61	72	145	141	1065	194	373	41	190	36	73
V443	108	118	249	294	142	44	364	447	476	2	135	481	60	46	361	10	0	48	330	666	327	316	509	72	16	136	18	97	82	668	70	2	58	82	28	62	24	37	180	49	122	50	54	447	172	7	417	13	209	254	115
V444	566	604	835	59	91	228	237	21	610	16	41	209	97	129	46	322	106	148	15	266	51	216	57	150	812	4	31	136	162	20	410	141	156	68	28	24	93	569	218	31	186	648	182	16	175	196	37	380	64	65	536
V445	1597	6	71	110	145	176	71	11	73	25	241	795	312	188	53	314	545	40	452	43	198	210	357	10	3	776	92	391	699	40	199	91	339	47	9	41	2	224	9	13	359	7	19	5	112	107	500	139	221	117	1050
V446	233	128	291	108	211	646	79	87	664	119	14	42	70	434	525	252	501	31	526	112	313	106	456	360	2	7	84	312	74	740	223	160	639	94	0	231	374	775	53	157	238	482	244	332	145	48	789	209	113	145	227
V447	37	77	183	66	0	64	41	210	188	561	291	307	725	225	12	76	25	432	126	18	51	19	51	184	535	17	211	21	54	80	221	17	55	214	297	10	38	36	86	156	116	75	100	66	55	17	109	210	228	105	40
V448	110	197	73	46	1292	36	40	19	216	338	56	424	355	873	152	188	206	16	58	1094	10	47	106	83	139	15	92	293	106	269	97	684	72	188	268	29	160	33	165	267	10	95	73	220	230	27	361	83	49	881	143
V449	358	88	41	45	605	87	173	24	26	397	283	199	635	268	83	3	92	1251	746	11	24	500	125	267	487	175	429	74	70	145	205	15	108	423	185	75	46	112	245	127	283	482	291	17	133	92	65	128	205	65	293
V450	363	34	550	20	149	98	178	18	88	173	25	116	53	261	89	345	60	178	0	492	36	8	115	251	11	371	232	231	89	140	327	68	26	101	64	366	21	185	295	96	63	230	137	80	350	113	241	329	112	55	267
V451	4	224	4	18	306	323	175	1	60	413	77	133	9	12	283	425	2	50	509	4	18	238	446	217	18	202	153	65	218	148	206	130	76	218	99	25	194	10	176	412	71	165	98	195	28	290	681	210	36	2	76
V452	178	161	111	522	330	31	15	486	92	294	68	122	127	53	25	412	143	648	54	128	188	44	181	423	87	83	536	162	311	261	33	88	15	8	730	384	40	547	331	367	11	348	113	115	46	4	197	436	666	283	177
V453	149	114	793	327	142	277	20	197	5	797	81	473	92	13	365	469	566	134	101	76	93	61	128	9	690	66	118	250	410	83	93	870	126	55	732	106	463	95	13	418	5	915	4	338	6	4	324	138	126	237	155
V454	110	182	15	165	79	145	86	163	659	620	96	212	225	19	253	116	23	12	244	135	199	1108	155	39	16	449	80	386	57	51	386	8	42	91	44	18	365	143	45	98	191	28	290	21	31	216	755	0	91	141	128
V455	502	254	31	26	67	218	252	250	93	262	548	176	123	61	135	899	596	99	36	184	216	20	915	275	143	403	32	86	257	103	7	338	226	576	240	158	660	146	120	263	329	72	372	437	120	159	106	169	22	251	451
V456	319	223	460	51	369	15	115	127	34	50	218	581	240	5	108	15	128	904	13	97	190	25	295	147	496	11	91	163	5	22	247	70	6	425	220	91	135	290	49	114	220	0	35	51	535	195	626	91	95	636	299
V457	113	53	127	123	530	334	169	296	93	200	737	159	72	233	2	48	506	315	158	124	365	127	419	406	537	191	45	38	205	1	139	91	42	136	789	248	426	430	34	256	952	8	27	94	101	1064	17	182	245	354	133
V458	154	223	245	297	336	58	332	65	405	120	17	100	299	31	4	94	485	25	607	426	359	308	209	180	384	0	5	284	53	649	662	75	59	86	133	84	63	78	236	21	166	27	487	209	82	355	174	80	118	39	177
V459	38	116	72	119	20	263	214	276	236	89	165	156	100	412	91	265	75	134	147	361	767	5	475	3	353	257	18	188	116	129	252	237	543	430	330	172	524	324	206	55	75	44	76	44	484	33	60	779	1	157	55
V460	43	197	610	813	729	88	174	170	384	176	163	82	221	163	261	392	401	63	82	222	148	136	242	18	225	134	41	102	94	29	38	3	586	35	944	292	232	136	7	444	217	63	41	267	535	740	14	96	10	378	89
V461	548	233	465	194	36	18	47	352	395	177	327	113	141	33	992	424	57	128	495	236	53	8	193	912	500	220	289	16	133	221	122	151	7	118	349	91	95	243	110	226	2	14	21	307	260	614	142	38	259	223	456
V462	324	92	399	43	120	315	75	329	132	38	252	371	599	73	60	116	32	919	29	91	167	105	40	435	115	10	37	570	9	261	564	110	136	105	307	368	164	258	209	63	308	380	110	138	54	42	44	43	390	584	290
V463	68	251	147	60	24	101	687	62	499	243	385	123	27	119	22	13	286	199	178	168	206	110	287	25	103	17	204	9	161	75	69	541	104	99	202	251	97	38	228	104	389	68	77	15	27	316	218	214	2	199	132
V464	802	600	263	81	204	148	170	50	119	24	363	245	253	166	103	581	36	443	44	12	20	77	1	31	409	69	77	321	97	176	293	3	160	457	660	266	1219	85	87	568	182	49	433	649	286	117	65	117	136	37	736
V465	130	293	310	72	41	182	484	38	76	6	203	31	5	363	10	64	149	473	3	192	219	24	396	19	113	71	119	253	14	224	107	6	35	1000	248	179	410	250	364	115	59	80	30	15	129	9	105	46	73	88	172
V466	10	52	34	151	161	155	301	23	379	213	376	31	232	241	278	110	33	46	109	63	93	200	50	569	48	315	73	296	209	237	146	594	156	146	3	208	206	212	31	185	324	548	282	109	111	921	193	144	500	346	34
V467	139	51	280	296	14	78	91	69	304	58	266	710	57	237	318	110	337	59	70	533	201	304	100	437	128	43	21	365	56	386	252	75	180	100	45	138	4	0	28	156	340	15	145	210	50	118	314	421	315	344	132
V468	354	49	350	12	89	176	287	56	170	55	28	333	428	5	300	51	128	145	537	434	289	53	54	260	100	361	0	24	296	348	371	205	160	229	496	146	248	77	327	215	244	34	111	510	21	34	32	138	251	355	278
V469	374	326	215	381	298	292	123	32	100	67	252	212	39	449	197	28	83	81	25	169	0	234	315	113	375	8	33	53	28	157	1	116	128	93	100	194	274	37	215	115	285	223	10	13	477	217	176	301	185	145	335
V470	489	61	118	199	97	6	51	50	190	583	108	149	54	117	453	120	43	112	60	123	7	87	120	45	148	289	459	242	12	27	445	88	459	522	19	112	549	328	181	78	188	19	35	206	200	475	147	146	131	258	327
V471	140	733	85	190	119	100	42	232	394	55	69	80	48	223	293	73	297	268	151	563	16	72	295	58	89	93	315	83	11	291	222	430	105	6	86	176	55	150	144	242	18	296	177	67	16	51	246	136	30	134	290
V472	59	146	114	4	128	13	192	227	98	11	367	15	157	608	213	14	331	30	50	239	108	95	505	387	6	692	68	53	233	80	202	75	0	336	166	8	204	0	584	6	90	237	77	243	114	638	415	241	192	230	69
V473	83	3	75	243	81	73	792	44	192	328	301	337	429	160	158	363	3	132	90	89	326	539	1	424	41	147	477	23	12	196	237	6	274	509	199	131	156	119	48	413	165	67	258	324	2	180	331	127	337	128	66
V474	383	219	30	619	100	196	106	412	27	325	42	57	18	64	238	375	137	209	47	44	250	325	237	334	74	322	174	21	364	541	7	220	51	154	180	59	29	163	159	158	87	167	11	1063	269	258	230	148	611	116	347
V475	80	320	200	429	14	128	22	29	5	162	133	128	102	184	382	31	56	44	53	941	562	42	15	297	43	117	871	168	175	153	215	251	322	263	195	176	15	101	241	56	252	505	226	451	120	26	147	72	431	209	147
V476	55	12	153	923	121	12	285	373	231	972	688	134	366	290	464	214	36	4	141	17	63	70	442	344	297	134	94	96	167	282	5	77	237	270	230	235	563	254	154	602	451	268	113	154	553	15	45	23	114	157	66
V477	327	120	82	113	21	14	78	92	80	187	16	348	90	108	616	72	3	234	83	77	99	62	20	167	192	405	99	182	93	141	128	17	266	269	324	127	612	551	37	206	281	463	25	302	95	45	76	431	170	250	274
V478	170	2	12	94	47	235	380	417	136	38	288	169	5	11	136	492	191	350	263	194	74	76	320	266	521	59	93	14	9	40	322	149	81	428	354	3	144	30	111	255	363	263	314	237	199	195	62	432	31	124	147
V479	15	198	33	317	128	202	123	104	149	144	102	38	83	301	94	33	886	140	289	4	216	9	117	22	59	5	67	52	503	198	147	249	47	37	89	135	188	586	1	157	156	112	221	19	20	235	65	144	2	225	65
V480	327	162	137	172	330	111	611	101	98	92	72	375	304	196	111	405	137	174	89	23	77	155	144	88	501	223	86	142	141	137	427	384	215	109	106	15	71	304	5	198	91	127	72	311	40	332	106	31	417	137	274
V481	150	438	608	84	5	38	30	49	28	53	143	220	77	728	103	93	123	21	504	132	270	165	202	22	282	262	228	248	140	48	49	217	214	0	47	40	49	382	58	339	912	2	87	218	44	660	300	61	122	58	224
V482	158	423	40	362	564	89	181	108	45	443	191	30	54	266	175	517	144	33	423	417	72	499	67	12	127	497	269	115	112	55	21	431	116	256	28	112	367	173	413	66	396	96	10	394	92	23	403	134	199	230	237
V483	99	2	70	28	230	653	78	610	52	303	43	311	67	366	27	381	297	109	103	125	26	16	132	107	23	5	10	322	148	164	111	126	62	14	193	73	42	36	178	562	97	604	288	205	289	378	21	168	232	187	89
V484	226	233	21	55	115	88	33	4	217	47	164	395	13	176	71	194	603	465	353	198	287	36	115	239	16	347	505	257	35	362	374	169	240	82	188	569	253	170	45	470	7	155	216	729	36	97	35	76	104	93	249
V485	175	432	41	237	245	199	572	318	11	181	51	104	40	61	117	267	256	245	122	178	407	125	206	452	35	203	45	218	55	123	156	38	174	390	72	84	33	89	413	520	29	75	168	2	285	132	125	155	43	57	231
V486	20	134	137	170	42	143	113	66	169	51	11	101	20	40	232	716	334	262	121	90	217	51	307	17	13	137	24	100	594	150	14	252	144	113	612	70	171	145	62	73	261	340	302	159	101	87	281	13	277	628	71
V487	153	329	38	259	14	68	209	68	35	101	10	215	99	136	64	324	364	132	193	194	599	24	103	428	142	293	355	406	134	200	43	72	59	24	104	112	2	267	270	292	15	206	182	236	587	684	16	591	636	57	153
V488	69	65	610	347	190	496	128	1491	735	911	59	168	459	108	241	12	206	323	269	24	71	18	121	207	51	48	206	337	253	84	96	280	157	112	110	16	286	181	34	225	34	13	87	208	31	91	159	44	480	21	95
V489	159	176	307	58	353	513	67	39	424	390	134	204	44	71	31	391	50	1100	95	354	236	95	34	72	315	400	13	351	147	73	269	118	345	145	128	382	109	450	55	137	398	581	94	119	655	134	14	94	25	440	179
V490	25	849	410	191	155	290	209	49	60	55	19	44	68	746	60	201	98	112	221	32	490	151	207	142	239	483	197	186	615	25	216	78	126	278	14	193	465	57	53	59	507	308	168	25	710	126	520	426	377	54	227
V491	94	437	416	274	484	100	364	118	381	335	53	103	362	193	179	162	339	446	549	167	102	92	6	153	185	79	47	108	102	164	107	33	509	175	89	102	78	485	37	444	65	47	255	596	226	75	142	8	221	22	199
V492	145	45	49	28	329	107	66	497	191	342	469	161	547	24	233	100	192	169	64	317	489	0	144	168	50	139	29	22	209	249	142	18	243	293	40	277	1478	67	2	296	767	289	178	246	103	70	161	184	360	135	131
V493	43	271	245	31	181	7	63	1	111	594	11	97	47	111	71	72	72	414	334	11	42	67	942	55	48	455	272	66	73	354	565	39	267	562	293	120	221	410	593	276	26	677	44	437	87	326	193	19	17	0	123
V494	231	29	489	144	130	88	55	891	338	143	346	314	601	5	432	319	256	91	203	190	115	94	36	681	64	64	8	36	37	267	603	23	202	627	471	82	362	478	8	77	38	11	18	431	26	36	109	394	7	319	200
V495	69	80	149	40	278	186	76	95	232	410	615	600	32	88	123	108	293	463	355	133	58	448	209	162	528	124	194	1054	313	8	269	340	907	151	91	678	708	354	163	141	229	93	1189	132	267	12	17	119	0	215	75
V496	54	13	125	116	34	3	120	183	92	201	118	40	760	674	286	350	89	437	109	3	3	148	729	358	120	181	169	72	254	60	167	61	339	408	23	8	140	61	87	10	78	186	71	3	38	229	18	126	326	380	56
V497	90	212	237	9	199	50	137	131	138	262	668	24	680	67	206	27	428	181	190	436	120	100	174	186	236	81	33	297	292	127	166	419	133	438	94	99	78	5	7	142	61	361	220	254	432	265	528	108	94	354	129
V498	5	26	5	519	379	181	226	207	168	34	0	196	57	38	111	178	222	137	74	387	353	14	293	1	77	353	307	347	58	113	3	105	201	126	72	164	73	74	347	100	37	611	95	103	95	214	887	196	169	19	22
V499	152	95	79	94	343	415	6	29	266	535	40	5	127	21	91	29	198	33	13	394	182	101	84	458	97	212	475	1707	35	117	146	69	206	237	379	86	0	401	219	77	26	95	183	1047	53	421	39	154	219	236	150
V500	323	112	139	548	135	29	151	129	19	60	11	387	172	42	160	54	802	31	186	81	526	51	195	133	288	79	75	66	118	415	233	118	54	340	29	120	67	878	16	402	150	106	254	483	371	51	68	230	19	27	259
