Source001	Source002	Source003	Source004	Source005	Source006	Source007	Source008	Source009	Source010	Source011	Source012	Source013	Source014	Source015	Source016	Source017	Source018	Source019	Source020	Source021	Source022	Source023	Source024	Source025	Source026	Source027	Source028	Source029	Source030	Source031	Source032	Source033	Source034	Source035	Source036	Source037	Source038	Source039	Source040	Source041	Source042	Source043	Source044	Source045	Source046	Source047	Source048	Source049	Source050	Sink
V1	956	417	67	359	130	27	465	142	129	243	172	161	77	97	296	49	109	157	18	34	227	17	527	460	148	473	93	116	508	63	69	573	125	51	312	396	139	136	506	131	30	80	28	74	644	19	539	575	206	613	531
V2	184	1003	395	67	377	56	21	124	43	342	84	81	326	595	49	448	156	45	90	206	108	1	45	24	20	176	66	31	159	4	280	127	1	259	62	125	296	153	143	59	61	161	234	122	390	23	160	15	38	169	770
V3	93	67	211	3	41	17	724	89	179	33	182	732	56	467	169	5	186	90	253	320	109	6	561	130	745	1	101	143	38	112	502	174	80	448	283	91	503	10	58	12	343	235	284	522	444	225	162	43	14	289	87
V4	204	380	171	22	243	25	33	73	107	461	694	827	136	94	232	54	177	657	32	674	260	360	64	29	175	406	454	9	724	202	329	667	98	99	83	50	17	144	223	5	233	69	15	180	304	116	127	76	83	317	372
V5	520	311	86	88	192	225	114	232	74	164	556	142	582	497	202	684	135	34	92	12	476	159	20	366	26	326	231	39	298	866	102	680	788	63	1077	6	307	66	19	94	157	954	149	33	410	198	169	551	269	166	375
V6	734	56	64	184	86	94	34	58	5	350	79	339	196	279	45	21	127	47	285	19	266	229	57	210	9	159	295	22	258	276	251	61	122	621	675	84	219	34	93	7	210	38	71	126	199	148	76	233	79	174	212
V7	620	78	324	29	40	64	887	94	52	463	186	586	240	59	212	10	26	422	16	225	82	216	24	430	291	337	40	18	955	245	120	530	120	88	268	87	178	509	324	204	95	19	141	173	47	599	27	766	190	108	190
V8	261	338	89	577	739	109	0	597	20	200	482	22	50	141	270	362	0	1520	12	63	81	495	392	444	137	62	183	59	317	105	25	57	105	387	126	645	630	652	1	176	269	76	217	131	77	101	174	71	45	79	309
V9	512	151	290	961	18	0	32	69	102	70	9	20	13	98	29	139	205	125	386	86	729	103	244	44	92	33	651	459	162	1	94	266	22	98	85	39	321	293	8	163	9	1	499	153	372	118	15	169	101	284	227
V10	84	29	54	161	165	261	160	199	49	153	55	165	72	213	118	666	153	758	192	37	98	120	645	246	63	548	87	65	135	73	891	201	62	110	59	770	8	139	217	11	224	15	443	178	153	127	273	32	135	166	66
V11	103	50	222	27	137	32	86	100	93	799	83	649	89	202	219	68	105	151	339	280	419	352	438	77	200	6	70	25	435	181	196	28	120	282	126	209	135	400	5	117	75	9	35	62	28	64	137	158	60	185	73
V12	1041	32	46	27	53	215	317	819	130	274	67	37	161	97	50	268	355	184	3	518	106	196	108	391	309	653	2	22	86	138	228	3	621	130	8	606	1	243	581	21	22	367	122	79	16	45	34	11	556	29	265
V13	105	702	57	71	54	40	359	121	124	92	443	74	103	20	228	56	1	1	63	645	384	85	195	245	144	16	69	208	655	353	73	337	123	384	62	273	220	5	277	16	189	221	838	135	22	5	177	293	13	227	530
V14	420	19	71	226	70	231	342	206	20	88	322	257	126	65	43	126	325	101	46	120	421	120	146	508	15	29	180	197	985	532	18	513	71	121	106	139	368	127	92	32	102	105	107	63	283	84	93	137	29	570	142
V15	56	224	76	6	128	287	102	169	125	184	177	130	252	61	8	217	50	94	203	194	737	270	60	310	278	64	204	729	10	35	22	205	116	161	13	118	168	68	51	36	294	373	315	142	66	36	52	128	936	5	199
V16	253	149	6	87	336	74	249	250	75	22	160	176	67	17	39	655	144	757	131	290	252	104	59	223	415	316	176	132	325	9	326	11	344	62	101	36	94	25	479	11	132	400	144	354	189	489	151	14	107	24	170
V17	287	372	179	113	641	47	244	246	327	100	366	159	46	22	42	249	461	135	187	95	376	200	323	34	12	165	36	448	303	8	4	428	10	222	106	186	181	166	157	59	94	47	44	377	39	5	82	271	174	201	358
V18	4	602	121	19	110	33	67	179	2	2	24	247	56	142	43	112	199	88	241	482	252	666	171	179	56	22	34	102	18	58	158	426	89	160	259	51	43	213	73	549	198	197	242	343	74	322	201	293	290	93	439
V19	152	36	81	0	109	39	149	239	871	85	338	44	237	35	202	254	392	195	37	301	202	59	133	32	196	204	214	234	234	358	197	32	211	178	340	583	462	260	304	20	149	352	483	11	182	6	62	358	180	455	81
V20	78	310	142	509	30	254	276	97	10	105	67	114	152	495	154	441	1818	135	388	131	284	72	204	22	9	3	73	665	1008	302	395	698	91	579	92	41	154	47	340	110	229	256	102	176	82	22	4	251	356	21	247
V21	1145	86	98	81	20	218	242	17	259	305	249	54	5	32	341	30	205	149	212	352	125	140	39	135	246	136	2	166	361	24	87	143	56	409	203	132	379	1457	26	273	319	68	95	146	212	53	361	1397	39	164	334
V22	219	101	31	142	12	68	14	36	91	518	362	366	841	1	285	17	19	148	179	52	270	92	227	92	167	101	711	178	75	113	270	118	592	132	333	67	0	478	236	49	646	332	61	643	76	95	290	103	209	115	148
V23	839	273	64	273	252	33	51	9	80	573	141	63	92	307	157	146	49	311	211	12	802	666	77	43	124	7	281	94	118	377	156	282	181	220	248	38	188	1038	117	283	29	252	29	231	67	4	105	91	488	417	368
V24	181	272	63	131	5	289	633	250	14	39	156	32	528	758	259	27	130	181	120	199	42	207	633	474	116	429	491	157	211	523	17	102	1225	197	192	164	201	265	119	214	32	31	111	474	11	336	206	337	36	287	241
V25	157	218	35	925	35	278	64	415	292	44	62	102	92	489	19	246	31	172	454	62	49	97	18	9	321	321	78	301	489	22	72	74	262	135	38	36	18	23	261	309	301	55	59	190	18	691	34	30	38	766	196
V26	249	204	51	556	851	126	121	26	140	95	166	28	368	7	367	371	234	271	62	328	381	642	29	189	45	251	73	1010	68	772	34	32	14	352	357	179	207	73	209	302	9	79	327	233	211	89	101	531	171	23	234
V27	76	33	213	104	444	530	295	40	1	81	49	97	6	71	398	200	144	221	267	12	431	123	59	207	326	252	48	85	47	312	4	409	15	109	186	0	34	692	0	14	1145	23	48	115	358	101	178	173	408	311	64
V28	114	518	222	49	215	309	53	364	430	105	7	110	163	125	285	111	81	71	327	91	31	56	182	56	511	377	127	40	45	204	10	351	104	34	36	100	109	173	196	86	225	465	0	166	404	105	62	563	169	31	376
V29	106	69	269	295	127	315	35	29	101	76	218	179	72	34	151	63	141	286	48	50	103	162	145	290	559	168	121	20	474	319	416	139	505	182	70	196	109	166	82	171	453	19	52	113	328	27	78	49	3	12	82
V30	207	572	337	556	249	25	165	53	162	25	11	373	183	147	199	304	52	548	48	205	214	50	125	29	41	1	225	407	89	148	5	179	7	66	325	266	560	104	439	367	191	20	642	65	252	146	308	179	79	101	498
V31	394	181	196	98	237	332	391	295	69	488	207	75	538	8	83	173	61	22	154	283	261	91	49	3	429	151	39	41	233	53	136	97	55	204	529	227	722	29	347	151	22	68	32	285	38	188	236	145	626	217	225
V32	344	335	38	140	304	52	69	23	157	5	227	8	235	220	127	202	164	520	167	112	583	248	165	74	96	14	190	35	0	105	560	139	198	334	33	129	195	158	122	46	202	18	267	2	885	105	656	308	68	140	335
V33	27	18	201	3	330	33	264	310	271	63	63	233	69	490	58	97	154	35	234	266	46	34	72	306	201	272	4	114	14	92	258	165	242	116	366	40	35	235	28	16	534	105	273	110	1012	218	47	9	83	223	37
V34	198	40	886	71	689	88	82	307	299	92	243	100	544	142	338	277	281	190	11	7	180	225	49	285	305	13	46	107	113	70	10	43	205	117	62	29	312	104	20	88	8	713	9	11	392	182	699	22	192	224	93
V35	43	222	238	10	332	770	3	330	60	199	137	405	76	87	330	27	0	440	107	151	637	31	0	35	346	243	49	3	175	87	109	367	73	26	22	36	656	9	134	18	437	117	39	164	121	710	384	382	197	141	182
V36	20	127	319	157	265	272	8	229	797	423	351	402	18	330	260	100	108	24	218	105	309	9	201	261	136	114	494	54	3	122	53	788	233	119	265	43	68	384	3	159	751	277	152	47	286	373	167	70	143	13	112
V37	48	92	139	209	161	155	150	256	100	16	75	402	418	241	61	50	337	287	93	172	17	329	230	219	306	472	72	108	195	141	188	138	219	175	224	31	38	73	192	112	23	674	71	216	21	140	149	673	258	30	85
V38	228	194	48	229	82	76	201	622	315	28	78	520	116	290	128	119	38	301	8	68	41	37	51	135	9	341	32	297	58	381	279	133	15	386	323	316	37	298	217	19	736	11	112	414	804	77	20	10	57	324	183
V39	26	632	260	135	86	60	158	230	17	337	52	92	68	35	73	23	182	83	113	0	871	3	957	76	77	208	101	459	12	66	94	2	39	426	1	188	13	78	248	122	177	211	0	383	1159	28	590	64	16	96	404
V40	222	434	179	46	311	300	80	293	28	190	126	80	80	70	0	67	114	24	103	215	76	307	155	78	181	573	47	47	364	95	16	246	29	207	691	390	30	124	114	262	117	352	331	31	11	125	26	478	365	48	368
V41	56	374	10	102	173	22	151	552	259	183	216	62	36	114	104	104	105	497	4	40	180	343	71	249	222	57	48	212	156	365	211	23	411	538	253	253	161	95	296	470	15	20	275	223	127	35	72	229	14	137	309
V42	440	209	120	12	201	14	104	496	81	91	6	107	111	141	270	28	189	804	133	29	97	24	425	80	40	118	42	57	230	186	462	288	56	41	115	148	223	6	121	104	253	20	80	87	45	160	66	327	184	33	246
V43	243	287	18	353	143	238	168	41	138	115	7	134	296	143	23	193	224	195	460	325	126	272	75	81	299	379	119	198	30	126	187	779	85	201	323	38	364	100	27	220	177	41	829	5	151	192	56	47	164	41	259
V44	32	49	689	206	375	1150	212	217	98	255	310	409	371	323	826	85	151	115	628	301	159	179	113	221	372	152	1019	48	285	136	528	101	85	93	605	47	54	105	865	193	77	73	158	19	284	115	1	71	200	172	74
V45	179	5	23	294	77	11	70	11	261	36	126	421	115	412	151	26	61	2	11	221	33	43	247	191	146	21	293	116	167	147	68	190	164	301	167	47	118	20	228	147	66	285	192	138	12	36	235	185	264	112	64
V46	249	168	162	556	41	98	539	100	219	158	166	4	107	78	341	130	123	33	262	305	47	366	472	33	180	249	205	231	45	2	14	420	286	244	10	199	26	37	125	1169	609	86	284	237	4	34	174	335	80	305	174
V47	281	4	266	200	82	113	1046	29	123	59	254	599	359	272	261	126	36	499	533	317	7	541	11	239	98	33	31	99	273	322	105	108	108	510	78	53	825	24	73	747	617	57	92	63	49	73	83	116	167	28	74
V48	36	222	258	173	39	104	43	566	108	28	34	6	84	179	213	99	497	270	348	187	127	76	58	80	87	122	81	95	43	187	883	178	362	110	335	182	39	58	78	588	373	827	172	349	626	27	411	186	439	51	199
V49	142	67	435	187	105	127	66	142	223	280	143	256	177	359	87	4	547	398	95	268	9	406	12	51	38	68	30	150	217	60	154	372	22	90	127	531	302	39	0	84	18	297	269	394	183	429	723	773	50	382	89
V50	58	187	413	305	174	185	196	327	185	120	86	407	8	24	145	39	7	265	88	16	27	390	282	79	183	126	962	19	922	201	1063	104	215	149	15	1672	16	26	4	394	470	19	95	212	227	107	107	52	132	258	165
V51	136	47	341	1004	79	14	84	17	111	69	102	127	595	75	48	959	420	121	73	71	45	312	245	42	497	131	101	413	158	897	11	68	439	195	189	3	85	140	477	177	46	24	593	17	280	28	10	272	33	517	87
V52	256	566	12	492	156	117	215	219	328	19	88	25	188	323	318	472	332	206	127	126	235	116	75	1208	31	77	262	83	681	108	255	174	92	219	40	267	36	499	39	16	66	34	216	57	25	75	32	190	197	111	491
V53	53	34	93	584	53	57	137	117	46	578	199	455	13	56	234	527	586	197	59	42	53	536	140	800	347	162	37	104	206	0	552	249	685	115	4	120	111	121	89	34	95	250	54	419	84	93	72	173	91	52	69
V54	582	50	8	49	15	561	441	197	19	207	70	130	41	30	282	190	19	32	108	11	396	1	778	187	1054	47	91	336	629	69	25	227	383	72	54	284	620	308	35	321	26	11	51	86	396	3	96	60	316	355	192
V55	33	247	105	137	40	48	41	36	33	379	203	520	9	72	238	302	84	121	50	1059	19	184	85	72	190	93	12	79	150	158	137	32	36	41	77	264	185	127	25	11	84	87	437	193	20	84	129	54	136	400	190
V56	110	232	248	252	7	109	76	484	517	54	33	426	38	94	32	0	1224	18	219	254	387	808	361	670	213	215	33	315	195	128	359	391	49	411	414	236	37	125	156	96	173	48	9	742	62	139	182	591	7	53	210
V57	14	6	127	400	140	490	70	605	179	413	8	681	154	103	80	2	170	34	16	113	11	101	45	477	116	81	21	34	403	20	168	128	394	234	218	230	113	206	344	196	74	382	14	284	113	121	278	2	25	209	21
V58	99	322	19	1182	13	146	280	18	9	175	318	407	858	91	507	228	148	24	58	82	64	598	380	224	394	68	188	443	924	419	585	149	30	2	88	89	32	22	555	130	113	147	301	33	146	175	458	138	227	184	274
V59	406	115	19	22	256	652	666	184	327	216	397	210	27	284	81	1126	22	87	36	370	320	31	43	290	114	249	20	428	350	272	247	41	63	20	25	170	29	28	162	186	127	132	48	679	203	45	120	102	65	205	166
V60	577	78	20	189	214	33	121	198	325	279	384	271	36	175	710	39	219	278	70	183	316	140	208	16	138	639	70	74	384	197	666	50	520	118	728	57	39	160	49	0	105	59	3	490	405	202	58	105	49	270	182
V61	106	135	72	91	55	43	87	220	330	206	461	339	37	99	222	295	114	115	36	347	89	516	191	27	141	168	208	9	450	63	166	121	361	585	618	556	99	30	78	148	469	203	536	522	378	125	172	249	235	87	127
V62	120	88	136	47	567	38	134	4	651	120	367	5	177	1	225	31	322	593	425	468	818	285	3	83	257	15	307	262	50	207	197	107	168	276	46	47	56	302	89	60	49	24	69	73	64	267	327	169	80	231	114
V63	34	484	585	147	87	298	8	200	319	30	101	347	33	16	1360	67	172	716	336	314	429	1046	91	470	628	480	110	188	92	595	497	194	295	38	126	98	106	26	165	147	292	278	4	142	548	146	193	49	150	283	378
V64	473	365	60	116	141	55	141	92	236	523	300	6	111	182	222	105	143	77	341	738	198	134	6	529	295	42	73	175	302	33	229	399	116	9	0	85	249	1	457	18	148	291	394	88	496	155	206	100	76	144	348
V65	7	244	241	234	358	636	45	22	673	28	564	281	595	22	555	258	1066	46	781	155	317	119	306	337	246	154	105	299	30	60	68	292	222	232	301	23	139	2	1	11	154	68	117	133	1	239	74	82	1038	83	199
V66	336	3	319	363	71	109	4	96	127	39	211	135	394	532	209	220	316	178	482	124	15	29	134	60	11	803	534	405	129	608	34	416	135	475	274	0	541	141	134	224	162	1048	77	116	57	334	54	374	202	154	113
V67	344	373	228	130	74	161	17	421	153	157	108	351	139	7	226	153	59	222	66	601	209	85	217	71	35	118	57	637	282	11	102	347	38	278	166	19	191	153	144	13	154	20	27	41	156	396	10	84	179	73	335
V68	105	51	142	583	9	49	2	85	634	25	365	66	1159	126	570	26	146	83	464	75	7	120	337	206	72	372	562	30	29	812	181	107	159	131	620	277	77	67	43	351	323	631	148	308	312	254	670	126	113	231	79
V69	88	9	256	188	21	24	418	302	584	275	188	74	415	1162	137	39	85	156	178	299	5	198	138	665	655	941	3	497	70	107	165	281	29	191	122	42	93	348	102	30	314	59	13	159	18	139	68	78	302	39	40
V70	45	98	37	152	3	117	868	86	122	1	142	21	474	677	350	71	40	79	342	276	135	3	551	172	233	134	22	42	62	246	99	289	114	268	65	80	112	175	57	3	370	347	627	276	316	65	87	98	251	310	102
V71	0	3	3	50	183	878	269	317	63	94	462	19	200	145	54	27	149	201	13	67	239	1	238	84	115	343	167	148	56	11	328	8	130	19	377	676	118	85	7	82	474	162	8	242	89	390	91	6	77	59	14
V72	212	1	229	226	50	95	710	939	12	278	4	169	72	3	107	382	163	108	66	192	545	11	182	62	143	20	24	36	49	156	74	39	43	75	360	402	686	179	40	89	375	72	250	417	60	337	244	91	30	203	71
V73	130	137	540	539	461	214	51	78	50	9	94	48	135	58	326	58	88	251	177	640	1	276	29	6	105	2	54	44	64	48	165	551	45	8	1	269	734	118	19	22	243	41	459	99	154	86	241	340	163	407	139
V74	107	48	46	246	144	23	6	120	57	405	152	617	237	58	305	109	493	55	296	242	138	66	66	357	156	103	621	267	77	62	454	197	414	27	101	2	485	780	512	26	76	104	202	144	75	119	446	125	51	371	73
V75	214	78	22	597	110	40	176	56	88	184	43	111	358	342	474	129	21	9	1	164	4	147	395	802	47	26	237	27	161	34	125	1	355	380	599	93	511	138	8	361	3	107	110	330	371	180	9	845	208	1076	129
V76	82	6	77	190	643	287	130	326	112	15	152	172	32	18	159	140	174	197	359	36	451	311	63	99	252	493	144	105	54	88	191	95	291	83	26	130	62	109	903	267	85	209	2	701	50	92	77	123	15	167	35
V77	199	37	102	46	310	373	67	272	381	176	255	257	201	147	29	516	31	650	75	61	351	165	131	68	100	220	30	36	120	585	25	264	121	211	143	392	284	181	984	59	20	173	15	482	125	400	291	18	337	687	97
V78	318	172	238	69	171	161	97	720	75	83	1176	57	96	66	99	6	222	559	134	220	487	390	22	112	282	111	81	20	135	136	356	386	767	136	132	212	45	112	206	321	42	94	406	228	35	303	464	9	23	290	204
V79	230	184	515	30	5	4	574	114	30	210	361	235	103	156	203	76	620	210	108	202	149	13	76	42	139	507	418	644	152	295	240	78	26	73	177	116	68	194	13	266	191	32	55	23	36	150	414	63	28	117	195
V80	194	551	42	196	32	51	33	55	31	49	58	232	455	199	187	104	180	77	292	520	387	257	93	217	52	65	91	53	87	54	55	39	283	349	387	183	198	394	139	113	414	90	271	11	63	87	190	234	91	265	391
V81	45	123	217	72	234	84	229	303	493	84	404	71	162	925	63	259	184	161	120	7	13	2	48	318	181	218	10	388	13	79	143	164	1147	141	207	30	156	5	440	296	81	19	536	77	305	53	171	113	742	72	115
V82	71	725	2	1	47	196	227	133	113	46	160	29	17	130	384	209	156	181	192	58	228	96	130	199	27	35	11	414	365	166	29	172	134	38	113	36	127	254	80	223	285	406	14	51	74	49	283	84	82	180	506
V83	177	32	67	217	379	697	150	304	39	181	156	120	224	354	9	79	197	134	222	70	102	11	32	22	131	348	333	419	121	207	243	305	59	388	178	122	356	192	18	44	280	24	179	700	212	72	113	156	36	269	85
V84	356	16	361	181	76	23	187	400	151	87	202	50	117	27	25	268	206	177	119	620	345	282	18	81	226	92	220	113	195	661	764	105	246	120	176	38	109	36	20	164	113	4	421	365	35	61	0	113	687	535	112
V85	38	225	79	242	40	186	42	300	242	40	3	127	235	44	158	51	110	201	54	32	263	155	2	8	5	53	584	5	433	36	337	117	231	132	180	11	450	23	271	144	167	156	109	166	132	50	40	2	138	403	164
V86	286	6	4	328	128	29	126	395	68	153	40	224	10	1000	78	914	47	136	324	329	107	77	200	30	238	1	128	340	46	577	63	367	10	211	184	112	129	278	21	84	20	87	137	516	306	746	23	142	242	130	87
V87	136	348	266	435	630	32	6	81	124	443	743	429	85	278	138	205	666	94	213	82	5	597	108	0	14	20	1	89	155	318	35	86	63	929	7	314	58	7	805	45	300	284	70	50	144	405	210	301	106	0	303
V88	34	13	209	56	278	540	896	18	24	101	41	54	49	327	56	103	31	44	242	44	317	506	132	117	68	171	37	10	184	108	220	89	206	132	209	47	17	88	176	702	101	211	216	51	245	309	162	392	581	852	46
V89	8	192	59	225	216	178	179	29	218	608	44	113	232	44	193	215	267	60	47	490	321	84	8	90	131	642	26	210	225	26	58	41	122	155	20	841	105	395	206	234	69	71	647	125	10	300	6	204	207	40	166
V90	6	79	161	489	1047	407	78	0	150	30	156	283	331	497	86	231	223	154	244	92	215	29	146	386	227	126	34	428	21	682	73	87	123	174	621	6	55	168	647	29	160	25	3	534	31	714	172	97	170	25	70
V91	101	211	268	2	3	219	98	1	123	358	77	50	5	509	237	18	124	822	330	129	85	24	65	62	222	79	187	54	225	178	125	43	139	249	273	25	595	79	38	49	26	7	373	91	74	90	538	169	155	5	170
V92	16	283	161	162	109	30	83	89	16	2	367	144	179	426	66	0	195	190	77	59	213	81	252	239	321	325	117	20	98	149	96	19	30	203	71	116	29	1507	671	191	825	27	35	834	118	339	107	195	232	137	221
V93	232	386	98	151	68	146	119	43	386	70	68	238	258	299	355	130	720	286	182	524	143	282	17	230	177	443	29	49	171	29	48	368	86	35	530	19	57	46	183	41	189	11	141	58	96	0	168	68	106	511	320
V94	88	168	184	80	357	127	108	152	10	139	65	304	1013	132	93	4	23	10	127	114	205	140	112	89	311	346	63	482	271	226	151	212	183	366	14	258	161	136	182	266	284	31	111	229	9	111	359	998	650	841	168
V95	504	113	176	203	114	154	921	945	71	54	306	1114	99	500	121	255	189	237	309	108	160	350	10	0	12	10	139	102	7	189	76	2	613	133	421	51	200	107	88	111	99	47	103	147	39	50	449	562	134	1	214
V96	246	19	341	16	440	285	126	206	439	516	384	15	410	129	140	43	282	7	198	208	55	342	214	26	49	175	19	430	93	104	695	124	52	76	178	42	65	17	584	88	131	135	0	356	65	43	171	24	72	184	84
V97	60	159	201	278	63	16	275	179	27	110	86	28	32	103	97	22	458	265	213	719	119	79	157	97	186	215	106	22	266	350	529	300	42	162	252	104	7	611	362	16	25	176	150	434	311	8	169	38	5	73	139
V98	100	76	179	757	190	148	4	114	191	208	218	314	94	116	41	348	493	181	85	89	45	141	53	193	86	16	26	390	416	154	20	582	709	304	315	49	131	258	61	119	186	292	341	98	106	21	142	459	54	228	80
V99	234	67	116	184	38	70	10	26	116	40	488	396	5	71	340	46	108	126	292	26	52	238	470	89	146	0	58	116	278	366	185	397	5	236	138	53	51	69	861	286	54	51	209	85	87	115	45	146	77	309	118
V100	244	248	113	30	509	6	282	81	34	1	287	659	308	102	946	80	303	97	555	141	142	163	250	109	154	808	322	80	79	6	130	266	89	415	375	573	221	5	24	436	49	8	433	3	78	108	113	143	120	524	259
V101	31	400	380	22	80	41	178	91	611	309	111	148	117	3	602	304	37	189	12	251	93	592	840	382	272	40	74	11	164	54	274	12	2	205	6	48	13	1	881	190	242	240	612	688	182	632	0	268	50	218	303
V102	89	419	284	106	7	106	85	57	66	138	5	15	298	228	188	259	151	1017	413	77	387	37	437	161	700	261	86	224	2	63	30	20	585	192	81	403	6	38	15	326	257	155	877	81	21	164	0	395	36	0	334
V103	184	289	21	152	148	473	41	345	470	220	134	196	322	310	26	170	335	258	21	212	170	340	155	115	409	228	13	40	8	325	159	109	39	425	110	28	143	774	77	69	1073	76	67	3	88	379	217	80	71	228	255
V104	237	31	445	315	242	428	252	67	297	56	95	349	108	113	161	400	292	597	19	201	397	135	55	27	21	20	33	71	7	693	145	433	48	371	15	349	67	618	162	452	192	531	3	56	226	435	5	370	53	247	94
V105	320	589	23	174	98	225	20	201	882	169	38	97	45	157	40	111	20	391	407	24	180	38	21	23	1	89	706	112	386	0	505	140	372	98	286	100	11	14	34	4	2	227	516	112	8	78	177	0	146	360	484
V106	4	11	134	216	346	318	5	60	35	52	89	269	334	179	124	829	71	213	198	75	215	75	359	104	1031	60	574	398	851	151	491	591	6	441	52	481	8	142	197	59	95	5	35	186	476	147	102	780	328	759	43
V107	302	83	17	45	468	227	196	46	64	33	183	3	2	14	349	297	482	2	160	45	75	260	56	173	43	452	129	175	55	62	23	128	308	98	19	26	87	32	222	689	52	94	72	22	287	618	290	197	75	356	150
V108	9	61	30	29	517	37	45	524	461	84	36	438	345	168	67	141	49	123	244	129	66	53	255	146	178	1267	88	8	374	117	109	174	4	66	815	293	301	160	7	248	315	189	238	155	120	233	313	208	235	104	60
V109	31	156	224	149	91	12	366	176	152	145	114	27	99	48	149	198	183	120	7	54	350	261	132	195	2	312	48	73	274	168	286	88	191	174	184	111	145	218	30	435	172	103	58	7	86	519	62	117	18	411	122
V110	208	107	521	183	163	6	1	469	42	25	96	249	159	70	437	43	115	82	177	73	269	7	300	78	288	130	152	81	210	303	3	182	128	25	120	199	123	79	238	69	434	226	160	645	26	103	5	56	21	527	121
V111	210	17	102	121	184	322	11	184	102	335	268	121	65	444	159	114	272	89	21	181	52	170	97	40	756	21	110	517	479	5	495	122	44	206	124	11	433	37	127	172	49	26	568	5	113	236	34	218	100	298	80
V112	292	1052	172	12	73	534	42	164	125	130	113	128	656	17	11	196	15	122	53	96	60	119	306	49	6	799	69	144	220	250	469	37	114	198	80	76	40	73	50	128	396	495	81	129	127	112	267	80	28	551	758
V113	148	445	158	274	170	413	546	134	279	716	208	114	108	112	261	243	212	307	300	287	195	8	227	163	220	16	105	219	249	400	32	66	95	339	15	26	93	534	104	286	289	75	486	169	51	44	385	10	519	663	368
V114	1	109	138	215	186	74	254	208	86	405	24	169	17	71	3	251	257	89	218	76	205	574	480	146	352	2	1117	558	149	245	244	71	163	279	70	38	513	37	316	1196	100	195	961	35	201	170	271	600	143	46	101
V115	110	106	192	416	90	43	88	100	597	88	194	68	636	184	361	99	28	164	224	42	88	36	54	174	500	654	322	43	4	378	158	319	116	91	7	849	216	165	245	113	234	467	170	836	16	47	200	184	355	233	96
V116	279	154	707	37	255	128	167	147	11	8	129	40	33	5	203	80	21	62	528	191	69	199	20	240	42	636	67	10	6	333	211	37	60	207	139	505	398	70	18	407	542	384	109	65	3	172	203	416	64	124	178
V117	103	74	13	35	65	235	210	131	26	10	181	299	154	116	56	232	21	34	119	8	409	832	420	703	171	68	389	86	115	122	234	189	100	78	41	109	500	38	240	32	211	47	1502	25	24	151	105	186	23	245	107
V118	511	135	3	358	103	16	204	65	100	279	245	207	371	109	301	13	17	28	160	93	141	526	264	45	90	1090	42	31	471	61	97	67	99	78	31	139	9	143	5	60	48	8	178	4	85	158	245	392	10	22	231
V119	25	461	111	69	1043	1262	85	351	156	38	393	52	74	245	194	195	1	399	571	454	176	179	192	38	702	978	129	413	132	96	219	74	94	4	319	5	182	232	28	27	419	3	337	77	230	302	21	433	54	271	376
V120	213	84	248	40	294	244	0	283	7	111	50	186	129	131	245	26	77	51	53	501	463	88	292	5	363	108	32	25	334	31	16	72	93	143	3	366	182	42	497	258	89	156	275	9	167	543	562	51	224	130	135
V121	166	20	221	445	157	32	24	41	266	263	193	457	388	42	346	159	155	84	275	12	117	5	19	298	360	286	213	313	21	194	613	90	114	219	421	253	184	166	192	1002	5	739	15	134	127	304	385	51	455	69	68
V122	175	61	101	81	224	196	72	79	66	22	359	187	337	46	487	103	27	124	18	242	6	147	241	244	70	109	129	263	24	189	196	106	69	171	1051	804	390	354	184	339	44	432	254	62	86	74	76	40	12	117	106
V123	72	93	281	251	86	213	262	392	116	280	316	206	35	5	397	20	611	134	119	26	131	350	167	8	155	256	220	522	185	151	314	348	33	63	8	156	76	199	142	250	6	75	79	118	17	1575	150	173	167	404	109
V124	18	293	34	129	637	6	172	119	993	383	47	35	43	15	2	214	372	28	10	308	345	130	52	1083	94	366	16	97	7	25	543	344	299	129	74	19	131	2	728	458	267	168	188	4	122	881	1	361	111	61	226
V125	102	69	472	10	328	83	172	185	242	92	500	250	128	19	163	3	45	52	97	572	19	3	297	304	212	31	278	574	87	355	3	154	104	440	12	914	231	367	196	566	296	99	94	110	326	383	17	437	219	15	100
V126	129	32	144	82	98	835	225	215	38	187	158	40	775	13	721	8	195	600	231	45	93	31	12	31	109	124	177	18	655	374	1004	88	283	19	100	148	6	43	430	162	109	34	267	511	37	519	66	21	24	76	74
V127	406	184	334	302	52	604	63	447	3	49	14	127	460	121	232	172	42	211	78	99	552	127	129	12	15	213	670	22	270	271	106	131	254	94	437	224	265	7	34	128	247	56	69	108	10	99	18	146	471	64	230
V128	170	117	930	131	275	9	52	127	667	119	166	144	193	196	814	227	454	47	62	36	7	484	317	97	758	631	107	903	101	76	657	81	95	677	283	118	392	9	194	97	74	7	350	237	194	306	486	1	598	257	139
V129	529	181	142	41	20	226	92	199	460	5	224	1216	308	399	173	21	22	66	110	102	15	224	514	163	161	895	131	89	180	163	158	356	83	19	374	42	1058	103	167	41	56	143	38	226	48	37	65	399	50	47	262
V130	88	391	13	135	476	5	44	7	66	133	74	1	34	211	94	274	641	211	73	64	36	21	1	256	86	10	25	198	161	94	124	149	106	12	51	15	19	176	94	145	6	22	206	221	251	14	98	487	377	220	297
V131	272	314	162	985	93	42	107	114	65	86	453	305	399	32	97	44	232	2	8	193	114	171	579	34	65	193	94	344	217	243	243	161	426	142	113	27	13	21	229	63	245	75	81	428	706	79	256	172	153	42	284
V132	83	296	222	284	126	203	242	179	360	21	162	123	88	271	314	178	360	135	254	76	269	27	31	21	334	533	155	26	458	80	29	402	351	39	66	567	199	87	168	164	4	36	64	883	206	673	334	200	13	146	217
V133	507	1251	383	220	430	241	490	49	6	30	139	111	242	158	66	545	445	570	101	98	5	388	131	148	93	140	123	78	7	30	123	70	103	433	291	97	274	7	66	69	405	150	39	84	33	467	7	201	65	184	1037
V134	212	211	606	753	247	344	222	266	405	28	209	344	148	363	242	30	6	179	562	99	94	69	191	240	508	51	4	197	211	9	164	54	628	235	88	97	64	144	348	6	890	102	297	97	1101	7	228	149	584	439	221
V135	114	5	367	456	149	26	3	304	257	71	359	132	140	85	632	1410	193	96	99	854	16	61	182	407	23	486	305	104	26	291	612	303	112	247	100	112	52	105	364	128	201	194	2	47	21	109	483	77	26	7	53
V136	27	172	90	249	365	392	216	27	89	4	191	142	241	206	192	12	16	524	306	463	142	357	29	338	282	263	862	87	316	367	283	135	176	223	327	21	176	351	100	59	100	331	128	38	429	514	188	307	14	323	138
V137	35	400	466	90	147	49	159	72	69	19	322	105	44	463	189	10	29	446	1	540	1	56	218	270	92	113	39	142	658	112	22	63	43	428	2	138	247	321	80	35	50	524	304	60	79	56	7	453	169	87	276
V138	181	11	18	55	56	9	104	290	382	12	166	97	357	78	23	278	159	28	425	21	136	6	254	175	135	79	197	8	532	54	90	113	22	403	21	101	70	123	149	153	12	486	552	349	104	21	35	74	5	137	67
V139	67	440	102	316	151	292	74	219	388	276	454	14	243	86	99	294	9	54	553	367	521	270	342	123	123	63	341	47	190	473	131	323	358	83	118	164	56	522	6	236	220	21	662	124	153	10	65	60	67	246	335
V140	206	43	165	359	300	118	280	43	441	16	57	94	183	849	92	72	173	131	363	765	147	72	68	63	42	37	27	238	1	302	21	744	310	86	72	389	102	344	276	70	30	10	389	79	550	111	384	3	143	249	90
V141	72	28	92	104	332	41	446	297	81	100	83	166	55	74	50	415	50	100	45	113	409	241	277	1	130	369	631	58	97	102	225	238	222	4	30	351	96	186	11	6	350	42	150	170	124	248	180	142	153	191	51
V142	270	455	23	32	370	681	97	96	79	442	1256	625	164	28	291	78	910	376	4	0	26	348	270	105	272	123	174	29	40	115	83	171	93	105	418	73	699	578	120	242	255	679	25	133	58	6	108	795	85	116	365
V143	492	296	68	99	11	6	243	81	232	8	17	116	23	69	85	13	721	130	378	66	136	207	123	85	180	123	226	772	31	659	43	451	309	274	547	1	85	90	147	34	29	21	201	241	203	528	59	7	40	80	309
V144	198	96	278	126	26	619	155	429	301	222	200	735	7	43	46	724	51	37	17	301	319	223	105	1094	424	47	242	290	246	504	1047	53	831	569	197	27	67	27	220	526	0	182	70	378	130	58	1141	108	52	71	133
V145	7	132	10	337	395	139	127	142	6	208	114	416	209	52	16	144	128	13	55	357	35	392	284	144	517	42	213	26	55	16	29	478	47	249	329	438	343	259	0	163	24	129	49	124	58	227	107	213	147	38	118
V146	188	136	250	205	492	98	34	21	239	59	101	427	218	186	5	452	17	320	746	310	637	80	124	115	153	24	185	131	35	49	13	388	26	8	467	82	43	161	46	72	280	244	123	255	544	78	126	309	142	81	168
V147	266	175	49	204	295	150	57	163	211	241	206	92	100	783	365	67	362	79	1009	95	16	135	81	106	278	30	16	264	83	39	151	2	67	89	151	585	635	98	174	9	248	266	229	33	1	16	3	20	576	106	181
V148	95	86	1	42	803	186	274	54	10	298	144	59	203	107	247	90	399	148	20	90	186	785	20	310	80	106	119	42	93	3	158	52	17	220	65	57	21	75	68	656	502	7	38	111	121	155	2	185	120	452	100
V149	744	337	32	199	1760	110	8	46	88	27	12	15	381	229	21	25	75	180	256	119	173	355	597	136	123	19	109	298	32	153	453	275	233	3	35	157	251	180	167	162	30	157	87	153	258	19	118	80	128	86	389
V150	162	49	511	896	37	464	13	538	197	61	266	150	121	15	75	1	340	193	154	933	289	40	635	351	101	11	386	49	249	495	67	130	226	113	564	7	25	238	432	75	557	164	320	136	160	169	119	94	21	371	84
V151	521	353	130	72	507	7	265	360	78	159	131	128	276	792	134	124	23	236	9	404	17	76	313	151	322	82	78	82	52	5	75	19	150	294	74	99	134	579	79	0	46	279	161	62	178	547	22	99	62	444	357
V152	6	96	311	1	145	164	360	81	127	10	123	112	122	2	2	159	4	239	96	334	632	653	126	284	82	145	402	400	43	28	60	123	637	90	33	38	476	262	128	269	786	60	11	101	221	174	71	302	469	49	88
V153	173	7	6	121	40	65	579	255	264	260	102	62	3	228	206	20	310	308	116	290	432	391	5	253	28	154	57	368	264	502	434	174	396	9	494	16	196	174	329	83	290	22	212	392	417	184	9	55	89	188	57
V154	167	81	550	925	242	50	493	205	102	486	23	259	107	17	147	87	180	216	90	518	290	111	1404	118	121	114	230	267	300	33	18	16	86	108	110	281	210	23	4	429	79	160	80	369	49	139	49	83	63	63	103
V155	227	138	169	43	235	61	357	119	11	48	306	14	375	107	51	111	94	167	1	193	427	7	86	30	125	21	194	56	217	10	301	34	66	112	208	191	197	794	84	5	33	27	226	293	1	64	301	67	58	125	145
V156	134	371	13	111	438	30	425	256	207	69	53	1	409	430	205	53	185	710	377	190	475	15	63	138	150	104	33	84	275	262	71	378	191	153	376	233	13	116	102	58	66	10	371	452	77	109	269	79	60	374	297
V157	73	33	513	6	77	35	89	105	267	141	295	168	392	158	257	224	133	15	119	148	43	33	164	215	81	9	115	357	129	41	30	516	144	12	252	51	150	48	52	76	337	296	206	92	662	36	13	139	320	696	63
V158	35	152	105	177	20	344	83	272	69	114	37	23	57	127	69	18	71	198	34	109	28	140	110	316	296	95	195	63	202	33	315	0	319	65	160	177	131	615	30	25	484	103	293	259	710	514	41	8	42	56	117
V159	16	88	23	32	342	48	145	135	133	64	153	177	89	264	243	56	71	111	32	370	366	19	548	224	80	39	188	53	172	319	41	218	14	61	849	63	74	161	10	224	93	267	22	128	68	221	53	174	425	191	83
V160	21	593	10	110	756	183	171	232	229	296	33	49	182	36	182	299	364	90	271	11	416	229	53	441	556	481	143	33	94	47	13	84	46	76	101	107	216	119	561	65	16	125	356	33	163	198	430	14	305	165	412
V161	330	57	369	171	23	81	151	539	198	3	424	94	310	188	180	25	539	288	4	20	111	36	641	2	91	770	188	195	101	191	150	258	436	215	16	460	493	221	120	418	70	80	126	70	42	299	47	27	133	10	126
V162	157	38	204	190	73	126	54	484	91	20	33	331	34	463	502	705	298	79	134	213	98	212	98	517	527	358	122	94	245	24	102	243	27	22	822	244	23	291	10	150	4	91	370	62	82	514	168	213	297	520	77
V163	70	301	325	58	168	122	488	0	95	325	3	163	61	40	1054	224	369	58	5	269	386	965	175	694	364	162	88	75	160	25	117	276	231	183	113	103	142	40	65	35	193	1	133	398	59	131	291	673	140	205	235
V164	168	418	35	28	251	423	24	35	180	169	60	54	96	165	343	56	240	31	6	11	93	86	11	35	144	16	11	905	135	69	132	22	48	16	510	79	365	268	157	336	344	29	66	708	983	33	73	22	512	271	328
V165	150	70	247	200	10	326	138	48	19	471	154	26	296	410	216	326	46	4	94	67	125	22	6	38	159	214	244	77	118	236	2	489	132	121	473	751	106	109	55	28	33	48	36	148	8	42	27	410	15	74	88
V166	124	19	167	506	98	493	126	708	83	41	100	247	446	93	738	834	81	187	5	134	3	50	69	399	23	78	46	555	128	18	140	97	639	466	106	173	29	57	353	1	378	737	136	16	17	25	138	36	63	416	67
V167	45	71	140	529	51	29	222	15	325	80	48	200	172	748	53	275	23	293	139	39	66	87	31	45	64	156	248	90	197	313	180	110	395	52	840	278	134	68	288	502	117	372	117	195	81	20	54	121	7	51	76
V168	224	598	401	38	666	106	62	128	99	66	11	213	6	242	74	80	152	80	193	120	230	208	645	68	143	37	616	307	7	141	71	145	403	5	502	13	8	197	346	212	265	262	294	192	8	520	139	122	359	91	427
V169	125	70	222	103	230	35	17	437	59	32	593	287	256	21	96	37	149	583	206	35	342	104	300	439	280	34	411	239	8	221	54	108	282	237	38	80	29	538	575	189	8	136	84	306	43	57	16	911	46	13	123
V170	209	32	394	71	64	213	74	403	113	151	404	53	58	82	2	309	145	476	769	450	406	390	143	219	48	60	81	203	41	158	46	125	521	256	191	118	136	65	71	74	144	260	547	89	88	132	38	164	74	35	95
V171	30	443	109	26	152	582	79	139	75	548	13	329	39	330	325	308	86	38	15	290	1102	120	52	208	436	85	36	363	112	94	281	438	113	302	182	1472	756	538	329	31	244	229	284	825	98	219	39	8	259	399	334
V172	110	445	112	118	288	17	22	286	128	151	406	184	349	357	119	147	319	89	281	93	23	188	7	27	126	281	41	151	45	393	194	59	381	438	64	9	189	99	496	221	21	132	123	135	736	71	193	35	394	35	310
V173	92	258	240	317	154	157	270	40	39	100	509	62	62	182	8	55	292	201	79	122	156	166	106	30	544	2	693	139	81	48	419	57	41	81	133	24	31	81	23	25	291	326	22	133	47	84	21	462	112	342	205
V174	104	485	571	175	224	212	281	334	191	193	219	127	50	138	27	185	114	464	171	167	137	84	237	212	294	612	218	140	19	678	368	19	438	195	94	14	342	160	276	705	138	82	99	276	352	81	35	147	133	276	366
V175	17	22	262	169	22	366	663	330	15	103	122	240	73	285	22	306	4	453	657	75	233	734	246	111	232	54	256	111	403	328	31	116	754	36	43	105	311	306	8	18	254	27	107	8	339	28	411	460	50	13	43
V176	148	162	77	295	133	52	114	453	66	470	4	180	334	0	82	336	434	793	77	7	41	383	399	3	273	253	483	178	648	30	15	107	40	21	114	119	116	254	146	11	49	79	176	183	141	113	98	261	122	81	188
V177	94	21	329	188	97	17	146	58	87	434	290	27	70	145	64	104	139	249	39	54	179	178	239	791	177	6	4	120	423	19	238	19	408	160	143	110	629	230	96	310	8	274	33	15	112	1	62	336	22	70	54
V178	99	358	47	326	259	1031	620	79	234	343	642	449	313	231	169	10	194	78	129	151	533	22	1	170	150	19	243	483	18	149	71	53	157	3	271	235	262	16	252	153	247	216	103	199	85	514	266	127	437	33	302
V179	181	390	143	185	103	439	168	702	413	236	178	452	122	848	123	52	105	65	585	228	537	61	441	11	108	188	19	215	683	126	45	964	144	127	11	284	704	306	111	149	18	30	402	61	59	51	1182	152	42	36	345
V180	46	223	210	646	83	86	49	150	218	215	2	137	240	140	53	145	46	62	77	170	125	34	325	634	462	328	213	19	9	139	145	137	128	560	288	629	17	423	291	118	136	432	164	258	96	186	263	185	339	290	176
V181	538	784	91	35	68	7	43	49	4	157	128	368	391	642	33	23	151	232	518	2	64	60	109	124	142	31	272	534	28	25	412	480	140	107	65	1205	114	109	61	116	178	261	110	51	46	226	20	299	126	47	677
V182	118	251	441	45	286	2	34	387	243	28	8	66	61	423	208	490	69	94	734	47	725	1	373	290	232	94	138	22	67	104	23	207	123	959	48	12	589	329	53	400	407	401	324	0	17	294	133	720	594	47	198
V183	1	272	146	138	99	23	65	294	292	93	99	8	281	36	174	270	60	5	212	67	387	386	68	66	161	162	126	215	42	68	151	16	472	130	100	99	301	317	31	52	52	173	341	176	271	45	115	822	286	74	222
V184	11	505	79	37	126	26	25	34	2	186	311	5	44	300	34	129	4	53	72	270	64	281	60	52	300	70	93	659	103	127	67	142	707	50	202	5	61	182	586	6	33	64	664	20	65	473	412	78	47	22	356
V185	456	203	168	105	1375	109	119	468	24	438	79	83	1131	649	4	649	41	347	48	10	523	508	177	437	642	342	78	280	230	251	151	446	14	59	75	47	64	446	279	780	166	8	474	34	280	373	106	31	34	49	263
V186	226	437	228	69	22	8	282	62	632	45	463	98	223	128	35	120	27	101	2	42	768	0	113	218	41	97	4	9	115	105	46	1128	464	488	87	157	208	137	86	132	163	278	144	10	385	147	628	396	41	243	371
V187	0	10	197	84	102	259	251	313	83	40	473	213	256	130	221	234	204	127	50	184	293	21	43	552	86	653	399	406	136	217	179	151	44	92	1	344	43	208	140	22	63	312	263	571	5	43	82	3	541	64	24
V188	62	6	464	393	30	389	109	203	274	224	67	61	43	140	115	278	2	53	266	201	21	64	21	215	4	463	11	271	401	48	149	305	44	20	177	182	32	15	240	59	154	28	174	15	13	984	521	40	40	7	26
V189	236	134	111	183	3	464	279	568	75	65	16	151	243	162	1	100	301	21	43	12	150	548	19	109	47	228	191	12	251	53	66	368	356	155	84	49	101	5	111	479	268	124	4	181	223	102	89	247	429	857	132
V190	152	34	572	38	97	2	56	25	129	36	5	540	120	207	349	71	67	593	638	47	139	301	393	593	2	280	13	263	224	4	71	56	281	103	331	65	8	748	573	529	122	166	51	23	431	204	277	45	249	69	90
V191	174	51	94	76	53	192	161	117	25	90	126	161	419	151	174	224	328	298	50	34	200	381	223	43	90	10	2	2	280	71	597	21	506	21	65	269	154	64	240	617	27	16	24	18	424	28	137	85	113	46	73
V192	384	95	13	65	242	20	597	381	139	1058	143	17	135	285	32	1	121	575	65	53	27	48	211	62	486	0	35	185	245	155	20	9	112	54	221	17	152	106	158	201	135	241	4	124	94	208	364	48	64	161	146
V193	123	184	116	437	1	6	140	17	405	29	535	67	85	63	324	378	163	301	257	427	26	625	129	2	218	49	115	306	143	70	403	79	18	227	242	51	25	625	907	187	133	395	182	3	26	663	355	10	204	574	171
V194	349	130	37	587	75	519	413	196	139	98	106	48	1	317	265	72	10	20	49	76	491	376	219	214	778	7	79	439	551	251	169	85	604	90	330	20	536	312	30	206	209	151	132	368	16	394	201	38	345	62	193
V195	71	12	63	341	408	72	197	123	2	201	327	78	206	64	86	15	70	349	221	127	158	704	151	408	136	303	113	20	15	68	133	385	415	10	307	163	50	419	201	1975	38	112	0	57	250	210	54	41	40	66	44
V196	132	322	93	333	182	123	325	242	35	122	713	153	60	33	104	55	124	91	159	238	24	101	32	452	153	8	382	87	537	178	61	410	139	5	157	24	214	382	52	381	181	189	47	42	35	365	117	72	63	150	268
V197	291	92	42	25	419	101	848	361	131	102	60	88	208	116	212	847	313	79	119	176	170	156	4	38	2	148	273	188	159	302	245	65	760	113	21	17	884	67	108	975	894	52	652	220	460	124	51	195	165	29	136
V198	159	594	692	21	102	183	7	8	73	106	14	481	50	110	467	527	1	155	390	282	140	9	109	70	333	73	57	1	97	61	42	52	21	87	166	14	151	90	202	236	360	197	1092	46	179	3	226	42	71	83	472
V199	81	223	715	158	0	125	91	491	182	532	299	136	26	45	216	129	146	121	260	268	29	68	22	3	31	42	69	994	4	32	76	71	122	92	84	43	185	54	5	167	8	347	22	5	20	22	212	460	24	302	217
V200	149	148	473	9	6	115	254	194	31	131	31	82	10	112	108	810	3	302	44	507	189	181	8	9	287	228	305	361	110	0	171	83	408	38	202	61	114	122	92	90	170	208	42	55	941	210	250	49	6	1	172
V201	313	220	382	105	424	221	87	119	108	113	224	229	463	100	557	0	117	64	47	43	232	128	103	645	274	136	75	92	148	114	235	120	35	194	170	156	39	333	7	164	502	8	4	53	54	6	134	8	160	52	239
V202	26	191	9	510	99	168	142	210	37	132	60	89	235	166	428	757	261	370	28	176	90	197	22	204	441	20	420	47	89	451	78	6	248	88	271	106	833	999	14	55	25	421	171	146	99	174	25	54	189	113	191
V203	219	306	356	13	769	125	37	1165	119	4	605	62	165	94	508	66	91	4	40	53	4	53	426	426	120	141	270	172	36	367	39	117	72	327	413	46	101	182	311	200	427	172	651	39	102	668	288	63	523	8	271
V204	64	51	110	118	51	30	33	404	40	11	53	123	130	275	71	44	36	127	197	156	20	62	45	222	9	608	43	576	248	160	190	53	8	156	442	219	75	1	42	263	220	77	18	24	446	342	238	125	971	87	68
V205	670	112	28	4	29	50	162	15	426	155	96	114	55	72	403	657	127	199	239	141	108	315	306	215	115	76	8	389	363	376	405	1	27	185	123	69	65	417	122	408	101	32	20	80	109	127	192	45	1103	13	233
V206	41	135	114	590	56	602	2	165	68	65	162	708	29	19	115	231	72	383	116	239	72	103	127	27	1	342	187	23	252	56	28	161	0	28	493	232	402	171	80	66	66	319	10	112	43	360	134	84	269	399	129
V207	270	37	198	652	147	488	636	93	231	299	56	463	956	370	163	52	94	134	451	165	117	39	1	51	117	172	109	93	91	219	405	47	407	63	154	207	279	338	134	61	421	156	636	311	168	125	106	125	101	58	102
V208	370	143	54	96	160	262	1366	388	293	117	137	137	208	277	30	291	463	228	9	350	45	402	79	226	1	14	147	401	358	14	62	77	211	25	316	11	9	130	522	149	117	26	439	34	30	385	6	86	370	538	225
V209	1	77	13	20	178	39	55	129	152	53	43	83	48	34	366	134	351	125	684	35	178	350	270	251	98	142	131	226	184	113	25	323	198	553	303	55	416	26	374	180	280	104	80	206	143	98	67	442	390	509	66
V210	28	163	276	62	89	15	1	243	219	21	185	59	416	83	148	833	35	240	245	111	122	84	199	526	692	98	336	62	119	64	138	379	592	475	491	30	464	193	318	258	4	424	44	197	18	181	20	537	34	61	136
V211	112	262	93	69	247	114	49	78	93	220	53	543	23	266	140	19	212	23	888	330	319	141	43	321	56	147	833	874	39	110	13	43	309	363	90	397	185	135	417	642	105	444	316	663	216	79	26	584	2	476	223
V212	472	340	71	40	61	117	308	246	48	130	336	153	34	501	21	174	95	387	25	244	187	125	96	132	423	40	153	28	395	30	74	14	177	534	93	39	289	21	259	334	693	12	5	81	583	124	1051	314	776	19	353
V213	68	204	656	28	4	63	497	197	452	477	81	527	210	17	106	509	475	230	108	202	41	217	73	142	68	281	0	33	97	224	183	228	30	80	71	92	124	10	212	428	483	83	103	231	11	7	27	44	50	20	184
V214	410	48	169	244	123	199	127	147	64	220	256	20	176	271	137	263	157	239	24	112	49	405	139	380	17	789	132	202	96	115	123	11	842	107	39	156	624	192	41	47	126	409	69	103	381	317	318	195	359	242	154
V215	45	208	60	200	39	298	101	78	729	45	103	156	69	281	232	119	469	148	162	386	892	369	23	105	252	177	0	59	15	84	126	106	71	163	160	488	107	183	40	9	76	106	232	223	66	1	13	189	247	14	162
V216	369	534	336	26	221	159	52	362	304	136	63	467	98	10	22	397	4	237	308	102	38	706	124	225	43	32	184	192	21	131	148	460	218	247	71	305	134	97	148	98	131	41	425	235	318	202	26	41	45	73	481
V217	147	137	118	60	617	494	159	300	28	244	118	1	146	152	125	47	32	143	507	52	26	80	215	0	240	122	73	262	164	5	261	383	260	426	9	169	689	87	58	262	27	287	15	95	262	2	93	6	26	302	158
V218	56	214	57	410	62	468	575	487	122	181	488	38	356	98	2	37	121	72	186	265	112	83	74	166	268	246	270	699	156	237	315	77	368	36	237	53	288	31	249	283	97	279	131	101	327	28	63	120	129	607	178
V219	28	343	218	96	453	3	79	68	1050	238	414	3	28	202	261	131	112	42	124	240	248	23	95	485	255	66	97	12	223	99	53	423	252	186	99	399	116	240	165	202	935	130	450	12	70	76	1060	13	171	124	272
V220	41	706	7	38	266	130	11	64	160	216	106	98	318	299	230	42	36	46	88	1120	142	107	95	314	342	415	3	49	7	96	123	15	41	31	95	216	10	451	125	77	143	211	50	54	199	572	32	59	120	7	521
V221	161	179	144	165	356	14	176	578	239	39	476	53	573	328	392	23	412	23	258	213	117	172	67	161	207	368	334	11	45	281	10	29	216	5	6	794	221	81	6	144	58	314	1364	7	452	370	519	68	119	15	176
V222	48	102	57	203	44	204	45	227	463	35	104	415	431	562	36	37	2	416	36	93	456	183	519	212	288	452	135	31	31	312	70	157	37	15	44	942	73	9	214	5	38	679	127	908	204	21	121	139	309	32	98
V223	199	632	214	290	166	694	52	189	100	56	406	95	259	5	209	159	152	84	25	11	196	50	243	27	405	237	560	89	227	125	33	171	125	1234	118	29	235	238	28	95	151	139	221	172	561	313	163	35	28	100	442
V224	696	62	316	167	23	1099	110	361	12	20	423	354	104	102	135	9	384	84	206	163	192	247	136	39	20	22	86	597	121	413	940	41	261	27	656	123	916	98	546	16	408	88	65	68	140	562	15	38	361	402	226
V225	54	779	26	116	75	283	240	114	18	434	312	317	642	152	222	82	95	270	128	222	3	527	171	340	8	432	150	244	136	195	19	245	42	219	612	70	61	17	31	191	204	159	11	215	75	71	93	152	489	211	539
V226	0	934	226	1067	357	154	30	685	96	68	138	476	509	65	69	393	92	752	365	42	154	293	75	0	62	211	485	100	79	19	2	97	173	172	72	11	133	80	38	222	57	547	700	101	49	65	44	239	4	38	671
V227	96	254	118	92	44	419	4	140	0	61	592	96	35	287	640	254	52	31	828	419	514	23	45	1289	346	36	157	150	200	67	86	146	200	52	347	299	246	92	116	49	13	21	80	2	218	32	100	481	338	34	231
V228	81	177	170	580	441	72	100	65	7	232	301	161	170	353	573	1255	288	583	218	259	78	4	18	83	355	203	561	154	534	39	92	110	36	549	313	378	364	492	182	5	1182	451	879	167	204	81	329	130	720	68	173
V229	243	131	59	8	158	768	60	12	178	229	86	35	214	231	204	188	220	28	312	114	134	169	493	116	205	2	511	53	97	180	53	137	24	196	96	177	376	160	91	410	60	192	140	412	329	225	199	1	170	10	166
V230	191	224	591	124	87	311	184	112	233	50	68	48	478	603	24	34	66	157	149	32	38	32	662	41	222	85	73	37	162	26	93	94	39	92	204	232	632	89	133	190	177	563	77	74	265	511	2	450	42	125	207
V231	305	320	41	34	60	185	145	183	147	12	98	37	13	55	102	99	295	130	13	593	108	33	92	19	46	144	10	67	136	74	25	40	57	244	30	44	122	9	49	610	26	160	367	56	109	13	27	161	117	85	315
V232	490	25	431	251	112	127	181	220	60	48	82	22	43	62	233	256	66	8	319	88	16	129	125	208	149	225	270	185	285	393	9	3	30	87	725	1	571	384	571	129	59	230	128	95	11	272	80	8	67	68	132
V233	495	3	194	208	69	63	17	106	42	440	518	220	340	37	297	174	496	198	5	122	89	42	36	437	38	120	227	137	63	0	273	57	78	168	74	16	57	63	139	374	123	270	415	50	3	55	33	577	54	9	125
V234	52	27	72	125	45	639	6	30	67	223	20	243	147	21	213	633	218	450	91	110	378	243	173	143	135	568	114	627	346	7	317	245	217	83	1020	140	998	217	26	458	29	95	335	220	155	32	127	629	68	186	45
V235	185	56	279	10	103	454	66	144	253	50	141	399	3	112	102	202	4	64	447	8	119	48	32	195	180	526	71	443	35	33	287	361	13	54	214	103	138	596	97	96	197	59	44	62	28	119	231	20	257	476	82
V236	57	492	136	60	215	89	16	35	54	620	253	91	139	266	435	465	302	734	43	573	499	131	81	311	64	51	168	224	209	49	368	158	125	493	86	205	91	148	590	417	23	84	397	90	21	51	238	73	5	320	376
V237	82	10	324	113	26	1100	165	344	91	154	57	251	135	192	19	827	14	189	346	220	154	59	42	121	244	89	208	17	64	221	49	99	15	105	188	189	8	99	57	165	309	350	102	72	323	109	423	65	354	494	39
V238	76	52	65	319	228	88	206	163	1521	550	59	48	156	80	97	259	218	164	126	851	182	124	230	10	235	125	60	225	125	4	206	220	0	83	117	8	132	655	146	191	44	22	422	282	39	53	207	61	454	262	58
V239	11	169	7	368	212	203	462	169	131	54	22	163	46	218	33	136	42	612	105	17	7	1	275	171	83	87	288	108	340	102	159	183	120	150	9	273	78	153	280	432	90	15	60	275	149	192	78	85	272	564	124
V240	87	134	906	294	144	35	459	150	267	137	207	113	125	553	30	11	33	1	94	38	38	210	4	1	86	0	393	207	98	193	174	458	221	194	39	285	21	364	4	145	88	188	273	309	149	0	6	190	303	3	132
V241	187	247	120	72	72	46	740	27	292	35	148	106	90	122	528	539	297	118	186	72	4	167	86	166	127	154	5	334	74	9	136	850	90	84	116	421	86	88	119	104	221	129	124	120	180	301	333	182	309	142	210
V242	17	170	142	451	43	391	15	260	68	83	136	602	325	379	136	329	612	97	332	76	233	60	257	543	167	142	210	116	1323	49	101	74	92	199	6	58	352	36	83	96	51	66	45	27	195	55	275	488	123	227	150
V243	882	0	436	107	389	417	241	62	39	328	92	132	39	249	1067	172	36	187	130	117	27	191	243	55	45	103	392	60	133	67	106	400	578	39	153	395	175	0	720	83	195	201	12	252	89	98	441	43	197	226	201
V244	377	769	179	211	309	626	27	185	317	513	151	119	163	81	102	60	157	242	145	155	145	34	71	12	279	211	691	511	49	648	208	791	955	48	311	4	181	490	344	650	443	34	68	38	808	190	123	81	547	51	634
V245	491	170	50	253	667	262	342	391	406	130	147	193	141	199	19	4	75	39	74	847	106	55	114	272	17	6	35	28	118	207	176	165	36	90	173	27	277	33	110	88	169	0	133	96	263	133	188	52	68	35	261
V246	251	83	204	33	141	62	27	126	148	92	0	383	110	284	101	72	673	142	179	90	72	95	80	279	261	39	71	196	142	474	164	44	127	27	137	223	47	95	252	30	46	27	101	681	417	259	299	379	183	121	120
V247	136	213	477	370	26	289	225	18	113	119	17	74	167	422	67	350	313	98	337	92	379	73	92	12	44	21	31	38	23	107	381	171	208	103	102	128	588	433	62	125	876	13	0	183	110	132	36	227	110	27	202
V248	103	68	152	161	97	666	92	433	31	8	235	148	22	377	88	55	483	186	258	140	143	55	21	131	23	49	140	147	31	18	3	243	73	52	1160	90	203	183	81	146	176	171	496	549	406	46	491	129	37	373	74
V249	226	57	675	57	173	2	237	215	12	222	41	939	383	294	249	179	140	92	254	37	296	465	28	13	1	62	603	228	25	427	126	237	240	2	10	41	219	102	38	59	364	25	51	21	270	747	117	147	343	23	112
V250	45	309	144	67	175	91	80	431	305	499	47	194	175	112	41	75	206	163	45	17	123	67	65	6	156	3	50	2	146	289	93	98	277	224	362	530	159	178	491	56	76	101	191	160	245	6	185	206	5	230	260
V251	61	30	49	15	330	268	163	373	92	32	263	179	145	22	77	15	279	27	149	372	177	100	200	55	55	117	148	160	74	233	42	198	739	398	158	11	14	6	204	91	197	392	6	71	1	141	136	1209	95	607	53
V252	13	213	49	957	21	281	606	37	37	206	143	55	51	87	163	43	15	56	297	49	191	64	246	112	353	17	137	258	427	18	132	53	105	243	495	303	4	389	167	240	321	114	2	150	80	140	207	10	143	26	178
V253	109	163	113	79	22	110	120	110	348	76	13	176	67	24	220	939	95	1	56	144	85	49	317	139	17	300	18	200	39	185	30	103	70	233	2	505	132	28	151	233	227	438	161	112	6	75	42	524	10	240	149
V254	225	61	35	169	220	156	601	79	23	84	345	13	253	228	95	258	35	50	23	116	45	224	16	271	51	215	59	94	164	115	224	170	86	44	59	105	220	650	109	212	787	444	34	1132	150	199	178	155	365	1	119
V255	28	303	148	365	71	17	271	54	174	634	88	36	235	6	79	557	38	32	722	91	144	369	88	107	74	346	273	141	85	370	321	61	836	88	238	667	105	190	20	526	105	180	37	51	11	340	197	147	258	38	265
V256	165	513	360	344	122	19	22	347	132	703	406	192	285	350	67	149	62	211	76	23	4	39	240	165	32	54	820	150	24	5	146	279	136	89	127	57	185	17	277	75	11	191	11	326	136	124	251	125	20	243	409
V257	166	590	130	46	41	16	77	244	260	67	31	207	97	116	971	74	117	56	21	517	12	895	421	101	254	252	38	143	20	176	131	176	141	18	143	142	122	688	212	45	38	238	81	303	43	378	637	310	247	196	465
V258	102	692	268	215	49	294	33	342	202	90	2	359	31	60	449	123	190	263	77	134	220	260	25	220	49	42	67	137	9	199	91	259	207	50	537	193	280	461	35	486	23	233	139	239	101	44	215	364	35	222	499
V259	192	441	137	23	15	64	6	79	259	267	14	145	129	181	117	266	184	29	232	84	164	96	171	266	146	479	559	37	68	2	64	379	63	35	119	32	263	3	34	199	175	47	73	322	34	266	149	32	29	8	347
V260	16	11	219	54	100	134	225	132	136	11	189	129	21	12	15	246	1048	158	65	112	260	424	756	152	168	15	362	2	141	232	183	128	350	598	154	305	104	65	231	205	364	116	476	417	175	272	151	173	425	298	37
V261	146	151	185	110	117	283	419	50	51	158	43	17	451	272	252	234	13	179	27	29	165	82	476	60	25	444	51	1091	809	337	27	167	264	979	214	366	19	224	657	359	86	282	347	105	634	466	133	300	66	54	171
V262	149	61	43	238	23	6	137	350	84	194	263	81	11	118	8	109	450	713	482	42	143	299	37	54	132	457	392	37	16	265	105	92	0	655	38	66	227	260	84	421	24	67	0	79	67	271	23	53	339	89	90
V263	33	116	93	31	328	140	24	375	55	358	276	76	576	349	159	402	100	5	349	246	2	36	80	314	135	68	170	255	72	270	65	258	50	70	725	1093	149	4	80	87	228	121	26	148	187	497	410	119	117	76	110
V264	212	7	616	151	231	140	561	162	621	469	715	214	953	29	318	8	364	321	65	219	502	266	81	51	268	25	159	214	96	247	138	169	186	4	173	82	121	535	1137	216	170	397	126	698	93	611	545	133	303	108	72
V265	298	95	38	38	183	27	206	437	406	310	118	21	120	911	63	15	231	61	91	47	181	174	209	1129	109	718	59	159	117	262	282	267	151	76	61	8	126	109	365	203	127	245	271	66	300	275	373	288	32	138	143
V266	582	93	195	108	258	20	49	211	126	381	314	100	1	230	432	93	9	483	237	62	142	46	61	275	109	55	14	750	55	81	364	159	63	325	12	212	78	516	157	322	482	51	93	67	200	386	132	265	306	173	212
V267	609	810	437	0	357	568	347	139	61	49	84	128	300	88	65	286	267	15	147	26	37	84	6	39	273	70	160	268	116	185	123	386	47	417	503	505	110	226	168	291	468	195	246	39	0	45	687	153	83	67	691
V268	30	799	221	42	4	211	274	115	54	27	543	59	329	364	21	179	107	130	76	399	41	206	42	174	177	195	85	33	20	456	544	8	211	6	55	257	89	534	149	26	109	0	348	119	149	98	277	15	459	312	574
V269	60	1	53	91	120	775	482	89	2	9	177	61	81	33	143	49	140	227	31	473	508	336	95	44	98	286	338	346	59	155	38	290	10	30	142	271	186	107	2	121	48	372	161	116	77	571	76	802	343	221	36
V270	92	101	153	212	0	331	277	78	511	63	10	467	272	24	35	149	8	16	88	78	164	300	74	103	7	261	153	499	281	144	149	10	174	466	166	168	246	36	263	96	206	193	18	89	140	605	38	352	302	486	106
V271	261	169	134	236	418	37	209	12	410	130	540	349	40	42	124	13	348	106	238	9	106	287	4	34	17	83	741	141	26	40	241	375	156	10	76	138	19	320	56	5	423	80	83	18	163	198	260	144	179	287	221
V272	57	461	259	44	83	28	19	457	253	399	1353	359	77	54	231	394	278	343	1033	644	66	454	211	191	84	303	15	666	107	143	197	436	44	80	670	152	6	389	51	430	292	219	251	3	412	53	127	345	219	118	362
V273	377	128	41	58	83	7	105	404	68	39	99	139	43	158	55	79	16	466	111	16	341	186	38	214	233	180	23	64	182	485	288	172	222	220	60	121	454	245	151	287	94	375	36	78	255	70	91	90	477	270	185
V274	221	187	5	583	470	109	1040	104	48	30	5	423	157	1	239	181	5	101	375	112	21	343	14	196	538	103	216	94	70	12	126	287	12	163	14	115	152	124	115	160	97	147	32	457	65	261	66	66	73	8	220
V275	6	221	186	180	135	93	45	6	55	58	292	315	300	243	292	766	586	50	15	79	155	184	91	53	196	172	537	691	145	334	18	92	127	289	470	270	730	191	59	46	71	187	54	212	166	444	52	389	107	39	156
V276	257	151	41	224	24	171	140	3	140	78	38	42	74	64	147	173	15	22	51	379	65	176	87	111	56	197	270	198	103	14	415	44	10	18	60	199	461	32	588	12	209	130	230	16	106	351	161	534	98	8	179
V277	354	74	49	40	530	168	390	255	61	213	35	52	516	32	263	343	93	24	328	283	646	489	569	345	172	242	692	714	2	12	82	1068	163	79	198	110	400	54	569	214	57	173	16	35	138	413	140	89	21	36	157
V278	37	50	285	474	126	142	329	34	51	77	13	230	182	110	169	88	409	311	64	63	19	61	255	57	105	199	151	75	251	328	109	17	90	554	23	204	41	119	27	116	129	64	190	150	81	221	125	68	235	240	57
V279	189	513	311	613	122	248	240	62	301	386	17	224	159	227	634	45	14	303	404	49	127	136	88	107	50	3	51	114	75	2	371	464	49	296	625	554	444	511	14	375	45	326	246	103	7	9	208	145	440	375	435
V280	87	7	34	115	21	291	76	189	34	153	248	431	304	333	61	366	134	52	225	517	184	144	4	9	98	64	93	48	69	442	124	166	3	398	20	74	62	9	158	150	92	363	100	99	21	156	386	10	82	46	43
V281	155	251	0	15	252	348	421	70	57	156	338	235	188	525	619	102	374	74	0	80	64	2	409	284	92	142	299	6	356	18	156	238	28	475	26	33	29	174	285	29	134	48	209	125	105	160	48	521	285	38	241
V282	199	11	43	16	198	18	865	13	92	193	187	5	43	271	198	252	361	197	12	406	529	67	6	63	383	557	110	72	123	376	38	119	135	100	66	159	187	426	110	34	20	222	316	5	197	625	34	65	329	293	87
V283	123	108	311	150	606	3	221	36	114	57	154	282	122	323	331	209	41	348	9	125	179	132	160	48	222	394	235	75	145	11	101	269	46	443	241	76	492	130	44	97	206	501	831	39	386	384	94	167	6	22	130
V284	482	310	19	54	29	81	164	23	225	426	124	404	23	278	54	19	7	23	235	45	17	786	96	102	173	95	280	40	170	12	858	204	419	320	192	108	294	51	61	93	61	285	107	339	169	32	174	176	1329	75	336
V285	82	153	201	86	71	26	72	421	11	99	280	459	132	66	204	31	402	276	9	29	5	626	1	193	79	29	47	495	472	27	192	365	156	188	123	39	146	329	34	492	102	91	104	52	144	232	13	134	320	139	148
V286	102	148	21	286	171	323	47	150	570	282	267	115	286	59	486	133	50	301	233	319	12	70	39	86	221	130	33	205	55	11	53	239	71	155	339	27	602	222	82	70	61	169	98	627	17	208	275	172	151	505	135
V287	318	11	317	344	182	70	264	443	168	547	289	119	599	11	27	77	4	76	142	164	73	417	209	268	90	41	532	84	278	452	323	236	388	680	76	66	261	400	31	209	164	139	96	48	294	137	260	352	217	70	108
V288	14	21	321	642	314	36	554	124	78	729	581	287	184	17	92	64	35	487	151	63	181	114	99	509	127	738	217	63	1394	333	6	92	131	370	152	49	321	124	254	32	188	70	293	640	32	100	245	140	274	105	50
V289	409	57	144	212	67	14	206	22	1	196	24	392	189	518	707	100	154	279	48	131	218	97	342	269	39	20	156	209	635	207	227	120	382	16	71	36	52	393	184	2	0	242	264	258	114	117	46	28	348	153	147
V290	143	131	80	107	149	9	266	111	152	359	450	318	438	81	122	75	67	66	317	92	216	66	27	30	96	246	100	411	275	0	391	347	31	147	220	198	21	29	163	344	76	129	162	14	34	70	163	174	93	213	135
V291	53	71	45	297	0	30	174	44	263	396	16	25	43	76	83	27	940	298	735	127	317	513	223	290	27	36	60	444	135	11	420	174	107	144	58	382	84	485	33	279	90	200	166	313	240	32	124	83	295	77	78
V292	90	333	228	102	61	91	36	52	74	425	68	95	8	102	60	718	316	788	191	356	380	540	234	246	370	45	8	21	64	711	49	237	85	218	166	47	0	240	577	2	134	129	191	469	141	123	119	48	42	260	251
V293	300	186	313	142	1	32	65	27	45	771	651	136	234	218	203	52	33	372	193	476	287	90	26	398	102	49	343	48	56	159	266	128	112	327	128	359	315	93	262	88	27	8	299	381	293	287	16	38	125	230	208
V294	264	136	67	142	22	49	65	84	61	38	483	66	77	498	49	5	60	694	344	454	88	102	152	1275	308	46	185	14	325	402	363	80	52	14	21	43	773	179	45	267	510	132	7	80	148	415	49	37	136	2	200
V295	54	10	16	374	70	90	184	262	120	556	124	281	7	224	11	216	610	196	58	120	73	135	16	116	132	165	155	52	117	47	18	41	394	194	145	166	272	46	96	72	97	157	121	52	219	239	72	66	5	89	32
V296	68	446	225	140	153	4	110	165	88	5	53	768	532	240	27	36	820	131	278	172	406	216	20	105	1	64	58	101	255	282	77	367	201	25	1592	268	12	89	115	4	1294	129	838	39	60	67	14	349	24	958	355
V297	541	66	179	55	410	263	27	90	458	218	65	6	200	94	474	65	155	3	66	411	10	171	29	53	24	58	152	47	319	384	33	112	137	328	135	49	266	131	77	14	180	11	140	208	249	56	251	51	8	228	171
V298	209	161	7	391	97	114	701	359	121	6	53	10	109	110	84	547	86	88	175	383	475	96	8	19	137	1	229	0	43	26	38	325	181	158	220	22	522	120	26	47	317	134	206	88	302	98	383	25	175	199	173
V299	70	142	317	11	179	30	0	115	116	50	473	414	96	218	433	54	314	27	568	167	315	194	402	46	57	118	146	335	260	482	309	613	688	178	1	129	64	145	79	364	434	67	58	241	115	237	191	115	24	93	126
V300	46	152	14	128	57	213	171	89	698	439	271	291	21	118	145	402	335	157	223	39	11	76	197	510	144	90	24	7	95	105	45	704	158	50	131	172	242	43	199	157	289	146	209	308	126	457	44	129	91	396	113
V301	414	305	3	501	214	544	156	74	19	430	346	540	36	59	91	29	190	1127	146	378	391	301	329	224	45	577	432	1239	77	28	292	85	316	208	97	30	63	486	13	142	196	515	79	41	43	65	972	345	88	470	311
V302	5	28	1327	118	244	195	233	28	805	62	151	8	119	129	13	56	970	10	50	608	95	512	249	272	1148	68	260	47	433	420	190	36	47	121	322	305	34	97	111	133	27	5	127	13	5	128	465	93	209	255	25
V303	196	324	692	378	264	489	210	68	127	350	222	241	153	20	233	166	243	170	9	134	22	1137	183	51	7	6	54	249	349	130	88	385	451	58	132	679	35	64	521	119	303	264	149	140	54	139	18	781	113	100	277
V304	226	108	9	2	349	181	107	39	493	13	1	747	104	98	578	110	177	275	146	57	355	147	29	116	259	411	322	52	227	138	477	163	7	121	161	613	415	48	94	804	951	142	153	108	376	70	781	358	161	208	138
V305	270	374	470	70	28	0	44	33	4	91	468	11	85	193	99	129	101	9	269	12	103	218	66	122	45	295	788	82	36	526	394	107	153	579	21	127	45	298	336	131	499	803	133	327	30	34	509	255	391	17	343
V306	144	13	6	437	458	344	52	76	391	55	206	83	467	381	93	59	33	460	698	548	176	99	214	187	32	3	546	12	127	4	51	32	121	27	44	23	52	59	115	806	238	190	251	86	32	323	64	185	127	334	60
V307	257	86	21	341	124	88	34	268	429	62	33	75	272	154	94	92	2	439	61	172	730	103	99	15	253	197	101	141	391	118	68	190	180	167	45	120	276	23	78	147	298	506	59	1	388	25	924	10	96	261	105
V308	323	50	972	65	294	76	217	48	4	380	330	23	116	504	835	480	121	74	298	74	13	46	1095	8	540	58	56	39	52	358	76	769	136	69	199	92	362	12	44	60	260	26	0	22	16	74	238	815	131	121	130
V309	232	650	243	85	24	19	33	197	42	25	48	522	53	181	168	116	76	150	263	17	166	189	99	8	154	687	281	139	185	87	22	40	4	223	76	22	126	280	331	198	297	401	194	48	108	428	502	350	185	608	499
V310	20	143	150	78	21	213	243	349	28	207	546	121	86	41	100	100	188	63	47	138	168	37	287	36	118	376	91	80	23	109	3	382	137	583	114	225	48	144	412	97	951	50	174	209	193	81	200	259	34	120	127
V311	159	166	91	29	82	34	107	402	47	382	167	160	43	393	2	31	22	31	212	40	477	174	16	18	109	71	165	137	352	498	83	127	489	81	109	7	471	2	160	232	208	262	44	35	537	406	40	51	21	462	156
V312	567	184	6	280	110	36	133	371	1186	7	518	103	468	218	253	1708	343	249	111	170	176	55	464	277	96	294	77	156	32	23	136	515	33	392	41	363	47	231	124	57	314	41	226	24	57	15	239	88	341	743	295
V313	172	413	311	719	399	228	28	37	480	29	93	274	31	428	601	97	290	110	70	129	324	236	59	14	11	531	17	269	214	471	643	459	83	98	53	136	76	49	191	131	36	219	424	61	328	9	135	338	196	245	342
V314	864	8	140	8	891	508	13	47	291	67	156	172	153	129	320	74	617	127	86	2	552	215	105	72	326	59	183	274	422	457	245	493	65	342	24	362	832	122	5	415	34	266	4	21	588	252	287	41	158	61	231
V315	133	51	66	11	157	1666	797	295	102	50	274	61	74	146	11	38	722	374	7	385	188	345	1	78	788	337	12	368	26	765	194	16	265	20	48	1	510	231	204	2	832	14	257	77	83	198	519	40	204	182	96
V316	231	553	847	170	2	74	10	7	108	206	23	128	185	224	104	209	144	190	31	387	277	196	269	11	103	34	27	42	103	254	481	87	62	180	473	449	43	327	183	246	390	810	210	210	47	45	159	88	15	19	471
V317	57	46	38	376	25	76	132	2	407	120	232	580	135	225	306	64	112	48	170	107	2	151	13	443	67	214	87	697	93	26	268	54	64	113	4	792	401	67	256	182	177	410	114	13	1	158	4	324	180	1	47
V318	150	2	124	240	444	377	7	55	320	11	22	413	447	214	315	76	186	554	89	94	409	64	26	164	227	106	127	163	291	143	8	23	219	170	129	997	47	1111	319	459	187	412	346	239	16	91	142	14	217	275	52
V319	8	445	231	189	28	405	187	24	112	52	245	249	29	160	157	328	80	63	50	353	346	10	18	179	434	379	10	134	142	185	626	634	199	157	84	6	124	97	108	440	406	742	174	336	95	183	38	197	86	284	337
V320	63	35	68	188	43	130	103	52	256	99	800	17	256	38	39	752	156	168	24	129	196	47	276	242	308	171	175	88	415	567	210	293	153	105	135	994	139	45	500	184	517	17	113	114	327	133	194	261	54	92	59
V321	68	117	35	319	8	50	32	31	261	3	594	222	36	108	329	133	16	156	89	63	22	82	42	330	336	77	207	205	73	546	338	230	781	123	68	221	30	40	295	426	110	58	18	118	83	499	383	69	130	134	116
V322	40	67	0	373	134	68	232	62	639	362	312	17	493	62	376	351	107	0	57	41	55	430	507	7	80	508	4	289	4	23	107	91	117	91	66	254	489	83	51	115	280	18	13	136	27	41	303	212	704	361	80
V323	17	99	106	107	114	169	167	475	154	447	97	303	93	311	135	108	236	52	73	376	141	120	120	356	179	175	220	1126	68	94	29	733	523	117	72	252	155	11	93	174	119	204	201	343	170	20	331	668	256	33	86
V324	201	253	474	58	121	212	799	2	95	137	17	108	189	233	395	642	84	287	445	163	42	7	31	43	549	140	192	17	1	16	247	222	255	52	38	274	27	617	159	69	279	340	715	134	12	148	143	166	23	550	230
V325	88	163	218	115	109	380	52	132	70	137	84	73	362	76	81	206	385	404	121	174	129	314	185	575	184	9	13	115	180	150	95	109	63	212	416	51	47	164	328	127	63	169	117	63	54	43	104	235	138	506	173
V326	266	127	47	123	86	107	222	140	163	188	260	280	118	282	64	225	534	48	170	321	492	86	24	84	151	83	114	369	92	21	30	146	38	302	491	54	549	66	898	293	10	298	126	192	15	151	104	27	44	248	170
V327	182	187	51	66	139	145	482	236	137	38	51	275	40	318	462	285	93	210	262	29	323	543	133	200	113	269	101	5	377	138	107	173	71	5	2	299	420	25	341	332	77	403	819	128	7	468	48	13	330	90	208
V328	169	279	261	459	309	676	108	144	345	407	4	312	400	19	243	442	64	20	31	279	371	220	264	269	248	106	231	500	431	894	38	238	172	125	109	62	295	643	27	24	30	507	227	114	65	77	59	143	507	33	232
V329	7	868	70	46	175	398	611	280	31	294	24	74	82	35	31	174	208	60	521	55	60	246	100	346	119	198	57	625	248	165	579	52	100	336	128	13	190	363	372	71	143	89	219	470	309	495	105	249	257	473	620
V330	17	296	399	204	637	261	73	53	17	177	62	271	18	13	330	8	104	223	144	19	4	50	9	10	396	645	186	122	37	499	262	175	117	35	262	98	195	74	433	51	394	708	9	80	1	39	409	325	71	54	218
V331	24	8	597	142	444	67	4	632	11	192	240	146	91	285	35	605	2	36	211	123	192	43	36	303	122	262	99	328	62	150	39	11	339	181	66	173	66	84	1034	232	22	359	20	154	166	39	494	264	15	557	25
V332	68	19	135	33	40	272	80	16	355	94	40	150	43	52	246	35	100	116	98	88	27	136	14	331	25	26	45	131	220	17	167	231	113	416	115	42	121	40	453	640	408	329	459	17	288	174	118	295	44	69	39
V333	369	88	169	137	107	128	43	234	5	64	188	96	116	484	99	381	161	22	247	40	72	376	41	29	735	51	413	28	162	227	291	253	105	338	45	218	276	7	280	43	158	85	364	398	105	218	59	45	165	255	138
V334	1018	202	69	117	249	2	589	55	248	90	67	73	21	39	159	104	78	100	32	690	141	17	64	166	13	50	129	257	294	233	177	199	433	9	45	604	149	80	39	165	197	245	263	118	137	172	204	294	153	13	361
V335	131	105	286	547	219	119	310	52	727	245	66	74	61	84	23	20	727	58	711	237	208	541	57	275	78	78	20	329	620	87	33	94	51	53	81	17	33	13	1	204	67	261	329	199	106	97	328	66	257	28	125
V336	407	146	63	197	22	117	74	398	190	117	292	133	242	369	22	152	147	106	382	142	93	198	50	45	269	209	243	392	34	81	53	302	25	69	176	260	186	150	62	146	434	643	23	176	256	203	162	15	300	85	253
V337	162	414	4	20	69	95	439	515	9	423	194	26	120	148	631	125	27	56	222	1	113	154	785	696	268	43	582	483	185	164	52	48	616	2	58	45	144	300	168	414	32	321	20	395	107	258	7	16	382	29	332
V338	14	29	185	450	486	356	801	133	61	370	13	185	607	25	176	9	459	29	166	170	36	295	266	217	493	16	12	225	61	409	246	43	461	327	63	132	202	963	104	27	40	14	260	627	133	110	376	166	180	192	50
V339	161	289	26	21	231	73	29	413	261	339	8	370	235	83	338	47	91	191	72	85	153	0	618	55	211	4	47	44	980	324	394	32	297	87	670	64	44	393	335	77	260	179	32	216	383	223	342	110	11	616	251
V340	112	51	31	92	611	112	162	49	332	131	124	53	102	58	246	63	103	132	111	70	10	211	327	36	10	222	49	159	486	164	136	173	330	11	64	4	37	55	177	79	126	334	354	24	531	40	276	137	369	73	71
V341	117	155	185	268	1109	62	54	81	171	128	344	37	514	258	37	41	50	57	201	51	22	462	62	71	47	19	36	232	195	285	61	51	167	208	337	48	180	190	349	546	340	6	413	411	2	119	67	753	38	281	157
V342	13	138	370	102	277	251	114	187	129	232	35	26	62	0	370	75	207	94	601	398	34	172	20	74	69	17	293	37	132	278	268	75	140	130	210	443	36	177	277	141	55	4	73	109	336	613	326	184	48	88	126
V343	151	33	404	422	166	193	23	39	295	10	77	31	96	73	325	2	138	649	56	184	604	241	236	354	23	41	208	191	2	42	156	54	144	151	101	334	73	815	22	115	33	430	174	138	119	239	60	28	282	33	73
V344	134	314	71	354	692	26	79	265	278	214	45	599	118	213	3	245	96	268	71	471	26	279	390	75	53	99	40	22	36	82	51	699	184	39	285	1108	33	227	300	78	117	468	283	160	132	270	302	301	245	75	256
V345	501	56	259	173	211	4	377	813	45	404	104	59	673	243	10	450	82	142	66	107	103	179	8	141	330	179	179	53	90	124	474	134	275	65	146	1239	82	254	65	110	697	254	136	141	2	375	69	27	409	57	181
V346	52	245	75	348	316	80	153	9	236	770	137	207	39	439	244	12	230	32	14	385	276	368	356	13	107	237	192	1	35	119	1	189	149	143	6	128	277	147	63	300	10	105	274	143	33	151	356	20	36	384	175
V347	37	67	229	31	16	708	6	306	339	375	139	122	78	702	185	1057	207	210	141	52	45	41	441	149	199	250	745	41	80	36	375	228	403	109	238	326	102	44	21	94	382	113	171	35	256	175	109	269	164	277	66
V348	68	122	14	163	50	59	74	135	46	502	81	82	72	407	67	2	192	168	140	444	180	316	4	168	266	264	80	23	371	567	519	199	158	37	62	75	175	446	267	40	9	151	62	332	219	228	191	31	153	81	100
V349	528	614	6	110	171	12	264	23	51	300	77	25	73	104	139	44	16	351	157	255	79	108	114	47	221	137	73	30	209	524	243	165	248	22	743	5	162	134	31	502	298	55	261	912	246	250	298	170	105	133	584
V350	38	8	427	89	256	278	84	28	166	321	484	87	86	191	157	133	5	770	45	39	41	553	140	4	16	4	93	29	38	219	30	114	278	193	1077	419	405	369	1	326	357	261	92	285	608	55	356	328	1434	87	50
V351	18	505	225	416	192	251	37	593	285	72	42	91	18	158	66	132	28	765	158	155	67	237	503	9	5	446	106	86	168	584	280	105	446	122	466	14	51	482	26	145	254	90	92	287	649	50	64	90	355	257	363
V352	140	193	18	39	48	894	240	388	32	144	8	58	77	205	145	118	77	16	448	381	259	634	91	206	13	558	1	99	242	0	129	565	141	0	99	145	129	76	87	185	109	186	232	17	86	82	168	380	27	104	204
V353	36	113	150	290	275	394	58	94	761	227	34	30	744	175	224	150	190	35	393	136	166	51	44	60	185	97	155	342	636	156	60	242	7	96	292	413	97	89	468	66	103	113	212	22	95	489	68	95	48	81	110
V354	608	276	332	130	197	368	542	169	714	1067	120	3	184	246	435	24	392	37	60	17	206	94	84	241	428	102	366	19	481	294	175	327	70	17	91	18	337	176	142	31	410	253	93	687	28	203	387	117	732	318	318
V355	248	122	39	6	353	15	279	31	236	556	28	340	525	210	336	26	408	33	164	28	157	288	16	398	121	131	314	10	46	34	32	416	59	47	380	316	68	22	22	20	153	146	27	293	509	70	191	696	14	370	155
V356	359	223	164	63	52	72	105	6	76	78	21	154	12	239	103	65	260	3	50	127	662	148	342	106	194	2	374	143	71	18	67	169	194	35	172	199	363	75	44	218	22	276	258	139	102	70	935	43	44	257	240
V357	144	140	371	8	109	7	545	36	279	79	136	238	67	137	289	11	14	125	175	75	441	9	97	116	16	29	14	18	171	20	16	11	500	168	181	436	55	1086	176	13	207	17	26	129	230	271	104	1	405	198	141
V358	10	280	0	153	296	192	123	12	275	363	90	26	619	64	73	2	449	118	189	303	144	210	189	354	15	81	103	91	397	287	39	498	149	307	276	203	6	254	4	79	267	86	113	561	35	41	338	107	48	99	227
V359	335	5	435	378	219	133	68	16	263	1047	107	483	32	88	146	174	82	167	41	16	64	89	184	90	29	181	44	213	87	133	158	60	191	1	141	85	109	31	75	285	104	104	0	107	228	207	100	192	90	100	89
V360	366	9	663	111	107	1	201	239	307	144	531	65	94	82	138	37	12	213	377	97	635	447	78	202	125	74	10	259	249	267	109	64	69	212	335	73	23	96	179	48	13	178	81	47	54	102	422	40	14	84	115
V361	206	26	335	176	132	133	97	159	334	356	44	162	234	610	377	268	0	360	29	104	54	403	3	84	53	74	675	41	1	515	516	91	193	883	35	724	38	5	226	30	332	112	170	349	184	341	320	269	494	231	87
V362	235	38	50	284	92	436	605	34	223	122	98	184	74	49	140	54	589	71	263	182	110	94	560	376	693	421	36	245	546	16	365	356	268	125	48	214	172	185	137	163	43	135	369	116	24	140	16	114	67	1112	120
V363	475	337	146	192	95	349	116	422	742	117	112	96	36	153	64	122	50	632	191	689	304	26	615	97	714	516	106	269	534	333	60	251	4	85	44	34	48	43	4	299	18	118	356	290	33	293	364	17	681	33	331
V364	32	7	98	259	130	337	6	26	193	67	137	41	170	236	180	210	661	74	146	237	104	17	731	1	413	203	65	52	129	263	109	0	50	42	168	188	167	443	152	155	313	170	124	93	209	156	172	204	77	282	23
V365	346	121	96	3	702	69	57	163	266	231	593	1128	538	254	126	93	431	112	573	59	168	292	288	215	100	243	495	239	182	43	696	201	56	280	481	352	73	282	324	220	20	123	185	315	333	99	91	30	422	90	164
V366	349	23	189	9	117	34	30	214	325	161	89	244	181	184	310	63	151	97	135	207	2	250	408	765	807	11	47	401	287	15	323	215	50	37	91	36	424	86	16	9	27	171	530	152	126	327	475	7	382	479	107
V367	250	63	262	337	348	1	75	180	656	420	987	215	64	419	524	47	892	289	201	280	382	378	649	2	40	109	547	74	290	212	157	89	82	33	13	42	22	1	221	166	113	745	37	41	213	193	405	190	464	257	119
V368	195	50	127	218	12	12	37	262	174	340	60	88	289	253	80	526	58	343	29	11	417	18	612	302	34	633	20	55	186	510	136	458	45	62	178	168	28	235	412	472	195	140	55	125	84	57	3	37	224	144	85
V369	118	102	146	58	26	22	3	112	287	332	182	940	299	337	18	241	9	183	0	45	54	66	410	745	80	845	42	49	492	42	119	23	132	162	54	6	61	151	192	151	65	324	103	252	706	272	373	251	174	108	120
V370	39	32	163	166	28	23	51	247	533	153	156	193	307	64	33	228	68	37	163	65	7	56	80	448	90	14	17	324	30	72	74	655	58	95	144	106	59	273	56	131	14	571	6	134	271	47	326	90	17	60	53
V371	251	14	565	509	131	216	52	250	163	240	70	66	32	599	22	117	26	269	271	160	23	6	88	313	88	27	323	188	93	17	560	55	112	621	97	193	51	3	108	33	146	525	3	278	303	74	63	180	182	19	88
V372	31	70	102	83	74	19	53	117	255	57	128	66	83	288	203	64	159	258	288	401	24	145	437	362	103	656	241	498	71	41	734	349	221	565	488	330	351	25	456	13	541	117	167	198	73	547	55	293	42	117	69
V373	626	66	16	44	142	366	640	19	35	200	60	0	342	117	35	37	69	24	26	3	185	348	26	8	22	38	246	523	17	262	19	12	187	178	93	639	833	134	87	561	64	233	110	1	121	211	44	220	44	180	188
V374	270	70	202	342	109	137	111	25	91	343	164	182	350	714	159	346	80	18	336	84	213	50	206	146	212	117	87	292	215	76	240	285	289	16	283	181	189	138	536	540	348	488	40	317	27	30	100	231	401	371	127
V375	298	462	47	1	22	442	2	101	18	24	215	35	53	283	110	678	226	262	40	78	1	102	263	1088	577	449	167	262	129	620	743	132	0	47	78	161	22	26	107	85	107	34	520	126	176	60	226	179	151	9	388
V376	32	2	135	319	3	50	71	65	263	173	12	288	180	34	354	211	402	261	86	63	298	44	154	122	612	39	132	293	135	263	525	682	59	428	14	11	297	136	205	20	48	16	628	206	26	126	106	51	550	8	28
V377	1115	4	88	58	24	43	66	156	406	185	460	100	340	183	194	156	17	5	329	49	382	217	123	590	354	177	93	161	33	410	181	758	436	3	399	188	94	57	283	423	213	188	105	36	11	825	6	9	9	51	266
V378	644	62	24	513	290	15	491	24	574	548	7	477	54	151	68	198	110	426	74	279	61	10	49	134	106	664	404	78	213	119	11	241	25	36	45	52	262	277	195	385	75	99	111	1091	142	140	612	86	287	50	201
V379	292	220	590	158	57	8	11	359	52	353	284	11	421	165	130	145	66	291	18	47	162	20	167	10	9	214	225	96	348	0	109	124	286	150	296	212	70	55	21	109	80	493	37	59	505	137	84	327	43	218	230
V380	320	304	253	51	490	136	33	370	479	668	28	219	119	11	241	431	122	129	514	23	359	55	49	148	8	42	482	265	199	218	13	483	272	136	176	84	212	51	93	100	66	53	629	207	11	110	36	258	68	118	308
V381	201	133	66	178	115	55	511	87	40	2	366	83	269	36	131	370	574	315	73	116	227	421	866	65	164	171	176	68	201	44	5	242	44	346	78	61	153	159	613	47	308	84	122	4	30	24	234	301	229	3	178
V382	452	78	3	220	138	598	210	53	56	444	415	29	260	91	152	66	187	41	159	235	60	12	115	145	74	67	313	383	20	313	11	29	89	64	68	178	30	179	72	884	128	431	601	548	62	379	307	23	649	80	163
V383	5	174	36	639	2	737	133	158	346	0	185	264	10	405	252	243	50	2	271	27	223	9	93	493	276	292	81	26	33	3	48	141	191	100	93	44	5	19	493	1	10	80	63	173	246	121	280	279	32	17	143
V384	207	173	104	412	324	399	12	60	497	10	225	38	7	814	1	47	177	295	659	71	35	6	36	249	187	253	105	85	292	492	13	84	569	88	65	655	527	27	416	61	27	134	204	236	20	46	46	34	273	547	191
V385	295	88	5	237	181	29	330	421	100	39	298	110	138	90	320	38	69	325	60	78	186	28	522	32	314	121	95	723	115	26	38	17	319	46	151	121	17	892	11	14	90	70	48	98	413	466	315	113	872	205	138
V386	69	565	383	13	552	191	72	415	629	3	26	43	184	186	97	404	24	41	520	6	77	151	13	577	185	517	81	88	200	160	153	87	609	140	234	336	163	644	15	140	40	49	293	186	49	323	133	38	48	139	431
V387	192	37	131	720	139	414	333	446	103	26	281	136	113	200	313	517	218	19	49	668	9	0	65	109	105	143	153	147	108	7	182	53	7	50	475	321	2	10	85	12	146	791	344	98	309	53	106	20	73	15	83
V388	338	8	227	117	347	270	29	19	205	56	74	63	400	129	82	356	92	607	134	222	92	116	360	183	107	355	98	271	448	44	252	34	419	137	82	216	100	64	53	10	220	193	450	502	157	0	132	343	47	138	104
V389	972	44	153	77	337	59	723	71	215	52	153	297	133	68	307	213	0	415	141	447	101	273	413	289	442	24	203	583	437	4	0	62	187	47	91	363	266	290	314	125	177	502	133	579	139	19	12	134	89	243	245
V390	146	702	558	437	261	82	153	265	177	237	25	155	36	181	204	132	106	792	261	33	722	60	286	246	82	857	106	49	57	83	122	151	236	109	131	228	204	618	890	61	131	62	233	81	176	340	27	350	216	230	586
V391	233	163	80	198	18	100	71	631	220	47	63	350	746	296	135	198	436	158	92	723	34	514	128	181	264	29	159	102	8	260	67	163	54	101	73	139	470	63	30	55	32	119	60	109	488	258	63	102	128	8	168
V392	1	244	373	573	474	209	27	81	162	235	401	296	287	303	388	3	178	51	4	327	208	217	318	15	59	186	354	202	126	17	383	287	53	194	102	104	689	93	312	193	141	99	602	24	56	593	132	21	462	185	203
V393	359	329	321	159	1	101	99	813	248	671	206	72	239	80	38	228	173	179	87	8	209	416	71	538	141	1059	110	69	270	486	1	68	467	22	143	51	147	116	205	374	60	353	148	381	400	391	39	154	254	159	326
V394	56	49	356	28	66	34	267	66	321	139	69	345	566	455	311	50	60	37	427	625	249	69	404	149	34	187	96	103	64	474	298	12	602	93	344	12	82	1	213	418	293	701	251	116	95	140	185	108	260	262	58
V395	144	74	294	224	535	4	497	83	54	91	270	618	82	149	16	157	295	167	444	171	98	16	567	448	104	150	448	28	512	576	40	280	19	390	27	92	91	56	239	305	77	206	77	49	362	40	166	346	269	20	92
V396	290	108	786	474	106	533	61	510	273	155	490	67	3	2	150	34	125	26	2	24	802	486	150	22	194	212	225	548	161	40	263	759	380	286	134	257	5	418	403	768	289	941	77	167	369	70	303	57	43	468	158
V397	521	59	47	107	109	26	148	36	48	173	88	449	43	15	3	93	79	90	119	213	14	115	462	92	18	510	151	181	140	146	18	175	195	46	226	163	38	969	31	93	225	318	283	55	95	561	267	2	168	358	156
V398	75	362	220	207	50	197	357	587	10	1168	6	53	202	41	562	256	67	170	167	9	172	6	3	92	308	39	13	1136	823	205	35	173	35	143	4	13	108	26	54	27	376	160	31	279	405	130	349	66	0	62	303
V399	48	48	331	104	750	301	95	49	17	89	235	662	64	50	36	626	0	151	18	201	116	321	73	23	22	56	306	180	35	290	326	20	5	333	56	673	123	28	110	509	115	33	498	212	51	114	106	832	212	218	67
V400	145	62	784	94	356	241	398	224	52	997	201	101	347	49	289	15	7	52	684	938	141	176	45	818	128	307	461	35	0	163	1118	363	3	219	122	338	232	216	106	170	524	17	126	35	173	100	130	42	335	80	112
V401	96	48	103	11	112	498	45	162	66	94	789	129	50	125	17	272	355	8	47	16	4	192	251	6	212	206	69	77	40	332	208	28	189	686	1035	569	130	197	47	145	50	485	188	1043	71	186	133	13	495	159	74
V402	158	167	4	215	209	83	15	305	489	17	163	304	171	546	566	5	495	178	348	124	100	465	126	224	219	20	122	143	277	193	593	215	78	113	48	461	143	143	278	267	26	71	63	26	189	260	10	239	62	145	142
V403	29	315	265	168	3	275	564	35	261	904	115	153	1	185	21	128	112	414	72	30	80	208	48	339	223	8	102	3	495	243	99	215	323	106	146	225	33	394	450	159	71	657	265	81	347	2	281	151	94	111	252
V404	163	424	96	1	122	201	54	11	21	485	94	160	214	26	402	101	172	57	377	333	163	264	176	47	3	72	192	197	383	149	96	0	223	79	40	31	132	61	524	74	322	126	7	244	274	187	171	154	296	51	337
V405	28	309	160	46	55	205	291	34	452	63	28	20	406	51	23	76	77	15	77	17	76	83	143	2	346	124	352	150	189	175	156	200	348	16	31	144	376	732	367	634	356	204	266	617	230	28	812	303	373	119	242
V406	169	155	62	42	187	103	39	58	244	376	42	225	215	75	576	677	27	432	24	30	214	214	368	39	55	373	52	132	412	368	74	90	40	379	138	549	249	52	89	16	146	173	33	523	828	162	586	31	8	97	174
V407	366	333	48	81	148	129	13	311	406	74	125	49	146	85	51	69	719	100	102	241	96	121	260	557	63	105	9	111	309	149	0	394	380	334	47	344	65	343	25	549	26	265	275	580	175	45	75	186	72	187	297
V408	123	286	429	198	22	324	7	0	352	55	373	203	260	137	167	220	24	30	151	0	403	38	333	512	28	161	157	177	133	433	374	222	292	3	103	87	143	389	113	0	3	126	125	3	375	119	3	389	244	446	251
V409	255	28	128	12	636	59	42	206	259	149	215	1	5	164	216	139	176	272	37	15	161	17	581	596	96	45	95	184	86	64	78	311	181	21	80	201	83	13	81	71	76	298	210	25	102	485	77	611	148	512	93
V410	394	219	394	294	144	695	124	381	145	307	301	39	71	190	66	150	706	419	77	151	157	105	310	233	42	26	457	10	39	386	427	5	167	2	185	268	210	5	16	500	324	44	16	921	486	43	519	0	629	134	235
V411	321	93	548	88	11	16	132	28	150	220	242	56	8	14	289	82	26	375	110	473	144	111	20	155	206	128	3	513	51	76	22	109	494	9	1	71	123	51	84	185	2	4	62	127	966	105	108	81	22	253	165
V412	230	252	127	140	189	38	93	42	414	202	121	270	593	35	309	346	172	187	442	240	205	129	264	227	136	22	232	534	76	84	299	0	426	32	367	236	34	51	20	445	25	184	203	115	73	256	271	192	37	71	266
V413	350	28	63	256	86	172	161	756	16	99	265	175	317	86	65	143	105	122	10	20	144	120	23	486	391	560	181	205	208	299	167	101	597	36	356	228	188	97	131	143	26	73	287	454	775	986	413	33	196	12	99
V414	116	108	76	38	139	322	6	46	435	33	322	94	79	79	16	169	178	337	84	113	930	715	89	117	575	173	597	19	118	34	69	86	1	584	70	141	5	179	9	497	85	12	352	292	334	159	331	92	647	116	117
V415	83	99	81	23	87	556	29	83	290	538	249	25	30	436	23	2	62	396	135	131	28	227	416	249	417	634	43	441	143	280	504	257	43	9	7	92	255	107	159	300	113	71	821	667	90	566	135	45	91	214	100
V416	180	233	157	432	280	461	170	118	424	614	235	16	280	387	54	273	881	8	702	32	43	178	132	94	226	12	362	403	51	190	317	55	240	576	185	263	15	37	76	46	60	56	126	120	119	17	100	491	85	363	205
V417	37	200	318	205	333	166	9	243	296	133	223	375	36	62	98	2	166	109	230	114	27	7	137	725	57	34	1099	132	182	49	113	253	35	83	157	195	11	1229	40	465	348	69	160	647	118	11	138	39	107	2	165
V418	207	580	630	171	172	264	38	226	238	242	311	318	230	33	70	478	158	218	96	252	15	436	26	68	44	271	178	248	161	529	152	69	365	50	10	215	150	341	195	1019	146	712	27	81	42	97	395	5	57	176	525
V419	170	104	402	45	9	184	475	100	567	155	86	125	1	715	22	58	22	91	107	523	73	752	244	218	349	124	151	98	61	8	37	2	141	23	356	276	50	27	0	221	246	5	64	274	2	189	538	150	232	433	118
V420	153	31	154	142	141	87	283	73	317	87	95	121	17	122	77	489	119	384	69	165	779	0	327	22	493	169	357	73	105	48	744	23	132	133	97	376	81	398	30	354	487	449	167	109	143	32	364	506	476	54	93
V421	448	291	51	136	184	68	86	17	128	242	105	129	597	189	492	80	102	51	29	14	154	210	876	28	181	192	27	141	813	132	17	373	79	91	20	224	291	79	295	34	242	591	319	344	60	308	195	185	47	33	295
V422	375	210	411	23	15	72	142	53	368	28	640	540	214	294	19	1013	92	77	367	399	524	179	257	303	119	0	131	248	69	375	92	136	295	88	385	599	236	214	95	7	749	54	200	152	395	768	4	534	28	82	229
V423	66	240	35	403	774	33	348	208	234	4	21	75	62	94	86	488	464	145	25	143	12	425	9	44	117	231	110	28	66	135	254	123	127	97	83	8	367	41	344	430	71	270	363	214	1000	447	369	358	144	36	205
V424	893	497	13	117	500	29	1170	744	348	15	18	9	93	308	17	84	112	274	72	124	207	43	191	369	159	1102	5	48	306	221	22	143	420	56	118	28	310	413	171	83	30	280	20	121	115	35	187	6	48	830	564
V425	6	203	331	1	92	296	183	39	47	521	73	182	205	627	193	72	13	203	338	122	36	37	116	86	146	479	387	58	35	138	28	104	3	479	14	4	3	163	12	209	259	204	140	41	147	243	610	152	60	6	150
V426	345	912	540	95	99	84	108	60	175	475	246	62	23	232	24	31	121	303	53	525	74	403	294	49	33	332	6	79	37	317	254	157	54	785	428	90	71	17	78	277	17	167	2	33	347	159	113	348	183	51	750
V427	314	46	108	86	36	38	344	265	106	53	150	159	121	37	564	9	313	21	81	58	155	60	181	219	24	8	56	209	230	1192	305	90	33	177	115	191	7	63	580	33	73	155	57	109	44	33	66	313	118	9	113
V428	241	534	45	59	25	67	127	37	7	26	76	11	205	287	161	142	341	14	120	55	1094	97	460	2	165	173	592	6	284	10	287	24	90	748	192	319	141	63	116	68	10	42	0	113	30	144	389	674	264	26	441
V429	39	235	71	309	0	83	71	190	48	35	71	67	45	107	168	156	343	554	174	399	310	20	155	399	181	48	464	125	191	11	737	363	72	610	249	200	142	156	233	68	260	144	411	102	160	7	195	389	48	29	189
V430	121	384	164	176	246	190	16	8	428	138	81	156	792	38	126	372	14	111	81	42	132	452	31	469	58	258	158	612	32	382	144	169	94	979	64	335	480	68	52	622	358	111	77	52	120	181	601	667	135	69	312
V431	413	270	25	31	120	96	616	92	61	1038	55	415	20	217	75	66	471	107	136	23	90	13	103	35	431	210	80	351	158	328	819	6	106	118	256	47	64	24	18	17	25	348	187	893	372	77	8	228	388	78	283
V432	180	98	71	666	198	75	233	240	104	607	14	215	30	708	686	186	144	83	153	54	836	38	164	18	221	5	245	102	89	104	56	519	17	365	810	190	296	180	420	105	289	389	32	214	37	95	17	283	189	220	118
V433	86	18	24	235	16	238	3	98	100	0	37	316	248	211	111	53	165	0	155	1121	299	110	1689	197	525	161	20	94	326	734	57	130	119	189	160	153	160	67	98	57	198	55	293	150	580	123	511	285	538	45	43
V434	461	23	18	416	364	121	334	41	393	241	180	474	451	38	144	76	27	149	233	46	36	2	749	78	374	47	15	283	116	39	243	178	159	1	45	378	273	273	622	143	79	69	498	60	127	120	256	323	385	555	137
V435	107	41	293	301	133	219	148	47	10	20	173	629	37	20	125	252	236	50	79	33	96	192	40	204	222	241	35	40	309	84	423	234	714	344	90	35	84	559	810	1	8	97	59	344	319	7	201	137	273	337	71
V436	176	56	104	12	470	452	100	18	76	15	49	193	122	92	72	220	1009	117	146	336	26	162	191	160	332	308	227	458	295	240	114	83	88	214	10	202	117	187	141	110	196	16	107	69	56	27	134	29	52	149	83
V437	168	144	5	196	48	152	42	209	91	541	37	548	445	298	139	103	152	56	299	3	62	514	568	337	1250	324	90	281	238	440	270	269	34	665	1060	37	173	81	168	642	387	662	120	1	488	188	82	12	137	998	133
V438	5	262	82	101	310	125	180	91	139	175	3	316	78	143	447	31	223	379	124	61	478	104	31	71	669	330	216	265	344	468	108	112	539	256	38	12	352	265	173	31	181	116	109	52	31	257	170	229	394	105	213
V439	284	103	65	127	158	154	13	138	10	59	250	56	149	120	106	3	17	155	428	57	91	98	89	82	143	53	103	175	168	234	44	95	369	39	182	95	21	601	446	383	143	114	53	139	253	109	51	66	457	26	154
V440	356	14	47	89	88	464	17	224	83	657	251	355	677	731	340	26	556	111	709	96	16	483	559	12	401	75	35	24	427	184	74	653	2	366	143	249	81	131	44	328	21	154	50	1096	176	98	387	123	37	59	120
V441	611	213	413	39	97	29	570	26	254	49	52	13	486	16	166	367	158	19	79	305	129	105	267	18	526	728	720	10	69	725	407	63	23	96	21	432	120	21	154	138	170	604	40	204	29	180	56	2	75	112	291
V442	82	151	162	680	146	196	18	58	49	102	296	236	189	143	30	472	568	142	149	84	766	413	292	9	10	131	74	9	139	180	259	208	182	115	362	125	12	254	13	203	296	8	27	341	218	76	166	135	184	665	134
V443	174	514	392	172	512	565	0	255	208	61	252	223	25	263	420	293	112	78	34	194	10	70	333	330	82	15	142	142	362	759	391	35	83	75	599	415	118	57	28	428	32	266	43	111	80	285	209	12	43	195	401
V444	122	69	67	187	122	431	240	13	29	571	498	108	48	323	348	3	4	68	187	33	186	391	1	513	19	146	874	122	211	277	6	133	6	368	128	62	20	232	413	58	650	15	451	89	106	982	189	53	61	420	101
V445	61	66	86	201	46	76	474	82	119	298	993	75	152	418	131	64	547	22	247	268	993	475	203	21	213	183	172	23	247	187	318	20	197	301	377	28	46	243	124	16	201	479	335	168	395	212	243	41	473	9	94
V446	3	119	13	6	66	17	73	788	204	87	11	463	129	156	426	33	48	224	495	587	123	145	128	234	54	26	209	186	137	217	51	3	109	198	118	34	49	14	216	134	795	198	83	10	394	63	11	79	458	580	100
V447	112	398	381	6	77	407	131	554	125	1	652	42	180	21	101	224	218	503	297	16	194	98	377	43	93	8	3	212	93	121	72	113	63	461	93	77	79	508	724	84	22	23	126	28	561	16	905	543	78	73	301
V448	111	199	100	47	172	237	134	46	92	4	220	77	67	9	162	28	188	222	286	34	24	17	73	312	14	247	703	58	76	145	285	59	433	344	603	459	61	564	117	44	188	95	2	36	158	98	82	45	148	21	202
V449	129	53	99	238	61	305	291	320	172	165	191	104	267	27	11	471	242	39	41	776	111	487	89	156	55	437	314	60	336	30	707	175	189	200	109	49	3	27	299	95	271	2	513	206	47	332	15	681	30	336	97
V450	21	46	83	117	26	269	80	631	41	299	192	29	543	49	95	355	47	459	58	7	300	186	92	183	163	46	327	158	644	505	200	0	148	0	137	14	71	5	122	516	126	40	26	102	173	95	115	33	12	595	51
V451	107	81	375	241	341	49	393	49	69	8	60	837	162	617	218	106	50	6	32	848	163	21	969	21	6	21	128	50	150	30	15	293	74	12	29	75	94	386	411	147	15	118	182	96	15	63	419	194	154	111	101
V452	451	202	5	386	390	65	35	353	287	19	366	126	89	521	344	41	197	541	189	285	168	192	338	212	10	79	432	170	50	106	1184	87	49	1449	90	414	85	36	8	124	416	18	13	226	622	119	185	121	135	88	270
V453	81	25	762	115	41	298	13	591	92	274	56	6	70	47	251	532	209	60	402	88	184	16	61	480	466	271	376	503	22	230	343	214	143	22	83	416	7	79	247	22	45	870	238	690	400	320	60	236	346	270	53
V454	77	18	172	220	990	153	447	398	201	132	36	152	21	245	99	151	18	322	552	86	80	268	36	27	363	368	396	274	159	82	227	9	361	277	94	48	108	141	142	55	49	131	25	61	141	35	332	140	289	130	59
V455	360	55	141	599	53	18	194	68	918	18	156	206	34	109	371	220	38	29	14	123	128	123	28	89	148	7	319	128	762	171	193	92	89	7	226	461	155	80	261	47	70	90	329	104	3	92	99	331	225	56	127
V456	216	360	442	75	153	137	6	182	11	381	55	110	54	292	168	58	438	68	77	128	1	40	87	216	345	216	152	340	236	151	34	200	67	292	284	47	18	206	120	105	169	100	103	285	320	242	61	156	634	211	314
V457	275	277	43	37	267	110	194	97	12	109	208	325	15	5	58	66	110	35	112	85	204	326	68	77	691	135	473	81	218	273	320	255	36	115	186	47	335	106	6	21	10	211	630	385	390	370	22	192	135	255	288
V458	342	9	123	36	17	21	241	97	158	120	192	300	108	8	13	53	261	12	159	415	225	152	116	86	19	61	169	167	61	216	64	592	255	5	86	30	68	179	228	166	94	287	3	149	272	266	30	53	79	33	90
V459	44	130	529	66	191	17	19	709	625	134	178	53	317	195	8	52	249	218	491	202	78	284	569	174	331	74	586	147	284	745	191	48	516	31	7	495	312	241	144	223	152	144	149	172	4	235	75	239	12	429	136
V460	195	223	242	285	667	18	334	29	9	564	50	183	584	1	188	63	205	391	103	116	356	311	185	397	80	109	343	56	180	677	66	90	336	443	469	61	50	113	10	621	337	96	7	105	47	249	27	185	62	354	212
V461	557	117	338	120	279	792	677	27	724	505	196	56	14	667	206	88	165	454	121	645	422	78	175	671	43	5	16	338	84	140	253	18	563	28	62	14	745	16	232	239	10	233	80	279	57	210	410	346	96	141	219
V462	292	21	127	4	359	21	95	192	240	145	101	332	54	42	352	163	427	95	22	5	403	61	60	222	412	390	79	34	102	447	97	245	84	295	1	20	86	62	50	202	34	3	64	105	196	37	284	14	195	413	85
V463	26	27	17	55	410	32	294	16	238	135	433	107	329	253	72	177	481	121	79	497	169	207	20	349	139	635	312	50	63	51	129	10	762	196	1	326	11	87	306	32	45	47	208	76	92	39	178	99	7	13	39
V464	176	201	188	147	77	573	822	130	30	174	12	475	140	215	170	32	263	44	12	138	168	9	593	74	97	137	400	206	261	86	4	598	227	207	138	76	74	207	296	101	61	108	200	84	559	115	602	78	558	298	200
V465	28	195	181	68	45	120	129	85	63	209	14	29	7	49	272	355	272	10	1305	841	436	356	10	47	209	323	177	101	206	682	41	120	145	145	201	425	98	269	2	234	100	374	126	74	305	11	295	708	312	66	163
V466	180	150	80	104	121	484	1594	292	350	2	467	18	46	193	727	28	167	642	734	271	67	80	35	470	70	43	135	191	5	87	495	86	113	560	123	652	105	441	55	248	334	89	11	198	141	58	100	60	33	363	157
V467	135	549	894	319	101	205	896	127	37	137	175	2	97	0	161	126	201	727	104	56	260	151	458	493	188	124	276	251	51	62	457	53	212	320	360	112	85	168	676	90	165	136	69	5	152	181	420	77	88	41	435
V468	94	521	308	4	54	248	4	41	21	227	171	66	268	11	317	414	149	435	83	341	156	224	328	115	180	53	264	118	218	463	38	194	75	157	235	1	431	383	72	43	173	66	457	185	78	731	108	96	25	231	398
V469	5	18	40	40	218	47	222	71	140	180	87	601	141	277	16	96	93	123	53	8	0	8	103	44	383	2	1383	135	35	261	381	212	274	78	126	32	382	210	88	407	126	373	738	50	64	322	136	188	34	89	30
V470	136	49	53	132	64	56	348	579	31	223	31	42	247	33	124	46	28	29	126	643	69	31	0	26	300	172	83	185	11	90	31	47	154	47	121	74	31	238	525	115	266	53	111	689	143	818	25	187	206	83	80
V471	163	283	256	428	544	75	265	28	184	33	7	98	112	629	135	110	447	779	492	293	61	19	3	80	149	19	707	165	31	49	191	33	58	136	12	37	727	79	226	89	110	208	13	447	412	558	113	68	105	11	224
V472	166	185	228	944	52	691	84	135	492	107	52	73	753	160	124	122	115	73	49	262	31	33	10	11	124	12	97	67	283	12	114	162	126	18	661	270	80	103	15	320	37	0	93	264	233	71	280	0	230	81	178
V473	16	13	602	64	59	294	12	205	84	355	1452	49	30	620	148	247	68	140	92	202	149	277	951	622	12	121	18	33	263	385	125	382	6	11	187	82	84	94	118	35	265	157	102	350	68	7	409	156	301	521	36
V474	146	67	885	137	44	30	96	977	166	3	3	47	411	544	21	758	290	41	110	3	308	224	108	80	9	88	428	82	46	171	265	7	197	1	21	59	130	46	38	150	74	838	132	81	173	31	323	132	258	298	77
V475	243	226	241	46	391	11	116	1041	251	5	31	227	137	93	55	48	15	91	1183	19	47	39	167	84	304	37	197	218	5	83	21	59	20	123	51	454	109	140	34	47	62	2	59	12	292	42	734	80	33	89	213
V476	74	9	138	356	270	324	5	282	180	35	55	147	369	377	275	26	51	196	136	177	6	566	120	238	30	65	403	19	458	223	142	186	102	163	557	54	0	276	142	428	55	311	163	165	647	66	32	6	451	88	40
V477	93	220	93	32	296	190	574	305	238	16	199	11	165	0	5	132	120	147	52	400	108	70	79	36	168	125	230	259	760	208	16	223	61	190	18	21	134	736	71	177	65	30	6	1	180	921	55	81	171	282	210
V478	30	186	33	182	5	26	257	2	16	37	222	165	68	113	67	134	17	71	734	98	241	667	365	151	51	102	61	176	14	7	244	14	620	79	175	195	851	221	15	143	609	122	37	98	253	71	26	80	60	150	150
V479	91	284	273	93	239	5	102	165	177	325	120	259	473	182	421	47	24	16	47	261	90	383	314	67	413	124	222	55	194	109	64	49	97	1392	104	47	535	92	59	89	401	338	416	433	72	250	257	280	451	6	229
V480	35	141	55	187	137	84	27	230	264	241	46	6	10	688	11	6	152	88	639	159	22	77	35	66	2	78	525	62	66	85	241	31	142	7	161	414	52	228	97	446	157	471	48	60	288	123	50	176	110	129	127
V481	95	475	218	233	50	53	360	452	178	557	76	14	380	433	92	120	227	62	416	258	14	29	442	67	309	488	57	36	25	141	300	368	91	28	171	232	54	47	41	79	164	56	4	314	462	521	7	87	41	222	371
V482	111	789	44	316	324	82	126	33	88	205	1	136	33	43	40	271	276	90	425	179	307	102	32	316	147	279	0	209	188	272	122	79	695	1276	485	33	6	75	827	478	33	15	289	51	358	115	382	1070	434	71	607
V483	150	150	57	65	341	274	41	91	378	300	128	21	130	231	4	123	100	35	405	29	203	108	104	135	60	571	694	60	131	226	284	53	10	627	39	261	279	66	805	96	200	16	23	326	315	35	243	84	464	462	152
V484	211	47	345	101	66	535	90	4	127	382	230	211	118	50	418	11	135	41	252	6	361	44	219	167	47	27	49	99	39	348	173	252	168	195	22	14	638	28	191	334	102	55	139	353	156	100	120	28	726	598	87
V485	386	71	395	8	167	46	14	722	86	0	434	241	52	57	91	429	112	35	186	177	256	91	25	32	225	151	387	498	65	54	80	31	40	32	48	35	20	4	672	176	82	150	76	200	585	46	20	1	352	328	157
V486	161	195	78	147	106	183	33	549	171	87	90	271	213	2	281	83	9	191	303	82	49	239	89	509	199	802	312	96	441	479	25	421	130	861	378	535	4	442	451	2	15	500	95	41	5	187	155	276	87	374	191
V487	133	89	78	338	83	269	145	164	121	153	246	199	279	101	257	281	105	172	85	375	53	3	171	33	218	237	181	188	60	216	292	102	25	115	99	2	150	17	239	583	507	858	283	46	56	2	2	228	173	125	102
V488	366	202	78	44	23	118	65	2	198	100	731	797	96	161	194	18	447	405	327	310	284	44	308	6	871	51	168	380	393	130	221	58	591	364	105	7	180	68	90	346	412	358	319	230	61	236	351	65	266	119	253
V489	216	386	307	80	214	1	32	42	49	387	186	130	661	116	9	34	90	62	61	217	116	595	32	102	533	63	288	241	35	115	2	14	126	773	291	154	259	93	153	168	530	359	48	356	18	13	51	197	93	184	346
V490	50	44	119	302	251	43	977	235	38	274	363	526	184	97	507	905	176	414	561	33	282	309	78	249	263	220	32	22	743	129	403	16	90	86	552	80	336	71	62	24	161	228	137	274	233	76	12	437	699	311	70
V491	237	373	8	230	302	128	43	374	37	8	104	323	767	348	304	590	134	542	47	81	265	69	446	352	36	110	143	976	100	367	349	42	436	797	37	37	483	2	205	211	96	156	655	155	754	30	68	155	374	69	323
V492	468	442	102	36	135	192	334	335	22	9	648	508	123	268	143	62	433	8	66	96	460	113	96	26	109	67	23	397	34	223	886	403	128	40	88	78	211	66	314	232	273	187	393	227	302	52	461	17	132	226	410
V493	26	77	151	219	9	953	8	39	350	46	557	40	86	185	50	68	189	59	296	6	83	282	459	22	108	208	92	69	35	309	73	289	131	168	84	61	606	39	472	162	89	430	63	4	54	47	112	111	11	55	64
V494	801	232	134	24	491	129	170	49	151	373	349	97	102	18	281	82	296	169	166	608	44	9	1027	619	633	98	369	74	49	12	70	451	950	10	464	117	4	143	862	16	92	83	134	469	464	155	96	139	187	70	354
V495	133	231	108	13	78	148	19	37	1123	268	330	21	78	586	216	18	128	223	190	75	115	292	402	19	457	74	540	280	113	69	192	296	49	50	61	200	77	6	22	30	69	62	230	58	474	1066	881	58	69	81	199
V496	348	39	193	521	30	80	33	10	149	73	211	28	189	416	340	181	33	160	709	155	33	250	379	45	78	146	67	487	285	86	262	351	146	1069	136	39	423	189	7	26	54	250	603	63	467	260	37	361	39	620	126
V497	198	319	213	220	63	68	248	76	130	926	200	806	513	67	321	28	53	64	48	345	251	446	424	14	23	88	16	21	101	39	81	3	116	41	181	154	1661	117	884	38	317	177	224	331	102	356	376	89	52	45	291
V498	141	62	270	688	533	208	219	273	65	78	185	148	24	30	319	302	98	193	491	352	238	553	488	167	441	170	171	319	365	74	101	33	10	68	258	396	516	73	39	43	158	502	556	71	970	169	73	333	47	590	110
V499	7	37	447	332	89	503	290	67	113	451	472	142	592	43	100	161	212	195	37	6	168	197	68	45	30	169	437	93	260	7	215	636	37	38	37	80	16	147	43	345	288	167	181	146	30	33	233	614	351	17	43
V500	38	36	658	75	100	121	275	271	74	305	157	243	391	35	295	91	316	211	114	420	215	35	0	65	96	16	15	8	180	29	65	25	381	159	269	199	62	129	346	237	182	480	101	4	74	33	11	175	95	135	57
