Source001	Source002	Source003	Source004	Source005	Source006	Source007	Source008	Source009	Source010	Source011	Source012	Source013	Source014	Source015	Source016	Source017	Source018	Source019	Source020	Source021	Source022	Source023	Source024	Source025	Source026	Source027	Source028	Source029	Source030	Source031	Source032	Source033	Source034	Source035	Source036	Source037	Source038	Source039	Source040	Source041	Source042	Source043	Source044	Source045	Source046	Source047	Source048	Source049	Source050	Sink
V1	74	1014	310	146	230	168	103	201	111	1056	73	32	10	153	40	54	133	52	263	97	26	64	24	34	642	318	169	54	132	35	234	78	458	118	103	162	779	664	246	62	682	100	83	429	19	283	57	130	116	91	389
V2	120	39	65	22	104	191	40	579	266	15	100	81	117	102	176	318	107	19	42	626	187	38	66	7	633	45	335	36	18	134	70	107	74	39	2	261	148	65	154	6	94	178	308	28	101	202	40	122	269	50	114
V3	282	101	625	37	69	120	73	160	543	464	81	226	52	165	184	73	107	717	235	223	211	429	275	415	139	125	497	140	1178	807	82	428	224	155	114	56	123	408	180	55	335	312	102	9	26	643	195	345	123	148	202
V4	79	107	176	253	459	60	203	24	201	39	719	63	150	167	84	30	457	436	169	604	300	283	531	133	232	91	61	105	50	297	69	362	382	268	177	204	61	80	319	264	1	76	335	318	17	615	431	183	198	535	104
V5	220	140	211	48	126	105	163	60	196	8	72	243	26	218	187	86	552	40	154	74	86	165	133	624	129	369	227	23	147	108	599	320	241	373	92	265	167	49	99	151	0	398	24	20	143	264	216	11	147	117	179
V6	444	173	57	49	20	39	246	183	219	243	152	161	17	191	516	136	331	41	62	2	218	57	2	96	322	35	8	387	20	82	26	94	92	27	20	410	1036	23	244	37	103	11	216	142	553	3	117	296	119	136	326
V7	347	445	123	26	68	17	39	179	134	631	566	467	31	134	170	167	5	427	145	536	68	213	162	193	6	89	449	31	1	229	35	0	116	251	543	69	15	293	71	101	99	143	87	322	148	33	55	33	156	819	340
V8	26	260	197	82	185	10	63	204	54	18	314	6	123	358	277	335	245	204	80	72	1140	331	5	94	204	124	68	364	167	20	57	98	315	4	1051	106	430	49	75	268	421	187	174	60	23	20	571	81	37	185	117
V9	94	48	15	553	199	43	14	238	80	102	106	516	366	474	229	205	94	680	248	305	131	69	698	56	981	142	345	42	117	568	94	135	61	221	23	2	267	108	354	227	229	356	174	345	275	46	237	146	125	234	72
V10	37	111	2	395	670	46	132	133	10	413	120	70	87	309	177	38	417	387	98	118	118	187	76	120	204	399	78	1	445	39	54	15	280	17	54	307	41	99	122	48	428	111	26	68	146	254	53	126	6	251	74
V11	143	12	581	235	49	126	181	479	100	86	602	42	364	41	10	182	36	2	591	22	331	68	124	27	57	7	121	63	166	11	1	306	178	69	1	23	383	117	230	120	554	280	251	109	109	241	376	288	388	88	109
V12	414	158	13	40	338	193	182	122	680	298	520	114	47	203	237	11	142	629	51	131	319	30	27	3	757	52	78	195	56	66	67	142	438	423	921	35	3	35	208	461	583	278	180	145	44	89	75	340	4	81	330
V13	289	48	32	63	459	456	30	257	249	259	814	33	449	24	354	135	2	337	109	25	301	11	388	276	194	55	92	13	128	104	343	431	140	12	95	426	180	87	88	59	454	285	15	66	164	56	673	120	92	82	224
V14	410	114	91	39	648	364	444	117	270	361	207	1	80	254	137	298	41	133	427	68	505	470	94	72	161	154	394	63	427	420	191	483	11	430	376	49	108	382	0	89	100	278	99	78	27	75	181	44	109	17	303
V15	680	34	393	34	80	607	197	628	226	114	145	163	382	137	1002	106	111	45	106	84	28	158	49	365	493	109	105	376	96	75	175	248	255	43	304	288	304	621	123	13	17	46	65	0	286	192	140	0	111	291	440
V16	199	410	116	229	153	408	27	173	366	85	265	345	113	132	69	332	265	113	232	283	603	13	164	601	162	11	334	244	29	141	433	175	81	147	87	49	71	91	29	9	489	197	1	18	140	3	9	70	277	99	295
V17	417	137	643	108	97	530	133	106	0	268	93	241	20	204	41	131	218	249	1	215	187	290	12	225	189	799	38	250	68	118	110	306	263	244	89	79	51	26	174	346	1097	272	14	34	299	66	32	8	155	114	346
V18	208	28	59	411	594	2	13	5	498	33	354	30	183	70	609	23	33	821	856	96	145	127	54	252	120	74	50	86	25	100	48	474	176	1290	56	236	392	19	133	14	225	196	321	166	61	64	17	172	48	25	155
V19	176	34	4	249	172	96	14	21	133	160	269	220	377	77	715	137	194	206	283	68	447	98	214	561	115	1	549	190	13	263	29	155	46	546	392	144	27	114	477	352	12	29	671	135	4	164	124	1101	26	36	113
V20	89	246	57	625	240	23	32	73	91	216	12	81	188	337	151	3	71	31	325	837	155	91	157	509	43	367	174	82	4	47	169	5	411	2	83	61	59	246	50	80	262	199	23	370	178	72	55	62	125	21	156
V21	308	31	77	184	365	252	158	82	38	85	441	13	466	90	172	28	212	707	678	14	720	20	166	68	40	224	105	290	118	180	303	287	789	19	16	72	604	321	34	83	117	21	72	0	80	67	265	518	163	46	218
V22	133	122	119	2	182	551	108	125	103	324	154	276	241	13	181	250	213	56	84	77	198	137	136	267	94	16	610	452	35	455	106	57	112	142	5	46	9	74	77	431	504	55	150	333	97	49	58	182	8	64	144
V23	325	139	109	170	68	240	96	221	83	169	290	115	61	9	258	291	52	435	21	32	495	68	185	50	56	207	39	48	233	447	674	132	369	103	22	437	415	195	363	509	581	420	198	50	759	47	462	489	177	143	261
V24	72	67	289	267	66	109	97	1232	74	107	187	45	163	160	16	88	574	436	23	209	33	101	135	214	56	65	79	271	376	365	659	187	655	72	162	1	212	96	209	50	100	629	2	64	358	41	18	336	118	534	69
V25	368	164	71	68	190	119	417	411	192	84	118	194	141	454	160	49	392	75	538	6	57	103	115	285	183	83	100	45	29	72	241	133	111	221	98	385	136	199	584	31	16	51	163	402	150	62	297	12	1	139	299
V26	0	289	295	16	235	86	203	316	90	65	21	237	99	119	157	258	92	74	19	113	168	36	21	33	339	121	141	115	96	146	247	19	91	362	20	236	226	197	221	308	250	715	210	217	665	164	63	274	23	1400	96
V27	204	124	144	20	143	42	19	885	90	96	193	33	7	171	143	371	70	333	214	95	111	9	31	328	33	14	837	126	444	204	28	204	71	198	601	315	368	530	390	532	602	49	0	89	371	345	164	31	587	285	186
V28	252	149	773	403	20	757	190	239	35	440	412	196	368	256	247	186	250	511	276	186	99	262	59	167	385	119	126	170	73	716	623	63	122	200	133	106	54	240	30	69	61	358	289	116	202	284	304	835	582	86	228
V29	30	173	28	403	143	123	137	80	255	6	164	169	180	40	129	197	101	34	107	11	184	37	86	185	3	163	424	552	109	100	75	35	283	453	149	135	72	169	589	269	46	45	301	111	96	388	340	623	50	468	65
V30	225	128	506	118	46	22	209	41	96	12	85	7	945	109	11	63	179	206	100	234	540	54	32	100	98	108	185	137	90	387	688	161	246	300	38	43	1116	5	133	122	10	183	311	94	468	322	549	47	228	203	211
V31	280	96	176	64	473	43	42	191	60	73	68	5	91	92	325	21	622	79	40	70	48	437	288	60	262	304	185	646	344	142	97	241	560	309	76	436	15	55	138	578	6	265	83	273	92	12	12	26	815	71	218
V32	150	34	19	40	443	205	301	242	291	202	102	359	230	174	192	49	193	255	24	1	286	121	180	143	6	11	74	276	20	251	6	12	98	9	60	162	290	70	123	375	131	301	103	538	70	467	175	216	32	150	100
V33	406	167	39	691	327	77	248	173	103	19	378	146	210	140	14	256	26	123	171	366	142	217	1338	152	2	279	157	225	362	36	610	464	4	164	343	341	52	251	30	232	338	98	57	56	97	939	138	102	280	18	285
V34	0	47	76	620	314	229	114	223	55	478	4	435	321	189	0	21	695	227	705	149	184	290	289	53	151	4	54	415	27	314	180	179	9	363	213	336	145	61	148	95	406	81	3	461	105	436	153	64	35	33	35
V35	166	165	240	57	290	299	129	75	72	47	385	30	36	116	454	56	69	95	42	147	224	419	7	67	77	227	34	371	185	11	96	146	525	164	137	120	7	36	174	179	192	89	9	369	43	58	31	11	436	12	143
V36	201	476	457	412	69	14	460	10	49	367	247	225	8	143	195	710	333	78	163	231	264	61	62	262	6	37	526	182	168	18	244	73	158	271	193	10	70	339	768	130	430	28	3	31	41	108	75	477	1137	71	270
V37	349	113	114	133	167	99	26	60	51	0	38	122	826	180	121	464	58	197	3	222	126	40	663	72	159	279	327	201	89	242	310	104	1457	662	342	16	677	0	244	31	169	146	23	199	162	24	68	209	273	145	279
V38	196	290	189	105	72	3	370	464	262	119	15	143	90	195	80	730	1	238	128	182	251	120	283	155	105	290	580	237	203	159	121	557	105	488	80	183	21	161	225	75	75	526	28	265	181	535	196	139	90	87	223
V39	312	3	11	261	309	182	1	96	585	245	686	430	579	212	362	116	150	191	27	409	46	27	259	211	178	249	159	143	264	977	56	405	12	42	447	359	110	252	281	37	64	33	249	36	354	507	402	394	9	14	205
V40	505	66	22	23	219	92	101	413	529	16	80	4	209	37	115	375	50	65	839	68	49	143	227	54	367	126	248	354	374	68	30	28	136	321	4	148	84	217	83	24	526	190	97	216	157	138	234	217	232	400	340
V41	86	73	1014	48	713	380	103	34	30	45	503	342	73	38	85	395	396	159	177	26	34	187	83	17	55	252	26	81	117	57	117	170	48	519	5	273	445	61	278	120	70	64	790	35	191	227	143	151	57	358	89
V42	629	68	27	207	27	108	397	164	200	28	35	134	506	279	19	746	52	291	7	11	97	603	36	343	281	112	178	395	194	709	3	253	337	171	244	85	87	102	92	347	116	216	61	371	180	34	254	215	60	77	433
V43	383	130	256	411	223	115	63	28	112	293	266	80	377	1	69	141	168	516	130	954	83	103	126	399	26	308	8	194	165	150	90	50	81	224	85	405	99	130	82	176	165	15	240	144	127	191	559	60	6	43	291
V44	164	234	29	534	34	42	162	1	105	62	170	281	15	22	361	184	71	189	81	224	19	398	336	79	128	474	158	29	43	255	150	217	121	117	244	34	470	415	416	317	235	372	122	157	249	167	259	362	270	73	197
V45	10	87	799	202	121	481	78	22	325	348	39	130	219	60	261	485	100	26	2	217	16	541	98	49	658	217	25	390	65	161	27	61	174	40	38	29	552	163	52	7	276	1070	587	482	42	32	99	421	82	11	65
V46	78	279	222	149	102	365	472	113	22	8	53	571	241	360	120	227	365	104	187	191	194	19	568	17	154	114	412	44	445	42	137	4	101	114	238	84	370	355	242	148	156	43	13	71	42	119	359	84	49	466	139
V47	140	49	348	448	87	187	116	761	11	226	661	218	124	159	26	62	18	106	34	26	524	51	268	484	220	198	354	401	365	29	212	196	149	582	343	225	357	156	344	1	150	116	364	143	115	98	256	69	270	104	130
V48	233	703	230	161	122	30	246	123	55	345	557	7	167	244	22	70	528	698	49	173	54	335	70	136	456	140	14	956	331	305	447	245	263	136	398	261	97	12	48	102	318	82	347	43	355	5	17	480	304	183	368
V49	12	327	995	52	114	13	60	189	262	218	25	305	91	170	443	192	267	155	8	30	123	199	33	11	882	129	74	50	13	170	268	11	152	16	400	6	341	392	416	76	287	139	22	47	128	361	195	139	81	188	130
V50	476	25	471	186	334	11	230	13	9	121	1013	29	136	112	81	292	42	274	227	41	66	24	174	261	103	45	73	5	425	16	169	635	65	105	585	164	19	20	97	26	122	12	94	510	177	30	235	172	50	142	331
V51	36	61	328	177	255	46	69	204	145	23	350	514	668	865	51	34	128	18	166	337	140	86	278	288	193	161	28	267	205	14	109	244	168	36	183	155	217	467	106	316	134	860	365	111	95	14	569	6	133	396	58
V52	281	1	5	282	182	151	120	4	564	302	310	119	55	1085	82	119	27	224	105	215	77	520	203	231	315	327	238	395	38	166	99	149	61	45	205	70	7	1063	116	281	313	14	29	574	35	16	254	39	149	155	164
V53	148	177	288	77	6	32	328	436	230	34	115	132	9	238	359	69	658	30	1	124	88	87	67	89	72	82	44	7	246	240	829	233	265	43	346	155	653	235	1	215	212	145	229	201	363	11	204	64	198	173	164
V54	63	218	18	305	154	14	60	421	277	155	15	683	99	6	18	62	228	111	138	83	78	20	122	282	166	241	177	187	40	278	241	50	359	303	303	32	16	67	73	17	505	285	181	53	515	482	7	122	141	568	105
V55	75	197	9	63	130	58	24	129	97	92	485	42	343	361	618	318	387	109	264	592	107	166	102	202	1298	95	20	170	109	82	34	406	13	37	109	320	517	86	218	106	157	56	360	0	216	149	836	47	112	243	144
V56	80	502	79	34	374	499	40	20	137	13	451	212	80	14	51	83	14	72	36	16	34	30	222	120	434	347	182	306	205	339	66	274	20	674	171	55	290	199	597	92	132	119	206	415	339	33	134	6	107	30	223
V57	84	174	26	621	558	232	290	287	83	238	355	533	41	40	24	0	355	188	91	211	531	49	124	196	89	609	847	5	56	90	198	81	53	259	3	205	235	52	281	130	57	18	167	103	277	170	134	143	13	34	131
V58	72	102	259	6	66	59	219	63	191	165	283	295	98	193	123	383	616	147	458	342	338	5	208	42	93	428	692	357	66	280	83	53	46	156	143	137	58	16	1175	164	957	65	140	118	39	329	375	215	322	196	93
V59	17	16	185	305	72	444	252	201	591	259	63	336	165	296	600	188	96	186	139	148	388	56	473	140	61	126	135	41	201	313	282	136	92	18	115	440	198	1151	23	164	534	532	106	246	166	197	406	159	299	6	46
V60	237	145	58	16	126	383	241	122	15	41	20	124	129	72	226	241	7	153	53	774	91	224	130	107	264	87	44	12	88	119	196	765	67	137	36	82	149	41	78	76	213	261	99	37	26	61	70	139	50	25	200
V61	228	148	80	148	0	105	261	240	190	30	88	49	93	492	209	344	135	153	1	401	96	271	108	156	274	889	211	464	736	90	11	49	67	29	96	134	16	182	48	46	37	127	160	55	58	644	320	156	112	329	211
V62	252	232	13	7	250	721	345	117	361	194	40	33	114	87	106	43	15	8	41	246	275	144	53	222	747	83	203	27	96	69	434	420	172	3	47	217	319	105	85	180	162	582	275	314	96	106	108	443	401	120	219
V63	301	190	62	258	173	33	437	396	185	172	28	41	297	149	442	114	130	373	91	174	54	68	41	130	0	93	153	178	211	20	63	17	443	116	310	6	114	190	118	242	29	186	100	193	142	409	173	172	77	3	259
V64	84	62	349	337	29	79	248	102	67	119	254	678	94	178	105	70	348	188	324	307	162	69	186	12	20	5	167	41	543	20	89	274	208	284	222	861	658	202	25	70	131	70	442	62	34	223	43	158	10	56	80
V65	42	302	244	307	397	125	123	514	342	36	140	249	253	73	189	168	25	381	62	211	155	39	3	110	29	7	405	138	48	1247	260	97	183	124	477	98	268	247	96	249	457	73	418	144	126	211	319	281	173	133	124
V66	596	21	296	480	285	29	107	468	64	36	149	512	241	776	100	470	208	151	76	41	378	13	222	122	276	63	217	55	90	15	606	95	29	263	164	96	5	80	50	7	12	634	61	168	260	207	45	85	233	71	361
V67	140	78	148	36	193	265	190	148	31	151	248	604	113	324	52	14	7	47	511	270	392	559	171	78	62	1	409	126	0	9	198	251	147	131	163	217	51	125	720	2	264	77	160	56	170	48	146	104	149	52	100
V68	40	144	195	11	125	110	206	31	78	82	771	458	9	556	12	129	404	43	401	309	955	28	425	269	3	258	99	56	156	145	25	68	243	5	445	513	134	65	56	59	494	337	108	225	150	367	278	55	115	389	89
V69	254	5	22	14	90	497	547	82	59	335	249	146	35	39	131	211	48	69	186	44	406	83	634	390	20	501	609	507	130	41	384	93	37	267	15	40	96	108	27	314	169	82	84	57	170	233	161	217	9	39	178
V70	353	171	307	332	215	281	58	291	141	10	249	5	479	28	283	75	263	137	365	223	3	233	183	70	263	137	67	88	442	187	372	41	100	250	1056	118	35	312	43	440	146	51	62	1055	11	117	184	194	332	108	293
V71	141	37	183	94	84	119	523	19	99	113	79	108	199	158	351	47	88	7	53	51	298	107	1013	29	406	275	11	575	527	40	57	166	1	139	590	72	181	146	40	347	318	38	201	21	242	20	97	26	81	24	96
V72	350	1	198	447	178	151	110	33	497	149	707	32	400	83	501	15	169	574	91	75	99	60	86	170	19	304	124	204	167	312	216	123	429	427	107	90	32	666	146	118	259	253	120	23	36	141	122	302	413	30	251
V73	85	326	73	183	153	47	144	467	58	253	298	302	51	201	0	36	151	137	436	310	89	11	3	228	0	237	104	303	105	125	290	11	235	24	280	4	13	92	590	6	186	38	384	253	515	172	280	54	420	56	175
V74	72	204	550	118	275	51	404	88	110	172	473	146	92	406	87	29	30	41	584	235	567	119	32	77	80	143	143	144	17	81	599	141	104	836	849	266	73	46	36	64	27	46	8	480	218	643	197	33	88	55	126
V75	44	47	459	125	11	493	626	65	58	88	31	58	138	15	29	265	314	22	415	360	763	962	31	284	41	375	37	11	346	313	237	35	241	0	85	60	923	233	471	544	72	43	169	11	332	400	105	181	676	723	60
V76	200	440	1	8	529	198	273	83	72	112	85	151	312	236	865	236	488	200	258	147	209	825	147	52	156	216	248	46	21	21	445	751	324	11	153	95	253	110	12	153	50	81	771	418	124	6	58	72	2	172	291
V77	33	8	56	40	70	363	124	314	197	187	118	41	65	5	384	683	311	106	86	759	37	428	470	4	324	154	9	86	4	285	0	624	28	9	367	11	383	15	30	115	145	231	65	100	245	18	282	292	160	395	35
V78	175	123	124	796	258	1005	138	98	62	338	126	101	169	25	217	920	328	581	131	275	310	48	240	193	280	467	176	156	220	250	155	134	437	64	87	389	71	113	354	379	117	47	38	88	218	49	460	60	283	144	171
V79	79	7	98	30	26	43	320	361	149	83	3	182	410	148	249	62	68	244	285	24	136	166	69	330	77	68	29	160	536	151	160	33	232	336	599	9	23	605	630	22	88	355	359	36	441	197	156	23	804	105	69
V80	152	86	38	187	298	14	84	554	147	39	627	14	534	94	861	68	4	7	223	235	7	35	123	58	93	18	461	58	30	358	0	93	13	66	16	115	53	811	235	18	394	644	461	28	199	133	31	122	128	88	135
V81	367	561	48	20	359	49	387	287	4	13	411	27	11	512	35	273	47	167	355	18	90	154	110	44	239	213	108	57	256	13	279	153	247	442	422	235	132	144	28	415	174	162	197	85	104	183	31	246	111	75	396
V82	100	155	713	615	185	838	363	291	474	117	101	146	712	310	141	20	706	92	847	175	59	353	100	2	160	20	92	261	54	75	145	85	15	134	146	505	64	142	203	95	140	505	49	440	98	68	113	4	74	39	124
V83	93	146	250	301	29	94	153	332	344	215	136	54	655	130	113	384	665	211	556	127	33	330	87	165	281	855	136	92	418	63	156	127	142	486	86	27	91	22	30	187	137	204	157	114	227	97	64	145	362	69	115
V84	74	268	379	166	503	349	48	31	162	238	446	55	19	13	24	7	151	233	230	65	638	92	234	118	48	151	108	137	153	422	190	93	50	77	98	84	164	60	189	101	286	72	267	284	81	48	147	116	51	119	143
V85	1205	41	8	162	139	335	372	12	61	263	103	211	117	9	423	115	140	90	150	370	76	117	101	201	115	49	58	221	49	132	335	113	182	135	254	1	62	369	370	255	26	29	87	79	174	88	708	272	474	35	786
V86	40	149	130	199	167	73	5	307	13	0	268	0	162	115	56	544	470	155	374	240	288	78	33	239	362	110	9	545	20	18	312	47	80	180	12	9	41	170	148	50	167	321	181	127	290	271	224	475	58	447	83
V87	22	31	86	145	449	510	332	258	78	170	238	93	253	422	236	45	214	107	824	63	93	348	134	25	406	92	29	17	441	132	156	37	57	564	222	83	61	120	683	45	48	132	547	128	82	41	625	244	233	420	54
V88	416	34	10	611	248	210	85	260	39	51	80	3	185	28	147	29	341	62	134	155	3	15	76	647	63	37	51	207	634	702	274	313	79	34	65	300	293	110	43	137	6	167	386	72	154	152	16	858	64	25	256
V89	69	123	62	242	349	464	416	415	80	772	175	133	252	91	184	503	323	409	11	43	233	153	75	116	111	184	90	186	27	230	341	380	430	261	36	72	643	262	1113	338	243	187	202	347	367	249	490	627	184	175	133
V90	212	290	21	640	135	431	14	68	254	172	33	1435	31	194	189	18	38	426	8	278	224	469	10	338	128	4	348	255	700	123	539	149	152	215	103	402	0	39	345	95	49	12	286	19	48	84	136	481	119	220	235
V91	97	168	60	537	59	229	136	117	49	177	220	186	346	611	19	142	20	104	436	100	9	170	23	36	311	85	8	60	84	304	48	186	586	109	53	80	21	36	227	257	50	39	121	280	133	147	22	29	297	261	126
V92	224	8	98	3	231	160	45	308	21	120	128	6	107	574	20	469	210	1	184	406	759	303	252	259	166	220	117	503	23	137	32	215	38	77	20	38	1	47	106	45	31	384	28	8	254	289	737	182	136	436	160
V93	169	356	639	68	100	327	414	31	294	291	1148	169	357	162	51	553	581	46	31	8	49	10	20	312	393	203	151	455	8	131	92	164	102	171	416	37	3	424	169	245	626	206	22	236	160	277	105	263	71	535	258
V94	125	485	76	88	53	81	560	116	338	301	63	694	781	170	424	32	105	1	127	9	15	61	72	282	50	314	542	249	235	505	225	11	258	72	330	30	200	35	757	37	578	240	28	531	213	105	150	4	43	8	231
V95	184	16	349	59	25	42	89	54	115	102	1	243	27	20	95	48	177	214	603	117	385	596	253	938	262	149	38	184	103	101	284	204	50	212	28	131	98	472	88	471	150	104	655	156	207	70	184	403	14	105	126
V96	106	484	308	15	215	90	17	126	309	266	64	83	136	32	240	67	506	341	11	352	8	952	171	527	216	230	25	519	117	343	92	233	4	168	173	252	93	147	155	92	776	62	48	70	166	99	79	376	44	209	200
V97	94	22	280	82	173	113	6	41	225	432	411	858	115	924	491	86	157	44	34	60	80	172	243	140	39	196	193	239	12	52	51	50	467	167	57	391	260	7	595	645	186	4	74	29	183	202	149	239	353	386	91
V98	312	85	12	585	255	22	399	138	1021	469	383	53	213	100	385	60	16	314	593	207	312	532	152	21	337	1	133	250	67	16	59	120	245	177	60	1022	153	125	63	256	427	52	172	358	51	23	262	81	140	452	233
V99	183	106	13	132	530	852	85	387	140	118	451	1050	265	40	197	28	367	118	37	1	26	384	64	259	143	603	36	51	47	371	54	116	148	399	87	709	13	4	89	71	142	88	95	303	12	51	61	10	438	283	170
V100	11	13	135	117	191	63	68	962	175	108	5	39	386	58	635	394	4	81	195	333	3	153	168	133	22	232	169	28	22	2	581	265	246	284	309	235	79	661	226	112	38	63	243	186	287	191	263	77	61	279	25
V101	92	197	325	570	105	150	18	212	346	380	165	91	92	186	9	456	440	14	199	107	194	18	390	37	67	250	299	38	167	73	250	7	45	38	280	19	358	664	57	74	3	198	323	528	37	259	208	284	568	131	132
V102	71	131	739	287	198	90	111	44	72	18	138	522	825	8	10	99	62	141	39	293	43	512	851	194	30	500	339	522	419	190	51	59	89	274	68	11	65	27	592	2	119	47	48	33	188	64	621	100	235	5	107
V103	30	878	229	940	46	139	261	193	513	25	372	107	362	173	193	112	338	183	416	964	413	66	31	368	278	649	6	219	112	41	891	709	224	225	396	77	420	179	771	82	106	54	185	209	66	271	336	315	12	4	298
V104	37	41	256	401	562	31	51	74	238	4	25	107	566	151	332	365	122	88	167	821	142	53	63	36	0	134	53	142	42	23	28	158	59	337	80	109	73	303	49	427	14	232	69	111	64	9	95	53	137	190	59
V105	12	31	100	74	363	281	67	90	1137	110	190	313	18	110	391	625	281	129	849	383	50	40	303	442	27	152	210	31	55	447	271	444	116	17	333	44	73	944	290	192	212	95	272	224	103	47	186	3	90	448	44
V106	55	53	187	6	377	19	353	452	37	201	294	40	129	68	104	111	48	3	121	153	142	261	648	401	96	81	62	245	217	309	926	9	345	122	5	20	280	8	213	75	235	217	225	11	82	67	75	22	94	225	75
V107	70	146	542	9	437	131	89	88	90	104	183	173	57	52	247	252	97	44	521	522	268	8	718	9	147	85	361	312	90	209	287	51	140	62	386	92	240	7	717	664	313	81	97	19	76	36	72	14	374	86	119
V108	26	4	422	252	135	80	177	89	82	109	153	1274	68	152	61	52	451	213	86	128	165	542	27	85	87	429	52	225	57	110	169	262	29	293	194	95	177	88	19	620	232	427	808	47	214	32	865	31	38	939	26
V109	79	302	35	283	241	77	215	87	210	40	39	112	82	576	1246	44	80	90	55	261	226	471	378	549	79	33	238	774	152	534	44	226	0	16	247	189	92	0	84	197	39	224	179	32	22	309	130	154	7	254	157
V110	705	180	346	56	82	29	156	132	277	60	449	172	109	20	462	34	21	437	87	43	109	167	564	88	33	84	12	172	109	118	29	74	50	141	416	202	121	11	25	401	22	256	193	167	7	209	201	250	1	97	513
V111	126	373	229	151	39	105	369	0	358	35	64	88	88	676	179	275	88	66	394	38	301	55	42	480	206	50	132	288	349	22	1388	339	146	12	111	19	35	414	11	15	195	0	492	1	78	0	217	30	195	623	201
V112	239	214	3	1043	17	169	145	221	709	229	208	92	27	124	125	2	280	378	184	117	152	133	271	11	134	177	577	56	177	182	25	633	31	218	330	49	12	133	20	209	317	14	65	88	33	24	167	28	7	23	230
V113	560	14	372	566	132	426	45	476	152	184	175	141	52	443	25	566	84	446	444	127	410	208	189	396	237	654	59	291	399	173	227	46	28	121	226	244	67	104	97	771	315	40	559	143	136	501	198	31	557	190	393
V114	37	680	15	164	461	351	111	306	144	158	32	27	509	137	32	113	336	3	810	106	512	179	17	331	949	116	970	40	112	465	323	0	95	107	191	609	194	32	245	327	143	32	31	165	854	47	397	10	19	63	267
V115	64	136	147	669	553	70	51	264	127	119	17	63	505	3	30	55	586	314	51	586	159	238	101	165	203	369	26	336	292	112	55	168	227	170	75	77	310	43	38	19	275	75	454	17	169	172	96	384	51	184	98
V116	690	48	211	167	391	321	171	871	196	15	40	327	570	15	235	74	20	447	587	157	137	9	253	14	7	366	24	116	58	56	266	486	516	59	111	27	248	182	151	29	477	154	53	644	275	102	45	237	27	26	486
V117	33	186	81	127	56	66	58	530	71	348	9	31	327	77	313	7	450	41	83	161	88	168	23	239	13	70	106	200	159	66	43	654	210	721	273	221	431	90	48	47	147	255	104	64	6	124	777	260	36	87	93
V118	71	519	7	29	246	14	59	9	15	578	101	586	220	442	79	117	274	233	180	254	34	420	240	15	137	16	42	94	11	237	7	635	203	557	125	207	193	48	35	125	744	611	186	99	330	64	171	2	50	319	217
V119	12	242	296	411	203	609	373	49	30	374	4	30	30	94	140	13	41	432	38	70	270	63	118	264	147	356	21	502	274	127	360	41	70	57	135	67	55	21	290	117	49	62	467	553	245	418	18	171	14	514	81
V120	55	7	127	295	93	95	102	561	32	120	464	166	0	216	864	221	19	213	280	140	110	176	88	59	293	271	28	52	133	296	254	189	7	97	40	188	40	104	186	278	337	90	13	41	76	401	142	160	0	44	58
V121	58	319	245	245	1121	104	115	47	223	219	6	390	599	89	279	41	83	238	6	669	381	117	302	83	163	39	275	309	18	24	225	60	31	2	105	76	124	35	48	36	23	1	582	7	288	49	9	97	94	44	158
V122	133	370	17	45	335	607	759	115	101	165	105	343	619	68	255	768	355	1	59	81	124	13	11	47	343	286	205	262	190	190	109	159	17	40	426	177	414	61	148	585	56	1	188	134	279	43	455	279	76	271	215
V123	240	237	4	6	369	67	238	127	30	23	239	310	1514	114	128	49	13	119	42	135	594	333	63	119	160	436	86	448	226	7	144	221	518	37	44	83	145	325	153	86	25	217	22	40	10	115	363	744	5	22	205
V124	118	1	93	332	318	321	56	23	140	313	139	167	64	16	40	117	477	184	12	65	46	192	94	149	170	319	45	1060	47	428	60	121	68	48	307	35	130	133	320	60	246	101	250	13	334	48	184	68	382	0	92
V125	109	148	422	202	46	230	107	331	212	8	251	305	210	298	12	337	260	139	310	321	413	40	346	110	25	60	322	68	221	8	168	439	515	347	8	86	154	28	11	400	9	103	7	337	402	39	179	98	285	17	131
V126	28	227	128	92	358	278	188	57	237	1	508	375	74	43	351	868	233	241	47	96	455	7	234	52	146	411	24	99	266	957	124	44	8	14	38	102	37	148	75	176	106	26	21	114	99	25	168	27	719	367	106
V127	174	22	193	210	39	149	53	188	24	131	53	556	1063	433	519	80	113	402	42	90	66	144	135	197	534	313	308	233	77	73	318	26	190	63	68	224	236	329	852	21	150	1482	119	51	43	57	315	196	262	18	133
V128	487	3	99	572	714	474	39	27	37	550	141	196	280	170	243	292	108	123	131	144	87	67	177	85	134	99	281	145	84	377	199	38	85	156	24	293	1	63	199	191	152	231	377	7	180	81	27	20	254	229	318
V129	270	278	222	174	135	13	132	24	656	199	163	53	275	71	223	182	155	290	159	67	56	130	953	95	348	116	217	126	457	432	1101	32	200	205	477	27	139	478	357	39	192	507	223	959	58	250	32	59	163	100	269
V130	211	331	490	477	110	343	79	42	15	389	180	32	418	15	383	378	494	150	84	4	201	514	30	260	260	39	702	258	659	142	20	401	207	562	192	655	1248	186	7	9	215	91	4	40	481	131	261	79	30	135	240
V131	143	173	44	118	102	116	94	167	161	81	89	585	170	201	52	270	97	213	165	335	48	176	137	100	4	293	101	190	80	31	140	182	224	128	398	284	143	392	161	21	56	34	86	49	155	26	89	150	138	205	142
V132	302	595	394	293	223	62	51	7	31	262	4	61	369	718	27	427	215	1039	160	35	250	8	217	17	147	267	60	155	123	88	62	86	80	669	551	0	255	155	154	254	456	224	146	13	17	120	13	0	60	45	398
V133	80	72	113	10	181	90	204	69	45	876	184	414	214	177	573	55	642	226	41	31	63	80	358	643	66	1763	97	41	267	36	155	67	136	125	470	97	652	269	273	640	80	204	253	271	1	118	326	265	224	384	91
V134	128	201	131	1	183	50	39	242	481	159	455	158	376	6	31	237	65	160	125	68	54	37	30	516	69	639	740	137	133	72	45	168	51	626	13	459	15	72	522	178	228	10	53	90	109	14	112	40	105	218	171
V135	106	351	96	273	437	35	674	297	100	435	78	48	159	6	134	466	172	32	11	11	242	62	566	28	196	736	50	24	228	17	86	127	174	95	49	26	25	59	111	221	62	153	2	649	9	125	34	1	175	222	187
V136	102	125	73	300	925	53	31	91	508	157	279	76	805	99	8	97	42	51	17	90	139	231	275	137	186	349	349	461	139	264	24	119	375	17	652	54	9	429	272	426	173	3	116	247	321	250	327	292	194	21	142
V137	248	270	251	75	111	245	227	312	43	82	245	453	147	339	56	267	181	548	176	142	128	128	742	266	742	885	230	91	138	51	142	9	72	135	64	170	59	36	2	208	252	207	408	140	219	3	79	64	33	700	217
V138	164	235	755	316	55	330	764	166	71	100	88	176	80	287	30	331	306	648	228	192	123	25	355	25	38	11	221	88	372	52	124	6	35	419	115	65	42	419	391	45	147	253	8	164	207	1196	20	48	3	212	192
V139	16	485	207	38	30	135	16	27	287	88	795	118	156	226	207	77	925	195	190	350	20	93	38	66	297	252	22	781	138	175	48	476	111	151	274	337	369	436	1162	295	224	127	301	166	185	268	30	491	470	128	196
V140	171	824	257	201	53	114	177	207	21	108	65	554	18	93	427	15	502	391	963	41	84	195	117	249	13	40	747	787	68	107	667	1	261	392	487	430	150	58	145	38	749	545	32	241	16	17	609	356	476	283	323
V141	195	33	164	39	211	30	313	228	88	133	216	22	173	157	129	24	1063	87	582	133	139	674	270	422	143	7	172	19	123	98	143	241	344	46	165	334	504	13	2	63	543	34	451	195	34	344	387	64	197	80	150
V142	83	82	81	49	4	47	293	134	99	38	317	410	60	32	57	157	88	36	19	202	52	145	19	165	159	320	408	472	633	11	178	74	312	92	7	18	748	307	366	105	711	297	22	183	213	121	515	716	39	39	98
V143	83	46	42	108	166	345	427	403	13	39	93	689	129	38	400	363	50	73	197	220	8	149	116	44	121	3	51	10	218	103	88	304	59	70	78	28	142	211	227	10	56	144	238	122	1	353	206	274	41	43	93
V144	399	145	123	36	1	840	179	65	158	150	22	21	144	428	131	405	134	370	6	708	415	150	26	145	291	222	345	59	215	789	185	265	363	24	511	898	221	57	383	1151	756	578	61	439	453	36	20	387	82	86	300
V145	210	287	5	734	49	283	824	366	233	90	9	361	108	269	775	59	93	376	37	419	294	37	214	427	344	155	137	231	226	60	718	293	305	49	696	142	943	164	218	331	158	509	249	99	18	90	389	208	17	375	224
V146	279	144	153	119	284	209	249	62	445	791	245	269	358	33	414	245	216	36	145	114	81	330	140	598	103	85	40	571	3	50	190	638	378	142	97	271	146	355	272	905	264	232	183	437	7	7	146	540	83	229	222
V147	105	176	246	100	165	5	305	93	11	133	186	128	451	163	212	60	24	122	661	116	14	26	102	0	375	102	26	345	553	376	282	544	652	18	519	140	362	55	317	142	74	227	97	205	75	207	23	2	443	90	123
V148	38	296	134	86	34	119	678	469	58	120	56	79	417	43	94	30	285	730	386	22	38	33	116	12	107	390	60	388	124	463	781	510	637	410	116	105	74	77	54	0	201	66	255	78	132	251	112	79	48	417	126
V149	82	509	203	222	195	279	383	468	95	367	68	44	505	456	129	143	305	395	244	97	531	444	273	42	1028	852	89	108	380	159	168	88	272	348	293	150	272	111	232	254	158	80	480	112	67	523	67	870	110	38	228
V150	198	161	53	263	196	23	85	40	455	396	142	171	99	699	62	92	8	476	449	224	38	393	8	241	108	113	6	13	129	8	206	68	119	210	169	438	94	63	159	121	29	581	47	566	262	1001	295	104	94	487	195
V151	110	1	54	366	2	213	34	4	9	54	185	274	37	172	95	46	13	206	175	96	81	106	272	22	156	99	30	47	87	227	141	229	307	55	136	212	248	195	214	624	155	159	265	50	2	197	174	23	80	289	75
V152	345	338	177	570	183	29	5	172	505	355	825	159	93	8	157	313	451	73	72	168	24	16	21	62	62	143	86	26	1059	256	9	226	1111	69	40	40	17	101	369	877	41	13	145	77	237	236	145	148	131	1	334
V153	263	165	20	259	69	259	120	9	43	38	25	90	7	23	330	152	193	62	485	190	575	291	218	97	260	512	41	204	101	700	425	144	197	22	404	201	31	1074	112	57	3	69	571	244	520	75	58	61	33	14	239
V154	188	267	57	51	401	51	15	189	251	79	1033	22	95	13	73	180	294	12	525	28	160	18	126	0	35	488	240	58	13	82	17	649	166	97	64	69	48	52	367	28	133	22	154	61	24	714	37	298	374	3	212
V155	36	80	18	27	76	152	184	402	15	50	537	115	69	405	321	237	198	124	67	6	15	327	26	79	109	14	657	250	18	67	457	341	14	190	220	147	11	164	112	57	813	62	140	303	109	61	204	76	178	113	62
V156	31	101	540	248	497	173	224	302	764	268	54	591	315	185	319	310	304	183	130	35	320	227	118	608	342	102	179	220	442	73	21	214	491	23	208	159	215	140	418	92	168	143	15	180	171	115	277	187	133	127	73
V157	165	48	137	149	45	374	347	152	204	49	171	448	135	64	574	114	388	41	1054	249	63	328	91	148	178	360	265	653	117	50	874	1244	543	31	227	376	122	259	247	571	32	98	457	71	231	182	16	183	239	77	139
V158	85	996	186	142	11	188	5	630	87	46	339	154	5	148	82	15	6	438	697	110	163	130	284	425	129	35	635	12	392	66	31	127	843	172	211	74	15	317	367	88	237	169	631	43	7	17	13	263	184	222	356
V159	168	20	358	27	367	16	32	270	12	505	232	8	101	25	453	429	218	28	97	141	110	49	378	63	68	108	222	683	272	196	17	905	145	116	2	190	335	65	196	38	203	207	126	188	89	300	103	58	482	96	123
V160	1	118	224	136	140	67	122	469	39	22	332	156	155	24	491	21	683	48	215	157	61	23	62	55	115	7	548	91	664	144	240	173	349	117	162	130	664	96	768	30	80	6	442	722	9	221	272	92	975	328	51
V161	305	167	104	20	545	34	360	149	31	113	76	161	66	166	113	530	175	24	141	446	411	513	23	743	31	444	669	213	651	97	14	311	818	272	240	40	73	592	37	212	57	72	155	38	19	401	129	547	165	30	254
V162	353	47	754	159	8	160	67	69	385	319	19	102	356	299	204	140	86	452	43	99	170	69	54	279	204	26	190	185	218	38	30	117	87	300	532	84	54	3	152	47	101	120	34	111	368	48	147	342	381	101	219
V163	61	75	103	118	5	77	225	187	222	540	101	102	245	60	34	13	89	201	71	103	21	358	132	566	30	166	254	370	336	118	20	242	313	59	654	239	61	43	78	398	532	180	59	119	264	19	17	36	310	179	77
V164	18	124	80	271	94	7	54	114	507	117	119	528	86	168	75	491	527	444	363	142	461	82	374	442	743	677	18	63	353	251	167	131	204	888	773	67	235	31	57	94	169	64	262	132	98	100	137	551	83	83	67
V165	40	383	617	59	474	17	143	75	585	20	117	103	106	39	356	50	35	165	156	437	287	376	437	1120	142	15	32	379	175	26	236	50	176	99	59	429	10	219	189	119	197	192	185	522	219	205	53	21	84	362	172
V166	596	213	114	666	357	115	626	77	24	307	91	33	112	1108	484	53	30	66	287	218	71	92	587	229	157	47	434	272	203	230	32	187	145	355	76	196	980	106	148	15	6	149	231	575	22	912	365	11	495	73	449
V167	75	240	188	42	479	109	134	15	419	45	413	242	471	217	32	92	0	224	559	137	210	29	138	199	105	94	76	147	36	219	288	193	358	391	348	122	86	194	4	99	102	5	123	20	53	204	159	148	670	656	127
V168	149	316	32	121	135	99	96	23	138	18	91	220	48	523	78	166	187	356	35	25	264	460	308	163	78	32	19	229	127	531	192	64	240	12	33	930	181	24	54	200	29	567	70	144	19	60	228	259	122	134	190
V169	308	500	45	179	572	96	414	654	428	47	166	0	134	86	36	263	201	100	136	93	265	296	98	86	187	75	42	151	412	226	686	199	101	14	382	128	75	91	77	103	53	110	13	46	8	41	193	138	276	278	344
V170	128	81	763	31	5	110	39	168	40	1127	94	88	433	4	47	964	106	371	183	135	254	921	21	26	60	216	95	173	17	211	299	243	260	554	721	414	381	555	67	14	4	167	934	101	506	2	259	249	97	205	140
V171	1	4	17	203	33	125	184	51	129	144	182	205	156	75	858	44	54	111	10	262	146	553	77	299	149	289	302	0	106	375	17	31	32	112	452	71	355	43	49	277	150	226	497	1	243	149	231	28	234	105	21
V172	701	16	81	41	72	276	228	50	264	367	581	1054	70	34	354	53	667	97	107	118	187	61	179	434	315	117	136	361	4	39	63	167	149	170	110	211	76	434	113	342	316	25	96	51	166	22	162	88	441	483	424
V173	24	73	184	333	200	119	124	7	248	363	170	138	78	193	134	220	168	538	95	219	155	50	555	255	364	270	323	77	297	11	5	412	19	513	84	90	11	494	576	77	30	102	53	119	98	35	436	37	52	43	69
V174	40	465	269	39	374	5	91	120	260	74	14	314	409	148	331	385	110	868	295	196	268	9	62	58	14	231	287	408	337	43	31	557	234	323	154	717	208	99	245	242	77	295	307	481	649	187	67	118	66	5	215
V175	48	525	50	32	60	538	1188	278	326	58	6	69	30	40	445	239	329	315	23	265	47	264	269	409	114	203	200	734	47	62	54	208	263	542	53	326	800	51	146	218	59	40	38	30	248	16	32	128	90	92	203
V176	408	485	14	608	151	9	52	72	103	107	80	203	19	112	710	769	49	250	194	144	325	242	39	103	651	180	210	36	370	118	245	247	44	329	86	22	15	328	191	148	22	169	104	173	126	183	191	103	135	144	409
V177	283	119	1	359	3	19	91	1	255	185	42	330	79	220	222	170	271	20	354	148	59	728	435	164	147	171	1077	229	32	24	168	208	544	60	76	62	133	125	61	553	73	219	38	765	951	616	302	154	24	330	253
V178	655	63	509	364	355	72	552	45	365	109	274	73	98	275	452	45	123	222	71	69	211	44	54	58	18	191	56	300	120	129	1146	64	41	431	131	163	291	543	203	178	282	107	16	156	263	56	82	38	375	33	472
V179	73	19	70	1	213	409	94	62	213	134	9	198	131	112	556	102	552	503	49	52	122	71	216	124	101	368	223	104	21	273	459	215	83	90	71	147	88	69	104	21	154	319	13	56	318	582	4	334	536	419	68
V180	111	40	185	19	503	51	61	62	367	26	348	109	258	328	7	360	15	212	186	14	43	205	57	56	67	10	74	154	412	175	189	127	155	130	164	73	255	34	65	18	358	187	83	240	173	159	84	374	29	813	118
V181	144	971	43	17	165	72	111	350	655	36	76	136	86	108	224	87	6	263	112	57	103	29	108	97	411	37	169	1119	57	109	112	30	369	36	350	610	320	134	197	28	40	135	166	149	171	33	208	40	244	226	381
V182	239	163	156	33	16	116	179	60	277	671	394	208	46	345	64	332	408	363	100	130	25	51	124	167	66	40	48	58	384	464	119	12	613	196	200	350	47	298	255	65	258	1	309	1060	38	409	134	222	155	75	207
V183	126	84	31	31	15	78	136	314	43	208	9	37	233	65	657	140	424	2	319	304	111	328	233	284	116	180	25	22	200	28	112	619	107	88	49	461	109	570	143	82	299	61	88	572	74	49	26	192	248	45	110
V184	137	116	186	158	201	300	196	136	101	218	82	345	19	153	596	311	71	10	196	502	226	27	161	105	978	7	57	15	59	74	141	380	156	38	27	39	239	47	54	9	24	522	552	142	6	41	584	810	288	338	134
V185	418	216	69	35	11	84	24	337	318	240	31	975	175	329	144	209	131	601	197	276	455	224	233	256	274	315	134	1	431	195	4	137	71	169	147	200	85	571	18	118	250	166	22	208	319	196	40	345	362	98	371
V186	387	695	231	349	17	315	193	349	162	314	152	256	299	148	516	114	236	205	331	277	107	98	143	298	100	523	394	140	106	843	304	307	52	225	28	5	31	272	560	33	155	128	23	23	79	144	59	100	108	127	432
V187	171	96	0	7	120	108	294	577	467	105	191	17	135	207	32	272	201	8	1288	114	44	106	52	206	531	283	265	194	574	215	173	403	17	1211	112	97	339	394	29	883	38	634	108	38	214	7	160	68	21	47	155
V188	126	55	373	37	106	76	292	84	7	729	344	63	205	128	445	73	395	45	417	41	295	104	330	368	290	347	161	392	1187	213	52	36	85	78	292	25	24	251	85	554	240	101	141	44	55	357	343	78	596	300	117
V189	56	56	54	63	105	396	356	77	12	14	62	18	72	97	130	55	29	218	190	47	70	105	229	507	107	117	211	263	86	89	155	127	148	74	278	741	678	162	158	503	49	247	451	136	278	245	4	47	139	479	55
V190	20	154	264	900	296	166	524	42	225	197	274	27	266	186	195	327	276	67	40	292	48	421	490	189	20	35	181	252	1	938	265	6	16	20	18	81	403	127	94	26	185	233	126	122	9	448	170	212	36	176	88
V191	109	130	3	421	112	7	120	58	420	456	447	31	52	472	32	174	49	261	373	111	289	307	604	134	167	91	172	70	0	87	726	224	102	192	155	105	440	98	343	145	315	87	395	110	241	702	428	3	501	75	132
V192	137	239	149	65	785	202	88	96	372	311	225	372	184	64	354	132	286	70	32	40	99	131	78	648	20	218	135	291	136	372	3	766	445	285	64	90	212	12	18	44	18	103	12	109	16	187	44	433	133	118	173
V193	317	193	84	63	49	257	957	414	236	526	81	242	54	188	464	198	77	97	163	84	194	259	7	62	438	29	243	509	0	1092	520	270	1	190	594	409	285	303	56	182	11	335	333	163	40	89	353	206	120	53	243
V194	144	62	132	144	310	0	164	177	932	443	74	180	66	206	100	193	281	237	1034	177	605	266	82	9	235	94	141	365	6	23	47	196	298	150	373	238	122	241	98	97	38	30	32	58	13	409	143	221	113	135	103
V195	237	123	20	1	599	3	736	115	384	16	527	642	55	127	18	11	272	254	4	480	322	94	694	20	1022	573	368	253	44	173	103	92	189	173	73	785	851	242	96	654	200	104	242	98	116	221	266	572	51	292	188
V196	116	115	75	800	81	635	278	82	44	82	40	256	26	34	136	195	14	81	49	166	10	4	117	89	918	69	53	20	81	116	389	309	206	63	247	23	336	791	35	188	470	368	103	186	601	355	360	442	860	97	125
V197	262	213	405	98	194	46	67	424	338	93	263	53	739	155	132	854	126	47	55	94	158	286	132	154	186	90	664	100	3	94	103	379	483	740	418	78	34	1	227	445	165	86	14	9	217	690	18	578	811	153	240
V198	117	405	103	79	135	80	39	947	56	440	318	126	90	72	88	23	48	130	159	1207	539	449	683	11	58	172	170	47	50	92	114	113	99	202	800	16	769	10	4	171	278	100	2	20	176	15	412	126	229	317	229
V199	51	20	287	309	124	84	122	261	228	185	618	186	254	247	0	57	58	242	19	128	600	81	154	144	53	128	985	126	191	479	189	308	21	209	47	590	134	60	418	107	400	13	112	348	19	56	140	156	52	223	55
V200	99	394	299	90	7	45	461	65	40	350	275	250	241	308	196	58	246	227	18	40	415	199	21	175	397	158	404	336	62	86	61	3	502	159	544	44	48	112	105	5	66	204	92	432	99	146	41	156	13	189	179
V201	470	423	271	186	23	252	206	22	195	120	29	51	377	31	92	477	29	86	60	117	18	205	98	105	25	65	65	134	54	24	112	224	69	423	328	180	89	13	118	242	83	157	108	12	217	226	702	33	12	91	437
V202	95	74	1085	733	11	131	47	11	204	602	1	20	258	107	362	138	33	260	696	67	128	85	47	264	39	158	185	459	278	25	136	247	786	173	7	96	4	277	305	203	11	120	29	179	432	17	143	58	528	175	104
V203	276	169	66	164	53	16	112	100	134	89	45	305	103	502	54	26	345	530	165	248	118	51	355	32	87	0	6	123	52	409	307	6	902	122	185	6	222	568	349	816	72	92	120	155	69	663	351	135	96	171	265
V204	131	71	6	55	272	7	72	308	70	203	257	263	394	172	40	110	31	76	86	90	34	95	28	114	69	576	37	8	21	16	12	312	107	139	51	16	361	57	125	281	453	272	233	153	188	113	55	135	116	147	113
V205	116	475	233	62	113	24	2	35	72	524	110	429	26	88	537	296	146	9	96	446	37	161	193	484	342	70	97	67	443	44	68	76	56	22	123	159	84	297	20	52	136	133	12	52	35	173	72	39	5	233	248
V206	78	635	199	67	105	386	18	207	4	121	30	80	224	68	14	188	189	202	38	34	64	135	310	154	513	158	201	77	403	46	187	11	218	15	52	101	153	196	32	13	211	479	108	60	360	67	5	149	83	106	263
V207	666	429	63	370	24	1039	109	729	160	147	481	40	581	479	324	35	186	104	50	33	168	67	495	326	0	227	1278	380	97	127	102	180	280	71	168	117	176	123	93	105	187	404	101	257	198	247	39	306	9	107	586
V208	17	84	9	140	153	101	189	48	203	64	64	350	145	270	144	20	379	142	100	472	32	338	80	131	639	295	326	52	48	394	140	41	213	303	93	29	68	87	67	278	52	399	326	108	329	136	4	99	458	71	61
V209	63	247	226	25	556	182	263	70	198	578	53	43	149	840	46	345	453	14	500	49	483	567	54	61	21	592	540	66	229	218	719	32	44	9	68	177	273	466	245	112	3	243	621	157	234	70	80	115	126	168	136
V210	67	606	228	88	39	293	451	211	130	846	29	187	47	89	543	418	142	253	572	138	196	366	462	319	324	292	584	49	139	229	0	0	20	29	335	223	33	92	280	226	145	436	210	94	350	1085	245	39	197	78	224
V211	276	35	144	256	45	136	103	46	578	24	171	56	67	741	97	18	388	3	299	47	82	307	81	230	19	389	258	217	40	5	120	67	88	153	30	185	122	44	24	49	72	445	349	87	150	5	90	429	866	6	225
V212	109	57	19	830	4	49	10	856	68	63	31	34	270	276	584	55	141	56	220	30	70	489	399	82	372	411	3	66	120	47	499	404	11	27	330	160	176	19	248	1	116	75	689	35	303	21	359	209	4	278	101
V213	141	93	38	213	279	23	85	38	366	170	79	4	113	49	214	1	37	75	89	600	511	267	199	451	18	81	32	101	32	645	4	73	439	46	634	111	216	190	186	96	562	362	243	273	237	207	87	394	5	12	158
V214	284	176	282	82	303	125	248	2	11	107	29	352	209	50	571	88	392	621	62	87	15	113	268	401	9	166	38	113	41	179	110	4	12	97	577	332	109	79	139	52	73	481	129	623	12	41	211	371	7	24	228
V215	30	142	401	566	722	40	133	672	94	377	522	250	55	39	606	225	120	30	574	151	265	166	127	120	812	89	598	45	216	123	240	274	124	53	0	173	610	262	79	660	211	1156	19	53	781	427	1361	219	17	2	83
V216	364	271	110	446	402	21	773	192	42	500	21	260	139	258	84	532	327	42	94	264	1211	2	312	10	190	608	1275	144	58	323	7	50	495	168	210	395	489	81	111	74	222	159	102	256	203	516	97	48	114	179	341
V217	39	73	138	207	227	317	40	333	70	88	96	141	255	447	166	242	75	428	240	54	123	283	323	80	183	332	162	15	211	267	86	844	177	97	119	286	38	160	213	63	142	86	187	51	274	347	314	143	280	250	71
V218	92	23	100	133	54	210	130	348	55	117	94	64	4	180	139	153	154	305	20	13	15	168	352	8	101	100	51	63	20	14	75	200	2083	41	429	28	467	513	31	242	16	22	260	80	651	112	1206	24	101	82	77
V219	43	991	354	195	86	163	417	7	290	118	7	49	104	67	68	12	10	115	160	254	300	17	80	448	162	120	11	14	18	104	58	210	109	244	8	110	318	92	114	13	710	298	304	15	62	149	166	136	59	18	339
V220	193	230	371	173	199	97	150	35	514	251	5	80	332	223	212	422	343	184	895	156	238	90	199	201	144	102	375	151	45	715	258	92	2	192	29	72	190	433	266	73	13	125	18	206	110	17	77	364	77	20	197
V221	253	1	175	24	354	786	159	162	757	226	192	78	132	163	279	435	77	20	62	38	10	41	197	27	34	826	114	137	76	46	101	25	213	580	154	161	77	145	38	40	141	9	499	69	134	5	115	537	201	71	210
V222	358	117	557	398	369	15	120	108	18	324	118	80	11	478	158	50	1	23	277	23	185	1	242	329	340	540	207	2	53	360	64	79	48	151	588	303	247	211	44	30	134	74	308	132	181	105	21	207	108	33	310
V223	124	112	20	366	8	231	122	137	295	145	21	198	232	389	558	67	306	210	706	349	127	25	337	51	157	66	35	78	360	75	8	321	742	56	222	135	249	375	126	45	41	56	188	220	61	231	86	126	300	16	151
V224	198	836	148	71	491	59	532	63	20	451	59	59	191	228	525	618	174	216	87	82	209	305	302	154	528	242	189	23	33	43	130	90	171	108	80	55	51	163	274	453	152	307	23	18	48	13	48	209	216	197	402
V225	212	49	50	61	167	133	805	116	76	5	234	43	893	142	27	955	159	350	192	508	15	52	344	323	4	308	99	288	16	198	69	228	107	509	95	157	393	19	100	288	224	239	95	150	137	143	89	76	77	156	144
V226	35	98	215	304	19	125	290	224	311	265	245	102	10	257	88	45	164	35	175	380	3	1	643	61	672	185	275	12	196	476	328	1329	103	196	32	215	363	748	361	39	646	150	268	1	302	64	5	33	122	471	70
V227	213	20	326	136	15	294	97	3	475	635	197	943	11	351	39	1265	17	101	183	372	92	268	154	16	18	186	100	467	628	125	92	411	72	240	2	388	180	78	889	175	10	646	141	43	376	16	212	344	40	121	157
V228	135	52	223	401	113	232	347	74	433	4	118	39	48	52	238	219	90	372	258	111	85	345	124	447	59	378	371	56	5	399	274	86	144	18	79	162	122	230	267	66	14	8	20	276	55	288	112	44	593	22	109
V229	376	85	64	170	421	78	162	789	424	74	127	74	610	144	120	368	85	43	251	7	41	403	411	98	135	106	136	94	25	252	243	228	109	12	474	25	48	7	250	10	6	52	51	838	48	281	74	52	94	144	299
V230	171	84	6	245	199	476	83	12	404	6	4	71	311	137	20	76	187	160	557	787	312	610	174	91	24	285	850	5	642	968	178	7	102	306	73	8	475	343	109	44	17	100	97	505	471	80	96	14	467	177	157
V231	48	723	40	167	247	135	13	39	245	190	88	124	132	19	519	382	45	110	109	81	96	514	130	492	533	122	98	119	30	189	215	17	25	342	233	268	2	130	140	27	39	192	40	103	87	333	422	4	6	560	256
V232	218	396	84	97	299	75	351	514	150	225	36	184	49	25	104	49	11	426	181	364	460	37	113	173	7	34	155	177	10	14	116	187	427	79	306	391	100	308	81	159	552	254	449	155	364	87	153	33	107	515	246
V233	338	166	56	455	2	101	83	41	143	1	447	219	41	69	96	77	75	180	121	47	105	80	128	147	180	137	14	390	77	22	40	176	141	320	130	415	337	345	3	192	287	178	409	537	236	206	192	221	253	57	268
V234	593	69	78	77	145	715	203	152	18	565	671	346	2	151	28	89	85	141	195	96	11	118	442	78	178	2	91	51	259	127	58	127	16	9	89	374	97	157	205	122	256	158	545	20	176	344	85	309	168	385	380
V235	131	138	43	302	97	1024	44	343	67	679	122	79	69	41	43	210	312	454	451	260	11	239	725	117	144	10	182	20	253	114	148	56	99	166	59	163	147	751	132	179	296	84	223	279	476	422	54	123	14	75	121
V236	138	1	109	118	126	178	374	8	29	196	728	250	232	691	97	1042	225	246	483	82	371	63	288	482	260	123	247	181	128	25	185	93	19	26	276	200	174	326	295	17	337	234	12	1143	31	144	591	382	195	2	116
V237	446	317	281	48	91	72	416	41	26	527	441	334	388	24	4	154	133	308	183	190	180	390	160	191	47	73	104	63	22	548	186	91	32	7	513	567	228	238	64	33	108	484	176	180	48	242	41	217	53	116	379
V238	54	865	215	402	165	78	404	178	195	236	231	46	17	895	72	367	284	10	124	191	219	402	267	85	176	256	315	513	90	110	574	117	297	122	2	282	242	75	81	156	136	388	69	64	298	81	17	156	11	91	342
V239	207	59	255	449	49	43	45	275	68	91	275	205	119	191	1	74	222	257	164	6	319	202	129	34	12	51	147	160	611	106	84	42	168	327	272	157	190	77	121	204	50	87	313	412	13	516	63	42	641	72	159
V240	67	220	452	14	345	51	636	20	362	72	339	23	80	81	324	514	359	44	112	7	201	396	269	33	317	229	666	435	157	47	189	138	64	139	48	66	345	466	213	148	457	288	6	582	11	111	20	81	230	157	125
V241	250	21	328	85	0	13	87	269	65	116	158	299	34	177	134	211	97	124	336	24	4	373	166	32	73	78	62	104	105	909	0	99	280	549	208	506	521	201	1	154	6	285	42	24	255	90	424	50	159	18	187
V242	291	122	71	160	440	58	254	692	11	439	20	165	217	352	42	58	26	230	102	3	80	25	116	47	25	28	666	222	100	518	47	71	116	155	33	187	96	55	393	202	22	34	506	340	349	769	107	95	173	24	253
V243	185	161	56	32	38	7	149	196	58	91	116	26	66	68	44	12	66	166	457	101	115	299	18	171	402	105	257	434	156	9	82	11	270	24	1	215	519	83	16	164	67	312	43	225	219	122	72	33	493	406	186
V244	113	34	612	2	350	337	37	381	225	64	0	242	1041	53	476	421	414	354	75	238	261	184	676	38	20	60	176	169	323	12	64	131	438	291	44	92	23	40	94	14	723	33	943	32	202	66	285	484	11	254	89
V245	175	172	423	180	37	47	401	121	34	91	291	111	179	716	206	20	121	94	11	50	267	96	95	45	312	680	62	29	58	22	90	49	389	354	619	444	364	144	85	183	393	141	85	22	163	240	316	5	30	273	176
V246	105	256	354	253	123	697	151	6	75	40	145	20	27	422	278	338	289	6	576	225	102	230	186	128	274	33	142	101	73	27	81	293	56	45	26	54	62	683	39	239	895	558	4	49	181	53	657	428	14	124	146
V247	191	78	53	80	194	462	505	54	1052	79	78	234	76	166	102	126	311	227	270	587	528	105	190	525	89	104	2	343	315	8	72	301	534	150	54	90	86	427	126	51	22	120	142	126	287	416	129	21	79	260	166
V248	296	22	272	40	9	48	403	433	55	896	125	82	108	110	285	1	360	50	110	37	224	197	67	213	259	489	0	41	98	82	124	346	494	304	243	44	191	151	196	105	684	500	45	280	133	325	24	210	373	684	225
V249	58	188	575	91	332	253	40	19	30	10	191	596	152	139	74	1018	112	129	187	115	243	207	41	245	23	66	54	378	362	0	83	97	64	328	12	218	15	380	53	170	548	89	4	171	181	181	489	182	251	423	106
V250	430	157	40	239	43	98	462	70	93	115	35	82	151	98	134	131	63	608	229	126	34	305	490	103	165	81	62	108	248	43	84	315	21	71	6	101	72	251	107	38	79	444	33	72	256	615	681	60	234	394	290
V251	556	489	258	59	197	10	376	339	103	178	31	40	452	35	39	67	219	190	77	376	353	3	613	40	71	112	221	42	11	6	203	96	125	278	152	105	141	118	147	46	322	78	66	106	158	50	424	235	11	314	498
V252	3	342	242	147	325	35	95	13	361	10	140	209	619	790	110	160	65	219	221	426	138	366	127	211	43	45	97	76	162	53	20	351	2	188	80	527	1271	99	183	229	250	762	12	22	25	461	495	96	227	144	131
V253	167	48	0	644	119	144	39	70	174	74	116	39	116	50	203	119	300	83	11	74	339	213	19	188	51	17	80	425	117	1	123	22	92	238	370	307	12	783	12	61	703	152	93	195	7	228	108	102	376	0	140
V254	428	59	29	267	138	289	300	155	650	162	90	47	243	188	462	471	273	317	37	86	91	103	97	61	190	49	95	344	46	70	587	284	63	274	152	325	18	209	186	169	31	70	594	105	346	3	119	728	164	167	282
V255	219	286	72	195	133	65	47	280	21	42	7	72	133	376	96	101	525	9	205	105	35	384	237	104	64	8	87	456	832	786	289	85	35	110	198	237	25	125	493	31	440	126	419	394	71	388	876	8	424	190	263
V256	78	653	35	118	14	150	134	372	147	239	50	208	3	23	132	91	186	75	273	424	396	192	114	103	186	42	17	488	184	111	462	187	223	273	99	407	59	53	195	83	105	122	69	214	233	99	90	171	407	12	277
V257	369	40	274	182	331	40	259	26	164	566	59	135	168	106	177	70	8	299	106	74	296	363	150	766	138	52	98	343	352	221	31	261	16	337	349	0	56	166	54	361	455	201	35	45	76	104	198	240	233	430	239
V258	19	280	27	0	412	139	73	6	404	98	70	13	73	244	630	79	141	159	72	23	88	273	15	28	422	224	110	57	1068	35	16	148	201	581	9	86	61	399	131	12	226	31	35	126	41	17	218	188	141	103	129
V259	311	127	161	121	209	45	141	47	279	79	69	32	28	599	96	231	260	537	311	138	26	536	55	21	3	399	300	179	153	20	85	223	50	95	437	214	166	25	117	98	23	22	173	11	58	195	169	64	4	74	246
V260	170	34	45	108	54	115	160	352	96	147	100	215	30	286	38	30	54	268	144	273	39	256	65	157	826	217	358	338	157	16	9	176	260	88	67	821	757	21	308	382	164	96	545	60	85	19	276	156	133	76	146
V261	167	74	322	412	308	300	442	43	57	0	394	499	36	28	312	367	25	242	173	288	421	64	299	56	80	236	332	47	78	56	20	29	59	141	7	19	130	236	292	232	335	424	250	346	191	35	271	716	111	51	145
V262	47	101	444	92	110	84	285	199	253	174	351	573	235	94	17	17	26	73	383	103	700	17	31	243	312	12	162	214	144	44	178	49	155	824	216	260	148	156	215	12	2	143	8	45	146	366	279	396	370	281	71
V263	132	363	139	270	267	61	218	961	259	99	173	77	35	156	20	383	57	13	21	127	159	158	182	198	44	47	2	261	103	38	102	190	243	633	121	13	55	237	348	227	75	152	194	47	232	289	159	86	83	75	201
V264	608	299	136	785	1	434	62	433	1357	88	154	108	46	128	189	49	169	42	243	176	174	120	143	100	721	42	257	50	60	122	107	68	544	13	30	3	168	61	252	53	176	207	114	217	15	182	93	106	441	135	463
V265	93	52	91	151	168	310	72	322	156	447	231	244	15	15	205	314	173	189	107	7	744	157	105	336	348	42	186	49	91	118	57	98	118	358	190	539	43	34	96	20	34	20	466	13	54	64	1080	135	180	343	84
V266	294	451	234	85	212	47	71	203	111	466	101	164	9	206	139	88	715	251	9	657	54	91	77	715	21	583	296	77	407	234	74	320	203	12	15	389	2	81	88	376	173	16	601	679	137	153	109	80	240	49	325
V267	49	128	89	13	16	100	164	95	1158	30	13	187	294	397	83	302	238	372	187	99	482	81	159	13	438	16	28	55	233	101	37	228	292	13	169	2	185	225	56	97	13	41	207	141	113	460	298	133	11	57	84
V268	525	35	7	533	325	201	189	991	114	40	253	233	190	56	75	85	7	398	484	251	210	468	44	231	58	220	251	533	243	108	294	185	2	113	9	158	273	42	73	207	52	184	94	438	430	21	70	37	54	263	369
V269	30	192	54	221	264	363	69	173	57	26	121	1	120	70	183	127	116	34	11	6	487	78	104	104	228	56	2	273	349	45	67	195	342	174	168	128	16	76	269	300	78	21	351	30	32	681	214	51	138	129	93
V270	169	230	361	139	322	124	75	190	45	113	299	179	22	332	286	23	42	68	172	114	251	181	115	306	56	6	201	25	117	189	56	299	162	101	307	383	186	139	4	15	12	285	74	47	286	60	897	563	86	16	212
V271	31	629	294	290	168	91	109	140	84	94	129	402	359	542	68	215	151	216	87	58	3	114	280	50	30	43	269	312	54	77	643	778	290	408	145	11	115	30	126	251	43	66	6	11	351	12	352	275	282	30	219
V272	0	281	113	62	385	166	82	182	119	206	162	15	123	367	129	114	36	132	4	95	42	19	781	521	94	274	17	118	174	483	20	37	139	262	78	169	74	471	107	71	23	708	269	22	119	296	114	9	58	186	97
V273	79	406	92	154	29	6	164	431	56	139	50	136	113	189	13	121	58	119	87	332	6	50	93	389	53	687	13	246	468	141	202	372	75	3	177	159	274	316	17	1	233	205	67	33	39	65	2	236	232	0	184
V274	79	63	81	220	185	10	166	151	82	133	19	380	444	9	175	173	9	218	128	226	26	38	28	161	49	638	29	198	201	379	230	296	8	222	94	327	920	92	148	234	206	14	10	69	52	56	34	1393	264	10	81
V275	103	54	464	284	97	307	24	538	913	525	55	95	322	280	73	197	54	253	269	405	94	46	272	24	31	126	16	75	9	157	74	36	71	99	163	349	510	57	318	266	25	30	117	53	14	53	113	19	40	354	96
V276	112	207	52	109	569	88	710	91	4	83	368	177	14	52	10	88	186	115	144	33	241	218	731	109	172	606	98	107	272	913	119	609	86	246	319	357	92	70	721	153	468	49	120	99	437	653	117	161	145	26	138
V277	330	100	391	124	23	38	196	169	41	34	490	7	134	378	128	206	239	312	413	143	251	10	642	250	273	150	404	481	353	875	89	8	58	325	171	545	314	162	88	322	199	73	177	128	634	24	78	116	30	898	258
V278	87	30	143	273	72	297	112	531	241	262	72	194	44	4	14	536	371	156	262	419	16	63	174	128	557	182	623	938	152	140	108	240	82	54	47	9	381	1	72	126	392	116	21	25	626	26	346	30	17	482	107
V279	76	756	48	71	64	411	620	59	299	242	103	23	143	15	75	175	91	88	4	84	428	46	100	42	32	142	677	558	270	63	96	79	41	85	73	228	69	4	80	22	10	119	67	159	322	26	49	65	158	44	275
V280	137	1	159	242	54	217	24	115	145	21	48	323	103	324	16	198	287	199	19	279	74	104	401	697	41	218	133	122	149	126	149	148	12	196	45	62	145	151	29	177	461	502	117	333	122	127	11	51	913	92	94
V281	162	90	602	627	93	18	22	12	434	131	39	55	521	179	75	178	154	40	311	31	50	277	136	2	261	10	33	78	148	14	261	10	15	184	35	52	116	47	871	62	246	323	207	246	230	79	450	61	56	184	137
V282	482	75	108	63	339	3	67	152	295	13	108	218	202	141	13	898	31	58	70	631	207	95	202	94	533	38	25	98	87	24	38	199	9	31	604	251	82	522	17	37	562	107	4	231	310	265	67	58	333	264	301
V283	253	83	32	134	81	544	125	370	11	462	774	227	16	67	52	155	7	471	38	154	940	214	77	830	168	139	356	25	16	389	64	305	491	203	95	550	795	435	82	98	34	32	124	303	41	8	74	288	36	910	219
V284	114	437	31	157	22	337	464	148	56	58	403	247	761	612	96	42	40	11	732	417	55	176	6	33	332	40	18	18	111	251	73	305	63	235	278	384	253	29	304	7	489	654	22	348	290	162	688	52	439	201	220
V285	486	43	911	321	471	174	716	91	90	28	45	30	91	10	180	56	1	48	25	184	46	217	11	3	562	149	35	21	211	179	106	112	115	150	543	63	200	33	255	483	204	75	1074	682	188	108	219	34	99	241	345
V286	204	8	224	61	35	50	7	34	404	154	10	17	122	174	46	148	35	17	121	30	252	87	196	636	510	123	369	62	42	49	6	229	133	482	101	231	687	36	273	61	47	118	123	364	344	74	168	217	60	123	152
V287	390	91	153	14	99	12	29	21	23	378	170	245	391	119	43	14	218	120	299	27	365	262	139	291	195	335	168	82	443	8	293	276	368	231	339	216	503	74	187	85	60	187	535	192	659	112	29	95	41	309	306
V288	386	6	111	268	64	161	51	145	215	276	40	81	50	56	189	222	209	165	521	358	55	223	64	229	99	441	237	18	294	11	344	216	434	156	220	263	131	405	88	751	61	95	107	76	133	317	45	270	154	8	263
V289	6	67	51	67	462	52	43	59	6	222	12	0	448	43	102	12	147	418	501	111	981	531	10	102	0	83	347	119	263	131	86	22	327	25	538	165	5	8	10	231	98	465	43	5	178	280	66	525	545	67	34
V290	103	37	75	123	27	175	127	390	149	23	106	101	235	462	639	58	287	43	178	15	123	532	7	394	213	240	115	318	628	72	1	13	27	464	327	92	11	123	74	121	16	3	68	25	97	55	79	11	1774	472	106
V291	559	115	952	520	18	333	215	187	2	395	276	230	206	329	128	2	28	18	43	220	57	64	116	8	65	227	442	70	27	157	297	28	1307	136	110	581	22	839	369	684	199	155	303	7	78	50	182	135	539	37	399
V292	1050	109	66	69	499	54	96	113	356	348	184	282	31	679	263	173	39	21	24	193	312	164	110	425	30	1	142	380	56	42	145	75	17	312	117	784	203	413	150	202	321	146	458	481	162	168	79	209	64	206	666
V293	178	130	51	0	132	207	47	325	339	80	54	181	22	272	257	177	170	642	143	80	43	94	52	51	121	226	16	92	5	248	17	3	55	60	132	167	332	112	75	103	176	167	86	320	375	546	590	17	372	86	173
V294	798	465	505	59	195	2	120	284	164	22	125	139	111	125	276	15	303	82	123	447	25	39	372	52	131	139	512	4	707	414	106	120	123	186	27	314	298	253	5	50	229	48	202	228	32	147	95	297	304	198	599
V295	21	0	5	49	68	11	851	384	3	23	11	80	262	197	78	232	12	65	48	61	155	450	438	80	82	453	72	154	85	257	39	651	27	233	268	109	48	4	38	124	90	97	112	166	104	24	8	112	45	17	25
V296	155	244	7	442	339	80	124	3	46	53	131	269	159	202	222	65	11	162	11	151	176	54	23	327	171	636	636	201	241	197	189	133	79	9	629	100	15	358	0	118	170	272	162	42	70	87	153	477	63	214	201
V297	362	219	59	67	3	150	291	48	15	637	2	1	153	772	43	7	109	844	13	18	77	240	45	219	126	36	9	202	87	867	145	816	70	21	49	143	208	41	105	310	772	31	451	185	138	515	1213	155	78	52	300
V298	1766	78	50	168	204	88	100	54	42	317	346	8	11	159	75	151	713	42	158	151	421	245	1	187	331	147	141	50	546	824	290	81	286	125	44	165	192	223	128	662	230	223	61	112	137	54	19	250	82	496	1067
V299	128	74	270	104	198	488	52	103	290	104	614	342	45	878	488	110	402	904	314	52	584	196	98	41	155	3	64	90	20	115	66	134	115	437	62	242	46	403	56	95	69	229	184	33	76	41	144	275	416	55	115
V300	88	222	890	550	599	317	155	138	215	157	471	53	8	125	143	87	9	251	1	85	16	114	162	147	7	26	201	8	350	49	391	29	684	65	327	248	210	70	364	16	188	181	213	65	216	8	268	117	205	132	115
V301	25	54	86	31	37	239	157	2	175	321	172	184	33	162	122	5	264	940	11	8	41	41	179	287	66	52	506	262	76	144	183	298	122	505	217	166	126	7	64	330	17	456	140	62	11	11	235	253	159	67	46
V302	58	95	54	34	15	192	74	241	299	65	331	347	151	381	942	354	8	231	246	40	92	255	127	284	344	103	136	55	82	204	189	133	23	288	95	545	176	27	0	381	71	848	143	164	157	360	142	221	151	88	81
V303	261	262	893	111	296	289	12	2	286	67	70	114	11	246	152	862	524	305	195	191	44	468	320	203	252	333	91	19	413	94	73	76	132	22	1387	286	77	126	84	374	215	300	101	148	233	45	114	37	253	215	249
V304	63	317	1	201	217	318	1	12	429	83	99	15	58	134	40	0	675	17	303	50	385	27	56	159	233	191	71	14	123	149	152	36	224	62	124	178	19	8	638	168	231	511	420	186	191	111	5	27	92	37	139
V305	70	333	232	30	215	37	87	582	944	227	261	19	34	82	45	120	29	131	43	89	590	787	42	74	2	136	63	106	485	77	89	111	246	47	398	165	529	456	118	384	16	216	130	251	90	745	433	104	586	135	162
V306	21	162	62	106	127	245	87	129	91	1	85	462	18	365	53	142	211	540	35	513	1290	277	144	174	435	531	23	108	150	5	249	186	29	402	240	221	170	91	13	117	96	289	33	153	17	45	353	382	140	233	82
V307	205	407	59	32	6	90	125	679	314	377	72	20	63	98	34	62	43	253	259	9	89	139	36	393	191	133	255	72	861	455	77	208	181	239	15	52	142	30	98	12	301	282	352	37	280	314	295	11	168	96	284
V308	321	195	274	285	60	3	7	62	220	242	101	25	169	424	67	400	65	95	183	754	252	107	368	30	24	34	705	220	334	9	269	149	236	50	391	266	243	61	8	110	177	31	39	105	139	464	168	87	319	11	247
V309	160	324	320	104	308	107	76	351	30	289	198	210	143	408	17	212	145	56	56	71	291	41	391	200	22	52	447	110	21	253	484	558	564	649	398	424	24	487	69	145	84	187	77	298	519	97	257	274	298	187	208
V310	3	44	150	110	23	19	286	19	85	386	467	52	129	6	21	213	741	23	13	275	7	33	183	50	42	176	220	194	7	154	56	87	14	217	80	150	480	294	159	293	175	267	56	50	134	154	17	182	456	30	28
V311	13	137	273	32	48	197	118	159	458	400	440	48	70	10	85	926	209	485	503	90	12	115	8	77	85	224	98	82	8	560	173	161	81	33	307	113	569	130	223	89	43	216	392	59	205	94	274	33	110	6	66
V312	9	13	165	51	10	22	115	87	30	296	6	262	144	138	165	1224	68	6	14	477	139	97	18	483	133	4	3	550	95	168	40	40	71	209	347	123	60	272	141	20	136	3	450	329	44	154	16	44	81	19	20
V313	368	320	1	114	262	522	175	77	148	285	24	58	129	114	23	231	25	653	46	680	203	65	111	183	53	135	21	61	165	247	63	781	140	334	26	19	201	30	310	348	140	88	93	26	266	337	101	484	83	74	350
V314	37	618	66	232	53	135	73	929	82	313	43	292	366	438	232	450	2	216	479	189	82	3	3	41	173	187	454	50	123	210	1	9	105	47	204	71	147	272	142	1	427	457	364	113	223	104	40	367	367	176	220
V315	27	40	180	53	134	90	26	88	23	305	89	154	179	1154	66	150	268	42	154	103	51	116	129	402	186	547	131	19	64	2	75	108	52	289	112	107	125	541	149	521	341	294	18	75	260	273	20	187	11	215	55
V316	27	11	123	620	6	91	110	123	199	89	99	171	263	727	183	66	1029	22	104	109	132	587	89	262	197	21	666	239	137	8	104	486	78	193	848	149	188	110	233	8	78	111	578	375	241	262	74	306	279	16	51
V317	367	27	99	51	515	124	124	1180	105	87	282	13	145	438	71	7	404	169	387	90	449	79	276	403	560	154	46	27	684	25	216	90	282	163	13	127	182	68	39	364	340	554	325	345	456	200	101	246	87	253	253
V318	80	44	117	13	241	320	2	398	108	152	147	72	134	60	448	87	450	258	73	40	62	1	116	39	298	191	174	323	221	65	47	379	76	190	412	185	291	90	25	551	229	152	282	249	687	201	30	739	113	11	83
V319	61	30	272	3	255	23	120	335	517	251	56	332	116	941	128	77	36	23	59	62	139	139	65	14	80	11	34	232	413	243	94	51	105	207	57	380	356	66	673	23	258	1	12	278	501	5	43	519	407	245	62
V320	109	181	205	3	180	1204	121	536	53	233	159	102	242	479	287	159	29	319	108	47	258	63	251	21	186	80	172	149	53	48	80	284	2	23	20	329	8	10	167	61	141	120	31	44	65	171	51	816	276	73	147
V321	266	85	506	90	499	266	283	124	361	111	87	37	5	13	93	321	442	142	122	217	625	71	197	92	68	971	384	297	143	148	285	130	62	28	214	6	74	396	160	308	360	147	131	60	129	649	171	764	156	406	177
V322	182	167	261	94	234	250	432	11	192	74	69	191	172	260	144	3	281	194	13	112	13	21	623	93	98	101	44	183	127	230	136	23	65	128	71	419	280	92	48	153	62	98	228	112	382	93	316	304	383	578	181
V323	55	151	497	473	180	56	112	31	161	88	324	97	73	250	243	314	91	481	53	4	177	8	156	7	122	90	130	779	109	150	207	117	65	83	200	163	0	63	17	50	14	221	249	61	370	110	253	31	326	255	101
V324	43	552	205	137	60	24	538	85	159	35	61	304	23	183	1	702	62	38	1	298	0	90	9	124	261	14	43	412	381	247	153	131	26	6	190	349	190	104	596	257	213	175	326	265	69	266	53	85	257	9	220
V325	368	124	16	53	337	97	783	140	58	2814	91	286	205	50	46	323	324	144	36	837	10	22	8	361	226	143	341	55	119	670	60	77	773	173	36	69	181	14	234	50	63	18	14	408	114	279	289	131	39	694	291
V326	286	89	95	93	64	872	48	45	124	47	78	35	86	334	116	51	85	557	37	96	31	142	278	191	93	169	27	55	360	87	121	83	118	315	25	178	49	228	74	471	6	315	296	144	292	2	652	206	37	202	217
V327	83	181	154	351	125	48	55	164	143	335	1000	37	172	203	2	190	140	82	235	9	19	35	166	46	89	18	70	570	9	137	284	44	309	891	120	61	18	53	144	211	48	210	63	215	344	9	27	242	54	217	120
V328	58	5	531	134	238	21	26	3	223	21	132	4	65	25	371	467	70	45	5	41	351	193	138	202	44	24	286	759	367	121	20	79	107	14	168	386	105	649	90	23	34	44	1023	99	290	136	4	49	342	214	64
V329	9	20	37	103	10	294	127	163	294	16	326	68	140	4	120	554	479	347	42	244	123	191	12	217	214	66	322	161	512	510	126	10	359	62	59	55	398	72	220	211	201	32	10	49	112	49	456	35	460	262	29
V330	69	16	42	84	145	226	73	233	155	74	269	48	284	0	89	355	172	28	453	129	256	16	340	96	390	70	291	6	37	0	392	221	111	348	167	51	313	75	1	209	114	388	110	32	590	8	221	112	334	474	60
V331	297	3	63	1350	336	102	77	10	200	408	7	885	354	232	191	181	212	256	26	110	90	176	5	14	366	226	34	73	128	41	72	26	814	110	5	134	352	190	322	0	180	79	192	186	399	202	92	928	85	505	218
V332	240	161	43	32	30	267	23	486	48	102	369	72	217	108	182	35	59	416	18	190	146	332	471	258	236	120	244	351	90	183	187	564	228	72	106	205	26	430	24	8	126	101	442	135	99	57	155	457	218	26	211
V333	50	206	414	153	944	183	191	171	65	175	132	99	71	516	228	296	4	165	61	240	147	20	4	208	434	912	21	384	8	469	201	359	104	445	119	130	205	49	177	111	142	241	343	385	397	240	68	157	81	137	140
V334	57	349	757	59	121	586	316	32	0	176	211	208	32	50	486	117	113	208	31	36	17	177	0	152	6	686	34	378	255	92	597	217	450	52	30	131	414	152	560	194	97	83	60	388	121	171	87	128	118	419	157
V335	58	227	213	38	136	193	519	258	34	67	189	160	169	79	177	10	28	160	1	255	691	262	316	127	75	56	94	72	22	67	39	218	3	16	141	186	5	7	309	53	93	152	713	88	41	45	505	30	22	164	102
V336	15	129	148	31	74	500	164	44	16	72	482	33	157	179	93	351	103	179	483	555	4	193	234	35	36	207	57	80	241	17	571	186	44	119	372	177	556	426	31	163	102	477	700	138	59	195	220	64	259	120	69
V337	129	64	51	142	17	145	118	149	187	132	115	465	279	326	50	75	846	118	13	146	414	308	55	25	22	141	4	323	153	677	147	55	359	23	116	202	62	398	53	468	190	0	40	366	997	32	29	125	62	567	126
V338	162	38	257	465	309	155	229	152	312	574	180	32	436	0	225	84	30	19	437	82	71	404	190	57	176	575	6	70	107	55	321	407	157	17	40	378	19	117	103	177	317	213	38	307	171	87	730	175	370	53	127
V339	40	315	540	40	67	30	93	110	39	59	30	336	541	349	309	8	359	272	224	309	92	219	114	525	39	108	108	214	115	170	64	92	493	257	57	170	38	1203	244	282	70	72	46	71	207	447	25	59	44	195	148
V340	193	3	18	527	78	345	42	56	76	3	378	275	429	49	161	108	215	113	63	239	173	80	31	285	160	129	284	228	40	38	26	372	140	270	113	157	382	311	73	12	306	286	147	160	442	217	2	734	301	12	139
V341	562	189	215	93	37	59	66	138	138	109	38	224	67	40	83	17	305	6	18	335	150	85	124	319	213	551	2	12	125	385	245	103	772	483	206	568	135	335	1030	856	321	22	25	160	267	25	49	82	54	317	429
V342	202	448	140	187	329	133	208	640	421	157	277	31	4	565	31	417	46	287	601	143	266	186	76	344	327	111	266	113	337	32	147	128	75	33	88	551	64	93	951	69	313	149	536	331	11	539	140	1201	17	98	266
V343	83	623	155	97	55	678	92	246	153	382	4	447	82	51	17	93	347	167	22	73	162	568	182	43	280	498	289	175	76	134	134	10	155	347	261	140	202	53	8	180	239	19	68	238	529	478	15	86	174	660	245
V344	293	158	51	351	28	82	93	381	19	235	26	490	133	48	150	57	26	268	560	209	3	128	431	472	1234	87	308	55	193	409	623	144	113	43	177	19	256	609	7	446	466	326	16	361	259	191	152	204	97	149	255
V345	207	11	562	39	217	772	14	48	353	232	61	89	406	111	324	589	39	403	10	307	335	164	76	256	180	301	57	10	63	233	66	311	8	189	497	37	289	393	838	324	104	266	360	83	128	477	22	43	70	766	164
V346	74	155	229	107	287	21	130	330	46	194	324	85	409	16	15	11	78	449	60	260	559	50	144	731	80	272	27	48	103	77	572	33	5	229	142	217	12	11	367	11	395	599	285	41	4	38	133	367	145	42	102
V347	96	103	249	341	402	9	33	33	41	72	202	84	194	426	96	68	411	13	209	90	258	37	124	928	262	172	65	178	180	55	41	355	143	150	167	404	96	70	124	345	208	283	23	370	9	24	44	69	235	213	98
V348	160	6	244	17	422	268	270	19	129	379	18	110	142	6	16	197	21	568	82	225	616	198	129	22	244	296	61	123	528	367	181	36	372	34	485	355	165	61	87	167	28	249	220	194	670	239	498	64	22	30	111
V349	131	108	167	128	38	38	21	347	149	100	260	58	94	29	316	88	142	249	4	141	35	138	85	411	84	165	57	310	72	196	494	5	36	434	120	54	246	18	101	620	160	105	342	22	126	47	434	160	41	63	124
V350	158	80	121	23	186	121	65	17	259	113	25	856	203	0	49	6	57	234	24	244	39	196	66	243	444	65	41	131	73	348	498	21	36	19	69	105	206	81	178	288	75	29	24	187	739	438	256	324	96	41	162
V351	148	518	227	211	577	134	41	14	222	211	541	297	362	38	203	550	95	38	7	896	419	849	318	295	288	228	157	48	411	676	107	140	94	172	53	451	391	87	489	32	81	18	84	58	57	55	3	65	87	130	309
V352	216	115	218	214	259	340	361	10	4	1	117	89	23	169	232	38	203	61	327	23	209	181	376	377	89	46	314	22	211	169	447	184	15	2	104	303	255	178	11	79	287	35	18	356	573	117	160	410	25	372	178
V353	96	40	332	206	148	308	66	269	13	362	139	109	39	92	160	122	410	45	111	71	67	261	78	110	159	47	68	31	208	116	578	171	217	18	30	243	76	947	127	415	78	124	218	130	236	28	280	42	208	468	89
V354	219	36	83	21	1	866	2087	114	319	359	292	36	44	144	9	181	8	761	31	233	68	82	171	48	71	100	309	207	373	50	899	139	72	323	694	392	206	45	422	238	406	48	298	322	11	299	319	348	200	9	177
V355	407	124	40	1	422	284	48	144	86	603	53	372	129	109	449	77	190	1	3	1097	163	148	1080	629	51	56	249	74	204	175	374	294	625	96	13	35	8	105	94	447	530	162	183	36	431	102	71	431	169	537	335
V356	151	39	81	12	54	525	165	179	8	634	298	492	42	7	118	129	242	62	99	213	185	50	255	29	232	147	172	541	63	21	188	257	77	78	134	174	194	65	14	514	90	27	154	115	7	312	320	100	66	186	123
V357	170	647	276	96	298	25	171	1050	489	156	590	114	61	274	66	3	99	121	264	554	102	8	91	189	438	59	494	1	279	332	28	137	100	21	345	555	264	109	196	13	299	577	19	281	16	53	233	167	46	32	316
V358	65	39	77	401	28	99	58	9	66	66	249	63	106	395	364	732	431	56	299	81	189	390	262	126	234	1	31	44	96	36	204	188	429	259	215	129	8	12	62	285	81	111	7	175	49	93	391	22	1	135	68
V359	184	93	406	90	106	208	452	115	514	32	87	278	159	161	4	742	328	107	216	39	6	394	192	46	1	172	140	223	362	275	358	100	244	66	155	175	302	33	71	163	0	55	423	684	49	119	275	38	67	375	155
V360	14	24	33	165	275	476	224	69	248	10	5	618	50	479	263	93	151	529	429	40	368	612	422	137	6	234	59	229	259	39	642	453	842	93	48	218	135	123	160	19	147	45	27	376	301	343	186	101	76	99	27
V361	156	36	271	26	9	346	69	82	87	14	460	111	194	130	53	433	302	333	214	135	269	192	273	23	68	81	459	140	56	82	153	107	186	5	5	104	174	62	197	44	4	73	438	356	121	127	229	524	25	194	115
V362	129	213	3	68	46	290	170	198	6	135	472	395	459	18	313	68	169	17	56	118	34	136	109	23	311	451	12	56	140	9	100	211	39	299	80	97	170	109	294	165	22	425	210	182	151	224	786	29	396	147	165
V363	145	87	346	187	179	152	57	63	224	189	166	174	72	114	21	73	433	0	103	47	308	244	24	9	311	499	195	467	391	49	13	133	50	1269	42	254	58	173	412	217	291	110	123	90	196	317	47	164	30	85	142
V364	913	239	26	430	920	63	70	596	83	266	118	169	224	109	120	171	192	75	318	546	85	228	8	171	238	140	107	414	205	308	234	94	19	10	42	60	7	44	50	118	82	409	469	25	673	516	175	31	102	115	635
V365	66	74	96	202	792	282	137	154	47	136	281	109	25	103	205	59	82	337	291	156	375	423	170	320	261	124	15	274	249	35	69	69	447	36	688	552	6	110	44	724	149	408	241	65	78	57	132	341	105	35	79
V366	304	278	148	255	378	122	35	193	490	530	272	77	259	149	491	80	250	42	152	149	341	668	96	49	24	30	98	344	223	303	128	6	272	22	136	262	68	3	111	109	399	127	71	35	649	138	178	187	35	619	298
V367	209	691	527	473	253	137	93	77	17	91	54	198	50	174	73	373	249	217	288	99	871	122	10	200	26	364	346	123	90	103	160	209	49	110	271	466	203	272	433	396	646	91	73	815	211	32	331	5	162	64	329
V368	256	31	79	60	120	306	24	56	323	74	348	35	114	420	241	123	163	2	66	43	76	57	96	350	532	209	79	402	486	241	141	92	247	776	44	129	302	51	342	483	270	81	368	246	133	39	188	414	21	89	191
V369	150	92	57	6	261	76	410	138	1	96	191	131	115	249	615	218	111	175	410	0	82	300	25	63	202	139	13	12	646	14	20	213	63	141	48	40	384	71	174	70	210	26	12	81	440	447	231	66	262	213	139
V370	192	52	206	46	103	172	18	172	103	355	54	323	40	135	210	115	98	241	138	160	75	286	120	367	71	97	361	46	229	584	239	267	100	259	522	109	52	55	645	221	81	152	396	276	124	96	61	111	735	218	155
V371	867	419	66	412	1051	161	90	32	68	43	114	194	278	40	257	177	165	377	5	48	186	235	61	83	118	101	274	52	65	18	17	427	224	89	666	162	47	19	148	300	77	755	23	264	186	57	109	146	124	308	666
V372	190	171	608	910	138	436	40	75	98	374	74	52	3	26	137	159	97	25	6	286	87	24	91	96	502	401	573	297	135	479	96	697	12	299	162	1639	19	277	309	750	71	123	462	182	259	714	107	43	157	96	176
V373	116	156	106	764	217	124	107	225	33	108	376	113	70	4	226	266	91	62	342	223	321	215	356	238	102	578	199	214	23	240	280	45	309	427	180	576	18	533	158	87	25	287	154	151	601	141	26	10	727	97	136
V374	1044	396	49	0	387	156	46	77	519	57	368	3	44	291	79	72	86	799	172	33	50	276	58	285	163	228	582	144	629	417	133	88	35	120	57	497	69	98	56	671	186	113	86	267	13	3	29	404	421	16	767
V375	95	132	463	8	100	22	45	152	313	137	209	227	7	284	145	126	98	17	371	276	94	331	156	23	625	1294	103	663	30	445	19	77	80	211	135	11	22	400	46	41	235	143	289	613	495	13	247	20	95	629	131
V376	192	736	992	30	10	98	306	50	591	147	45	353	342	172	17	8	121	58	169	163	140	237	80	204	47	558	50	40	71	1039	130	139	164	155	110	423	69	10	452	68	125	250	157	203	66	315	153	123	280	491	360
V377	319	177	58	40	189	114	246	90	124	210	264	85	291	181	38	275	678	191	19	63	98	113	277	73	295	231	466	167	605	68	123	43	362	28	462	52	21	18	169	32	71	49	156	114	476	430	132	83	83	231	256
V378	79	776	31	196	94	184	149	470	228	140	138	56	282	518	346	55	271	60	225	101	99	104	175	203	77	561	216	295	74	275	474	43	38	298	126	11	62	70	221	115	366	180	506	162	174	44	104	125	26	88	293
V379	286	18	35	431	34	669	366	159	71	9	45	200	11	34	366	145	23	240	6	302	16	49	71	799	90	162	172	124	165	221	10	97	73	76	1203	158	71	117	156	201	27	27	224	150	42	50	45	17	117	85	183
V380	59	4	238	78	61	62	385	187	58	180	44	39	268	141	63	359	463	553	272	133	17	21	125	113	289	71	80	113	169	140	197	11	126	197	264	59	243	2	64	285	145	139	268	534	193	92	176	216	301	139	58
V381	420	169	68	275	205	566	411	114	144	388	148	414	58	101	184	1	164	17	63	192	8	682	384	59	50	17	41	1	52	117	503	77	127	170	285	316	189	661	155	13	618	48	233	123	81	41	505	612	97	99	319
V382	143	11	178	258	13	1208	187	75	423	102	55	101	30	314	54	14	362	367	57	434	328	240	42	405	3	545	80	21	888	1	27	529	76	109	125	496	622	113	327	92	149	587	96	137	71	80	250	58	93	418	110
V383	396	44	303	40	283	98	865	87	104	14	203	20	115	188	78	73	428	44	316	266	269	411	71	22	58	188	99	93	194	65	311	103	3	228	27	26	58	495	100	90	369	119	78	41	103	520	669	91	91	130	253
V384	361	213	237	66	49	591	208	0	59	49	156	400	780	27	724	137	28	20	102	86	43	5	28	9	191	210	72	255	79	62	109	254	31	80	397	102	10	44	199	177	144	298	218	32	175	533	130	128	136	59	302
V385	50	223	181	69	47	33	255	31	26	581	20	31	279	558	36	335	151	22	28	528	78	690	238	461	91	58	568	315	211	63	18	2	67	115	189	41	183	317	590	297	39	55	35	158	204	670	393	299	13	157	140
V386	61	435	158	3	623	513	134	138	33	105	33	436	275	176	32	341	98	221	238	19	52	15	73	135	455	311	50	86	7	176	1112	13	54	40	600	316	37	442	84	392	451	351	136	69	56	208	24	77	6	119	219
V387	282	111	318	233	1056	638	376	975	296	588	82	18	4	23	156	102	344	95	56	27	143	151	74	42	109	184	26	466	951	414	62	156	78	255	52	75	389	337	154	189	104	679	301	398	164	334	15	363	173	806	235
V388	89	7	23	286	70	14	160	323	450	233	83	810	22	122	225	881	207	680	179	382	46	351	408	362	24	34	1103	246	43	61	279	69	196	126	792	176	93	5	4	196	292	678	248	203	53	612	150	91	20	100	77
V389	127	93	254	28	334	515	57	195	127	28	62	11	68	40	32	292	74	26	19	214	259	214	278	24	663	44	52	55	111	126	150	500	342	20	21	133	510	194	24	300	426	439	110	189	161	297	446	263	614	177	115
V390	163	172	243	212	30	190	306	236	93	35	254	15	224	113	83	7	359	187	476	276	170	86	5	340	630	194	74	243	398	120	252	957	411	132	15	260	207	177	115	374	52	81	36	46	266	46	39	291	629	68	172
V391	327	8	220	402	63	94	205	62	95	209	192	348	104	186	79	390	61	8	0	52	235	75	394	273	36	139	279	282	51	135	133	100	252	77	69	13	62	24	28	385	247	48	261	45	157	571	60	83	91	231	215
V392	45	254	486	146	141	100	337	13	317	230	39	149	108	203	166	424	573	329	388	12	137	11	15	209	162	232	22	239	93	77	359	441	122	83	66	155	164	342	368	32	5	189	206	48	7	833	208	189	290	605	132
V393	145	44	90	38	211	473	131	160	169	43	282	64	343	234	169	97	28	377	84	295	80	146	358	302	159	35	14	65	15	206	301	89	186	31	35	108	27	0	87	833	537	434	253	100	301	167	307	446	196	274	122
V394	198	90	524	267	0	106	97	101	66	103	493	43	456	250	104	20	95	2	37	198	1024	7	197	237	16	8	79	236	113	43	167	34	8	121	229	163	313	101	454	275	80	175	67	28	34	134	88	441	173	86	161
V395	98	72	78	2	79	12	418	141	197	102	133	96	50	244	20	204	32	63	9	153	31	277	213	112	333	222	65	94	8	41	77	322	134	128	82	30	487	222	40	129	44	9	74	77	55	48	211	20	218	386	81
V396	348	340	29	254	411	528	221	52	11	426	83	20	11	168	192	246	21	74	39	680	36	260	158	215	17	744	57	97	300	19	46	38	130	131	174	100	164	298	21	10	335	10	16	37	126	466	7	214	137	47	318
V397	11	333	136	635	81	35	139	23	135	27	379	117	354	909	74	1	37	802	469	8	653	24	128	427	82	19	271	139	78	630	220	9	180	54	52	72	359	138	190	84	160	135	190	262	104	114	204	695	7	189	146
V398	979	300	155	39	65	641	176	359	16	3	0	144	95	295	193	126	69	5	26	32	19	373	333	22	25	59	467	33	377	268	230	190	57	502	132	222	16	160	22	210	458	52	37	413	14	28	38	27	100	246	665
V399	744	608	75	29	39	1018	775	129	78	522	80	77	80	41	333	196	47	3	70	21	10	217	585	21	363	94	20	151	380	108	10	99	568	200	41	212	334	444	14	237	185	37	8	70	204	433	275	118	99	274	630
V400	451	196	53	273	365	308	216	374	97	155	422	139	39	101	542	561	404	148	198	612	3	837	52	355	420	102	347	21	21	158	43	197	39	147	56	100	134	339	392	349	88	218	297	765	540	191	121	16	7	21	348
V401	270	213	180	136	36	63	18	77	71	153	124	268	16	25	26	198	343	219	66	5	118	43	380	160	586	168	173	468	209	12	62	107	104	85	264	76	13	516	133	210	142	86	149	557	51	263	101	56	193	72	252
V402	68	212	95	281	21	256	152	108	11	70	90	59	23	655	128	409	87	129	342	702	35	79	252	335	83	116	331	128	66	500	615	88	105	387	124	34	551	86	56	241	24	228	517	76	699	47	246	19	361	383	140
V403	71	88	180	166	11	46	307	247	117	65	7	237	272	282	160	374	185	61	240	46	210	157	123	25	37	19	4	255	1	101	38	333	458	98	82	242	9	645	251	148	459	97	10	1089	457	517	41	10	63	80	86
V404	47	431	148	20	175	201	80	204	658	4	13	285	427	293	168	12	147	5	389	85	605	680	234	352	158	395	388	35	7	67	32	108	618	109	22	430	403	130	409	276	151	116	206	90	739	62	76	155	36	171	178
V405	102	304	179	249	184	260	10	118	99	55	271	266	375	68	34	4	75	201	15	103	18	34	347	499	22	20	83	74	348	263	223	147	175	358	37	174	38	227	215	39	561	142	137	166	445	456	165	320	119	37	169
V406	595	87	489	48	644	61	63	148	104	6	61	349	39	409	107	149	358	23	122	67	320	9	34	306	35	139	343	357	183	73	172	168	12	49	28	891	162	75	8	219	119	108	0	15	480	52	241	268	789	7	433
V407	41	27	136	194	329	126	366	132	484	249	12	158	60	9	710	32	45	192	14	163	95	481	58	63	10	187	14	480	455	594	25	260	230	123	414	1	80	119	25	36	1	269	95	451	211	125	76	420	585	27	58
V408	192	126	695	134	438	153	505	350	163	201	1	414	50	78	70	112	20	52	66	65	39	133	288	146	239	455	379	179	263	56	101	89	202	140	5	10	15	76	33	272	86	36	280	0	199	55	275	428	19	144	179
V409	26	435	397	1	152	250	245	180	40	141	197	49	335	15	148	24	257	34	326	87	37	417	5	149	131	23	0	128	144	11	308	18	203	1	103	95	262	60	198	66	199	211	110	630	310	453	170	46	306	107	142
V410	383	34	227	68	222	153	304	170	279	279	16	471	180	147	348	99	68	137	637	128	26	12	492	13	128	13	194	19	173	284	73	184	376	257	314	100	286	255	47	160	281	235	99	538	98	20	1107	380	480	362	257
V411	48	41	576	368	362	140	383	126	18	14	205	62	1741	92	253	74	403	177	79	191	84	104	141	64	16	4	28	53	124	112	21	279	82	101	54	246	63	140	50	592	338	17	38	34	269	114	88	251	110	412	59
V412	123	889	265	84	176	409	146	36	88	845	29	581	326	315	487	279	89	357	183	354	176	178	61	143	297	313	0	34	32	29	779	31	373	8	129	9	264	25	46	46	91	38	128	84	103	297	516	16	137	165	340
V413	20	324	71	210	249	292	107	306	141	1	16	1	23	184	246	44	54	306	110	277	452	229	171	4	98	76	925	15	130	217	279	273	16	87	19	86	33	44	135	154	53	514	554	360	449	110	12	456	152	71	157
V414	114	214	62	275	307	209	749	746	165	21	258	177	107	395	27	218	35	257	68	70	546	25	560	622	22	340	641	54	375	16	907	665	32	168	36	5	67	146	256	569	154	170	101	80	12	179	41	82	17	181	139
V415	68	223	42	53	69	61	275	179	147	36	538	35	17	517	36	305	590	65	532	293	581	377	61	43	131	263	173	230	29	188	129	12	27	43	172	658	95	10	560	7	9	62	130	286	180	44	1	64	209	27	134
V416	211	131	45	80	3	544	100	50	31	306	40	41	63	76	30	95	60	172	49	203	13	3	5	84	6	238	12	262	50	112	130	245	334	737	353	148	157	572	80	207	140	92	155	57	120	170	110	786	253	239	171
V417	44	58	44	177	73	65	22	172	279	314	74	61	111	160	61	114	57	18	70	4	106	1	57	222	26	219	392	205	73	116	26	168	197	43	97	7	136	381	446	134	9	140	84	26	69	236	423	229	182	366	61
V418	35	275	188	1292	6	343	62	73	476	382	141	801	12	6	223	139	138	642	75	49	33	190	47	947	109	236	313	256	222	194	79	291	82	154	42	234	428	42	409	53	719	19	100	213	580	364	303	274	127	388	130
V419	72	502	94	155	75	288	107	56	37	334	264	7	31	49	137	126	578	118	561	297	233	29	67	11	343	107	23	203	73	100	394	453	710	489	367	102	108	28	43	164	97	146	263	183	108	598	84	558	617	249	207
V420	108	755	235	541	156	36	370	16	7	1022	53	208	6	141	93	49	319	182	163	28	0	187	13	261	41	546	400	157	105	2252	308	215	504	237	427	65	8	56	2	99	5	117	161	166	154	136	66	267	679	185	323
V421	135	247	65	456	17	87	24	32	115	98	72	6	25	99	1075	269	322	244	3	350	32	376	179	55	124	81	220	716	63	141	84	44	212	343	235	242	81	428	261	99	110	43	120	6	798	390	30	40	67	59	203
V422	174	376	83	113	654	130	108	0	320	333	18	183	108	173	84	142	8	709	21	218	35	535	19	55	584	217	12	9	18	188	91	197	244	211	106	17	35	158	122	39	531	153	101	103	394	106	183	112	20	434	247
V423	201	1	31	184	143	159	15	806	917	346	405	108	280	38	261	416	6	22	2	123	87	164	281	197	33	216	383	193	412	29	356	8	144	44	27	348	429	242	89	762	433	241	264	1043	113	73	70	42	181	34	127
V424	16	106	401	1	134	404	267	796	44	166	188	490	6	49	198	190	523	132	59	158	228	203	373	48	479	155	40	11	756	407	237	34	331	52	618	496	29	133	99	165	139	144	84	580	46	71	37	15	101	116	65
V425	185	319	785	8	103	201	235	32	33	311	228	59	176	145	80	35	15	9	125	59	17	207	103	57	219	37	349	158	125	65	74	30	456	150	9	134	89	92	238	285	21	255	405	275	356	33	55	203	406	31	259
V426	148	102	353	61	434	5	325	682	40	262	98	570	409	75	16	3	156	81	77	3	388	602	279	480	18	236	393	300	475	115	113	348	37	161	68	11	381	684	292	50	183	386	239	83	103	222	27	19	192	167	148
V427	318	21	115	19	16	172	228	234	228	350	37	233	147	198	0	494	173	22	252	35	363	159	70	16	146	69	136	30	140	18	63	433	853	3	135	103	81	47	348	12	162	16	543	63	107	15	173	182	171	90	214
V428	338	18	1	157	797	80	508	1120	361	396	19	145	186	22	118	11	58	446	133	223	35	153	50	570	182	203	94	120	89	175	366	95	10	304	303	20	192	115	351	130	225	63	136	198	110	57	185	121	198	131	229
V429	646	421	32	167	252	52	653	199	538	16	578	215	25	218	12	589	362	191	86	135	45	142	710	99	134	172	582	40	184	107	87	47	124	138	102	81	191	189	74	211	19	15	4	326	176	13	143	70	471	527	499
V430	28	38	265	222	30	139	64	132	26	153	11	131	52	238	64	154	265	25	8	44	208	16	10	121	42	79	8	32	391	8	410	79	74	316	519	31	582	234	537	36	148	18	186	61	15	194	260	306	79	193	45
V431	44	369	267	816	52	49	8	62	425	197	24	313	268	47	182	127	194	59	264	21	119	222	282	158	31	205	11	150	145	161	120	461	6	508	12	47	291	44	218	3	104	823	134	60	121	389	844	498	105	227	108
V432	595	151	270	255	46	299	23	393	14	513	153	543	121	56	208	137	122	256	153	114	78	74	26	334	112	12	113	167	38	81	759	277	374	44	298	786	93	80	546	7	100	369	4	64	98	1	91	17	63	1135	402
V433	483	298	387	254	75	79	313	41	96	15	481	70	306	127	330	302	426	199	29	294	1	40	187	280	694	4	7	7	98	60	260	34	181	75	542	109	51	39	67	154	271	80	158	415	15	14	108	232	201	322	369
V434	63	164	10	190	126	40	15	122	204	16	279	602	1027	71	121	145	649	93	89	2	322	139	75	350	463	468	79	272	219	177	375	20	68	206	192	373	199	240	17	40	135	456	9	54	233	107	399	337	123	1141	92
V435	83	612	798	43	254	268	20	396	57	70	455	116	64	468	71	88	13	383	62	407	13	519	44	58	408	42	167	351	217	240	122	146	84	881	269	298	280	287	26	145	98	31	673	464	25	138	128	164	118	25	249
V436	221	126	99	114	296	79	77	139	43	233	229	35	198	29	24	400	12	7	303	5	275	354	1397	262	7	29	72	11	419	297	30	0	64	177	81	27	94	45	17	202	284	193	442	39	629	79	283	211	343	196	183
V437	267	797	7	157	98	232	914	166	419	79	28	130	170	403	183	139	20	108	82	110	44	283	400	279	181	164	11	83	267	136	341	304	62	209	158	923	236	299	91	43	17	5	97	30	242	48	79	169	130	214	433
V438	3	104	14	11	64	71	173	69	777	128	346	43	791	227	241	252	334	119	297	44	42	60	180	175	705	101	89	314	26	88	29	87	145	5	21	86	300	546	364	98	24	422	558	9	127	86	427	113	201	273	66
V439	120	341	18	118	137	282	87	73	87	151	164	108	587	179	339	121	208	53	150	50	23	143	8	43	173	3	122	37	142	114	1004	322	453	126	13	305	94	80	181	1119	34	109	558	9	732	14	17	181	43	402	205
V440	118	475	127	185	79	64	54	172	665	122	625	50	16	8	383	766	65	13	48	443	96	628	160	309	171	31	167	12	202	328	121	362	35	101	318	123	58	684	418	547	6	426	30	30	233	62	148	339	144	617	223
V441	167	90	423	120	113	105	84	11	175	88	361	1087	235	95	213	60	523	50	216	42	43	95	38	575	471	0	309	76	189	463	248	87	41	34	68	444	125	64	0	501	163	38	160	9	227	242	353	376	175	598	146
V442	23	356	147	950	3	33	229	25	193	153	260	26	129	24	51	64	409	183	183	23	74	877	260	66	261	209	185	150	2	219	153	95	78	393	160	459	18	220	54	216	90	106	761	2	174	108	36	140	147	418	147
V443	181	606	12	49	231	378	410	92	96	135	256	295	0	0	526	497	494	133	72	172	68	80	182	60	83	285	4	29	301	21	314	366	117	486	761	124	21	62	117	37	134	7	370	57	65	12	38	0	135	297	301
V444	4	245	238	2	16	59	61	269	46	63	284	60	51	195	218	490	247	182	47	32	76	387	197	180	357	47	103	156	409	120	60	34	447	453	492	32	31	135	450	299	132	413	34	398	0	138	172	113	45	116	94
V445	126	43	216	289	330	7	49	41	15	38	36	290	796	18	188	313	467	406	31	42	63	81	128	98	65	29	28	140	81	319	11	194	59	282	50	286	415	97	16	518	292	1	242	94	77	47	16	158	126	492	95
V446	79	437	637	157	104	275	31	165	499	209	178	57	28	166	109	139	327	14	384	143	792	493	271	735	100	223	92	138	39	102	120	669	164	188	63	2	127	36	110	231	21	20	695	133	257	114	144	124	314	32	196
V447	264	404	296	8	870	466	84	106	320	332	28	121	245	48	106	135	31	138	138	305	504	274	250	43	51	342	102	291	100	32	269	232	22	196	216	800	207	11	33	69	12	49	10	239	44	37	19	68	1027	9	306
V448	187	252	17	100	20	350	135	58	44	5	99	18	326	45	369	26	200	31	27	51	241	332	413	303	26	265	285	61	336	50	244	175	316	8	78	46	105	49	224	16	79	19	546	181	307	438	20	114	302	623	203
V449	148	10	83	974	18	389	301	135	147	607	503	335	125	55	46	10	227	192	84	140	8	130	135	44	169	231	18	51	34	649	344	34	728	59	90	158	98	94	29	277	147	202	94	371	314	72	104	75	208	52	109
V450	133	0	257	152	392	573	22	249	260	305	83	185	501	80	309	28	127	7	26	233	82	18	163	337	41	55	101	15	96	34	84	266	13	590	314	42	22	277	378	79	45	15	101	489	12	89	75	105	28	538	95
V451	106	40	98	15	527	121	191	93	23	186	908	32	78	190	135	130	158	173	523	46	523	86	739	459	15	153	257	329	170	248	249	335	172	164	112	43	299	167	61	1234	318	36	722	46	60	354	62	105	182	186	93
V452	247	830	138	115	113	38	116	11	46	253	120	120	493	111	89	194	214	106	86	56	780	101	10	74	48	235	77	711	81	17	176	219	42	157	38	234	121	870	568	2	46	446	61	15	145	108	360	99	14	66	420
V453	82	385	485	184	553	146	52	29	418	517	164	93	269	476	85	149	71	105	1337	218	133	123	121	165	263	59	150	188	26	204	307	32	94	860	228	32	87	119	66	166	385	50	137	417	81	62	152	138	26	147	184
V454	274	271	85	58	851	79	130	291	389	230	252	21	121	119	224	342	212	67	77	62	215	41	415	95	510	57	273	49	70	299	7	23	142	164	6	65	80	344	55	34	99	217	96	46	5	79	201	83	29	305	244
V455	284	21	6	5	74	453	377	39	103	67	229	483	52	325	627	244	349	238	29	215	101	661	468	219	71	169	15	256	280	125	264	271	176	74	126	416	122	253	76	45	24	188	310	250	109	147	131	74	928	257	194
V456	47	273	23	854	38	90	160	19	253	255	181	356	435	65	27	32	94	52	162	29	73	145	108	442	11	536	22	55	68	167	237	40	97	11	130	116	108	30	277	271	34	121	160	382	243	86	273	16	10	65	125
V457	456	200	581	69	327	170	416	55	265	23	144	175	193	281	32	281	104	277	647	983	379	495	54	38	266	299	625	480	144	242	15	128	22	153	170	5	221	323	116	380	2	611	108	122	130	276	69	226	5	0	366
V458	234	34	118	127	41	42	16	212	1	106	332	424	617	61	7	138	30	151	475	29	130	28	371	52	39	301	140	6	100	148	264	127	315	146	12	292	130	169	260	37	353	4	19	117	128	157	247	129	317	940	178
V459	244	363	150	286	4	391	140	62	39	263	265	401	6	199	621	57	327	22	215	313	357	196	167	169	159	40	118	322	537	270	27	310	57	51	570	49	34	189	253	95	266	26	137	531	177	202	153	348	22	532	284
V460	578	66	51	162	310	38	122	321	134	252	357	47	17	105	1104	52	216	75	86	431	135	262	325	314	208	21	126	63	157	70	446	35	82	192	67	148	11	154	154	392	181	693	375	574	568	143	80	275	448	279	380
V461	47	68	24	130	401	68	36	433	122	182	429	558	40	383	380	26	273	386	43	397	216	156	57	49	163	230	80	185	223	50	80	317	119	54	121	148	96	255	214	116	310	87	528	72	576	711	530	270	21	390	62
V462	643	68	111	10	79	184	116	66	213	68	7	68	149	9	85	92	13	245	136	314	287	41	137	105	88	134	110	83	176	186	63	90	106	223	451	44	42	4	220	156	33	258	22	388	114	598	47	497	255	8	394
V463	50	227	10	333	16	161	438	145	47	119	254	78	352	342	19	18	95	109	203	2	2	76	83	156	287	141	236	218	159	1353	8	244	237	86	199	337	128	71	53	17	169	129	275	32	218	247	49	441	0	30	112
V464	132	21	59	1	38	440	2	219	230	721	184	474	339	222	456	191	49	49	73	28	134	788	446	113	93	64	726	44	34	33	281	271	282	198	20	14	96	851	1	30	78	199	234	598	188	417	0	91	188	40	117
V465	87	74	90	324	4	221	244	215	242	156	168	113	268	187	456	187	593	247	156	16	22	372	31	174	136	32	110	166	21	36	125	256	19	60	7	116	256	379	20	202	81	265	126	184	292	155	72	169	41	219	97
V466	173	191	29	308	345	189	116	2	262	114	369	123	276	127	95	36	111	20	215	67	136	30	94	799	445	131	47	9	98	130	78	383	115	478	148	93	162	47	25	13	168	16	423	818	8	39	129	163	53	271	191
V467	46	192	34	230	71	660	98	81	138	17	11	100	245	315	124	143	192	94	112	265	48	358	1	44	5	5	256	240	670	413	89	135	182	470	29	452	255	253	47	573	117	235	233	35	103	45	6	173	1326	400	110
V468	865	243	84	39	106	236	26	1	124	70	92	54	5	2	242	16	279	75	193	259	158	133	28	139	98	207	7	696	44	311	226	163	331	28	10	38	83	146	119	6	28	131	271	522	13	15	189	121	355	23	621
V469	136	69	557	136	22	340	138	70	722	124	85	70	75	2	138	67	165	220	209	826	42	18	290	88	32	490	456	27	79	105	252	35	7	568	10	375	629	475	337	141	116	103	113	598	6	367	51	67	5	131	128
V470	116	67	52	190	15	43	84	384	227	0	71	24	75	424	56	206	83	148	83	300	126	117	134	164	279	200	231	21	448	244	655	3	89	245	196	206	152	296	24	428	193	33	431	4	217	27	20	100	351	12	99
V471	292	31	77	36	0	85	126	102	199	50	110	106	114	21	20	147	139	238	139	25	59	536	500	148	54	309	97	10	109	114	29	21	87	229	59	62	418	14	178	383	1156	3	176	151	283	54	128	110	807	140	226
V472	62	14	127	35	243	2	72	286	86	8	164	6	846	392	483	103	128	26	495	379	7	50	549	36	260	87	86	176	520	23	243	501	14	166	64	213	52	71	160	151	542	111	185	943	66	97	87	421	282	57	63
V473	178	266	82	163	268	378	90	123	99	15	360	242	72	36	404	69	243	357	170	310	16	6	157	791	458	174	115	282	143	139	44	53	21	252	32	54	356	58	30	102	62	0	11	317	275	206	415	580	243	130	218
V474	15	485	142	168	132	176	77	88	1193	33	74	442	76	125	195	124	6	517	85	462	121	708	64	518	80	100	27	57	370	465	196	103	560	37	363	57	413	841	163	35	172	730	204	277	9	222	218	159	41	451	189
V475	57	73	602	67	0	73	165	783	264	50	179	118	122	45	188	112	306	401	61	260	41	219	555	136	37	84	57	43	134	67	314	201	186	91	303	68	252	60	60	1038	197	478	193	147	220	516	333	130	185	277	61
V476	174	104	320	10	25	85	168	28	287	496	558	712	33	279	5	43	52	442	588	71	428	126	213	181	287	128	219	47	192	69	300	704	194	79	201	93	68	224	191	264	46	706	346	195	397	51	187	279	594	29	157
V477	99	46	83	350	175	52	625	184	96	16	86	143	0	207	98	607	31	952	91	337	111	602	76	141	101	5	244	23	355	334	126	53	397	88	69	158	239	265	180	24	292	422	30	241	390	24	216	479	59	59	96
V478	694	102	258	60	284	24	489	46	117	46	91	172	298	78	63	38	11	137	233	242	283	608	665	57	37	107	7	240	86	126	42	63	87	261	18	79	47	11	186	29	305	25	425	90	277	32	175	81	85	552	464
V479	922	189	0	64	188	109	17	163	205	161	12	357	324	152	365	25	213	108	22	117	307	84	314	54	44	15	103	4	2	205	63	426	49	187	28	351	64	100	24	586	95	0	87	78	288	107	304	89	103	26	630
V480	98	159	406	20	210	86	52	296	36	101	400	49	242	103	430	45	15	17	96	173	62	270	85	4	211	194	343	33	79	237	297	2	198	391	10	194	89	327	179	75	372	261	432	664	78	239	68	226	118	80	121
V481	4	223	89	162	68	98	94	43	146	293	41	571	196	33	54	14	132	42	676	545	64	751	116	282	80	391	182	303	13	148	498	5	58	718	197	41	305	257	243	313	88	188	55	265	378	104	162	164	467	72	96
V482	5	328	280	65	237	202	52	198	938	736	88	145	555	268	33	61	149	1	634	385	23	323	95	231	157	80	46	38	543	20	128	198	43	76	44	18	38	240	17	146	130	378	453	255	62	1286	225	348	51	47	133
V483	629	97	56	62	453	126	243	200	241	260	253	123	711	385	106	103	31	304	803	26	101	172	47	189	57	84	310	164	541	195	444	587	212	122	205	222	448	16	1325	56	162	216	113	306	185	126	117	350	211	276	422
V484	196	52	53	18	148	146	385	68	80	57	570	192	63	265	130	68	254	51	58	328	86	26	260	76	551	385	277	828	112	28	136	283	226	148	13	42	205	71	353	45	163	10	449	229	179	281	46	258	59	132	132
V485	345	173	618	326	108	25	115	560	0	85	71	283	45	598	38	1	102	124	80	57	705	154	124	529	5	50	16	204	35	91	45	729	170	131	204	434	99	79	433	16	135	348	64	254	219	15	256	708	344	33	298
V486	92	298	181	496	10	129	4	77	13	193	234	72	151	323	31	190	326	188	67	1149	124	83	263	105	201	36	369	26	196	391	3	594	5	492	106	73	11	56	225	125	36	285	15	121	29	507	102	102	501	33	174
V487	6	318	171	329	92	166	45	383	38	10	329	430	141	164	74	205	110	28	279	838	47	45	36	103	22	51	321	118	152	9	165	34	278	87	547	92	687	320	64	49	113	177	244	350	121	138	130	34	124	16	117
V488	253	570	85	235	151	223	163	60	272	157	446	784	160	246	64	11	308	235	66	44	244	114	120	48	506	145	161	98	148	488	194	5	99	42	180	624	215	123	7	109	64	145	104	414	184	241	151	279	49	160	330
V489	191	251	422	460	3	192	137	144	26	181	6	109	83	212	67	230	65	163	249	366	272	22	207	158	94	131	319	221	53	37	111	284	56	247	91	3	45	89	84	69	35	111	176	129	482	288	142	83	57	197	207
V490	318	163	65	36	145	96	81	144	106	27	144	23	641	179	436	50	148	801	112	9	175	83	144	174	257	86	142	238	122	399	267	506	1	538	465	27	4	281	293	89	87	250	112	26	336	218	47	417	164	204	274
V491	373	59	152	10	61	78	129	89	32	28	204	2	84	296	8	221	212	88	12	279	96	54	479	18	69	44	118	385	1019	172	90	95	13	11	60	100	809	48	0	234	140	47	33	644	212	391	368	44	457	15	246
V492	91	528	242	197	21	206	893	159	139	549	15	118	157	49	272	132	432	457	16	4	54	95	20	128	56	259	7	928	206	49	93	73	716	254	23	61	268	9	22	196	114	596	464	221	96	122	80	411	27	579	243
V493	81	17	56	25	196	71	34	82	249	118	190	453	128	162	235	5	7	14	148	132	217	28	107	30	377	105	102	692	51	202	0	91	396	348	56	10	117	52	198	288	52	557	1	111	828	15	3	59	424	30	59
V494	1	330	103	119	337	344	971	103	225	48	157	328	184	67	83	8	67	119	92	69	71	38	728	151	123	507	224	1183	373	74	149	68	0	299	163	357	56	49	960	102	486	641	341	20	59	462	39	114	170	520	112
V495	943	217	54	22	103	239	353	342	265	55	58	68	366	14	32	33	266	345	87	311	513	106	256	82	625	98	125	591	72	293	26	97	129	194	632	147	65	57	271	1109	40	737	401	21	249	959	56	197	23	8	651
V496	38	16	48	410	49	182	75	206	348	73	593	270	299	92	167	133	206	33	412	207	465	82	64	314	106	0	31	86	152	12	0	26	593	209	19	23	188	851	220	33	29	158	72	361	109	189	162	35	77	53	44
V497	117	32	300	43	197	47	190	39	178	57	116	198	2	261	263	56	36	68	200	1178	256	27	458	133	186	4	389	230	774	39	355	311	49	321	159	22	60	247	881	184	130	17	78	157	76	62	170	188	191	98	87
V498	23	35	54	476	50	4	282	111	114	11	399	32	83	97	172	232	247	154	28	6	60	115	122	235	128	322	179	108	507	198	42	58	793	253	225	124	52	129	352	3	65	13	258	383	193	411	187	18	160	145	46
V499	91	684	110	62	21	336	260	159	78	492	163	182	149	44	5	12	212	187	287	121	256	170	137	438	148	41	52	65	189	223	125	644	10	142	166	452	173	37	147	497	494	252	259	210	125	926	511	83	390	773	281
V500	17	47	428	136	385	519	9	52	122	19	408	154	115	312	15	375	129	42	142	598	1277	70	164	18	183	293	195	632	26	140	401	452	18	30	61	257	112	81	839	692	771	301	70	58	30	183	192	22	158	96	39
