Source001	Source002	Source003	Source004	Source005	Source006	Source007	Source008	Source009	Source010	Source011	Source012	Source013	Source014	Source015	Source016	Source017	Source018	Source019	Source020	Source021	Source022	Source023	Source024	Source025	Source026	Source027	Source028	Source029	Source030	Source031	Source032	Source033	Source034	Source035	Source036	Source037	Source038	Source039	Source040	Source041	Source042	Source043	Source044	Source045	Source046	Source047	Source048	Source049	Source050	Sink
V1	216	233	181	269	9	72	15	2	30	560	126	43	389	58	69	20	159	1159	546	237	45	161	0	70	7	296	132	43	343	182	365	64	69	176	43	110	105	737	575	16	434	598	488	65	31	113	80	609	50	561	200
V2	23	136	46	1	96	72	289	95	148	139	48	85	64	48	52	41	64	17	433	184	229	44	268	31	93	355	238	151	276	72	12	160	127	384	398	29	704	21	244	342	647	75	23	120	53	242	124	38	81	198	54
V3	127	20	239	525	390	50	66	167	94	271	56	123	104	493	70	23	19	22	79	244	207	1152	410	412	235	9	241	9	504	59	14	90	4	372	123	488	335	135	11	91	59	77	398	162	421	219	792	627	139	68	121
V4	24	19	26	12	343	274	360	54	54	121	365	91	163	89	102	462	100	284	298	260	238	246	599	1010	10	50	148	143	9	12	198	36	287	224	186	143	85	120	177	6	43	140	39	345	410	19	134	40	193	190	34
V5	1	72	242	268	62	141	121	101	127	240	178	124	285	42	1	273	34	115	54	337	94	157	2	39	444	54	12	42	185	240	572	148	149	45	504	240	252	45	74	111	40	313	30	18	121	4	390	13	431	31	16
V6	538	527	20	753	315	103	346	296	14	17	213	132	286	180	278	133	242	146	492	145	124	823	199	59	123	56	66	142	38	127	61	77	281	21	34	16	151	674	7	11	49	538	160	233	140	25	14	110	159	320	475
V7	297	230	210	46	417	48	166	16	25	26	690	160	91	27	291	79	272	182	33	618	79	131	4	387	99	95	381	168	99	445	440	38	121	107	44	1022	4	148	201	7	98	426	166	52	674	76	78	106	26	372	259
V8	71	163	80	160	47	160	146	476	348	7	62	108	137	184	985	262	126	228	33	31	13	220	125	58	446	22	60	244	7	8	73	270	405	198	206	301	181	82	16	21	35	148	50	251	288	374	47	766	355	258	85
V9	309	144	22	79	408	88	138	640	250	212	108	424	498	164	83	510	63	272	1022	615	128	22	67	166	67	28	646	189	23	27	14	107	238	596	13	530	339	112	77	170	314	26	18	270	207	0	284	517	113	309	259
V10	948	726	50	146	630	514	152	39	70	269	21	0	237	245	84	415	292	157	621	185	296	240	399	8	462	314	27	167	16	247	283	54	19	549	217	447	202	63	147	31	31	93	441	4	161	83	234	388	139	667	769
V11	332	199	90	31	0	20	115	132	42	236	409	88	72	84	311	51	316	120	16	39	40	7	382	605	323	19	767	72	71	240	146	179	160	196	213	303	114	269	421	93	295	109	270	501	107	225	122	270	88	65	285
V12	136	239	82	15	34	94	116	306	489	364	57	69	391	45	242	41	372	3	35	3	498	95	137	9	15	99	1	154	219	194	160	610	141	608	552	147	309	166	255	5	839	115	86	117	210	389	313	115	46	81	164
V13	94	206	264	617	65	294	465	394	171	451	128	12	841	366	292	58	127	187	50	209	78	289	1106	86	63	372	785	172	145	31	133	240	145	128	659	434	58	117	377	274	242	426	323	122	55	10	115	1	239	2	138
V14	10	0	124	115	159	65	9	501	54	224	190	92	878	67	209	38	426	23	100	101	76	57	69	378	140	78	272	468	189	20	581	263	38	74	145	52	60	17	128	118	287	208	150	15	12	302	27	36	76	209	30
V15	14	175	99	24	172	1	117	438	170	20	326	174	21	146	97	100	226	178	91	265	36	171	36	106	5	284	152	101	124	189	616	61	76	67	36	152	73	475	13	3	185	588	346	162	455	105	22	298	436	190	58
V16	230	691	26	2	129	117	266	344	267	172	5	10	272	554	62	58	53	180	142	206	42	460	69	96	93	74	523	7	163	231	42	101	245	688	655	35	427	13	469	11	4	409	26	796	72	285	65	52	437	432	314
V17	386	303	8	16	126	3	57	62	194	37	93	444	6	305	371	117	138	38	96	256	385	83	71	74	7	389	155	447	90	190	124	247	639	96	1228	362	14	479	669	334	257	62	372	721	194	25	213	7	0	209	343
V18	5	207	115	64	61	223	146	74	69	408	157	86	94	42	274	235	320	286	185	150	44	37	13	19	22	102	263	296	397	202	157	245	77	5	271	6	225	224	156	717	420	142	148	54	4	98	257	227	60	33	43
V19	30	263	107	126	165	95	126	41	50	77	499	3	133	102	177	37	369	421	769	80	55	417	35	477	52	93	79	357	32	267	135	185	94	30	42	407	624	468	181	4	35	533	22	620	17	13	275	324	20	207	67
V20	263	160	47	60	18	31	116	196	275	58	65	142	83	269	63	59	68	91	360	137	208	37	361	91	513	93	10	478	376	203	304	6	105	147	64	1	66	26	270	16	158	27	226	421	25	116	406	207	92	198	212
V21	29	269	357	324	301	159	671	83	11	37	493	133	100	601	22	94	75	266	102	32	20	10	92	3	461	1	321	174	259	35	185	95	12	89	223	95	4	78	138	255	99	44	595	12	68	223	77	105	151	233	82
V22	691	293	401	49	37	57	760	699	16	110	753	130	263	194	387	442	13	330	290	174	500	25	385	131	101	135	45	20	10	640	52	24	178	13	737	21	263	40	142	183	841	228	553	45	199	188	508	345	139	63	596
V23	263	119	88	273	149	390	69	37	104	96	5	25	204	144	492	215	97	33	872	466	77	670	450	128	281	218	233	316	241	56	203	169	134	231	617	116	314	137	40	56	612	242	296	42	5	36	185	61	126	65	259
V24	55	31	189	351	73	209	493	131	13	491	138	175	149	186	248	73	238	157	21	328	30	38	103	126	136	214	303	103	237	246	16	378	26	199	325	40	60	108	149	107	2	194	85	162	464	19	277	282	101	24	73
V25	124	65	151	173	407	322	18	131	207	138	614	78	0	245	5	103	122	80	176	218	28	100	218	693	88	96	149	5	181	151	217	242	131	290	163	325	107	169	81	87	192	103	230	221	270	327	18	108	216	151	111
V26	138	12	260	345	98	335	266	160	401	195	286	266	215	252	11	433	252	231	137	115	284	365	265	22	41	217	165	2	150	17	59	91	83	266	34	10	134	171	32	85	917	239	14	39	111	353	17	400	280	252	126
V27	8	254	263	13	92	620	271	167	4	112	321	485	98	19	165	10	600	133	9	207	283	342	39	465	475	31	73	20	132	1351	212	46	42	23	54	451	171	79	52	202	198	51	924	152	44	246	231	259	4	268	73
V28	346	261	8	314	74	29	143	118	10	300	78	13	873	132	98	223	101	284	55	122	161	345	148	285	177	22	167	50	346	177	46	166	45	9	13	173	243	110	278	540	189	250	11	139	29	89	252	577	333	56	322
V29	33	80	216	463	150	9	258	455	106	232	56	104	108	115	110	36	65	267	64	1	101	62	311	366	60	31	224	235	89	377	440	63	146	426	305	295	495	2	406	88	287	114	23	662	524	64	849	203	40	138	54
V30	256	473	55	166	74	83	27	272	128	143	168	53	290	234	41	388	58	335	102	454	46	885	128	81	19	580	572	164	30	242	167	160	169	221	1140	177	36	385	275	168	8	173	35	81	2	703	103	34	127	163	273
V31	169	31	139	48	67	362	160	62	171	144	73	4	246	226	2	189	0	744	277	15	115	0	327	163	170	15	247	292	65	346	45	26	428	131	514	93	46	75	188	16	422	22	95	131	162	282	18	448	16	673	162
V32	229	98	187	135	12	1463	332	64	249	669	69	846	71	316	284	159	103	298	11	120	132	799	42	21	846	318	169	793	45	39	89	569	6	183	87	374	84	140	11	184	0	184	240	135	39	78	69	378	234	165	192
V33	96	0	226	30	292	127	150	109	310	469	115	146	41	398	17	117	783	42	319	1005	23	25	418	53	119	463	173	47	53	159	24	442	261	189	37	176	83	77	155	30	63	41	91	229	15	185	70	216	317	17	97
V34	67	65	147	755	40	1291	288	171	158	127	38	713	44	97	107	673	55	41	81	253	145	76	313	711	92	266	88	112	150	1060	674	251	129	201	63	353	485	22	164	57	382	492	45	18	44	138	84	126	232	33	91
V35	95	219	196	739	146	26	613	95	283	191	408	265	32	257	241	147	13	65	293	435	1	375	577	609	172	3	162	114	98	414	368	220	829	104	84	174	314	140	373	142	185	128	200	72	542	374	280	32	81	192	126
V36	59	26	31	68	109	4	11	421	22	8	116	198	187	120	35	155	236	71	512	253	727	160	56	465	14	897	325	92	346	371	140	51	59	101	0	125	190	247	198	31	255	243	194	119	281	138	308	18	123	328	74
V37	40	81	346	12	12	228	447	49	41	87	317	68	465	300	197	81	51	106	749	20	259	129	167	62	127	115	39	162	206	416	30	8	20	88	351	3	328	83	459	102	78	600	271	54	189	72	406	314	272	252	73
V38	82	614	74	200	85	274	115	65	67	91	293	185	58	306	214	645	168	561	476	120	77	105	723	250	9	203	18	13	354	390	74	719	312	230	233	20	191	194	149	442	45	37	174	275	731	550	590	62	82	64	172
V39	23	257	20	113	151	102	731	987	93	80	39	211	312	814	301	3	439	210	188	94	149	83	230	12	21	351	110	591	312	23	159	53	343	190	12	489	856	75	319	71	356	69	389	419	40	194	474	118	386	221	91
V40	158	252	660	560	101	118	245	95	87	50	495	164	37	651	93	23	173	81	284	248	14	33	74	639	269	92	46	25	192	246	50	355	531	61	75	53	188	242	296	245	851	47	119	453	0	2	213	10	94	266	147
V41	146	23	554	859	571	257	5	180	99	261	32	7	334	19	764	135	143	66	5	171	219	20	137	261	88	201	210	63	10	2	150	64	85	151	228	153	48	376	32	499	4	79	1279	299	22	532	107	202	77	790	131
V42	414	152	745	1022	19	28	45	63	33	871	240	240	344	547	82	69	671	355	20	73	68	385	223	35	26	110	339	27	169	258	386	117	232	147	359	380	357	509	512	483	4	146	251	191	52	395	135	139	580	239	356
V43	132	192	81	64	31	48	109	364	268	26	415	118	17	185	105	445	125	98	88	72	423	47	109	230	142	87	39	219	9	207	244	266	437	5	229	277	140	120	38	146	134	212	7	222	933	867	333	198	185	12	152
V44	671	586	55	715	302	53	29	324	55	44	296	53	605	314	29	108	22	90	9	45	477	131	61	99	361	186	9	12	336	93	40	121	174	45	512	456	225	4	20	1044	190	201	98	6	38	35	477	196	20	320	590
V45	244	262	34	166	242	48	86	980	23	68	417	233	28	678	141	142	38	18	27	111	337	12	228	168	401	209	118	723	349	79	370	174	451	90	145	34	179	63	197	165	376	9	68	3	226	87	75	1364	104	189	236
V46	253	189	520	12	33	34	25	107	398	122	116	157	320	46	495	111	39	867	493	340	95	299	110	101	454	163	107	400	14	307	8	30	20	309	294	200	119	794	307	266	470	100	51	177	23	50	141	94	73	151	227
V47	123	609	197	83	532	6	66	597	48	46	102	107	32	405	163	6	166	65	2	121	274	718	508	52	52	123	155	114	109	71	82	177	145	653	26	84	125	311	79	135	256	311	115	292	177	17	32	248	93	81	214
V48	65	20	246	203	79	256	318	55	76	104	73	106	9	327	832	446	341	6	118	404	182	59	48	26	52	53	31	470	34	1027	448	312	13	49	53	21	174	58	204	48	740	44	15	231	502	63	48	667	291	232	73
V49	163	3	177	16	16	532	676	144	296	22	121	254	550	1	131	343	99	1	1	191	6	32	257	59	77	33	376	0	348	80	348	74	21	412	121	322	915	371	64	79	168	438	1	120	83	32	1	9	304	783	132
V50	25	36	34	407	256	428	110	791	27	304	54	87	14	191	49	203	182	210	287	428	1048	106	64	807	310	62	572	164	33	5	34	481	157	85	34	167	119	23	64	84	80	400	44	119	552	175	67	45	135	213	37
V51	11	101	26	40	150	56	11	187	490	45	188	65	93	70	16	220	524	438	124	92	294	28	68	6	837	38	135	304	173	42	79	213	278	31	939	361	29	217	186	1	191	216	324	105	75	6	260	576	167	174	35
V52	262	382	63	115	78	17	99	323	318	160	376	77	123	291	80	101	254	19	115	819	42	409	255	40	27	0	157	164	65	21	121	65	198	1027	423	53	6	64	8	108	30	260	208	53	285	321	270	5	14	836	284
V53	402	449	230	239	326	373	0	74	4	104	230	278	15	142	58	520	42	294	154	58	245	22	68	331	188	83	362	132	351	330	260	137	439	65	286	172	30	97	542	440	239	155	486	40	87	298	372	184	175	22	353
V54	92	67	82	37	1141	506	389	373	419	56	600	196	121	192	295	222	267	74	66	176	22	411	380	136	180	434	161	505	1004	33	17	86	409	128	330	100	116	222	462	435	141	587	64	13	3	829	9	31	445	174	116
V55	47	8	161	0	38	11	251	296	173	4	8	248	129	141	66	219	94	140	5	556	0	232	522	538	348	222	294	321	214	69	100	191	197	162	259	65	234	357	166	92	131	171	463	138	713	0	205	349	141	123	63
V56	51	209	571	118	287	329	75	13	76	35	625	362	513	200	58	8	23	39	30	267	480	430	9	61	103	388	54	132	88	61	41	68	60	28	110	73	165	55	71	74	16	40	909	72	104	448	79	41	402	15	68
V57	44	212	51	67	149	187	100	887	833	1	83	245	177	299	541	403	410	192	152	16	92	567	83	143	242	368	176	75	32	43	297	23	2	371	157	819	689	211	466	429	23	772	291	23	87	71	58	41	71	45	87
V58	147	4	317	542	274	320	662	82	7	90	5	39	56	297	33	74	99	320	529	45	281	211	94	254	234	141	173	126	273	317	66	78	126	18	36	60	682	43	116	218	62	282	135	80	136	115	2	86	511	4	145
V59	328	262	63	72	40	163	210	30	127	127	2	905	228	154	55	235	177	8	103	167	13	98	285	257	243	47	18	215	324	79	522	113	626	590	243	24	15	509	10	125	49	166	52	104	37	33	108	5	59	55	295
V60	707	730	26	334	206	278	14	905	60	62	24	25	36	181	332	56	78	357	257	292	665	116	221	104	69	64	93	39	512	85	42	46	63	115	111	6	7	204	90	50	603	73	18	326	30	150	518	36	72	137	624
V61	165	10	167	35	346	72	98	50	80	88	97	868	20	101	248	99	383	295	109	154	93	309	91	567	66	118	124	80	82	410	376	129	67	494	117	95	35	25	333	21	288	40	40	67	125	130	399	40	247	67	125
V62	358	133	318	18	45	425	61	210	171	29	188	31	78	17	25	251	1081	19	128	68	195	159	8	375	360	179	113	5	223	1257	472	218	143	220	6	606	261	167	432	110	74	89	505	116	207	66	2	129	75	103	294
V63	228	16	74	125	116	359	147	134	548	197	235	68	165	88	186	294	146	120	652	206	80	111	193	494	40	31	274	103	53	1	0	10	5	322	77	10	85	343	447	15	251	385	443	120	170	179	436	639	174	134	201
V64	7	311	369	9	616	183	64	559	41	115	133	457	474	70	95	90	250	21	113	91	26	53	164	101	97	179	124	56	566	724	284	94	244	60	112	196	508	710	64	22	126	103	70	110	161	182	33	50	70	38	67
V65	12	106	146	178	16	163	121	21	57	697	95	26	195	67	17	102	117	747	152	288	44	130	650	293	363	141	171	194	988	68	46	346	173	230	55	128	172	527	365	76	32	285	349	104	140	3	162	426	23	316	53
V66	306	73	923	637	198	248	126	132	752	162	203	417	114	144	636	356	20	62	124	74	67	40	69	712	89	30	275	291	38	31	34	143	48	241	0	392	111	16	47	53	15	63	126	88	124	587	194	136	406	18	259
V67	429	137	65	324	317	3	139	77	558	16	215	410	205	130	1106	104	250	182	134	168	168	50	641	888	933	54	230	483	122	334	152	33	359	395	105	23	94	150	37	33	503	194	157	22	159	293	85	168	27	29	374
V68	1224	7	310	82	570	71	46	51	30	6	696	107	462	10	133	74	60	96	448	565	566	19	28	73	265	16	47	299	458	90	105	433	213	436	1	149	61	152	232	74	153	34	141	82	45	874	182	198	43	195	956
V69	104	137	142	223	215	155	68	103	150	27	102	450	160	508	105	216	38	92	75	34	333	201	138	57	63	32	410	19	377	108	352	66	151	185	131	501	128	18	11	163	180	55	837	76	266	8	380	118	932	24	119
V70	125	70	19	124	269	60	11	414	379	83	86	17	8	101	213	66	109	180	367	67	253	56	37	3	36	110	37	221	31	311	15	224	10	65	514	57	594	205	12	188	297	283	376	15	5	79	147	309	260	49	134
V71	419	212	138	184	117	156	39	157	182	183	397	78	0	60	233	281	307	398	36	19	140	22	203	77	144	27	394	35	37	82	246	323	927	289	175	48	76	110	160	711	91	47	46	231	448	152	330	20	214	345	378
V72	329	556	198	137	36	61	159	147	26	94	489	131	75	449	88	337	220	246	613	94	120	166	249	637	15	286	576	139	453	145	237	478	16	25	44	73	201	88	298	44	289	150	198	206	266	103	429	11	13	72	353
V73	203	14	191	21	28	169	26	10	245	915	104	12	34	620	249	934	716	375	206	106	135	97	50	1287	165	6	111	32	157	96	143	40	431	236	24	37	794	285	1	95	82	552	80	86	57	14	250	422	268	297	171
V74	371	83	707	8	90	2	524	245	206	241	202	30	267	58	166	279	178	127	279	152	431	42	54	133	314	714	229	48	312	85	132	96	179	110	5	169	289	58	108	136	46	280	78	304	27	31	53	19	363	276	313
V75	75	707	448	185	122	47	130	111	160	26	21	502	37	198	8	360	71	265	99	22	210	7	63	146	274	90	345	450	163	20	168	122	396	52	53	34	371	778	409	483	129	78	42	524	58	455	1277	133	70	1148	152
V76	198	219	34	220	121	214	4	257	15	429	172	278	102	286	369	72	345	63	59	230	361	239	915	72	107	220	141	150	145	97	485	306	67	287	580	322	202	31	24	160	149	31	28	318	52	45	68	13	718	170	221
V77	250	19	92	32	32	553	24	338	562	165	742	215	21	486	51	6	369	573	277	978	741	189	257	15	358	43	22	214	319	97	45	498	221	521	849	251	154	112	681	66	108	39	164	245	39	238	107	370	847	111	227
V78	74	57	205	67	242	51	28	52	159	17	348	35	17	34	109	126	255	84	219	111	106	55	396	136	792	16	25	32	356	177	272	92	17	12	0	446	76	602	71	284	254	214	140	532	321	219	22	1029	432	264	88
V79	53	185	62	61	5	803	271	56	102	78	390	5	119	255	352	225	449	180	411	486	219	31	56	523	63	52	27	76	511	145	1	86	58	194	284	186	3	220	31	111	83	10	78	172	63	99	114	12	128	667	78
V80	423	117	92	97	1119	168	147	87	80	17	5	242	136	61	226	146	342	285	381	350	680	55	63	99	88	650	38	20	29	231	246	173	240	576	30	423	105	142	128	310	117	83	549	147	87	168	191	13	81	135	361
V81	365	677	170	395	5	74	45	281	160	240	175	92	44	172	153	196	91	692	726	104	85	15	286	91	115	648	157	10	122	186	208	64	435	33	80	434	192	503	96	273	194	370	73	59	185	15	56	10	235	17	385
V82	29	545	3	35	298	89	7	504	490	378	279	496	74	250	95	309	232	50	182	47	126	10	453	1027	78	50	67	85	60	314	11	48	116	643	84	92	5	35	363	571	32	122	16	243	376	111	201	440	88	140	133
V83	440	10	166	144	135	187	127	46	49	533	29	44	5	237	29	50	21	287	72	417	37	39	440	100	264	171	26	82	33	163	229	13	467	4	22	352	587	12	205	427	28	64	49	308	155	144	360	237	695	1069	338
V84	214	488	65	483	28	385	95	201	294	12	91	215	150	129	417	211	262	65	130	6	171	95	364	131	347	28	27	74	138	524	169	23	66	56	195	152	97	62	3	174	80	152	766	118	228	377	28	10	73	92	280
V85	242	240	115	123	688	35	93	72	142	101	4	32	415	296	126	37	160	70	154	82	359	3	246	291	17	327	538	183	488	930	114	528	480	51	127	7	592	45	4	181	196	82	48	87	182	598	29	13	142	183	238
V86	29	317	594	118	156	163	18	436	483	745	13	371	252	49	154	85	142	282	43	91	543	144	409	7	191	210	184	86	135	508	341	44	328	83	36	135	13	191	0	187	56	790	79	149	151	11	240	179	253	413	96
V87	42	22	39	86	139	155	22	19	373	92	14	163	135	369	456	497	132	288	352	322	57	64	398	323	124	828	229	223	293	119	115	30	448	122	242	289	429	696	240	93	194	185	141	304	34	262	273	436	107	13	61
V88	36	27	75	698	223	130	148	1	289	356	125	461	164	695	0	57	43	157	92	59	60	303	232	34	233	147	255	44	235	67	97	144	182	22	185	30	32	383	101	94	166	163	330	75	216	311	118	88	34	9	54
V89	13	146	53	197	995	115	1363	13	129	40	174	603	83	6	112	165	13	420	52	149	298	100	105	179	278	119	62	40	71	240	176	18	180	155	65	23	312	40	273	235	157	90	92	177	65	286	849	379	1371	47	47
V90	22	199	157	59	658	255	117	122	96	349	479	164	469	156	151	66	550	22	238	121	353	272	14	17	236	205	2	285	15	64	785	315	427	74	262	26	183	115	142	349	139	16	79	522	194	14	276	75	25	100	76
V91	154	52	146	42	167	141	17	51	436	125	8	234	475	27	293	3	139	166	108	86	7	64	461	17	283	158	45	22	23	274	40	300	239	36	148	32	242	104	119	266	198	336	683	169	189	412	148	102	48	146	154
V92	26	45	1079	445	331	153	157	37	257	229	261	48	286	27	270	578	962	56	464	151	104	184	53	184	242	13	77	130	23	605	48	54	259	137	139	223	152	52	333	365	201	64	70	134	17	250	26	63	287	467	43
V93	60	643	162	20	188	99	8	208	194	173	57	280	672	17	82	145	1	264	36	5	10	99	63	434	414	501	58	140	552	323	155	75	143	236	78	208	215	524	497	19	162	43	251	387	332	492	147	625	68	30	153
V94	64	6	248	1032	3	164	98	536	244	30	90	226	125	214	40	78	159	133	4	574	243	21	354	283	150	584	212	20	14	0	451	7	247	29	15	28	222	473	402	24	60	186	102	68	37	804	48	390	194	59	82
V95	31	163	389	363	270	337	60	52	23	238	31	18	326	49	33	84	205	665	288	50	372	14	1059	134	121	250	110	22	1031	25	250	835	86	180	164	380	250	328	110	230	231	132	296	198	0	44	369	72	556	314	60
V96	72	188	281	74	188	456	178	5	161	165	595	18	476	396	625	62	260	3	115	19	739	53	553	18	114	84	144	12	455	80	6	20	246	22	299	330	74	25	236	49	317	117	101	41	477	90	72	73	31	76	98
V97	126	153	212	311	67	287	458	288	213	69	665	23	103	484	119	56	27	75	164	136	22	160	124	31	158	269	163	188	236	315	36	271	4	302	4	24	149	56	224	105	160	204	259	178	166	71	59	107	4	244	145
V98	257	214	0	86	734	117	11	58	20	15	74	173	143	87	958	196	142	27	27	44	29	108	62	26	16	10	485	97	63	48	164	168	433	80	355	104	196	163	158	328	216	47	578	50	238	68	578	7	34	155	230
V99	187	489	191	243	120	581	406	130	91	57	431	59	159	28	522	222	79	105	460	26	56	82	74	22	5	107	274	320	61	260	41	2	64	36	243	151	41	285	327	19	265	1	22	567	56	8	325	49	141	136	230
V100	263	27	80	113	64	572	436	227	11	57	482	155	0	111	55	153	262	264	12	309	247	84	432	544	16	80	39	323	2	423	321	219	111	261	139	2	0	48	14	575	536	388	75	31	280	18	281	688	206	121	196
V101	65	157	17	134	127	8	184	299	48	229	185	559	302	164	230	109	31	19	186	253	66	71	105	201	87	196	199	81	21	19	135	89	285	94	59	45	29	200	47	513	380	98	147	443	145	318	295	36	321	187	85
V102	168	176	78	64	291	86	21	244	145	100	766	335	430	408	188	150	546	37	32	98	35	94	365	227	5	107	85	511	226	295	229	42	161	153	484	260	270	48	138	100	218	9	245	117	414	64	574	130	28	69	174
V103	94	177	30	59	283	42	99	174	103	291	411	131	40	97	140	86	15	204	15	449	220	275	95	203	0	69	85	109	67	85	164	440	13	542	201	60	1004	283	228	792	18	31	284	93	137	67	124	70	72	259	132
V104	129	24	151	163	210	68	294	97	73	448	320	102	74	286	64	279	240	36	434	43	214	742	208	47	53	147	170	404	98	83	27	306	170	185	300	175	81	82	476	306	87	547	274	163	138	15	382	276	108	235	120
V105	37	434	64	789	229	472	276	156	174	1157	285	89	38	50	56	628	521	96	70	89	293	307	44	4	206	69	164	184	15	338	115	418	76	168	115	350	4	433	15	105	37	269	180	25	252	236	391	520	245	100	130
V106	256	97	20	367	97	235	266	120	83	612	109	91	44	875	70	70	36	615	148	213	21	394	60	186	0	109	163	320	91	230	74	407	231	20	2	129	69	36	60	417	11	86	6	28	58	239	54	30	238	425	224
V107	193	329	196	282	609	48	64	55	101	350	423	141	130	467	78	125	380	19	345	65	103	115	113	68	198	161	66	179	603	231	0	339	9	141	119	230	201	109	114	387	112	128	238	595	134	65	427	261	61	311	207
V108	179	117	152	209	381	37	235	628	154	14	478	15	53	146	114	252	45	265	192	35	156	641	134	221	80	82	289	173	274	16	50	410	34	189	305	58	161	8	188	249	239	40	26	74	26	205	87	467	229	48	189
V109	224	14	45	617	437	119	158	85	320	100	139	42	361	5	326	363	5	177	67	39	468	410	102	18	102	20	228	54	137	31	835	532	0	106	12	17	94	4	354	572	103	384	8	169	23	19	425	200	484	60	172
V110	59	89	9	94	218	91	486	678	292	177	45	292	42	213	148	374	110	155	68	107	310	426	170	254	109	42	183	281	287	9	278	166	20	195	2	287	246	87	149	235	233	139	344	188	78	30	221	41	254	5	80
V111	156	551	169	145	121	36	95	190	504	677	37	118	249	433	362	21	125	291	46	17	93	10	129	519	53	0	117	499	63	101	97	83	529	216	131	66	138	1242	68	22	158	45	62	15	47	473	492	291	482	1175	219
V112	62	35	564	335	41	63	35	20	501	148	143	1159	260	73	73	65	169	48	40	136	5	44	23	882	320	12	11	342	48	119	57	44	236	242	75	778	191	73	245	90	12	16	8	135	159	38	387	236	104	220	75
V113	377	13	547	410	369	0	316	334	105	161	90	107	151	91	190	47	914	18	60	119	12	272	21	304	37	81	167	353	571	46	163	353	185	77	63	111	10	9	219	80	254	371	351	133	134	110	18	36	69	164	308
V114	304	184	37	213	15	216	145	619	127	267	2	89	208	5	84	568	121	56	53	513	56	125	49	265	81	105	61	150	86	224	56	49	139	55	383	57	302	201	751	82	341	147	25	1	321	75	44	1055	307	329	264
V115	14	701	49	75	73	196	123	119	212	280	52	204	205	13	21	49	282	160	324	363	65	31	57	95	80	14	26	21	35	352	66	71	162	121	220	26	109	490	261	64	16	1	255	292	21	368	88	183	67	127	139
V116	0	381	11	37	173	93	183	110	163	41	1059	486	113	220	1	328	22	125	60	162	314	1138	93	120	347	159	129	34	115	193	461	85	298	296	289	162	367	348	141	131	63	300	25	96	664	340	83	18	18	17	84
V117	253	55	15	24	165	36	157	106	50	10	143	130	126	338	68	18	362	546	149	131	47	84	36	175	257	4	273	443	308	180	624	268	65	49	189	67	387	740	134	54	257	423	136	112	456	215	18	431	69	41	206
V118	231	222	22	976	4	171	63	264	1139	300	47	49	20	204	47	561	132	380	145	485	110	279	79	131	75	60	220	78	77	324	10	44	553	70	44	77	203	20	677	58	417	422	150	234	30	111	113	92	516	29	226
V119	605	17	8	281	31	271	537	161	136	129	415	260	7	59	216	519	317	133	54	126	38	415	69	43	295	144	284	353	117	152	155	115	458	105	677	1	344	50	66	361	1	27	76	185	215	188	30	165	103	339	528
V120	348	527	591	424	28	560	337	59	61	182	498	81	61	54	461	351	442	509	130	214	175	251	84	66	294	1071	194	437	5	368	263	22	195	23	74	372	41	40	285	108	45	115	128	61	250	5	27	271	31	0	360
V121	4	968	249	22	129	164	245	129	199	50	35	46	20	170	31	24	5	480	35	84	150	83	147	337	43	80	326	41	62	747	844	84	458	155	427	124	444	224	16	777	189	465	491	158	230	312	364	303	126	112	149
V122	205	424	176	127	52	251	555	320	35	95	12	35	14	96	84	108	376	132	247	786	54	1	31	196	70	394	69	70	218	17	238	349	168	336	114	39	29	35	26	219	96	227	41	39	179	64	702	103	730	81	224
V123	292	206	212	99	235	4	285	1010	643	389	217	106	66	96	43	268	236	82	125	2	594	333	340	36	13	56	318	139	201	14	24	165	154	114	52	103	251	395	189	819	191	120	257	219	35	371	108	27	62	504	285
V124	1139	43	83	24	347	57	202	6	312	107	192	4	468	160	231	113	14	98	265	216	27	163	159	58	725	173	32	519	525	219	341	166	191	80	65	30	270	191	859	243	107	41	31	55	50	139	190	318	331	23	897
V125	187	21	17	274	160	101	6	111	112	0	104	91	356	242	176	7	182	670	111	135	95	358	172	79	100	333	101	33	540	193	182	100	62	69	144	61	60	60	186	2	48	81	217	301	96	38	28	245	338	6	152
V126	175	115	455	26	104	190	29	70	123	189	193	815	450	275	46	7	41	225	93	65	47	7	263	489	112	14	11	88	507	3	516	93	329	122	33	161	184	33	120	434	15	64	61	108	3	90	198	95	130	158	163
V127	307	162	179	174	401	86	151	339	761	145	45	50	83	183	182	32	391	7	365	93	37	315	38	282	19	40	30	58	105	314	374	72	644	725	205	96	146	370	14	340	21	499	60	33	19	345	140	23	161	100	278
V128	97	129	11	110	254	21	23	131	463	184	98	8	53	685	86	422	281	168	81	203	78	233	194	283	356	11	63	42	41	24	121	499	425	147	61	890	191	0	339	210	45	89	318	231	222	451	371	217	167	374	111
V129	262	940	88	440	610	229	101	262	60	104	0	333	449	73	73	165	280	121	18	70	548	408	515	137	55	1164	101	177	283	11	838	210	35	1	350	5	276	550	227	100	124	349	2	128	86	73	1	18	104	18	365
V130	603	343	11	176	273	242	66	698	168	308	475	89	21	16	112	339	141	248	288	201	39	22	32	45	360	56	216	138	283	68	108	270	35	17	120	28	28	406	294	723	40	106	81	145	83	113	25	345	590	260	493
V131	373	175	77	193	153	31	398	85	123	33	579	1	271	311	211	57	70	397	68	930	197	904	566	34	45	208	45	282	58	467	107	16	57	238	51	1198	87	125	49	20	335	100	8	270	81	1	214	8	86	177	363
V132	115	264	44	31	1379	7	34	12	42	234	157	103	87	490	155	174	94	207	167	73	247	8	189	217	58	53	136	101	71	94	13	644	3	216	520	258	38	187	45	394	116	66	92	204	225	919	94	337	0	50	153
V133	49	273	36	9	257	216	19	64	454	127	402	90	38	71	152	8	52	36	221	408	115	266	32	114	269	37	18	16	55	136	149	104	350	18	376	97	70	32	205	193	666	495	359	141	402	130	350	71	33	94	86
V134	288	140	164	67	365	88	77	89	194	368	46	748	15	382	565	128	84	2	234	67	145	804	89	82	10	203	521	245	42	693	45	664	99	25	277	366	438	104	95	41	5	32	128	479	126	0	113	59	87	158	292
V135	16	272	91	120	69	78	8	71	34	405	33	119	542	251	96	353	141	62	598	98	76	660	354	352	27	214	146	237	367	341	61	22	71	155	365	146	175	34	58	97	205	278	102	155	123	124	130	156	91	683	80
V136	282	92	13	131	65	288	64	23	197	68	19	942	114	29	85	331	11	264	487	69	198	12	277	226	380	15	28	146	66	49	157	80	188	115	3	90	78	24	0	243	135	299	243	2	161	72	200	189	132	440	269
V137	73	54	29	43	54	168	91	111	201	68	348	507	91	92	189	378	151	281	90	192	113	57	98	153	66	338	76	75	721	90	168	346	222	112	609	590	256	587	301	36	22	73	79	17	29	52	170	16	7	8	85
V138	405	21	64	69	97	107	345	103	41	116	24	132	247	260	35	249	66	99	182	167	49	339	2	838	30	732	101	202	84	17	63	285	50	427	52	200	20	219	101	57	52	112	108	136	187	96	45	64	195	469	305
V139	4	110	330	218	57	49	34	146	5	127	582	12	497	201	233	13	42	167	143	34	55	379	51	104	31	80	10	264	120	163	10	518	18	4	111	735	62	32	254	154	45	67	128	385	83	442	241	130	115	96	44
V140	1	2	39	2	119	53	149	97	296	119	193	21	117	137	237	35	50	423	461	91	59	255	57	88	479	55	13	215	17	136	228	214	95	11	5	57	59	15	374	117	51	210	298	0	203	381	199	572	330	109	17
V141	26	100	459	372	354	508	45	184	235	81	149	176	122	92	417	422	378	562	420	220	85	62	218	67	139	5	114	80	112	94	1	160	8	522	76	447	274	4	42	339	523	47	173	3	27	4	367	40	53	124	50
V142	534	22	357	721	163	422	51	320	25	558	59	9	327	257	80	129	133	230	439	521	69	360	273	12	7	180	51	148	101	727	114	134	377	373	15	738	87	218	263	81	507	335	10	124	202	16	420	687	260	99	443
V143	112	243	0	312	434	207	64	224	416	262	44	38	255	385	42	5	41	138	224	913	0	4	8	451	29	4	10	163	139	411	154	404	604	103	251	980	34	114	29	9	203	143	21	13	358	9	118	53	1051	51	149
V144	44	351	175	6	241	40	242	22	187	459	180	85	285	165	82	422	484	115	210	116	577	40	878	206	306	51	11	357	274	116	145	56	90	25	53	169	201	179	8	63	115	25	197	252	6	129	21	11	86	111	93
V145	292	34	44	140	54	613	138	276	13	83	475	42	105	11	107	616	337	227	65	69	223	488	241	318	619	70	685	49	41	168	149	75	303	354	80	536	26	31	3	47	322	186	233	246	78	164	198	163	301	334	270
V146	42	124	57	83	227	206	162	98	93	111	505	49	206	113	5	65	171	62	386	357	121	509	105	259	39	1300	361	20	58	113	44	12	56	22	51	89	245	297	558	178	234	95	34	221	308	222	196	398	120	4	71
V147	62	7	120	236	327	205	126	82	15	299	144	106	70	81	263	167	40	117	51	4	110	154	36	250	24	188	132	654	237	251	93	49	28	289	313	256	16	107	168	625	288	22	148	17	270	155	65	20	200	267	59
V148	324	980	533	134	144	382	248	47	181	221	306	654	76	499	22	117	694	75	117	531	39	125	116	88	2	4	174	509	20	250	354	115	607	274	62	105	76	385	233	252	137	1146	125	120	100	317	242	127	529	257	403
V149	19	167	487	25	163	34	309	217	270	108	3	448	155	330	259	232	254	228	7	66	202	5	218	147	591	108	430	108	297	10	310	38	445	23	30	533	161	319	21	548	85	55	7	401	366	311	4	6	115	139	60
V150	433	20	116	3	4	266	6	114	35	28	41	67	149	98	502	297	966	157	274	361	240	559	44	67	202	736	326	40	164	128	234	113	103	109	45	195	176	195	373	289	64	734	163	514	53	146	157	60	143	119	332
V151	7	202	64	126	248	42	165	21	18	593	39	93	69	87	49	181	98	296	89	56	90	294	445	39	42	260	703	80	20	247	40	82	240	83	325	42	231	33	64	430	54	726	164	95	0	463	146	241	874	13	60
V152	166	68	550	556	54	23	230	262	31	78	98	18	26	421	141	245	319	99	535	59	240	49	479	56	773	224	120	147	292	133	462	199	107	64	6	297	135	75	319	349	14	770	19	24	328	244	895	117	158	1	174
V153	137	255	414	346	355	186	17	159	230	782	4	249	197	421	185	729	299	50	3	16	73	455	15	123	116	33	9	101	236	135	198	28	13	116	17	88	466	34	145	866	6	350	629	138	761	177	2	216	74	367	189
V154	162	142	27	152	7	2	70	521	8	68	41	268	77	290	68	128	91	398	152	96	39	211	91	1462	135	145	355	73	319	115	18	153	320	126	430	168	75	362	207	102	18	57	153	181	288	276	13	584	40	120	149
V155	156	230	432	186	54	25	77	327	171	215	370	335	308	117	48	233	10	295	5	2	132	229	199	120	406	15	20	449	154	25	272	2	351	80	427	175	190	776	271	109	100	0	350	514	95	998	489	231	78	386	189
V156	145	31	84	125	155	345	387	410	496	24	400	23	7	355	100	119	29	273	14	334	125	8	508	166	217	378	245	354	138	14	446	7	11	59	282	84	458	630	290	165	236	683	79	102	78	85	383	422	87	222	141
V157	222	92	489	15	78	19	559	79	118	32	182	272	193	98	159	61	191	46	63	33	445	115	132	160	252	459	544	126	62	89	367	242	32	399	346	10	529	224	871	214	4	317	456	312	77	2	32	849	146	90	210
V158	66	384	208	183	311	310	98	431	24	278	145	128	167	504	61	34	33	166	48	223	271	87	48	49	9	623	118	229	155	255	221	70	6	55	302	88	346	13	16	9	85	51	59	130	140	231	336	32	68	58	121
V159	93	53	16	0	18	219	30	42	155	379	43	315	273	292	609	119	324	740	299	47	91	67	709	78	2	118	173	586	50	179	372	330	255	555	156	160	38	117	209	9	65	108	21	608	129	13	223	123	26	199	118
V160	218	479	87	200	23	889	407	456	110	82	265	18	31	77	156	263	33	456	257	203	80	147	169	113	38	32	135	494	111	302	61	264	4	258	240	273	17	51	300	625	106	17	249	666	893	295	53	119	159	135	258
V161	57	204	79	15	360	62	8	37	222	25	259	327	48	451	163	581	164	1	201	0	97	145	2	297	290	573	412	32	717	125	106	173	222	334	516	464	76	1029	287	60	49	37	276	17	405	357	16	89	1099	45	96
V162	114	6	575	145	10	28	509	276	71	98	1	212	210	440	29	114	92	308	289	722	93	100	235	9	38	92	294	31	66	1095	264	147	231	166	683	48	2	16	183	601	17	30	40	517	461	65	278	57	25	235	123
V163	29	380	322	67	28	450	85	66	47	183	36	92	40	106	175	331	36	151	87	442	218	133	150	130	52	73	430	97	320	17	150	81	153	548	344	308	286	114	276	213	22	239	440	444	58	598	1	342	82	168	115
V164	122	514	50	648	4	493	25	19	424	593	277	138	971	435	190	405	114	13	226	11	487	175	11	14	164	155	273	217	562	91	68	207	14	219	178	42	344	214	38	41	335	20	84	514	695	7	247	11	50	17	190
V165	5	5	480	178	179	184	4	0	410	228	93	1	207	104	81	45	415	185	153	73	77	136	51	49	478	431	33	78	415	665	57	157	878	174	188	217	77	67	47	130	25	96	35	72	91	8	35	93	50	653	27
V166	11	471	253	40	136	94	0	331	90	211	253	5	46	160	89	434	358	20	15	488	179	27	259	640	76	104	577	187	41	96	156	180	96	27	367	114	393	60	169	506	153	342	109	399	108	79	130	422	161	227	97
V167	11	7	515	166	52	148	66	343	588	265	2	4	1057	232	289	263	0	11	322	32	95	454	223	263	43	648	91	37	53	248	51	64	617	397	9	52	233	237	203	71	160	146	179	362	461	263	41	142	62	56	35
V168	139	43	487	314	240	222	29	172	235	48	219	120	205	97	124	170	223	1009	106	229	122	24	386	164	64	2	58	55	77	18	139	225	274	82	20	59	103	403	402	82	247	82	289	384	214	229	25	612	1	87	121
V169	162	84	149	74	155	72	410	74	112	204	959	131	288	154	83	176	80	66	42	512	29	21	221	54	371	4	109	35	735	39	122	292	135	47	164	650	57	13	279	114	1	176	249	354	256	61	189	388	58	63	128
V170	165	12	117	290	189	45	16	139	230	425	95	1	27	44	131	444	95	13	38	232	584	6	85	4	12	232	420	666	99	59	410	32	437	262	218	147	76	342	181	168	217	149	105	44	29	50	246	418	35	9	144
V171	690	376	24	91	31	241	112	50	149	247	96	164	201	655	8	40	567	85	215	732	7	268	481	649	41	679	74	97	86	331	177	114	80	652	251	103	18	54	117	22	240	82	91	580	488	111	267	131	477	5	577
V172	34	78	1263	60	232	109	203	263	250	390	377	978	552	121	235	92	209	63	137	224	43	268	323	345	159	266	260	293	69	129	28	460	85	21	256	32	33	94	239	75	204	191	73	294	210	390	174	35	690	196	53
V173	163	22	250	5	315	506	335	292	3	54	310	176	335	55	17	273	147	95	61	194	103	127	41	52	111	40	158	412	7	223	415	156	313	32	259	269	629	89	50	26	974	165	387	13	158	275	142	22	102	602	150
V174	193	124	236	342	219	258	17	3	43	7	72	131	647	11	45	78	39	409	37	163	567	118	247	20	830	428	254	90	64	346	224	160	67	40	269	88	200	159	192	20	247	989	134	133	376	83	369	319	50	24	186
V175	96	2	220	47	89	15	89	213	68	409	627	542	355	398	234	19	426	199	157	17	27	44	517	74	264	422	315	252	450	21	32	67	97	9	57	37	104	180	7	249	474	186	1302	160	370	251	21	140	175	103	99
V176	1079	123	846	75	163	785	13	103	384	97	478	356	77	329	489	439	462	21	640	74	83	155	77	87	228	171	451	40	104	43	123	20	67	374	92	79	52	109	71	92	143	466	34	15	408	33	7	503	204	869	888
V177	249	214	364	1	314	83	39	104	330	195	306	254	472	76	392	28	346	50	603	59	63	339	202	90	420	347	137	375	126	274	258	22	540	77	15	33	41	276	317	2	193	327	358	41	1302	7	242	52	32	101	243
V178	16	296	282	287	16	284	54	304	105	412	156	244	389	67	582	67	229	309	284	203	77	118	135	255	28	68	315	165	562	102	592	172	26	237	126	77	46	68	4	96	188	21	157	63	108	54	57	72	414	145	66
V179	61	185	140	244	108	50	468	393	10	160	142	234	277	224	54	91	105	77	399	115	72	35	22	20	413	141	297	52	239	77	64	669	281	3	571	215	166	974	127	211	59	48	32	114	163	77	186	34	175	1072	99
V180	188	68	54	78	141	105	218	46	297	98	233	62	191	111	746	40	185	419	168	171	170	241	20	311	170	170	3	20	32	231	25	67	27	283	356	53	79	81	71	13	711	397	299	56	380	632	280	303	95	88	168
V181	157	97	217	27	79	1	67	33	290	399	217	131	101	175	263	178	50	647	11	380	40	455	157	116	183	113	121	49	38	243	180	356	222	272	40	102	113	283	33	40	139	524	33	128	149	12	66	75	493	256	148
V182	683	215	487	464	14	297	14	27	242	290	4	361	162	76	950	49	96	323	62	323	296	183	241	51	523	129	139	21	40	481	112	10	478	51	100	22	431	40	321	188	88	289	28	435	143	414	56	29	21	409	550
V183	686	461	78	77	80	35	33	14	112	711	102	113	218	20	50	50	96	1	289	38	145	162	65	86	908	100	92	204	179	500	11	268	58	139	31	369	637	49	17	229	488	306	312	350	353	99	341	53	25	404	599
V184	27	148	230	362	319	384	63	122	50	75	673	146	18	128	6	298	118	427	101	50	199	528	1037	47	160	327	84	297	199	221	4	60	5	660	74	6	191	169	26	413	84	46	508	103	161	86	399	251	75	490	60
V185	396	462	386	52	102	75	322	187	1178	96	298	230	36	807	211	401	320	138	437	141	90	201	159	107	42	330	323	866	324	10	325	276	405	515	171	257	134	164	13	153	214	76	255	590	548	130	22	285	413	25	401
V186	70	168	150	37	209	47	409	10	82	90	425	14	167	191	123	83	168	438	144	91	280	229	23	16	7	58	45	262	436	19	86	627	140	54	47	517	247	800	49	119	60	109	4	97	247	141	161	181	251	8	82
V187	2	81	348	89	76	146	273	442	228	43	55	109	455	67	34	79	256	267	190	310	121	48	321	159	531	265	599	59	71	160	162	78	65	30	67	73	406	108	115	331	344	579	191	104	191	303	155	529	10	68	39
V188	114	106	245	408	9	493	335	526	1	116	329	20	480	158	87	118	244	300	24	118	56	123	0	225	169	158	256	73	117	149	11	30	294	18	115	53	219	558	66	82	170	58	139	20	256	325	103	23	83	178	108
V189	344	52	302	85	49	3	189	132	830	24	26	468	59	278	41	123	943	50	41	679	327	179	208	71	267	41	83	19	172	2	147	622	899	90	21	80	334	31	122	370	5	133	224	380	651	110	358	42	990	53	297
V190	6	53	478	284	614	70	34	94	210	547	0	178	48	869	151	217	300	66	297	265	42	651	486	783	130	136	280	107	8	34	9	440	16	3	64	292	223	205	213	48	315	51	88	134	107	27	35	105	78	0	41
V191	540	192	187	667	391	18	220	66	883	269	502	305	128	158	139	11	466	117	95	71	146	131	107	513	488	222	80	276	20	9	75	136	506	26	67	153	28	70	248	36	227	15	112	131	20	287	256	36	645	185	481
V192	288	98	38	246	99	269	369	102	566	295	255	211	234	287	109	123	23	42	61	79	39	775	1286	181	308	11	186	257	572	38	39	728	105	0	63	214	185	121	114	52	63	219	59	123	114	54	352	83	34	492	266
V193	115	349	135	185	164	123	12	264	138	426	11	142	168	191	46	178	260	15	27	100	100	23	179	425	8	341	815	427	97	76	221	1031	38	5	21	274	16	301	160	77	99	7	106	66	153	129	446	106	181	133	143
V194	11	683	72	209	102	35	152	88	85	359	768	702	170	178	98	159	23	390	312	246	146	130	305	198	282	86	52	611	46	20	574	410	76	0	917	74	40	301	110	379	117	211	171	43	283	138	131	697	10	1270	128
V195	492	0	882	151	81	100	899	273	175	484	1	23	750	100	94	111	176	21	13	67	327	205	69	43	78	52	62	127	849	313	18	203	205	165	103	36	11	125	105	419	110	60	346	153	12	66	11	257	262	14	386
V196	246	158	223	588	62	20	729	14	22	295	608	606	29	11	117	52	442	81	278	6	124	180	72	16	804	560	2	266	4	21	328	44	45	77	106	83	281	216	141	713	356	241	23	439	234	408	267	246	440	112	246
V197	130	434	25	68	273	3	169	899	52	133	4	177	49	57	385	9	37	378	551	21	272	13	406	553	97	107	70	69	524	36	37	857	125	21	188	89	89	24	197	272	34	147	142	403	52	95	618	392	921	269	200
V198	245	211	310	113	1114	491	238	59	199	45	14	760	188	194	17	141	188	209	287	446	40	73	55	119	20	576	24	646	60	323	2	618	145	321	109	320	204	90	93	150	9	124	66	46	143	205	557	74	327	139	233
V199	41	54	17	214	197	158	85	185	18	165	58	189	49	280	182	215	230	213	302	243	268	8	17	100	177	276	95	114	144	55	35	115	166	21	14	270	245	164	4	259	215	836	56	91	9	276	35	318	168	145	65
V200	390	80	447	664	221	166	50	67	188	463	550	240	61	210	110	56	103	751	326	328	306	226	114	45	199	129	130	58	255	16	54	205	548	206	9	282	37	290	127	127	432	181	175	72	274	602	351	173	24	232	368
V201	602	463	32	283	141	261	174	101	132	545	463	63	139	900	119	273	2	276	187	83	129	38	17	42	923	72	21	516	149	194	253	574	26	57	102	54	105	47	73	220	791	282	159	493	204	568	27	19	4	252	517
V202	39	111	114	272	7	216	106	118	38	320	155	71	327	272	12	111	529	157	17	0	0	223	68	113	288	469	23	212	368	164	73	24	1	123	634	31	75	45	59	259	613	414	104	218	164	493	23	196	86	176	60
V203	24	199	41	149	206	30	22	64	33	69	180	205	36	42	191	95	131	13	453	94	53	125	65	33	34	67	192	142	6	179	797	120	5	191	60	686	164	43	83	50	127	57	467	106	442	617	156	128	206	209	54
V204	26	51	0	219	128	240	46	404	17	34	271	73	233	159	199	24	246	400	121	170	289	387	149	144	1	0	151	110	106	246	318	645	167	409	57	171	282	64	55	68	224	121	335	323	134	34	177	2	164	95	42
V205	18	33	1131	525	206	76	55	40	37	35	151	27	56	115	229	129	702	185	1	39	57	228	314	286	33	300	256	320	155	196	9	393	367	116	46	164	291	84	170	228	266	862	163	127	109	53	26	289	0	153	38
V206	291	127	120	50	470	82	21	726	372	219	271	4	52	8	43	52	217	404	29	45	15	74	339	215	166	173	58	45	237	113	84	223	24	146	76	5	368	60	91	9	3	89	174	93	81	118	508	12	334	119	259
V207	40	2	191	2	698	7	68	602	37	191	121	311	146	247	116	77	185	422	608	131	97	160	88	285	381	544	368	168	229	831	40	164	60	2	68	339	105	128	129	215	4	212	185	91	8	124	214	271	316	353	57
V208	503	362	238	36	108	26	449	202	88	633	164	948	30	253	148	110	99	289	489	134	466	116	53	129	68	155	141	972	249	27	9	4	214	12	254	142	236	169	326	129	223	150	601	156	47	48	183	201	178	87	448
V209	124	183	153	198	151	30	229	58	153	26	3	582	57	88	238	407	18	44	639	748	77	285	169	4	196	6	14	687	111	165	70	161	236	102	118	80	109	117	66	160	21	39	298	87	95	71	27	370	107	349	146
V210	8	209	1150	374	154	95	150	255	304	401	164	75	75	333	8	20	198	24	947	500	58	71	19	239	413	71	141	171	50	287	375	91	93	572	184	86	354	19	23	101	272	47	49	36	269	131	12	600	1	57	49
V211	356	40	114	187	261	148	329	122	20	88	186	28	32	298	341	86	89	595	222	178	364	593	219	854	145	76	401	40	33	256	59	78	16	528	265	6	174	448	298	94	107	72	250	166	45	34	210	13	389	339	333
V212	23	268	416	39	26	411	55	142	297	18	154	184	165	44	56	773	31	100	72	67	165	43	10	457	74	27	397	53	309	204	140	177	1006	15	10	141	81	124	33	11	530	14	30	1024	104	260	312	52	148	24	84
V213	107	246	153	183	122	13	123	49	66	70	3	4	142	216	99	176	32	64	509	560	280	24	81	152	383	154	420	372	370	214	24	159	39	19	94	41	116	430	546	312	392	159	113	342	541	749	335	8	78	73	117
V214	58	784	142	134	14	246	80	240	189	37	23	196	84	344	96	103	64	365	34	300	23	88	559	204	206	185	32	13	351	45	214	140	26	595	155	592	179	63	40	158	20	29	83	195	5	8	17	161	39	10	154
V215	73	364	14	15	20	55	169	8	24	160	201	152	45	3	47	583	260	123	167	101	275	432	109	141	12	116	456	338	52	362	318	56	0	324	173	169	41	468	13	44	252	72	69	74	28	137	35	165	85	124	112
V216	79	228	108	98	168	31	9	203	13	322	2	21	40	17	97	5	452	222	253	74	227	159	48	157	288	431	352	88	698	89	16	100	184	144	15	389	19	96	256	5	106	498	246	290	203	130	189	89	225	201	93
V217	192	419	54	67	319	405	30	59	58	64	489	1218	74	207	88	2	48	422	31	23	119	368	93	295	45	172	118	6	959	251	73	79	173	179	49	167	71	104	22	323	472	16	146	37	30	468	198	430	266	258	223
V218	91	357	108	122	64	18	269	294	3	179	136	108	25	155	471	323	128	247	209	234	94	162	88	315	425	112	428	526	440	161	427	440	21	91	718	20	318	240	158	17	167	250	174	2	108	243	38	194	53	147	142
V219	17	354	124	145	94	282	18	3	43	5	242	114	345	24	241	29	249	53	162	217	28	22	45	407	84	24	25	344	146	156	6	26	238	114	39	569	76	317	388	228	78	514	104	92	18	247	167	114	18	198	73
V220	136	36	192	41	174	60	50	14	312	6	87	227	36	9	281	270	171	48	116	241	60	366	966	97	438	509	70	656	354	43	146	81	39	658	324	1550	96	105	250	144	27	176	494	0	65	36	21	364	190	101	121
V221	14	100	194	13	84	540	98	179	185	20	173	538	6	28	92	41	868	41	14	19	44	290	109	150	36	306	758	742	546	4	17	177	87	350	184	207	72	227	78	328	38	16	388	27	477	518	86	325	180	56	40
V222	268	107	229	244	169	165	5	52	326	31	102	1126	14	35	7	169	220	2	184	9	503	314	268	206	71	187	177	110	104	70	137	237	16	346	5	318	318	37	254	1083	85	26	136	88	91	121	103	15	211	184	243
V223	289	35	34	870	6	306	3	17	406	99	486	26	24	293	82	28	4	190	5	240	238	72	215	233	74	92	57	38	116	560	64	8	828	65	555	62	20	162	120	147	253	44	165	221	67	113	22	144	118	161	235
V224	43	442	126	135	82	61	425	119	1	414	74	77	39	185	190	1318	354	190	333	177	689	83	105	78	98	74	90	131	7	318	120	66	546	215	32	466	572	148	107	190	97	10	217	56	29	120	461	197	373	67	99
V225	177	14	824	51	88	2	168	62	102	59	502	255	276	71	133	602	737	78	31	155	272	31	115	362	245	82	92	306	349	699	218	63	9	88	30	123	624	361	81	8	103	704	292	78	163	237	533	133	48	51	166
V226	256	128	197	55	293	5	465	594	143	121	12	305	293	133	207	947	55	465	135	233	395	45	65	20	747	8	159	117	205	58	465	151	163	1059	52	369	184	97	151	88	77	27	68	52	253	878	121	19	111	109	252
V227	67	49	87	297	48	82	167	26	159	160	609	288	1302	527	48	20	99	256	44	133	76	64	246	264	61	408	262	286	309	289	107	284	111	83	140	116	47	294	48	144	92	243	31	234	102	365	80	383	274	57	95
V228	185	667	56	184	60	117	243	103	79	270	143	383	32	53	53	512	35	94	360	34	63	22	241	141	199	114	193	31	109	44	114	123	83	223	134	480	146	136	73	210	280	63	601	33	30	72	71	498	38	65	260
V229	67	109	35	61	95	76	328	142	644	4	22	404	343	813	447	120	282	64	261	12	27	900	11	444	88	208	133	205	7	358	106	251	199	5	315	490	52	51	47	339	961	36	91	281	156	104	413	144	182	309	117
V230	227	106	0	209	157	28	60	166	78	42	179	15	429	41	31	38	74	30	135	750	308	35	331	413	32	10	222	849	55	22	30	68	337	565	83	663	54	40	486	31	394	96	205	155	295	59	94	47	66	77	190
V231	395	20	161	14	62	75	154	866	71	279	82	21	16	154	195	156	233	503	155	170	67	143	19	54	216	44	96	40	3	277	79	19	219	431	2	7	311	95	254	149	333	69	108	298	100	495	73	325	120	77	317
V232	1143	29	94	126	23	587	13	30	275	164	181	556	383	133	213	17	91	67	258	244	11	164	71	170	26	1055	330	209	54	63	695	117	107	130	192	97	166	845	395	148	482	245	339	97	371	513	60	284	85	291	914
V233	114	56	83	11	67	348	10	134	92	164	208	210	188	314	1209	268	36	64	126	327	316	183	186	194	32	108	83	618	118	796	283	174	535	203	206	912	188	327	61	361	163	355	475	408	38	93	52	106	4	507	127
V234	98	412	220	23	14	234	26	822	250	345	19	355	403	426	355	53	229	280	243	165	58	135	770	24	114	167	6	215	39	6	216	228	188	782	35	120	1	92	423	201	28	82	82	7	76	290	175	477	33	98	153
V235	103	332	162	647	53	288	706	393	262	682	200	118	836	112	80	333	29	6	118	660	74	342	321	85	64	534	364	281	151	15	170	100	150	131	367	211	457	447	91	214	214	322	220	560	169	237	109	30	41	358	168
V236	22	40	180	297	90	278	8	729	228	267	383	236	84	210	326	248	16	58	136	239	413	80	173	82	13	92	123	801	233	201	356	205	191	90	284	137	1021	196	134	15	65	10	353	152	174	169	161	26	229	261	56
V237	29	159	285	550	170	1263	134	118	128	251	103	48	226	346	46	31	96	53	133	264	352	240	178	304	111	52	242	409	61	49	135	114	340	61	53	37	24	95	41	135	166	32	41	181	336	79	399	83	130	76	62
V238	53	421	23	150	237	508	310	4	467	11	61	167	256	355	178	729	251	115	304	470	38	107	57	129	205	35	462	42	530	63	472	341	111	78	232	65	3	388	161	95	472	115	70	1	91	102	33	1	362	135	121
V239	280	298	501	330	408	147	446	232	199	117	257	643	225	117	221	198	225	56	43	104	41	19	22	83	1159	281	252	42	405	357	118	316	19	194	44	113	303	21	339	249	203	36	218	286	44	263	149	502	237	192	265
V240	397	45	313	276	443	195	389	168	106	259	124	505	47	159	179	245	333	46	341	38	830	43	206	24	326	21	384	254	26	105	107	54	248	119	353	172	353	635	1386	378	329	15	389	108	490	34	388	33	177	280	344
V241	502	87	174	28	94	9	102	219	104	847	214	89	147	635	82	55	30	370	488	555	644	252	60	97	210	232	11	818	93	253	173	303	338	125	389	26	52	84	21	234	93	154	86	130	169	110	582	93	646	33	406
V242	67	40	131	469	110	165	107	192	79	171	86	229	278	105	87	339	223	240	150	76	98	152	155	297	33	102	66	45	170	107	102	234	356	192	12	741	66	52	27	110	218	281	176	63	44	180	58	165	4	29	73
V243	48	91	218	58	146	13	45	3	18	3	56	16	15	23	83	607	71	13	45	199	557	282	248	211	616	41	189	71	133	54	58	532	136	270	242	91	199	107	158	11	104	191	245	474	12	218	40	89	336	576	65
V244	85	290	193	265	940	267	25	95	70	149	99	128	109	102	319	255	134	43	139	15	895	133	73	9	73	24	181	14	539	7	362	10	161	27	222	8	285	222	72	165	5	869	302	73	25	386	629	7	45	422	115
V245	114	160	87	1	132	45	322	51	33	28	6	159	16	162	40	7	137	413	140	59	104	81	116	130	200	44	378	93	17	97	694	107	18	149	23	179	29	176	81	110	53	754	93	571	246	429	166	217	175	45	125
V246	596	224	168	49	18	298	128	154	54	353	106	19	128	73	42	169	112	314	123	238	119	6	211	32	64	294	79	48	282	274	771	257	39	566	146	125	446	74	240	56	202	280	19	229	95	233	145	115	83	5	487
V247	341	85	212	177	102	507	178	196	84	591	213	195	118	127	200	245	94	462	176	1	231	73	145	15	27	236	35	43	139	357	127	4	1	133	177	63	132	26	543	255	80	13	63	72	257	1	8	117	91	85	288
V248	397	152	11	34	73	127	196	27	213	90	250	20	332	125	69	220	613	22	40	130	354	557	283	255	4	12	31	26	115	180	11	692	98	89	75	130	86	267	144	6	83	27	307	61	29	3	77	79	268	75	321
V249	62	132	114	462	62	353	80	34	75	41	115	169	60	0	41	185	138	248	22	165	691	125	735	172	500	12	92	113	185	255	180	411	346	28	102	73	437	12	432	36	88	281	93	394	540	81	381	383	67	121	91
V250	61	54	41	486	125	331	1160	9	60	480	470	163	293	404	201	343	184	21	7	198	294	182	10	139	40	22	48	51	53	214	132	285	489	32	270	275	698	200	254	104	501	88	37	677	17	27	272	48	11	206	64
V251	55	639	72	124	309	16	92	277	139	455	324	45	559	57	413	43	348	54	188	123	18	83	45	294	461	517	76	465	109	187	61	27	291	160	246	38	738	9	238	19	59	19	91	604	200	62	132	143	114	49	150
V252	32	142	350	758	64	109	247	112	43	16	8	324	268	25	516	93	46	89	144	93	204	0	57	122	64	53	4	168	114	219	72	109	95	191	97	87	212	16	516	478	301	160	26	561	231	259	308	92	86	69	56
V253	112	127	84	15	170	262	198	31	77	32	26	59	133	52	804	25	40	73	72	192	182	147	140	152	97	301	205	167	471	5	106	59	29	140	204	38	159	89	21	42	82	5	105	365	48	83	307	222	37	163	114
V254	496	156	312	1685	302	112	204	307	238	46	143	39	399	231	14	1	26	355	104	214	187	89	104	14	33	100	303	592	200	290	611	174	229	13	118	87	197	221	38	193	36	491	155	57	54	11	255	33	112	10	377
V255	325	806	70	326	551	221	38	382	134	99	399	21	7	62	89	85	107	11	24	396	25	164	60	86	350	216	37	122	99	11	228	62	537	242	80	108	12	21	1021	522	14	313	318	18	16	275	432	303	311	162	394
V256	74	195	18	22	372	145	436	68	258	90	596	72	197	169	137	16	963	87	261	35	79	602	304	286	160	159	84	102	205	271	207	152	199	308	172	480	764	150	278	105	36	22	87	59	39	93	22	29	170	28	121
V257	87	91	127	2	61	81	749	34	308	62	2	121	23	240	324	14	61	30	63	225	198	50	1671	215	121	212	91	122	137	119	398	630	45	98	201	17	76	83	344	2	156	271	475	295	13	409	52	282	353	379	110
V258	135	10	189	161	49	200	389	9	18	53	280	210	15	90	254	60	90	341	125	183	395	18	55	4	51	37	333	64	75	27	174	13	366	625	47	15	183	252	426	17	265	27	220	196	55	299	389	22	138	76	116
V259	91	151	34	5	465	605	187	254	170	169	70	473	46	21	177	2	366	454	122	407	25	8	571	95	18	104	152	108	63	76	148	355	193	84	42	205	98	14	89	7	51	110	369	43	173	115	57	419	105	468	124
V260	379	214	219	297	399	4	24	12	600	573	36	494	231	377	312	48	105	213	325	139	1	212	84	48	170	671	52	226	118	12	123	37	781	7	51	323	250	392	78	12	396	463	49	322	15	22	274	165	13	161	348
V261	434	143	207	575	452	224	115	18	20	49	56	20	107	314	94	675	57	247	97	394	93	679	698	115	58	151	162	549	176	66	164	75	122	585	158	72	153	25	352	224	307	22	15	130	101	10	284	493	64	165	335
V262	21	501	112	266	6	118	36	60	425	159	121	73	184	540	193	132	20	141	59	85	210	3	113	435	176	322	49	85	385	330	829	337	121	329	102	11	97	624	170	96	205	61	64	305	1165	14	396	277	447	95	117
V263	189	87	130	146	39	58	139	342	144	25	199	235	131	691	4	309	139	36	277	55	248	471	47	108	284	31	907	17	381	14	62	258	69	80	444	132	8	152	41	270	114	87	41	3	498	60	628	163	114	22	183
V264	162	32	51	73	251	93	186	28	429	51	29	125	9	60	131	28	356	158	249	62	152	644	85	135	388	251	197	196	129	27	130	125	224	253	25	5	218	167	341	287	93	157	36	86	139	76	21	0	11	404	120
V265	11	310	333	343	133	181	426	71	290	291	860	221	422	129	92	413	288	196	66	256	75	275	139	286	98	318	69	47	212	15	71	18	443	28	38	97	334	5	76	55	214	28	191	44	125	113	7	383	137	411	74
V266	148	123	818	4	309	27	263	2	70	61	10	18	259	357	7	371	259	182	630	189	126	10	21	419	357	111	141	176	218	86	79	1027	49	155	10	377	182	42	109	179	116	72	56	265	291	483	22	922	206	201	138
V267	159	22	109	106	322	112	6	81	4	262	287	3	105	56	254	41	30	55	73	62	81	9	249	114	447	177	1083	254	160	64	238	43	256	177	513	933	59	116	329	13	591	419	62	84	298	67	128	7	591	3	148
V268	52	233	56	154	31	54	35	323	80	89	48	39	236	189	48	282	237	81	185	336	4	163	983	28	763	532	199	64	112	160	65	207	99	42	78	212	185	604	520	16	154	19	70	28	30	866	27	78	310	197	98
V269	117	45	106	34	174	181	475	261	199	33	169	30	388	41	78	224	64	122	261	144	67	327	149	59	304	439	594	204	125	6	209	15	34	42	9	173	43	175	15	270	421	280	59	296	11	2	288	328	515	92	123
V270	484	49	527	240	424	366	191	73	91	105	136	671	133	177	238	46	297	104	152	139	0	309	448	412	43	340	441	38	85	39	800	182	285	314	372	92	182	9	129	149	94	243	5	87	35	235	695	205	120	188	384
V271	31	147	182	165	172	82	441	65	106	140	169	870	378	67	167	375	29	320	378	709	98	212	215	448	16	146	46	438	25	202	41	147	192	673	97	462	446	30	189	67	448	114	112	134	556	98	97	32	74	305	61
V272	108	404	9	216	105	54	153	169	1	50	59	180	158	90	237	254	216	131	16	517	212	437	121	72	57	546	65	372	351	84	251	111	188	31	86	254	201	442	768	263	42	28	159	350	691	45	270	433	90	62	165
V273	172	124	3	256	41	220	263	126	132	42	415	218	4	417	594	119	373	105	184	68	140	233	265	403	236	73	19	73	200	74	267	67	235	254	288	1	208	297	40	145	38	98	189	253	301	8	250	53	117	150	180
V274	2	491	112	5	137	484	147	15	254	218	231	214	195	15	469	33	312	172	18	149	25	418	493	290	17	557	45	151	321	201	20	31	84	610	216	37	81	227	202	186	66	143	149	118	631	80	17	18	150	218	96
V275	275	117	27	978	2	31	109	142	423	36	14	325	49	250	3	31	341	0	197	609	539	153	9	123	135	2	24	0	16	21	416	423	118	691	52	809	50	69	101	198	84	118	368	88	312	170	401	9	90	84	208
V276	267	61	93	157	49	648	34	225	638	93	96	168	159	620	418	368	232	81	15	228	62	264	312	297	133	81	139	555	7	192	30	40	709	31	208	313	96	68	29	141	532	660	495	197	257	46	48	392	34	502	231
V277	388	748	2	501	311	1100	57	354	58	32	389	238	369	248	17	25	196	240	69	613	188	207	620	78	215	22	160	10	76	389	133	237	94	25	351	130	51	425	415	227	128	331	7	340	226	25	85	233	16	22	388
V278	12	112	116	383	545	9	451	86	5	202	338	129	128	176	548	65	94	127	301	76	126	159	868	171	465	53	220	120	25	39	360	15	364	19	345	180	49	76	214	255	79	331	174	90	364	22	27	214	22	76	48
V279	417	67	168	19	157	176	139	353	136	87	198	152	511	27	169	77	60	112	29	24	258	37	108	41	163	81	197	351	97	63	183	413	57	170	239	167	223	60	85	1	9	56	8	469	187	299	172	103	150	173	329
V280	191	163	64	330	425	113	29	110	1142	565	62	306	258	0	210	293	110	162	67	142	115	50	167	101	247	893	217	267	73	426	655	810	333	123	16	495	36	67	19	331	344	2	122	66	247	303	15	30	88	13	200
V281	5	14	88	286	45	206	60	184	68	2	23	175	72	22	39	95	65	243	91	396	496	157	53	18	938	6	32	155	210	97	162	536	211	214	225	147	368	585	239	155	84	152	272	30	622	12	64	296	59	159	23
V282	461	374	244	96	26	11	252	458	47	78	170	8	194	219	163	171	291	102	88	38	173	138	158	126	39	116	56	151	61	86	143	146	5	74	130	304	36	136	218	128	218	146	264	310	86	322	181	59	10	2	469
V283	102	150	735	568	166	167	258	257	65	117	402	205	191	353	116	279	370	164	615	83	70	167	42	198	9	99	235	431	35	15	45	40	215	344	475	90	129	87	149	149	211	56	11	174	58	194	145	575	100	375	133
V284	272	431	81	14	72	101	59	54	52	140	78	284	15	126	171	11	81	163	75	65	181	32	36	317	75	176	21	262	70	292	35	90	101	39	235	444	102	207	205	234	29	137	4	57	598	0	11	86	189	41	279
V285	79	407	326	61	54	270	145	29	66	142	166	597	123	26	140	190	14	740	214	67	73	71	145	645	232	104	105	335	796	171	8	531	480	57	308	9	183	188	545	420	407	124	112	161	116	204	61	39	62	52	138
V286	0	315	179	75	847	20	552	200	99	127	71	159	171	12	122	27	151	533	602	82	35	304	128	210	433	139	92	248	257	273	3	126	248	158	592	188	59	82	68	183	46	126	335	106	73	427	153	167	534	129	69
V287	413	157	19	41	146	6	74	51	111	31	67	17	29	61	4	48	434	236	301	119	37	33	425	146	68	509	77	37	577	1002	92	191	42	87	80	31	232	114	79	227	23	20	2	142	112	530	3	0	138	15	364
V288	52	18	235	239	26	78	83	605	13	207	21	23	166	465	35	257	446	495	170	24	120	66	18	32	125	27	404	31	134	199	353	55	286	44	439	174	10	4	361	530	120	423	53	199	377	118	417	367	15	346	57
V289	241	162	644	132	30	304	40	280	443	428	21	343	588	28	258	696	177	464	203	6	26	585	4	25	150	111	99	295	318	94	64	361	89	526	656	367	95	883	623	38	92	206	44	274	72	260	96	73	66	124	198
V290	165	176	0	107	31	192	57	220	86	56	188	18	171	99	21	29	150	538	659	41	182	251	245	237	34	161	303	116	110	479	11	166	325	343	138	56	18	118	82	112	348	24	287	34	35	694	397	214	104	117	164
V291	220	430	35	69	19	88	351	321	265	342	46	492	178	381	605	863	220	132	24	74	76	18	473	115	27	3	1054	56	552	94	205	301	23	136	251	41	92	209	69	89	58	299	140	59	233	318	18	1215	6	287	249
V292	135	198	284	46	381	233	201	73	1103	298	101	140	146	288	22	47	295	460	350	52	49	19	195	515	398	142	562	978	755	449	132	491	12	561	399	81	303	192	332	1	566	149	312	926	293	81	158	1056	339	468	154
V293	20	124	62	23	672	1085	580	277	41	27	1	2	449	167	193	58	210	35	29	213	256	168	1	191	193	9	125	69	392	100	429	2	256	120	251	251	229	71	352	204	188	30	830	128	97	12	391	79	209	30	51
V294	526	193	177	41	25	268	49	287	138	142	116	100	296	330	46	134	335	38	123	43	364	518	91	14	65	224	14	155	103	461	119	93	99	31	13	128	1	476	133	96	368	83	18	466	29	102	46	819	1	88	433
V295	302	51	319	82	203	21	145	167	208	185	9	90	203	136	26	185	62	227	614	478	89	38	102	157	257	278	261	76	167	295	58	114	330	3	81	332	132	331	163	198	49	272	37	110	198	537	763	35	49	27	267
V296	83	89	23	349	252	12	535	285	212	101	96	339	241	2	163	12	152	421	59	348	30	236	147	112	67	32	37	99	20	36	183	59	102	570	9	27	133	144	187	120	181	483	387	39	90	436	208	35	26	445	93
V297	469	272	286	37	194	436	249	176	391	222	247	238	155	0	547	300	266	445	65	81	13	188	10	32	183	14	236	57	134	219	23	399	464	160	47	70	22	220	153	368	72	128	143	7	63	118	335	256	214	400	399
V298	142	193	279	293	0	65	624	712	172	21	153	23	17	72	100	46	86	75	277	535	568	39	331	285	128	462	478	423	297	42	637	3	468	193	8	12	3	43	112	178	202	118	356	20	571	226	54	35	123	108	150
V299	128	6	394	271	352	96	49	9	331	168	107	34	596	38	156	122	58	110	132	7	56	423	208	12	13	63	160	460	59	122	108	313	81	14	451	46	69	303	197	294	61	127	48	475	60	621	353	204	337	111	121
V300	43	167	250	230	42	108	121	140	112	112	76	171	20	146	325	218	458	143	402	181	387	128	221	514	169	149	60	600	170	294	228	3	129	163	100	10	80	32	118	133	57	529	313	179	19	208	281	322	581	94	66
V301	606	308	561	95	13	76	20	104	401	187	17	25	165	264	59	153	434	283	230	38	893	16	35	238	413	178	425	207	178	15	63	27	105	151	358	385	47	44	153	0	264	409	110	268	235	131	85	88	158	142	527
V302	68	400	422	550	124	97	9	196	414	77	48	163	22	12	88	22	95	574	6	96	37	38	359	148	471	11	797	27	216	304	1056	86	74	278	251	223	245	97	143	127	272	14	706	112	221	248	109	419	79	392	139
V303	40	84	391	114	446	504	14	23	151	213	199	131	89	15	104	171	29	271	168	220	8	69	64	73	371	81	610	228	845	13	169	44	34	302	31	108	540	178	279	392	98	204	404	97	567	516	116	218	136	37	46
V304	103	17	185	96	611	151	296	332	158	310	8	1051	43	81	795	40	259	356	33	35	245	29	29	40	43	2	76	155	211	401	4	199	34	50	51	88	93	132	18	180	78	409	372	230	38	69	161	69	84	108	94
V305	298	530	104	256	484	129	373	28	728	0	1	77	100	148	35	197	113	28	96	597	408	422	86	276	74	21	207	86	196	19	93	5	37	645	58	319	514	53	38	77	174	37	5	26	186	105	227	68	6	318	300
V306	197	215	290	112	60	22	330	4	17	72	70	189	544	75	98	99	391	8	22	29	139	26	141	129	270	197	176	32	166	276	310	80	138	99	11	42	94	85	699	58	311	513	199	3	15	224	336	73	174	231	213
V307	78	251	17	232	190	23	201	302	96	432	230	51	302	233	100	38	27	95	53	113	29	6	614	205	330	502	431	137	30	26	268	359	63	119	143	112	227	0	701	637	22	337	73	0	180	79	689	283	516	274	115
V308	247	289	358	275	63	11	298	14	12	642	436	113	74	15	376	149	5	13	436	45	825	78	184	18	143	107	219	513	154	164	95	13	28	288	305	101	234	224	115	197	140	15	37	193	460	115	51	82	34	30	251
V309	115	128	1	50	112	143	33	364	326	146	272	317	67	0	208	291	320	12	283	100	33	26	145	28	144	58	244	110	267	109	0	163	174	98	272	54	12	60	856	309	48	86	37	272	117	36	354	463	160	112	135
V310	0	13	106	415	48	185	481	142	293	15	206	68	423	292	919	138	88	878	21	127	351	442	54	13	196	338	209	342	86	58	37	193	499	56	67	69	49	891	102	37	36	99	430	915	17	285	45	606	297	436	29
V311	228	51	44	89	429	197	288	151	265	104	254	979	420	223	352	84	132	40	32	151	31	14	33	66	174	92	175	116	19	189	122	54	203	0	97	189	159	51	204	81	71	361	264	126	7	195	131	281	204	15	196
V312	193	56	55	323	356	0	626	156	111	616	100	81	105	59	166	483	179	83	373	310	491	307	480	199	15	150	32	5	115	76	22	32	33	150	258	85	195	289	178	120	4	658	174	0	36	102	18	69	33	260	165
V313	523	1	227	242	30	70	328	146	205	92	775	173	215	253	184	293	10	116	15	61	743	313	210	121	310	625	151	78	121	142	33	194	536	233	55	539	591	314	407	26	20	245	145	15	12	124	248	186	56	80	407
V314	149	299	11	98	29	7	440	200	473	40	104	36	598	70	174	31	206	57	223	308	2	154	230	80	108	43	88	450	35	341	110	101	361	221	193	87	62	6	92	343	294	445	184	91	19	350	308	567	131	347	200
V315	29	61	66	318	66	145	114	133	49	53	148	505	293	125	526	458	170	62	205	490	952	547	90	457	286	85	139	143	135	287	232	223	10	87	87	66	46	191	282	10	403	338	70	149	64	338	5	429	70	171	43
V316	173	237	310	178	19	134	562	92	73	1	313	455	290	158	289	125	556	139	9	21	99	505	59	62	41	50	85	99	77	107	36	158	67	575	183	25	163	85	44	232	288	130	346	206	412	777	595	212	486	366	205
V317	87	170	97	89	149	512	3	148	114	21	184	82	234	71	699	72	92	118	528	612	219	31	222	343	344	25	229	45	1	219	396	2	173	505	506	85	641	331	4	202	125	307	6	79	63	125	99	43	14	183	112
V318	275	125	40	78	553	82	29	253	590	412	577	237	992	39	38	533	419	140	74	81	37	185	317	324	94	214	16	81	765	587	46	94	776	296	27	67	36	81	644	158	133	375	211	551	320	37	308	87	381	103	260
V319	234	453	59	231	848	7	290	21	194	202	33	48	127	419	122	192	67	530	62	93	564	71	79	91	333	136	2056	244	332	50	11	99	227	180	113	126	506	62	38	22	505	60	292	18	133	27	170	146	104	102	250
V320	78	100	34	94	164	85	159	76	303	433	14	396	206	88	128	108	63	204	12	368	774	853	59	111	281	60	112	94	395	337	761	111	148	26	79	431	218	126	214	44	61	366	357	234	123	354	473	142	325	178	104
V321	604	115	114	990	144	463	221	59	200	37	141	3	365	296	17	356	129	161	1	143	471	439	272	96	27	485	122	72	24	22	29	259	313	480	58	273	143	154	47	272	140	134	180	46	207	206	42	199	426	113	491
V322	4	16	257	31	106	129	146	606	147	62	183	51	67	241	50	512	161	202	2	144	86	406	448	101	121	578	63	302	219	263	20	345	188	114	207	131	78	95	219	16	309	56	129	123	781	203	169	16	122	219	23
V323	332	175	172	58	4	87	105	17	20	33	98	238	464	302	219	158	38	164	119	145	38	174	90	118	154	104	164	307	236	429	1014	3	103	160	215	10	223	697	294	401	218	169	89	595	9	69	18	36	458	38	308
V324	42	612	73	39	399	56	101	1	784	160	200	66	535	385	14	376	494	569	119	121	144	457	98	97	369	108	250	12	254	195	103	137	246	232	56	240	138	137	120	540	155	3	151	46	16	13	340	1	29	308	149
V325	2	148	5	145	4	213	215	347	48	393	180	43	49	306	77	73	219	156	5	676	62	382	406	190	14	532	113	406	260	54	271	77	190	236	115	132	37	66	31	351	7	264	16	253	339	242	350	59	523	18	48
V326	273	333	485	3	190	89	237	151	222	199	125	4	18	171	332	173	136	355	277	153	142	182	18	109	419	295	183	23	21	33	19	205	69	101	995	15	34	170	13	458	200	79	12	6	223	43	266	140	207	436	261
V327	345	171	103	328	102	126	276	157	118	315	46	74	74	45	569	84	37	43	163	58	177	212	11	171	180	287	48	74	549	9	167	155	25	121	37	756	134	216	150	241	121	166	12	193	348	0	72	456	33	75	301
V328	44	519	143	82	55	202	91	411	100	20	1	70	673	369	116	49	212	145	52	108	240	56	124	764	148	354	239	780	213	459	1	342	6	701	168	120	4	23	290	61	436	133	299	135	159	256	38	81	65	130	151
V329	65	341	137	344	87	313	380	42	9	161	15	115	1038	437	54	322	82	153	207	16	162	99	163	39	236	764	183	319	228	636	57	346	59	108	256	110	113	131	179	4	148	119	212	65	577	236	162	141	118	320	124
V330	311	125	365	178	0	247	67	256	290	8	116	95	78	285	440	398	29	733	458	75	189	652	340	0	6	147	469	126	3	80	445	17	15	114	193	29	336	225	380	186	25	83	62	6	201	360	16	66	86	119	284
V331	157	113	58	589	134	270	208	317	869	14	190	174	49	105	475	164	123	184	162	240	884	356	525	77	128	58	61	383	15	522	29	237	340	340	725	185	39	198	145	484	55	39	210	278	905	330	153	434	84	5	166
V332	365	178	33	237	20	31	124	0	25	295	154	383	111	96	545	339	156	343	677	593	188	1075	1	285	292	296	111	46	135	4	134	136	487	336	354	224	128	173	289	337	10	160	25	506	94	74	578	164	187	191	338
V333	368	63	94	56	30	46	67	227	430	231	413	9	53	299	96	428	151	257	295	111	146	39	82	55	243	41	449	66	395	303	3	74	910	61	21	60	169	473	23	60	233	399	26	157	128	226	139	84	659	55	315
V334	98	386	540	376	331	133	14	234	113	73	522	138	73	313	574	439	42	80	143	6	46	61	45	147	706	38	223	101	372	136	55	189	232	293	234	177	207	35	109	287	167	77	57	242	481	148	543	204	49	62	146
V335	181	203	237	48	159	441	60	178	125	33	327	594	53	6	33	71	86	95	32	8	353	411	85	17	209	13	16	72	33	49	116	320	12	693	67	140	235	230	168	306	53	312	399	220	391	106	26	139	71	210	178
V336	88	106	181	13	192	830	65	113	324	118	281	225	303	180	20	162	69	54	171	134	131	73	16	141	101	623	83	173	538	61	432	121	8	16	11	39	52	440	108	39	558	92	88	49	290	450	3	113	278	294	112
V337	13	175	123	246	405	7	351	216	158	249	397	196	325	31	254	23	105	294	358	376	113	420	85	117	582	182	8	790	182	301	491	37	102	486	186	457	269	888	47	370	151	142	24	166	455	49	121	66	43	3	55
V338	78	114	157	154	30	43	752	296	626	414	70	2	12	129	132	94	143	123	414	460	503	67	78	181	14	226	237	236	91	179	81	334	242	224	193	88	34	135	96	99	120	190	205	55	177	121	51	19	96	14	89
V339	92	53	102	283	15	104	382	480	181	343	160	62	44	382	39	517	447	253	43	424	155	345	128	152	203	241	828	20	247	101	77	659	506	121	213	22	266	292	22	186	183	11	232	488	101	154	219	92	18	24	104
V340	147	154	103	214	198	175	62	89	100	135	353	224	79	402	0	365	193	528	25	457	80	45	2	266	65	603	349	20	56	324	368	247	108	44	393	105	297	207	6	40	414	329	362	1250	12	66	306	195	952	249	148
V341	176	182	321	336	24	36	191	345	71	291	247	130	213	117	242	141	238	32	82	195	677	139	5	196	33	3	198	681	58	95	8	17	126	17	169	103	94	75	205	283	56	401	342	69	198	493	74	107	293	229	157
V342	206	355	111	92	110	161	146	350	2	68	40	185	46	108	58	183	424	574	666	15	324	33	73	403	74	183	127	55	0	447	156	266	168	35	142	18	17	255	210	636	67	309	419	160	35	200	119	366	12	178	242
V343	112	96	131	3	52	97	7	4	157	117	341	104	61	165	199	56	77	30	145	338	650	572	29	47	465	12	191	60	855	80	243	311	215	185	39	67	221	438	1023	26	655	411	230	709	284	21	215	146	159	40	117
V344	386	15	17	98	109	2	124	39	380	145	2	501	83	221	79	277	1268	304	93	76	80	338	234	426	75	68	13	316	916	80	124	476	234	314	0	151	13	54	83	73	273	83	95	18	640	46	340	364	51	1109	339
V345	31	105	8	120	11	202	36	140	509	57	35	102	38	30	295	187	49	340	797	175	49	142	124	12	641	347	55	150	1	75	171	54	747	12	35	6	296	35	4	10	226	262	594	129	117	189	306	54	101	204	64
V346	209	53	113	89	13	17	473	104	74	154	41	453	175	357	399	587	673	52	19	296	404	111	92	90	119	349	10	302	953	14	190	199	210	408	262	277	369	49	119	80	192	89	117	54	437	74	119	24	106	361	167
V347	496	367	395	69	202	87	132	18	423	248	286	471	166	13	1	2	71	227	60	426	214	250	153	128	18	79	142	34	14	71	390	10	5	156	84	540	71	214	478	148	390	181	359	103	55	197	6	102	320	157	447
V348	55	257	28	320	134	137	31	37	65	941	52	41	140	150	48	128	121	18	169	40	113	61	0	90	425	171	183	105	148	398	204	26	336	28	228	342	268	173	34	56	177	77	28	365	153	231	119	156	15	523	79
V349	746	1	950	255	262	363	77	238	20	123	61	517	85	51	237	442	100	34	118	342	325	602	754	51	15	36	399	120	86	21	284	5	208	418	26	423	600	634	191	230	407	32	65	148	184	25	100	207	102	367	592
V350	19	396	140	95	156	517	262	112	43	97	97	184	59	453	182	70	238	123	269	415	71	1	22	217	19	26	105	71	307	176	496	19	264	87	242	70	239	162	37	14	36	448	167	394	47	108	240	1	289	293	87
V351	166	125	101	87	328	42	173	318	243	164	27	238	322	35	60	111	30	65	296	248	28	74	268	35	107	319	17	79	130	134	119	55	475	65	1033	607	361	43	79	51	223	86	129	225	769	104	161	92	59	567	161
V352	413	677	298	4	261	979	733	443	29	360	262	17	141	246	471	152	129	28	531	255	111	129	16	115	404	96	18	417	264	173	1	289	266	151	874	22	22	133	261	79	342	238	239	126	25	487	41	62	31	353	431
V353	467	276	358	181	25	120	56	298	49	54	850	78	179	169	10	48	259	243	501	0	204	47	77	2	248	93	586	250	73	459	4	95	104	20	264	72	301	129	262	37	41	11	977	198	84	22	25	102	15	58	402
V354	712	303	72	176	143	613	293	16	347	244	113	35	207	442	102	319	44	18	204	104	3	329	245	156	76	290	89	97	205	202	202	55	13	136	17	116	22	36	57	752	872	73	616	188	177	136	605	393	49	49	576
V355	162	150	27	142	71	224	190	307	277	439	75	179	216	212	212	463	75	252	98	59	0	12	531	83	45	37	251	138	126	604	68	210	161	49	236	26	69	19	249	403	601	341	169	199	100	179	95	311	303	310	164
V356	14	82	285	218	439	49	36	217	59	65	15	121	209	409	38	407	70	132	60	137	128	37	617	35	203	207	625	198	95	426	562	74	222	107	2	428	159	200	95	259	102	107	130	18	688	13	484	492	837	156	43
V357	284	8	142	103	45	111	650	278	240	134	200	296	172	208	279	354	66	146	675	164	205	76	213	399	83	126	208	220	54	304	73	375	182	69	359	262	11	43	120	269	474	309	117	61	301	206	113	13	183	128	233
V358	35	64	559	30	228	278	61	51	0	83	14	73	244	171	16	32	131	128	118	788	460	104	70	84	73	71	952	36	10	44	101	0	26	558	46	4	236	181	120	379	785	161	225	170	398	50	94	206	5	100	53
V359	151	260	251	27	230	323	333	133	421	25	179	307	426	66	47	61	247	289	27	33	135	322	173	95	336	353	86	69	355	165	46	193	266	52	222	27	198	63	132	241	84	209	177	235	165	72	80	179	286	18	191
V360	546	103	130	557	272	276	43	282	171	116	138	268	45	46	1174	16	182	17	89	58	141	269	42	259	89	422	71	328	68	375	44	233	116	7	29	348	195	636	15	59	215	102	300	72	533	263	89	59	565	433	458
V361	28	36	441	1038	169	98	319	184	121	439	46	972	131	541	31	54	241	199	516	217	195	171	241	306	230	24	180	121	33	300	253	320	29	31	48	519	52	53	55	172	63	42	80	308	35	522	69	112	20	219	48
V362	98	295	0	400	40	32	29	1036	99	214	96	178	18	300	315	320	259	172	129	17	81	225	29	168	803	246	42	78	31	23	252	85	54	675	0	11	105	163	79	367	147	23	565	288	13	209	51	15	95	12	133
V363	348	31	309	22	70	847	232	291	2	948	26	158	149	517	211	55	208	91	17	86	2	197	101	28	211	88	41	16	161	164	187	298	362	149	39	175	19	535	238	272	160	41	1024	57	66	372	193	40	81	17	281
V364	196	118	194	297	1371	50	77	159	135	64	103	213	501	7	236	64	153	187	219	5	42	109	42	666	216	47	446	589	602	65	53	524	105	31	162	71	119	46	100	144	2	144	346	27	1	98	4	170	109	41	173
V365	68	133	15	65	40	21	10	9	139	106	12	373	377	380	26	151	314	53	612	23	70	135	23	652	279	512	276	100	34	13	9	190	286	255	85	61	228	30	97	161	419	80	660	54	67	5	16	28	184	20	83
V366	351	49	73	139	36	82	22	341	205	186	96	177	216	129	14	18	53	598	39	779	159	86	570	62	42	242	4	97	52	4	255	295	23	98	96	38	389	195	105	254	132	59	168	614	362	27	61	30	203	199	318
V367	374	100	22	110	250	331	95	31	200	925	77	89	447	527	53	234	501	508	380	1	530	311	9	679	464	569	61	480	638	798	32	316	107	5	101	182	208	696	408	57	56	275	422	104	0	176	76	1663	33	56	338
V368	83	96	293	344	42	68	63	21	423	366	25	14	30	65	564	70	46	31	305	98	114	11	249	352	365	95	118	19	322	135	1315	94	310	875	55	57	129	192	59	110	48	97	127	16	194	484	157	33	430	16	83
V369	217	105	133	216	33	81	183	72	254	148	558	483	59	202	20	135	83	151	63	351	531	549	201	93	90	219	95	85	239	730	49	270	55	242	214	283	317	522	2	107	63	434	113	47	61	254	622	115	289	140	220
V370	103	40	124	31	254	261	81	29	673	322	72	82	253	64	97	4	439	144	257	198	127	78	12	318	22	157	25	408	421	58	265	81	119	46	99	73	154	213	119	162	126	48	242	34	379	451	93	52	78	58	96
V371	21	665	0	219	186	123	689	348	326	241	202	56	223	483	2	42	168	16	119	231	93	93	49	272	28	51	76	4	622	118	21	239	8	16	81	78	261	220	868	361	962	264	247	307	126	131	606	20	55	227	130
V372	636	62	650	137	42	215	129	85	31	491	9	38	77	197	66	99	265	291	14	87	179	58	231	113	344	24	51	320	85	135	22	646	1262	185	70	36	135	321	69	102	35	259	50	24	201	486	20	91	670	172	519
V373	332	414	100	12	202	134	264	13	84	51	11	222	429	343	36	183	65	25	452	255	160	594	156	158	37	34	312	120	129	158	58	155	45	390	143	285	482	5	412	156	351	78	177	74	5	98	74	12	5	127	309
V374	90	50	166	318	34	434	573	237	212	52	941	93	112	98	238	13	40	30	283	493	433	89	342	193	54	17	966	329	204	30	249	193	138	150	139	9	107	292	483	289	22	549	170	173	49	173	110	297	745	2	100
V375	135	158	117	152	382	376	209	41	528	602	8	230	31	126	44	221	69	4	48	124	486	35	52	405	193	213	38	301	265	78	3	27	231	231	9	157	116	366	837	158	160	43	14	23	1147	484	86	473	313	5	127
V376	442	204	303	34	76	355	265	107	98	162	655	24	279	86	236	184	315	62	152	1277	333	27	203	11	150	153	32	674	114	83	824	166	138	104	198	11	129	630	130	153	44	101	80	77	293	54	3	659	187	245	385
V377	235	131	68	112	646	45	125	174	119	121	14	29	290	16	111	1	277	67	225	192	51	144	36	68	9	7	90	32	45	186	78	190	381	368	254	31	60	19	123	121	287	10	75	46	13	64	337	195	13	670	233
V378	63	123	97	169	31	46	181	133	147	104	6	234	486	64	211	110	115	37	20	97	1	150	55	450	248	2	95	34	115	192	827	16	71	660	767	658	642	528	434	190	206	211	112	1034	60	232	414	10	41	309	86
V379	279	157	125	108	97	101	93	72	172	433	468	241	35	548	189	168	95	270	286	21	55	15	208	211	197	250	68	168	69	17	257	539	52	159	430	4	162	129	235	24	68	6	267	188	526	206	8	9	511	303	268
V380	40	149	93	175	86	70	15	109	70	279	7	154	64	523	86	90	114	103	82	101	439	75	608	194	145	9	292	80	21	148	572	64	416	18	54	429	209	83	267	552	78	101	29	127	2	307	317	111	527	278	57
V381	124	141	47	458	17	45	178	224	102	117	348	35	647	11	1080	48	128	31	163	13	361	42	285	226	86	141	233	121	241	337	6	349	433	264	70	567	134	168	153	301	82	577	147	306	2	545	174	64	211	141	145
V382	394	112	10	812	384	6	92	484	150	51	129	36	33	441	15	215	252	40	5	27	107	93	178	84	535	310	31	289	346	66	401	378	136	88	202	416	385	34	193	157	235	316	99	117	29	107	43	177	64	36	338
V383	541	534	395	61	38	458	700	603	522	263	52	498	128	943	287	931	74	33	4	91	89	699	67	96	127	101	57	234	10	161	75	139	207	47	154	87	256	317	418	484	383	237	90	489	281	315	1	75	41	91	534
V384	137	34	417	176	16	226	42	153	49	416	390	484	230	17	221	48	139	253	378	628	202	1861	1	274	224	83	82	252	170	33	126	123	224	40	117	318	286	95	87	204	796	96	41	286	98	167	166	121	60	391	153
V385	36	381	86	114	77	362	213	38	252	12	116	228	175	14	271	49	225	38	276	3	590	73	138	225	639	275	276	40	39	349	150	1	55	5	565	259	122	97	129	122	773	123	77	339	131	349	475	0	139	227	110
V386	292	413	567	25	276	19	237	57	610	131	260	298	239	179	155	490	87	203	66	53	200	1121	399	141	239	32	55	87	5	453	548	44	275	28	74	157	123	149	5	180	455	117	29	571	143	11	31	54	158	434	329
V387	37	46	282	204	64	44	702	31	62	178	241	62	332	351	626	464	277	544	281	218	22	258	492	263	110	713	819	74	32	599	372	203	37	290	331	47	306	66	41	4	4	26	215	26	846	160	142	219	75	221	68
V388	109	484	90	504	264	19	179	563	596	93	260	133	288	189	94	905	266	41	59	148	25	125	423	380	137	466	421	235	22	320	1040	56	106	373	59	16	3	468	66	152	518	37	522	11	54	60	32	42	238	329	201
V389	10	98	54	119	166	7	17	11	443	184	113	523	242	176	58	173	258	73	716	149	426	15	49	12	7	169	41	159	134	311	6	802	161	414	53	184	128	36	153	14	302	661	231	260	152	132	112	15	79	2	35
V390	1	277	144	33	86	52	177	587	42	361	64	55	279	300	247	58	200	254	66	59	239	67	204	86	17	274	241	306	14	412	217	172	29	198	510	12	114	6	686	340	92	350	242	5	73	153	144	211	51	281	55
V391	99	417	132	88	149	167	346	369	4	67	38	22	174	202	29	238	111	645	72	375	386	60	219	307	182	129	303	551	261	95	344	171	58	17	203	117	1243	122	98	61	475	150	69	146	9	124	495	28	259	99	134
V392	162	191	176	502	137	78	185	999	161	188	109	94	2	68	481	1	480	269	94	144	67	91	199	241	39	38	447	392	29	323	55	137	145	164	6	187	16	42	41	15	458	220	376	30	83	205	93	424	167	138	179
V393	105	212	195	310	168	176	81	249	114	146	401	439	77	134	213	410	19	214	18	318	50	3	246	106	174	8	117	221	23	285	22	68	492	319	414	563	164	158	867	132	735	234	403	38	12	586	170	158	892	22	112
V394	82	226	314	337	14	568	51	483	108	144	90	13	131	263	85	596	107	78	129	263	38	2	20	312	75	43	499	212	275	132	59	70	61	228	234	224	24	234	160	71	90	409	36	298	73	81	7	248	254	26	104
V395	146	12	113	297	129	227	96	63	115	8	89	68	356	108	158	161	101	287	278	380	34	80	138	378	17	97	50	98	614	250	1112	106	287	150	139	11	533	68	100	112	421	37	347	20	295	93	321	68	339	100	127
V396	15	262	151	44	122	261	421	124	389	16	26	130	96	67	307	126	180	69	239	88	29	2	478	376	168	701	289	204	143	89	78	954	73	175	158	28	199	89	380	208	20	17	27	4	325	7	128	205	193	186	57
V397	452	2	103	433	470	738	119	136	88	25	145	427	358	86	228	11	136	136	60	121	69	12	128	519	2	944	239	747	552	137	288	84	478	103	275	178	482	491	5	303	20	116	56	77	155	104	427	80	115	464	400
V398	395	115	495	54	892	29	328	14	183	295	187	207	48	169	501	68	320	495	412	226	705	67	286	407	112	437	207	14	59	156	736	23	403	360	25	162	5	64	432	234	30	161	206	100	372	30	253	91	36	129	365
V399	357	419	182	103	137	75	17	142	4	161	83	137	380	528	239	112	181	147	429	998	756	249	58	586	164	160	140	44	85	106	82	417	165	335	44	467	244	55	9	132	112	53	202	235	247	152	15	270	99	244	350
V400	81	4	456	345	144	108	76	68	46	720	355	34	130	90	622	465	171	542	444	329	21	252	12	75	248	21	29	9	82	446	238	192	478	56	98	277	39	260	70	197	20	353	71	982	6	176	154	42	868	89	91
V401	353	33	97	19	475	122	416	134	521	959	278	77	208	467	166	20	253	153	79	30	116	479	14	603	259	110	101	78	42	270	113	35	227	139	395	141	75	114	305	14	174	0	289	74	199	457	195	236	125	222	308
V402	1250	41	208	153	190	60	55	203	44	348	133	43	241	230	169	308	180	617	230	310	418	112	46	472	192	451	401	50	75	0	217	120	319	183	95	277	206	147	122	704	133	50	340	234	86	232	85	388	329	401	953
V403	84	220	532	34	305	159	1	90	99	38	23	193	314	100	60	578	98	2	94	234	254	25	115	114	219	500	133	377	11	78	264	113	31	74	40	471	144	22	155	191	8	143	195	237	129	47	36	59	4	39	114
V404	406	354	2	10	56	439	14	97	418	103	70	69	156	929	79	112	91	208	50	155	71	3	1071	475	160	204	259	357	18	13	265	103	4	117	73	633	378	173	57	8	174	10	106	542	37	498	188	356	106	335	361
V405	24	12	240	102	200	17	11	336	230	62	30	27	66	252	280	356	93	124	134	42	75	263	176	0	185	432	223	3	178	322	281	163	802	77	333	6	330	8	2	187	5	74	109	107	109	152	162	302	145	957	55
V406	167	45	33	253	137	222	148	99	676	642	462	226	402	10	1	354	146	218	382	46	100	572	36	15	265	47	109	26	75	52	71	291	83	40	511	52	104	150	3	4	213	94	37	215	109	46	8	240	412	364	139
V407	120	126	208	98	10	282	25	74	130	296	257	378	170	914	169	115	162	72	167	73	76	188	140	58	9	97	76	701	155	53	48	164	296	146	119	127	27	150	135	315	57	211	343	428	243	283	27	179	3	249	129
V408	11	18	684	144	57	61	160	176	77	308	19	152	1	22	341	369	675	182	264	516	484	496	168	200	336	119	199	281	30	38	44	451	30	357	1383	117	62	70	3	28	74	267	20	50	81	374	138	95	0	952	28
V409	129	41	81	31	270	82	596	504	195	1	158	95	72	7	924	360	66	82	66	239	151	216	1	605	68	106	269	298	179	140	125	129	587	322	421	54	501	130	52	92	135	1023	81	354	240	43	38	192	142	63	120
V410	119	248	30	7	342	317	512	106	80	197	303	161	187	130	200	1210	92	18	299	517	161	116	504	418	151	126	86	678	55	184	339	1702	63	71	902	168	102	306	655	135	715	164	366	260	538	46	330	82	55	133	152
V411	111	9	193	447	118	41	38	92	12	448	503	12	53	207	244	185	17	8	112	88	781	84	151	87	320	322	74	187	42	325	212	643	124	16	292	110	66	238	668	69	77	38	14	51	33	482	291	170	792	140	103
V412	150	27	7	533	488	45	517	46	64	95	179	208	72	166	101	1	139	180	104	366	522	92	341	36	438	246	312	64	38	93	185	33	104	14	8	152	102	512	32	35	5	20	694	116	307	148	32	139	511	151	129
V413	27	111	66	68	46	293	56	137	274	308	47	208	216	243	153	60	202	532	247	111	61	80	319	25	44	190	46	11	54	1040	284	111	92	620	297	135	8	550	31	46	348	239	73	49	268	125	23	172	116	169	70
V414	306	75	511	39	168	234	216	28	386	87	58	87	95	647	110	0	316	564	230	18	28	8	0	247	94	110	240	242	180	223	47	95	36	170	8	400	219	81	227	64	76	125	10	484	261	95	448	244	222	117	269
V415	37	75	33	266	763	225	89	172	371	342	123	6	157	298	315	86	520	268	337	301	62	397	5	163	304	137	5	318	85	36	365	107	16	242	18	464	264	213	33	643	166	238	129	65	553	287	162	197	13	20	57
V416	310	35	346	237	340	415	6	95	110	407	358	215	160	53	416	529	483	340	191	158	138	139	113	134	29	376	137	53	116	0	243	221	150	284	83	30	28	96	108	159	48	221	604	309	12	197	29	89	395	21	245
V417	497	126	157	151	12	182	170	10	407	425	94	3	71	313	336	67	452	548	24	27	195	126	354	289	321	515	150	531	400	23	80	99	295	74	465	614	240	322	55	1032	101	7	169	123	185	253	798	173	26	241	396
V418	95	72	56	563	42	638	425	187	94	106	147	13	487	144	314	488	229	220	517	246	47	69	261	87	200	260	49	21	6	244	4	1	25	172	1038	193	260	137	17	191	14	16	112	78	27	47	370	150	253	43	91
V419	47	106	112	66	100	301	706	32	149	71	40	85	969	233	122	471	403	59	137	112	82	83	121	167	139	626	41	373	190	21	357	199	59	28	32	289	54	140	239	95	234	80	200	594	441	160	58	67	717	392	73
V420	453	116	305	173	263	33	315	18	154	395	28	118	444	15	49	16	205	70	24	169	351	134	220	194	15	202	367	118	441	122	171	222	90	142	61	124	305	43	92	241	93	346	100	83	411	241	79	460	7	315	364
V421	287	450	29	93	76	95	149	171	437	58	28	64	3	188	58	48	85	261	44	40	16	205	5	63	339	327	22	93	195	378	635	149	35	197	120	70	16	49	54	72	231	523	7	64	163	105	149	59	134	217	293
V422	120	176	56	52	187	188	3	24	123	265	222	22	5	248	514	514	273	58	278	38	162	482	30	168	843	223	643	387	63	323	61	302	72	254	221	171	81	48	119	221	52	75	95	120	45	450	94	7	91	45	150
V423	120	374	78	131	225	193	724	72	29	127	47	69	272	114	253	24	509	80	119	183	109	140	289	206	249	118	862	208	908	131	177	88	56	115	123	313	1	188	227	152	27	292	136	458	21	89	30	40	183	286	162
V424	38	75	8	340	181	34	417	166	66	700	146	174	90	222	342	139	51	100	470	35	371	61	434	200	384	542	195	253	166	786	21	170	383	319	359	78	366	297	713	644	202	25	87	129	138	29	372	141	96	45	64
V425	84	516	119	278	71	7	10	631	36	27	479	14	13	440	198	138	205	51	81	104	139	479	27	84	16	27	33	640	38	89	192	65	469	60	378	119	65	820	2	56	316	126	10	480	315	9	419	34	303	130	169
V426	4	187	193	18	554	51	95	23	260	81	82	114	286	69	139	199	81	26	543	113	144	36	380	280	721	22	87	22	76	589	638	94	17	183	31	8	1	518	4	60	26	327	203	20	60	20	86	17	366	238	46
V427	162	302	67	68	391	228	199	66	90	761	317	532	533	509	63	224	199	324	262	190	327	159	47	63	277	41	351	362	23	13	20	120	251	165	192	204	243	16	221	538	84	158	13	351	157	619	267	37	237	311	199
V428	638	147	82	172	398	313	17	158	237	540	198	185	200	130	21	81	65	65	119	34	536	7	131	73	28	523	24	67	75	58	160	83	543	162	284	83	221	117	72	340	158	230	174	872	257	116	101	195	50	307	486
V429	218	62	490	154	82	133	436	34	220	58	67	125	898	236	317	233	88	122	295	165	66	76	100	219	44	143	549	218	117	38	155	134	11	23	59	61	109	279	229	421	390	583	132	635	393	64	1	76	1	214	229
V430	146	110	295	46	491	28	87	219	118	55	358	183	119	111	179	95	100	280	125	356	33	42	257	94	175	213	120	47	103	390	86	22	261	21	40	197	278	287	12	0	204	150	136	29	453	210	498	237	16	259	136
V431	196	86	195	14	142	241	356	73	589	66	639	22	53	54	49	111	458	392	1459	262	619	458	9	61	89	7	250	132	99	181	174	9	149	198	38	273	33	617	41	312	565	981	206	331	733	622	98	251	466	1	197
V432	367	106	201	90	103	352	160	491	44	96	43	154	431	107	67	17	6	276	32	67	316	34	57	34	2	401	137	168	383	73	5	17	99	544	139	172	174	308	0	333	725	63	216	156	149	74	10	474	407	115	329
V433	25	308	4	805	48	69	39	347	159	258	111	314	33	62	53	135	106	62	149	139	34	182	285	308	70	362	368	56	197	35	218	186	4	306	64	4	32	70	311	62	91	97	352	445	139	175	257	87	223	76	83
V434	85	417	150	116	455	0	43	85	1	4	341	246	110	109	375	150	434	46	9	71	14	145	70	119	16	178	430	24	52	136	724	182	102	349	265	228	491	245	133	411	506	57	47	162	53	12	374	488	191	28	135
V435	60	113	48	137	281	36	44	61	97	503	251	137	764	53	736	240	48	68	49	54	737	261	127	111	124	368	24	85	812	130	49	141	440	66	196	94	95	88	580	74	172	72	15	337	36	141	482	334	83	1013	93
V436	479	111	372	99	65	137	243	72	328	164	25	139	102	23	828	167	77	24	32	182	1009	499	59	291	143	159	218	15	186	40	212	124	279	430	2	67	91	34	17	173	3	247	15	158	11	28	46	30	881	64	424
V437	334	95	302	318	88	509	37	29	267	288	18	208	102	153	17	52	56	330	98	1020	131	53	44	95	302	62	268	34	192	75	498	29	253	530	59	256	95	164	122	430	852	34	312	104	67	102	505	75	177	487	283
V438	169	586	112	157	386	33	454	328	46	41	60	90	1	149	116	57	407	137	72	199	127	446	83	48	35	9	67	1052	695	55	324	185	11	100	45	119	1001	98	5	720	227	0	504	135	28	937	129	21	431	206	245
V439	43	56	434	85	216	289	1136	133	183	75	571	41	231	235	127	113	316	68	175	180	122	166	389	2	348	230	188	134	159	184	369	73	66	104	26	407	988	72	529	87	40	186	0	416	5	2	204	16	399	128	67
V440	299	372	232	610	213	12	62	152	45	95	340	243	464	1	301	94	56	362	266	182	709	209	188	30	197	155	251	204	90	221	438	98	186	191	317	105	170	131	196	38	237	39	266	484	82	324	87	8	30	568	280
V441	561	339	158	199	39	562	77	137	26	392	308	13	335	446	420	57	44	5	12	89	37	13	346	17	451	3	206	237	238	58	61	93	292	10	134	16	233	114	48	244	176	112	111	395	68	350	50	238	226	10	476
V442	129	84	614	287	143	154	455	70	623	322	593	48	201	162	122	1	143	49	569	83	83	75	97	332	34	266	127	163	0	79	42	518	162	163	139	162	149	86	100	262	33	71	10	58	22	10	18	47	310	753	159
V443	148	43	29	570	136	852	443	197	127	47	121	128	308	186	335	122	134	553	100	361	68	244	144	178	111	209	611	2	298	25	298	7	148	97	178	149	103	167	104	537	207	212	108	294	88	360	311	97	202	239	167
V444	125	224	39	134	605	291	279	155	166	141	65	41	125	335	384	520	135	56	226	464	235	231	27	71	136	639	31	481	457	104	103	15	113	264	285	120	873	72	36	155	20	233	664	85	521	746	273	28	56	413	159
V445	117	144	46	6	279	464	121	540	433	10	77	105	31	71	469	54	228	151	323	104	226	499	230	118	126	794	168	108	102	162	127	976	31	412	49	185	176	700	189	181	403	84	251	29	192	61	4	40	467	177	120
V446	5	418	187	458	84	79	123	2	26	319	89	312	100	316	59	15	233	391	32	47	2	107	114	48	176	25	164	305	83	130	86	284	188	87	14	95	1174	127	80	764	34	194	215	112	112	76	363	215	77	39	80
V447	134	29	17	351	117	4	479	331	634	11	224	56	83	411	28	74	53	119	90	110	196	16	93	94	11	148	394	176	474	380	385	94	4	302	371	96	27	1	158	131	33	65	5	368	245	81	213	16	31	74	112
V448	32	456	664	128	155	373	64	9	6	140	88	27	87	159	35	365	104	64	174	252	199	64	241	154	197	45	46	49	22	191	166	269	426	396	324	174	19	136	54	192	27	143	690	102	10	216	194	139	214	357	95
V449	155	70	192	319	133	606	31	228	52	274	87	94	43	115	9	37	4	122	31	181	105	236	307	146	77	99	51	33	175	1	509	174	126	99	256	268	129	56	278	21	57	224	117	99	40	15	473	104	2	30	145
V450	259	72	330	40	168	132	180	118	358	151	141	231	24	101	46	410	107	48	213	85	464	135	51	85	301	394	228	186	94	62	227	229	60	367	242	92	372	221	562	114	18	140	233	257	68	186	543	1281	1245	32	227
V451	129	31	151	53	33	307	25	212	6	326	164	64	42	85	68	12	66	341	392	15	167	158	146	566	274	304	407	283	75	221	4	64	59	71	180	446	42	88	4	49	29	58	573	47	246	40	119	200	142	263	125
V452	603	5	21	79	738	159	103	239	169	394	41	39	38	19	162	48	47	169	103	12	202	355	331	254	112	114	260	302	190	1189	90	219	106	144	58	54	312	97	89	292	39	276	136	61	115	220	137	40	264	123	495
V453	826	87	44	104	135	144	314	99	198	153	46	9	146	44	52	653	450	128	640	801	140	43	92	330	382	454	121	348	915	24	219	20	112	83	528	96	489	81	790	118	444	22	364	122	13	74	24	130	54	160	671
V454	119	166	565	183	433	110	40	398	91	80	118	486	341	57	125	156	166	324	96	167	219	207	673	124	124	68	40	162	41	315	307	240	92	211	90	94	57	95	146	31	138	282	29	25	485	115	441	314	20	21	137
V455	168	378	120	225	234	124	158	192	61	222	88	274	165	368	276	120	42	123	239	19	3	218	81	146	186	495	60	211	89	72	111	164	244	72	185	195	316	40	19	413	6	626	223	331	413	412	302	16	15	170	199
V456	80	487	27	156	0	113	192	566	166	132	14	353	144	214	88	5	131	65	529	0	23	7	338	89	339	755	73	27	210	82	152	463	35	52	348	16	170	259	55	618	88	230	199	190	479	291	40	123	88	214	166
V457	322	10	68	99	382	135	21	97	161	15	88	54	15	3	14	68	254	29	553	284	649	268	106	201	140	30	527	169	109	111	94	352	459	169	21	211	105	18	234	559	187	89	252	27	65	218	233	98	333	38	256
V458	247	9	318	92	316	250	53	194	249	14	1224	304	721	253	382	40	31	97	294	54	91	302	105	172	18	140	22	419	177	884	61	61	386	346	105	668	104	32	24	100	59	72	137	571	207	103	103	134	82	107	197
V459	596	1139	137	387	52	634	432	336	239	102	189	267	516	83	113	228	14	203	215	246	21	29	241	151	86	133	421	86	8	44	426	151	291	29	139	218	29	17	15	144	259	395	120	258	353	339	345	19	12	194	635
V460	135	244	72	372	961	232	333	14	851	32	277	93	115	17	124	77	352	170	463	68	239	53	510	15	425	18	89	57	189	520	81	346	27	47	172	459	91	213	343	304	257	250	34	83	30	1	810	31	191	136	158
V461	178	133	36	142	335	92	143	395	377	74	288	494	117	113	160	327	422	164	149	191	316	349	68	25	261	233	99	166	152	117	154	17	543	28	61	21	785	150	162	168	29	71	65	200	25	70	61	61	23	391	175
V462	542	317	410	101	123	184	125	252	322	63	252	231	85	100	2	22	308	786	510	75	328	24	179	0	429	6	67	100	90	123	429	138	72	7	336	30	216	9	376	223	47	313	73	123	21	222	349	167	111	376	488
V463	158	61	70	33	455	869	143	101	19	105	7	861	266	988	29	194	24	97	309	14	302	1	114	156	134	126	229	280	5	150	43	15	106	325	349	731	8	220	99	77	255	162	405	80	155	25	159	1446	651	64	149
V464	1078	614	232	25	284	132	731	28	168	411	6	202	66	1	23	3	122	629	176	16	136	313	106	23	72	415	83	94	68	30	328	422	450	78	107	52	196	80	872	290	113	164	6	129	386	88	1073	155	192	393	898
V465	427	240	160	246	56	83	215	96	20	103	49	87	673	28	28	45	158	19	153	17	76	40	1114	367	62	242	208	17	259	379	403	123	434	624	102	160	178	189	18	227	282	57	216	79	119	157	24	31	260	255	372
V466	9	213	135	111	121	410	86	201	193	129	4	67	212	16	484	59	61	136	14	166	153	455	8	344	99	19	40	146	105	86	184	371	309	139	228	81	63	27	379	19	91	200	92	38	333	128	98	382	893	740	48
V467	74	14	58	254	96	126	288	180	213	245	158	34	20	100	568	10	343	419	102	327	91	44	530	0	90	129	153	418	41	180	476	341	192	562	253	127	109	282	36	189	14	738	253	117	97	902	42	87	392	426	65
V468	164	376	50	319	798	134	77	229	111	88	49	279	1023	55	35	104	136	14	46	141	153	54	30	77	83	220	168	91	228	98	394	538	140	55	56	667	132	79	196	63	202	408	21	57	498	286	351	215	67	453	210
V469	34	37	68	18	54	50	247	15	136	108	746	1367	76	151	249	45	52	116	45	555	837	36	117	20	180	39	191	67	406	152	341	452	277	193	62	462	1255	327	188	96	238	32	333	81	13	158	304	83	78	500	51
V470	142	488	107	55	327	112	175	46	197	230	399	306	6	42	270	212	46	150	261	114	6	282	37	277	71	306	468	224	342	173	41	101	149	144	410	483	294	292	159	256	101	14	417	0	123	43	26	33	108	20	179
V471	228	119	148	27	118	31	12	292	48	84	322	99	176	23	234	193	262	387	138	34	364	26	362	8	507	662	68	38	181	110	70	272	77	507	23	67	207	1441	15	131	422	116	87	70	58	443	340	105	4	22	219
V472	107	270	321	22	32	7	59	269	8	515	535	621	33	157	278	38	97	349	52	356	163	29	21	4	620	96	17	106	60	52	62	345	245	409	47	671	48	418	295	209	1314	718	187	44	303	119	577	55	301	337	142
V473	85	100	249	4	174	522	154	58	6	232	228	188	41	181	167	174	512	289	337	129	232	173	78	180	47	331	259	49	233	21	140	62	131	105	17	31	155	46	487	225	29	0	264	232	65	237	850	8	113	4	103
V474	1027	54	35	374	213	105	1	259	222	26	188	179	151	52	0	290	33	87	29	86	74	149	125	727	60	19	3	0	211	29	38	107	8	59	7	115	17	249	36	26	16	28	42	207	222	382	31	619	48	133	790
V475	67	50	6	899	981	163	34	157	243	33	309	646	48	65	330	247	46	40	40	63	191	135	87	287	410	261	7	166	325	39	72	330	84	46	141	430	214	205	246	293	98	936	7	227	372	40	99	38	151	160	79
V476	2	272	383	163	234	234	634	88	447	240	314	469	7	15	154	59	199	148	42	346	234	106	110	126	504	125	284	41	219	604	81	295	290	36	214	38	232	3	85	125	76	47	698	24	107	91	1	105	327	75	60
V477	36	428	0	42	197	419	196	120	480	31	14	159	183	101	69	205	211	84	203	168	247	24	163	198	365	91	0	104	291	29	91	97	277	21	272	0	143	193	39	142	68	964	100	115	799	9	238	349	26	530	117
V478	10	110	294	159	269	26	351	6	107	106	213	75	344	167	391	145	65	64	29	385	11	30	238	312	147	117	282	5	382	572	74	328	13	767	1029	269	160	88	77	56	182	44	9	229	706	283	202	235	496	181	59
V479	16	9	347	34	23	160	411	192	45	114	41	81	37	579	117	249	16	22	25	222	45	614	20	225	222	9	5	10	127	170	114	15	58	12	293	23	65	210	469	280	78	355	389	125	271	105	783	68	8	228	25
V480	52	46	170	34	0	8	145	533	99	512	533	273	6	555	390	184	309	159	258	54	451	35	26	41	116	158	22	174	118	0	0	33	212	245	191	247	370	128	126	521	397	390	186	152	83	41	68	548	350	188	64
V481	331	797	118	44	91	235	79	97	347	433	441	43	20	13	290	125	70	192	89	109	315	22	111	102	276	65	9	91	56	430	48	481	263	30	187	517	129	1257	160	431	403	95	229	83	21	115	13	38	71	3	413
V482	16	226	499	87	220	269	281	77	518	53	342	165	255	233	543	126	546	56	40	734	63	12	145	337	115	119	205	599	1149	70	193	88	21	764	131	96	378	4	32	180	237	210	198	131	157	175	140	89	254	50	51
V483	176	10	313	96	166	158	232	592	846	123	260	75	10	16	137	598	139	124	3	13	47	468	40	229	44	158	186	45	145	700	9	26	200	848	288	429	16	71	342	38	297	137	695	763	301	559	210	1179	105	69	178
V484	56	109	45	23	40	726	223	277	371	202	68	46	72	38	388	320	221	35	111	154	67	44	137	17	517	98	495	269	10	93	361	39	17	25	232	133	143	245	125	211	1	217	448	447	46	176	77	246	212	1	83
V485	145	75	471	90	161	509	7	162	259	82	415	59	686	17	146	67	248	466	200	45	256	125	56	27	57	285	424	408	28	120	942	31	310	306	185	52	2	36	258	38	165	709	5	279	39	94	142	25	61	128	146
V486	149	330	49	200	202	201	701	4	88	404	129	87	150	164	192	170	92	153	321	43	345	555	35	164	57	382	45	90	213	101	19	345	201	290	363	394	24	126	112	19	88	218	297	790	332	416	24	3	88	87	186
V487	4	42	218	250	165	24	65	23	119	185	182	110	3	49	329	107	410	562	268	181	20	159	28	189	535	305	337	148	0	32	130	136	67	28	167	302	265	6	256	84	282	151	377	506	673	6	59	353	744	125	18
V488	0	25	27	10	17	135	20	248	327	149	185	194	35	19	35	231	331	66	433	132	121	376	128	689	193	283	1	24	25	102	154	718	220	579	219	509	221	49	58	194	136	354	2	166	307	9	122	276	149	468	25
V489	385	335	167	283	53	96	27	55	130	630	66	41	66	196	142	237	89	133	234	287	33	337	82	377	631	285	192	70	473	272	94	19	84	263	475	42	25	362	242	570	145	42	441	143	87	50	2	18	112	91	350
V490	77	122	814	103	658	649	152	37	11	286	231	73	0	20	68	79	442	24	30	21	70	220	237	474	438	222	252	318	134	135	59	222	64	151	116	248	200	52	172	280	118	18	257	313	344	975	64	81	66	92	93
V491	480	335	25	223	35	28	284	715	206	162	113	50	215	42	4	188	301	56	48	27	115	47	209	340	416	60	2	146	63	171	22	214	29	33	213	148	293	395	773	451	224	14	483	102	7	15	114	527	4	82	427
V492	50	36	166	3	276	320	62	260	57	256	131	112	59	32	253	259	112	282	82	215	250	142	34	289	93	90	199	71	37	275	59	640	430	431	37	186	549	208	139	57	62	92	437	71	289	410	40	53	37	169	67
V493	30	461	570	102	226	122	172	314	743	36	635	208	24	63	273	156	184	247	28	76	264	161	81	413	325	278	131	68	118	12	193	233	12	510	236	57	72	25	609	123	220	55	419	16	371	130	13	52	34	69	118
V494	1	454	55	71	65	146	706	1264	59	226	122	364	13	33	162	116	94	63	126	63	18	362	158	49	98	228	181	198	25	228	7	141	54	607	111	409	40	360	455	182	190	41	405	69	76	57	44	49	316	154	82
V495	50	150	546	150	173	236	254	451	68	83	24	217	347	57	266	314	115	919	329	6	18	5	221	41	23	294	27	122	338	68	88	317	165	33	825	15	694	39	300	477	572	173	691	484	4	388	167	364	614	29	93
V496	236	132	375	15	225	231	936	173	84	158	97	52	14	144	205	558	97	98	137	80	169	233	8	153	86	272	118	133	7	71	369	335	171	44	93	161	37	217	185	296	154	161	91	368	78	79	8	46	199	164	233
V497	205	220	881	8	17	677	335	211	111	33	98	234	99	133	486	1157	283	40	37	177	361	138	102	18	325	2	153	38	186	505	145	291	208	257	36	41	49	557	615	145	790	381	114	41	200	274	116	303	131	24	218
V498	0	207	44	80	102	288	456	237	318	234	71	246	188	82	194	108	60	568	81	97	118	59	117	314	139	126	307	135	245	494	154	114	65	37	468	99	8	106	118	156	116	168	71	190	255	82	222	177	30	322	44
V499	105	396	124	131	122	803	32	766	144	36	347	110	290	259	334	388	35	37	467	338	269	152	71	25	442	61	116	527	288	75	21	446	193	8	105	12	46	328	134	154	89	91	5	164	28	51	185	455	36	175	135
V500	516	68	583	183	214	78	384	110	266	28	84	87	114	59	19	483	401	21	34	28	278	34	397	42	90	48	304	5	159	204	403	448	527	372	485	26	151	12	70	395	288	53	412	427	34	341	423	121	369	587	410
