Source001	Source002	Source003	Source004	Source005	Source006	Source007	Source008	Source009	Source010	Source011	Source012	Source013	Source014	Source015	Source016	Source017	Source018	Source019	Source020	Source021	Source022	Source023	Source024	Source025	Source026	Source027	Source028	Source029	Source030	Source031	Source032	Source033	Source034	Source035	Source036	Source037	Source038	Source039	Source040	Source041	Source042	Source043	Source044	Source045	Source046	Source047	Source048	Source049	Source050	Sink
V1	489	31	78	13	59	209	383	86	390	77	45	318	117	152	597	69	9	215	340	98	543	65	51	290	678	884	150	161	233	59	538	260	121	26	33	66	462	32	877	156	67	71	12	104	140	450	165	502	40	47	171
V2	24	252	397	521	6	3	6	376	49	1	273	32	93	644	239	65	555	61	89	228	81	35	140	473	16	151	68	51	8	73	81	179	317	6	266	24	478	95	368	458	52	73	31	393	179	115	428	413	74	146	192
V3	376	17	715	24	583	18	37	77	55	255	24	224	49	50	87	732	97	271	116	237	50	120	322	205	15	119	118	9	45	122	20	34	189	422	409	109	120	125	610	115	182	1191	104	51	85	80	187	183	137	114	139
V4	81	29	39	308	90	571	8	895	439	179	28	597	115	53	111	104	398	309	29	28	379	82	22	303	49	192	51	273	117	97	149	52	145	34	171	43	140	124	27	21	144	258	49	351	152	299	37	51	231	58	40
V5	17	202	118	3	117	30	193	285	584	3	90	69	42	267	289	436	85	26	9	161	7	130	68	27	68	32	99	191	67	42	33	193	155	57	571	64	29	1	592	163	271	501	6	179	197	543	115	316	327	263	144
V6	461	116	134	3	693	230	300	157	64	24	272	294	610	694	200	186	209	98	327	360	88	47	85	4	31	348	164	116	17	587	601	334	17	692	41	46	539	8	40	60	105	91	200	185	86	58	307	76	167	36	213
V7	203	325	5	117	122	218	179	113	67	211	830	46	85	57	37	39	264	30	252	424	159	59	42	129	252	283	5	4	328	233	30	16	123	171	349	2	220	82	163	116	124	53	590	97	204	23	382	442	96	326	247
V8	428	565	134	106	232	19	609	19	330	106	61	206	750	34	898	394	250	65	232	442	42	20	135	223	552	110	181	133	449	83	87	157	23	181	109	139	298	61	67	212	657	768	237	187	324	17	54	76	97	75	456
V9	587	172	173	29	123	68	379	96	118	45	193	105	18	115	469	23	59	145	251	292	4	121	122	57	807	364	3	257	88	0	70	472	659	0	87	182	298	1090	281	227	11	21	109	23	26	176	338	31	229	56	312
V10	121	119	43	51	194	211	411	102	105	60	133	55	31	187	335	88	87	259	154	489	632	8	12	7	9	243	66	47	395	40	182	27	190	33	105	1031	38	1042	106	145	103	168	492	213	458	128	144	50	356	74	119
V11	151	609	190	66	161	23	359	225	299	31	353	67	26	458	87	365	505	81	12	16	143	235	43	4	124	321	21	666	364	612	26	341	646	417	101	32	36	127	30	196	9	203	13	27	154	235	70	53	580	480	508
V12	233	24	114	385	27	137	171	133	40	112	45	67	355	124	161	94	8	224	368	34	146	63	184	120	46	41	103	68	30	185	24	8	19	378	120	5	264	45	291	106	28	193	31	466	35	220	256	27	109	53	100
V13	38	14	1	352	117	15	197	165	53	81	203	644	216	159	10	27	172	349	182	330	487	919	44	710	26	0	414	317	92	43	176	283	660	0	203	19	161	76	441	522	159	130	158	76	127	34	56	116	84	24	41
V14	229	82	109	35	339	10	554	181	137	294	737	47	264	165	146	98	524	35	49	60	107	221	294	130	154	126	259	576	377	197	208	384	246	95	10	648	820	23	584	266	234	338	112	739	623	77	39	93	99	211	145
V15	114	116	196	274	365	516	87	83	246	51	97	292	1413	227	238	8	740	336	38	536	76	37	273	151	14	344	541	14	107	153	212	25	172	159	252	120	119	29	87	913	106	61	169	301	185	65	223	151	418	521	117
V16	2	59	15	366	9	14	595	241	103	352	34	113	12	112	184	342	467	84	486	127	530	240	276	149	33	43	108	183	80	356	189	134	186	0	69	280	145	41	198	270	199	231	635	345	58	1	77	173	101	121	33
V17	20	195	305	152	39	189	193	12	142	247	281	251	60	652	178	46	55	143	490	447	14	54	164	182	430	999	132	730	657	555	244	175	342	269	173	406	297	155	159	179	86	102	18	166	283	10	41	662	207	100	170
V18	66	71	95	78	500	114	76	342	66	44	196	16	170	558	73	0	277	88	384	10	36	279	97	291	332	39	115	202	58	37	58	62	851	129	23	170	121	6	21	317	12	390	17	81	27	70	364	583	427	338	91
V19	55	490	23	38	152	308	112	182	10	168	378	4	14	153	146	663	69	94	227	985	506	9	0	103	345	259	128	227	86	166	62	103	204	100	362	86	278	57	183	136	86	48	10	185	673	165	171	303	131	95	343
V20	34	121	84	142	1193	250	20	137	149	81	533	120	144	80	356	125	329	182	3	291	218	84	100	229	127	244	68	374	167	504	17	69	673	330	297	480	2	809	212	254	163	1	470	733	23	756	334	47	899	8	109
V21	194	67	666	5	364	35	194	580	42	799	39	49	20	54	83	125	394	581	231	208	292	481	163	82	911	26	711	131	41	205	21	15	166	100	556	360	82	192	231	649	76	20	104	99	831	113	80	183	49	279	112
V22	249	238	975	859	422	41	300	29	174	364	74	135	511	155	60	1	276	47	17	83	18	172	527	83	260	18	106	100	236	340	372	54	219	157	619	24	201	52	135	488	179	115	42	279	49	126	165	265	310	74	233
V23	796	210	144	471	110	429	39	142	165	602	155	130	233	300	21	89	236	26	451	281	29	128	59	59	59	137	594	322	466	338	88	368	303	413	69	9	15	64	208	593	62	139	27	116	420	31	9	412	185	162	383
V24	428	63	344	321	169	62	274	101	55	135	126	71	1317	903	197	180	27	311	419	38	409	305	55	530	280	11	166	73	0	140	11	55	400	313	380	6	118	348	111	74	171	80	442	3	110	77	134	98	29	274	163
V25	49	329	134	76	55	382	473	649	268	266	611	24	196	508	160	151	137	353	54	83	257	160	190	167	324	72	63	278	97	85	148	307	3	684	278	101	41	414	146	98	63	35	86	307	194	15	347	104	24	410	273
V26	92	50	694	31	303	165	10	27	28	404	590	120	753	725	97	32	448	317	45	62	5	172	77	184	14	314	102	502	352	51	265	21	120	183	6	247	30	116	393	345	42	562	265	244	97	874	175	495	514	530	95
V27	62	0	172	17	60	65	204	139	18	217	301	411	2	32	359	147	622	304	41	151	107	316	228	215	243	57	206	1060	21	551	180	37	260	23	71	95	363	75	37	181	281	145	893	14	130	122	134	801	104	206	37
V28	553	59	100	245	326	63	39	175	218	176	778	179	107	973	42	46	143	13	254	155	26	198	862	64	107	310	59	229	887	216	382	54	67	405	324	13	227	41	401	5	260	45	76	305	486	65	136	88	384	155	193
V29	113	305	22	13	743	189	118	51	20	77	130	38	269	557	71	6	12	209	203	24	590	322	208	188	22	266	213	28	258	15	185	35	25	281	417	80	813	455	9	47	180	424	57	34	13	44	75	169	25	301	220
V30	34	147	306	102	177	255	222	61	320	103	141	598	13	127	4	89	642	100	42	351	307	346	117	214	92	186	73	13	433	57	97	63	233	503	141	25	155	0	27	97	59	140	465	144	345	172	39	43	42	168	118
V31	106	61	396	293	45	291	56	58	77	424	161	332	101	199	29	175	94	11	94	181	212	511	352	354	67	77	170	393	57	14	111	103	26	121	76	29	197	109	670	6	98	163	241	54	121	7	147	57	177	693	80
V32	6	336	10	81	74	11	47	2	22	77	166	60	215	32	17	147	153	175	95	14	327	254	39	42	24	118	347	40	259	70	189	446	326	271	27	634	2	175	189	94	593	16	113	1	199	315	263	296	38	201	239
V33	186	471	597	384	32	172	266	73	131	234	516	418	166	264	178	62	175	282	113	1001	15	184	37	128	1038	84	357	351	112	117	182	31	69	33	113	244	186	283	16	154	217	1119	331	743	74	9	313	645	39	26	341
V34	223	192	12	267	118	63	642	155	153	333	0	1187	237	121	279	70	337	175	16	305	581	129	162	7	21	1251	4	10	21	582	23	100	253	208	298	104	1	528	28	181	80	146	15	5	106	543	182	3	214	371	223
V35	791	350	525	184	29	84	69	73	94	174	460	52	69	82	56	63	1	350	94	58	96	226	147	429	237	517	154	56	68	222	66	675	74	190	40	41	109	438	86	90	19	176	125	463	200	62	81	130	97	314	474
V36	84	146	566	79	320	13	43	181	84	150	4	350	180	498	256	243	119	342	400	655	123	90	412	16	68	100	49	100	790	565	37	23	41	252	172	59	435	293	824	57	448	73	939	454	3	126	82	541	291	212	145
V37	114	257	57	95	45	420	62	212	78	24	27	227	264	212	817	110	273	52	179	17	72	193	44	175	89	50	219	153	475	5	296	140	516	514	7	13	356	22	20	4	220	165	33	465	118	299	465	232	162	78	213
V38	39	481	99	67	29	449	194	44	60	859	276	111	384	218	183	504	158	123	55	120	364	250	14	29	72	166	47	49	61	11	127	604	363	211	372	135	35	270	134	52	125	679	292	56	29	275	96	59	52	17	335
V39	23	183	56	33	569	202	42	579	16	82	209	62	747	21	216	259	182	56	373	27	128	310	115	254	212	448	26	49	206	81	257	71	16	80	63	957	3	96	71	217	429	693	824	606	92	107	272	69	136	18	148
V40	766	542	1	44	163	49	57	71	68	347	40	28	569	739	314	580	187	46	93	3	305	153	348	172	241	77	19	185	239	755	8	630	24	326	149	139	14	73	702	76	106	441	34	672	393	316	191	86	39	769	541
V41	289	376	22	270	31	273	472	146	263	101	68	57	320	243	288	164	143	300	103	119	96	19	56	75	190	49	86	70	822	162	160	293	254	494	64	55	59	218	361	17	29	499	74	28	47	1225	312	290	187	390	359
V42	339	314	283	2	427	531	70	289	9	292	101	213	106	26	323	164	367	1129	20	281	153	2	0	210	296	429	81	230	405	10	127	0	243	173	18	313	106	102	357	911	47	468	39	282	64	214	55	123	115	87	295
V43	7	300	38	297	39	113	127	26	394	483	128	199	404	226	72	158	56	151	0	340	50	108	59	67	67	491	262	63	76	111	0	169	607	620	310	141	107	626	136	114	388	462	149	130	706	635	14	289	21	140	214
V44	442	19	179	178	212	57	1094	403	79	308	51	17	336	621	26	350	71	54	66	65	239	19	384	548	93	499	325	249	97	17	385	35	612	341	323	353	234	185	388	322	84	1224	521	108	92	167	24	6	138	282	129
V45	64	114	340	408	98	254	57	823	372	19	19	494	95	150	219	405	255	392	181	365	235	56	217	105	329	51	194	60	348	1	632	148	89	102	92	162	99	78	164	141	174	528	169	109	71	781	247	113	166	27	104
V46	38	133	14	422	144	230	291	66	529	51	432	636	201	93	50	205	153	8	135	144	618	70	232	354	412	631	210	274	30	247	636	126	203	57	342	114	12	81	222	485	102	65	18	389	200	352	39	461	69	81	102
V47	124	133	56	36	85	29	49	7	233	77	47	369	225	111	215	42	37	27	260	55	46	161	77	35	34	31	159	569	194	544	434	17	30	132	17	138	160	259	166	10	240	15	368	25	77	92	55	32	144	6	128
V48	461	1008	8	13	296	112	212	62	6	29	65	388	255	250	168	160	245	172	146	70	106	205	39	462	41	180	166	833	20	161	124	104	94	412	11	68	100	275	247	20	161	418	166	91	18	183	14	178	20	555	769
V49	323	128	33	178	246	207	210	276	12	66	90	14	14	294	14	280	309	59	54	610	483	301	817	39	636	54	1	1452	23	219	204	133	18	110	192	43	144	47	26	640	18	49	515	310	160	129	0	347	840	403	193
V50	519	192	342	427	97	131	55	102	32	138	1121	48	215	397	161	76	93	378	97	56	264	179	250	398	152	139	552	285	73	61	944	91	32	96	474	92	587	214	59	253	75	253	361	581	90	127	114	227	92	186	279
V51	93	191	121	185	14	144	130	175	1177	197	193	96	8	20	78	430	135	56	18	94	57	415	35	288	12	88	126	114	11	67	132	137	398	204	123	214	132	111	4	304	218	481	121	209	325	70	341	444	129	179	183
V52	38	27	71	240	25	117	6	582	115	25	187	5	23	15	17	44	12	201	156	306	4	495	14	287	76	94	122	460	49	0	124	21	103	3	8	242	3	146	175	50	226	112	84	174	196	318	92	102	267	150	50
V53	197	33	122	262	314	153	80	325	2	217	99	6	104	741	11	326	81	61	88	428	2	169	256	669	320	207	299	238	148	1640	158	125	184	139	189	821	59	39	24	132	125	115	342	535	1	246	10	25	378	21	100
V54	177	74	106	126	45	118	381	482	53	225	67	85	436	58	94	96	134	27	264	183	360	794	23	16	278	172	248	506	4	484	463	137	25	264	236	284	568	348	42	13	163	90	5	29	387	447	31	11	700	269	108
V55	51	147	573	330	53	64	379	388	276	49	400	251	346	23	289	22	81	352	12	605	354	76	102	237	311	511	81	161	80	14	61	170	414	441	344	28	14	327	114	103	88	56	161	91	188	154	40	15	40	153	130
V56	58	558	55	226	29	43	163	132	15	199	968	34	142	229	80	88	231	381	75	180	92	271	269	5	177	28	181	59	660	673	120	462	105	418	585	350	80	350	61	125	47	249	282	41	16	270	10	307	190	335	415
V57	83	349	87	60	25	590	104	52	256	96	611	382	428	72	96	130	438	1080	11	359	189	113	90	85	14	50	127	227	507	152	263	298	143	105	123	327	273	170	604	58	67	26	55	122	39	250	210	445	200	191	263
V58	272	710	233	307	302	25	94	45	201	51	250	57	78	257	915	93	392	165	511	466	141	113	373	251	377	175	23	333	37	373	280	382	518	160	122	171	121	105	221	21	24	80	323	92	73	180	245	315	127	49	572
V59	266	346	158	447	57	167	143	561	190	353	726	36	107	18	0	52	66	80	225	409	675	19	268	545	133	168	533	640	704	200	1	225	219	185	556	146	655	111	106	28	86	58	616	32	160	63	33	238	63	27	343
V60	184	168	276	12	448	561	62	1	265	154	221	681	267	19	242	263	31	408	421	35	90	81	43	81	395	287	646	13	89	34	302	186	236	52	20	512	20	305	272	205	26	61	285	387	184	165	243	82	76	581	182
V61	284	140	163	155	200	67	123	139	628	87	227	404	502	1	207	107	433	91	106	60	439	171	149	41	230	124	158	94	23	941	83	177	41	212	6	582	41	0	403	43	191	339	18	235	723	201	64	19	107	198	181
V62	91	27	339	459	42	156	104	139	642	59	187	153	408	109	96	476	33	347	28	65	34	401	219	895	321	46	263	51	456	195	1036	115	80	194	55	182	833	691	98	109	103	257	497	406	369	354	79	130	390	186	75
V63	314	1	15	9	407	44	604	58	422	150	245	128	67	11	133	97	88	73	127	48	57	454	188	314	14	38	338	13	294	49	16	17	108	13	105	127	59	42	498	472	60	21	27	54	13	25	5	539	61	428	94
V64	218	119	23	202	38	74	2	74	7	332	97	62	120	197	169	14	21	189	44	463	95	79	4	25	197	33	279	76	306	77	66	383	723	102	374	147	288	971	418	626	31	203	315	194	68	145	257	104	18	125	148
V65	56	137	41	148	47	104	303	137	94	30	134	162	4	408	260	25	695	109	59	193	55	133	15	457	135	361	89	725	253	147	64	385	40	49	103	187	465	146	44	131	132	70	252	0	633	294	194	228	543	97	137
V66	194	66	129	232	115	92	196	223	66	110	21	601	156	40	166	49	320	163	580	123	50	179	24	13	49	366	120	15	774	137	4	1	65	351	54	331	1043	155	155	152	355	32	299	189	871	206	20	52	6	13	119
V67	52	98	7	565	27	95	149	326	64	830	107	310	46	40	48	524	710	176	408	18	88	244	69	20	240	196	41	72	377	85	7	174	649	21	333	368	721	322	28	48	322	11	502	63	698	94	55	170	291	80	104
V68	645	118	61	857	315	327	165	542	94	111	506	300	246	365	282	124	126	29	379	3	10	121	381	236	36	117	151	166	288	318	262	137	577	124	1	124	218	324	611	366	118	71	287	328	342	207	407	337	198	954	232
V69	154	48	792	990	439	69	50	199	49	1136	33	31	481	85	28	81	3	233	74	215	329	590	0	847	840	22	113	236	291	496	206	946	139	120	230	24	187	20	154	85	17	24	291	161	92	67	30	114	101	438	94
V70	438	117	64	12	85	251	208	191	57	261	299	249	146	216	11	156	131	440	68	453	369	344	189	84	1043	7	389	316	40	14	4	198	719	263	68	25	51	182	64	366	4	365	122	122	508	79	349	37	391	215	210
V71	212	101	197	264	110	726	45	57	643	161	868	33	428	163	71	69	132	134	89	117	128	54	88	49	302	193	364	242	508	464	125	16	235	23	185	43	173	77	89	8	69	32	137	804	17	65	10	272	378	158	145
V72	153	13	119	562	483	334	467	20	43	71	8	113	147	93	320	190	193	105	117	82	62	219	640	274	349	172	59	91	180	38	110	20	491	564	50	489	187	252	218	164	189	247	170	63	149	158	19	411	74	40	71
V73	260	39	363	36	414	66	527	62	182	99	279	571	238	291	145	13	276	99	9	401	331	387	41	68	87	136	678	155	911	89	18	195	607	244	39	323	14	335	554	16	210	95	12	20	102	6	22	803	84	558	110
V74	33	101	168	24	622	45	123	10	704	63	34	336	94	38	494	759	583	409	369	1007	524	41	121	271	64	179	117	199	12	76	587	68	52	62	295	41	646	28	109	252	24	597	270	38	127	167	42	279	69	63	86
V75	146	6	34	12	8	33	699	344	112	56	251	29	84	394	154	155	66	628	150	182	111	11	62	143	24	230	248	432	220	351	119	313	288	50	225	74	193	141	46	128	93	219	14	313	434	178	314	5	310	25	54
V76	105	162	268	94	103	901	12	382	533	91	4	33	282	526	16	3	201	90	260	28	430	245	851	133	371	1052	94	199	33	263	31	268	70	372	212	239	183	62	117	0	970	16	402	47	105	43	773	619	25	9	147
V77	438	128	137	239	285	661	268	1	48	80	127	211	13	398	114	105	345	343	98	10	576	88	62	200	152	642	174	121	350	594	44	155	63	458	68	125	536	47	457	23	37	365	50	1	356	500	637	132	16	132	224
V78	141	95	583	514	94	69	108	162	292	371	35	105	1	392	24	481	379	46	65	54	34	135	201	13	18	90	35	278	221	64	69	277	85	67	431	302	578	211	8	0	294	123	16	288	242	42	422	271	73	150	110
V79	9	0	307	365	194	207	366	210	108	197	1	245	258	27	219	105	188	145	314	58	23	193	52	486	104	5	52	19	379	176	86	163	226	82	226	52	140	140	58	15	183	543	133	342	330	10	293	121	483	435	22
V80	347	201	89	13	557	169	32	784	13	200	16	151	334	168	229	203	886	420	289	28	604	241	348	60	88	148	641	49	8	290	438	101	146	159	1149	514	183	54	40	37	16	20	62	185	18	100	237	26	38	516	255
V81	283	182	112	264	163	48	357	260	43	322	228	89	242	153	258	67	213	125	352	2	29	98	90	42	378	291	231	238	136	27	88	205	166	228	81	228	100	145	120	33	272	74	745	46	232	190	19	654	176	71	212
V82	103	163	138	192	772	149	41	94	212	176	84	91	54	6	36	332	65	195	193	216	477	234	46	115	77	13	107	74	55	108	214	532	41	184	106	282	352	461	64	460	206	27	164	49	868	199	58	99	256	176	151
V83	193	129	405	68	207	2	264	61	291	424	169	302	344	243	523	194	237	290	33	86	48	2	15	39	155	229	289	475	18	0	45	108	134	179	597	16	152	27	1139	28	65	147	149	547	473	434	38	695	102	213	173
V84	68	11	195	105	128	109	653	377	196	18	77	40	172	165	150	36	46	32	853	185	201	88	89	576	185	87	314	91	12	75	74	643	32	887	124	235	82	72	228	56	101	5	106	305	221	1047	448	154	5	271	55
V85	484	68	9	469	666	269	129	14	34	266	45	389	312	145	556	99	36	269	546	65	41	68	332	7	1	629	437	23	465	132	540	9	179	107	52	221	356	12	205	184	156	138	81	281	14	46	235	136	119	144	182
V86	24	129	239	120	111	694	467	99	12	85	25	12	24	43	274	125	791	15	33	58	201	12	163	317	287	101	46	307	83	368	268	97	255	59	194	200	292	96	108	143	308	83	185	43	147	202	29	120	357	1	118
V87	92	69	13	17	41	9	574	45	257	261	112	446	432	206	289	136	158	163	45	56	62	4	132	51	112	274	78	297	13	47	7	2	23	65	130	53	121	561	3	139	121	257	175	790	50	104	18	51	131	241	63
V88	136	40	21	264	15	68	459	464	601	287	310	159	86	36	56	61	121	429	97	46	252	324	145	115	13	99	86	149	258	553	36	396	46	562	375	136	87	398	133	151	546	305	40	400	296	175	89	386	37	48	89
V89	52	3	17	252	105	120	371	273	22	240	127	44	187	498	474	276	509	149	356	511	1	362	7	25	359	97	619	37	597	79	92	105	119	34	122	448	139	337	353	215	191	21	69	154	607	60	334	381	90	79	43
V90	14	342	24	184	203	14	30	357	161	159	6	14	65	96	144	176	118	3	399	418	66	137	143	769	24	47	156	422	161	244	344	84	121	30	189	238	417	5	42	171	649	32	359	95	311	267	171	339	6	314	249
V91	30	191	263	129	336	449	230	46	110	53	1452	198	122	307	123	104	75	731	39	271	22	12	622	86	519	76	132	74	59	9	134	102	77	770	328	313	552	3	344	40	106	27	71	111	222	32	74	11	107	138	135
V92	536	305	139	222	9	43	628	15	357	40	229	298	267	109	730	101	177	168	64	248	168	33	118	466	7	335	177	45	92	6	479	234	230	11	300	103	419	69	72	129	16	121	510	23	243	115	19	210	83	536	337
V93	89	295	812	232	123	93	866	37	142	74	467	43	284	236	103	18	329	125	170	31	98	10	160	535	86	165	212	99	14	158	169	60	133	304	15	142	209	131	32	157	58	323	228	1222	12	361	137	418	26	203	219
V94	43	176	150	210	626	24	28	483	762	216	165	83	92	4	62	364	10	20	263	490	179	442	240	66	1	150	213	417	19	19	216	183	78	14	258	66	100	92	624	80	55	332	447	10	30	64	60	22	688	215	159
V95	321	51	165	68	24	15	50	205	395	216	409	199	7	174	161	122	15	46	212	63	146	71	467	610	95	608	634	3	130	30	5	682	2	98	121	240	12	94	85	20	214	192	68	263	395	64	226	9	171	179	132
V96	210	141	168	48	594	9	5	13	231	25	43	442	60	106	24	2	65	66	48	111	190	10	315	232	54	225	71	8	113	353	443	387	863	162	240	154	435	3	121	1152	0	43	25	196	148	39	259	59	547	109	174
V97	416	514	409	29	137	222	8	145	125	726	51	540	319	68	1072	122	164	33	57	128	57	136	3	409	123	8	385	28	75	90	92	300	37	502	59	875	146	136	281	103	56	235	59	425	100	10	245	118	99	42	514
V98	375	69	592	291	61	255	245	285	338	188	121	19	19	89	302	365	195	190	724	38	118	102	61	664	31	289	67	217	60	88	200	214	256	50	291	31	35	171	28	548	2	324	17	207	16	101	784	705	37	238	183
V99	1	63	232	467	117	13	19	405	76	142	57	305	84	113	2	222	86	87	81	9	16	110	81	35	24	214	52	515	97	219	292	53	80	75	21	49	83	250	188	195	259	256	3	104	34	306	273	169	195	36	57
V100	241	494	4	113	81	226	143	158	264	82	334	501	148	32	16	180	362	259	1541	26	53	228	13	343	181	186	77	309	289	23	1048	46	442	498	59	769	227	154	165	246	179	253	28	74	86	409	14	155	174	370	399
V101	66	93	244	875	109	18	46	153	77	191	15	35	1059	177	173	60	35	101	74	301	103	223	39	121	54	467	345	92	181	219	3	224	0	403	114	26	74	140	326	274	283	200	403	86	147	69	59	353	435	382	95
V102	30	44	178	502	111	24	118	65	74	132	459	7	114	413	16	468	122	91	65	70	58	180	40	277	332	21	448	148	178	207	54	59	354	67	156	1	93	103	376	87	374	239	65	253	278	18	466	165	173	461	43
V103	133	238	37	0	141	290	203	31	116	246	151	317	378	180	649	533	54	595	362	136	902	79	99	339	127	204	81	17	484	66	46	71	236	17	264	171	555	50	114	423	62	68	31	107	6	73	39	408	57	152	204
V104	78	16	438	231	113	76	157	641	119	597	62	131	234	73	281	149	50	603	266	153	44	189	1	1152	24	9	86	93	260	16	94	160	48	343	50	129	143	150	200	40	247	505	275	780	10	22	76	144	27	29	45
V105	115	781	138	263	48	185	1	58	145	10	25	135	206	64	132	120	12	341	18	306	48	60	382	180	50	91	492	65	54	155	490	2	104	212	56	50	286	180	221	317	170	485	131	0	22	100	129	134	61	203	551
V106	119	104	59	419	145	285	50	31	519	301	35	297	28	214	294	6	418	331	414	20	11	116	437	219	443	38	162	119	454	0	374	92	135	54	173	197	48	330	238	4	108	21	183	264	429	34	121	63	2	47	111
V107	164	57	167	294	255	377	277	888	117	199	47	7	162	255	131	327	258	138	578	42	37	6	296	3	315	481	57	203	15	113	492	48	33	328	96	21	127	106	340	213	122	317	1000	91	203	132	60	281	129	45	96
V108	408	22	787	534	160	1064	293	268	50	69	63	17	87	206	102	166	34	26	10	368	769	71	216	211	678	63	120	231	78	31	23	381	480	412	476	315	264	347	27	349	445	84	299	156	43	14	123	62	282	155	127
V109	191	43	124	60	144	31	133	29	119	71	22	31	39	100	56	319	109	473	373	83	536	25	167	8	282	15	72	164	280	455	45	530	45	62	110	188	425	4	43	92	515	426	20	177	47	329	11	162	577	194	106
V110	694	187	116	37	162	712	68	624	73	104	29	321	198	121	176	153	20	102	63	330	278	78	26	1483	362	94	60	295	110	11	145	64	13	34	27	681	11	58	252	516	73	228	6	3	7	13	196	103	100	406	310
V111	7	7	34	331	243	178	41	205	382	757	173	58	991	36	224	432	116	90	13	82	107	449	55	150	5	72	61	501	120	48	476	1	502	17	65	53	41	23	81	103	493	89	71	111	633	8	66	6	44	209	29
V112	111	100	49	205	31	286	14	383	618	320	206	256	333	101	40	268	69	112	29	162	228	150	10	43	352	55	396	106	40	8	158	18	158	75	101	94	70	1	200	35	339	1050	51	214	47	244	49	107	232	74	110
V113	16	23	0	104	122	358	289	147	1180	158	162	89	72	232	136	523	278	16	148	199	111	144	104	329	112	988	355	265	209	514	277	4	333	246	28	10	233	233	60	255	83	182	2	236	569	233	80	174	50	146	49
V114	248	176	287	585	39	196	72	11	34	169	583	509	155	36	513	775	169	14	221	308	2	25	284	427	95	296	31	158	224	88	333	246	250	355	328	69	158	110	902	827	10	99	704	483	109	68	165	99	73	118	197
V115	851	611	151	182	29	714	73	47	112	13	92	91	60	27	306	221	54	4	187	120	150	473	62	258	32	620	94	603	102	892	185	478	360	53	102	14	66	79	370	12	42	135	79	198	83	96	122	272	34	68	659
V116	63	105	459	517	50	754	28	25	13	167	282	104	85	24	94	189	202	244	69	25	7	122	102	234	31	29	6	218	114	29	62	718	176	231	45	221	80	156	52	501	414	670	3	47	18	719	603	142	136	125	108
V117	694	28	121	86	242	401	246	761	35	231	205	49	44	285	52	53	519	62	9	29	320	70	364	83	80	286	449	362	341	55	301	60	210	367	418	113	592	86	192	252	215	83	437	19	49	383	179	124	39	77	224
V118	129	156	2	82	282	52	168	197	185	170	475	113	750	274	27	39	49	107	46	359	79	486	216	49	198	33	64	274	58	19	6	115	38	28	127	99	511	204	167	2	377	52	27	16	116	290	249	444	136	78	144
V119	345	479	76	66	184	198	534	10	349	100	249	75	326	177	585	236	531	72	41	228	7	305	148	450	135	141	181	335	202	178	311	230	36	83	398	377	80	35	169	28	77	308	149	185	36	166	542	473	107	513	435
V120	11	17	39	42	75	172	211	35	141	164	227	259	126	100	63	373	311	67	50	93	443	232	129	7	1021	69	172	80	3	240	81	373	99	202	16	216	33	186	209	114	26	224	322	17	180	19	111	381	174	147	25
V121	255	364	14	25	114	158	398	181	291	204	17	191	219	225	240	260	116	58	133	628	158	171	23	160	101	230	248	192	243	328	147	307	154	198	135	42	164	74	35	51	203	377	161	9	562	0	66	34	34	199	329
V122	98	100	96	244	485	702	535	108	55	74	22	146	357	433	435	43	204	271	18	80	81	269	257	304	254	437	137	287	76	71	659	336	169	259	642	64	343	18	31	278	293	138	30	23	354	250	102	284	111	577	120
V123	314	526	0	19	725	19	54	341	230	64	43	99	235	10	149	104	489	324	42	946	324	309	42	25	106	32	119	145	69	552	90	124	257	89	163	76	41	36	31	104	49	60	167	104	28	325	108	337	72	905	457
V124	159	225	0	156	283	499	145	67	99	44	358	352	9	137	39	8	36	177	173	279	305	214	71	147	416	207	232	40	12	49	35	756	114	179	38	4	464	105	104	34	761	37	18	120	1	75	179	34	96	118	197
V125	100	263	34	397	221	124	1005	187	179	59	103	187	172	328	430	219	296	377	207	234	26	46	199	20	470	205	15	251	4	10	443	796	199	115	981	56	122	396	678	956	459	63	3	353	1162	1137	55	8	301	792	193
V126	413	142	89	240	86	236	72	192	86	7	65	273	44	19	243	249	220	81	492	140	104	587	423	105	15	558	2	15	86	157	1	511	170	107	156	108	88	426	395	55	161	117	43	105	86	4	188	941	88	83	223
V127	42	236	275	159	304	309	152	10	97	310	12	250	144	88	205	206	181	205	104	206	75	343	233	18	108	247	257	198	79	34	121	170	92	38	554	13	111	152	153	25	9	299	59	90	116	35	50	4	26	60	175
V128	14	338	138	35	70	107	292	686	163	213	256	93	114	142	15	340	419	150	127	57	178	223	456	511	206	12	35	600	53	239	11	88	333	448	230	168	140	128	1	141	98	3	346	123	156	330	400	3	258	157	238
V129	402	145	266	158	177	95	208	241	262	42	133	205	176	358	67	293	230	33	193	40	108	558	15	1	347	53	80	28	362	438	124	146	72	76	107	97	113	18	335	15	87	696	115	228	310	343	604	34	232	187	205
V130	386	40	56	150	50	209	152	40	122	219	274	355	683	160	11	401	289	259	59	10	30	113	199	407	10	273	315	18	151	55	187	95	336	446	366	81	164	16	218	591	269	33	60	703	33	233	128	139	98	331	138
V131	113	11	357	323	161	12	91	6	23	242	317	189	36	233	448	532	518	336	148	129	241	141	20	29	12	398	88	77	38	144	71	21	228	71	262	22	3	323	73	112	104	60	8	233	5	293	83	163	367	441	49
V132	108	328	465	60	90	0	2	235	51	79	1030	254	36	328	528	183	669	246	39	81	122	220	132	91	80	140	80	157	19	354	277	94	484	226	310	243	108	850	724	208	328	124	53	18	673	92	189	157	207	176	273
V133	123	363	124	39	64	215	3	321	209	299	33	69	35	112	4	25	42	463	32	16	218	54	64	327	131	2	53	142	356	3	233	314	299	12	51	24	571	476	244	461	119	70	144	63	211	155	617	69	487	76	297
V134	6	491	195	436	92	366	296	52	80	64	28	2	67	174	26	4	84	314	34	39	343	288	69	161	253	189	452	72	22	16	63	130	38	11	236	182	265	62	64	210	265	333	53	298	139	140	76	51	21	65	337
V135	116	6	62	512	352	110	133	0	11	220	303	76	25	307	384	30	95	33	319	53	50	268	483	30	75	168	115	366	30	237	297	470	77	309	242	275	154	263	16	67	99	67	453	26	21	0	33	107	1	80	52
V136	398	112	218	582	343	191	430	76	49	110	51	95	163	94	300	278	203	120	138	268	139	77	114	188	33	119	30	79	70	36	62	120	4	504	15	178	405	49	93	4	174	71	170	344	22	7	59	410	264	68	176
V137	150	62	210	78	207	414	97	324	71	497	28	142	224	141	83	149	38	154	101	124	466	331	33	13	186	77	24	375	442	150	34	504	63	8	84	22	396	70	273	128	171	330	79	79	434	59	281	29	262	76	88
V138	62	159	254	255	34	431	4	49	195	140	482	283	361	5	198	84	32	442	330	55	111	408	207	38	100	115	326	81	586	123	306	84	262	79	94	593	414	271	235	145	75	62	268	220	4	215	272	397	879	128	139
V139	45	21	122	381	30	75	238	219	84	391	31	308	60	179	634	2	313	17	5	339	77	125	113	148	60	133	308	170	72	114	57	29	13	141	249	43	43	330	115	195	288	51	332	37	150	249	281	620	678	13	52
V140	47	49	126	149	62	25	356	362	310	122	213	53	265	92	144	23	37	7	66	697	315	171	236	251	194	77	406	24	22	14	44	413	438	23	89	63	223	48	66	21	363	121	164	15	92	36	315	118	207	79	57
V141	12	160	48	17	151	83	143	685	390	365	11	77	155	341	170	590	78	41	97	141	32	16	641	116	284	379	58	205	140	727	31	265	262	114	52	222	134	893	262	237	301	137	363	112	12	196	1326	166	327	367	142
V142	79	49	101	92	191	111	398	614	185	431	59	19	350	232	469	127	38	36	108	153	415	113	74	1	337	364	387	24	168	293	172	378	184	233	207	26	89	15	3	2	222	61	273	89	7	292	1078	150	81	81	72
V143	181	571	194	114	82	112	276	59	116	137	95	135	99	103	306	10	320	167	20	303	46	57	14	234	73	136	146	32	138	133	96	99	15	651	58	251	24	7	23	208	231	49	119	3	248	144	201	315	129	212	445
V144	190	151	79	34	582	137	155	287	91	67	74	238	913	159	382	206	92	309	151	4	44	398	80	165	223	25	76	1	3	377	405	122	325	90	114	1582	123	231	17	61	23	68	208	54	96	464	282	61	21	202	166
V145	1	135	47	30	119	572	240	247	70	354	93	462	322	325	454	355	96	781	185	94	251	213	132	10	234	12	53	26	45	132	226	93	58	186	406	29	212	706	540	37	29	76	164	66	157	564	145	707	5	316	119
V146	691	132	76	91	366	259	631	81	17	213	104	165	502	678	55	50	100	64	656	147	144	133	251	310	18	299	429	134	25	10	269	16	129	415	36	147	151	210	103	88	222	112	0	289	6	138	78	96	588	94	254
V147	302	165	321	274	88	53	66	432	77	31	569	266	47	296	227	17	167	537	288	194	219	127	114	209	109	96	162	663	326	195	208	318	169	198	131	201	376	133	69	37	434	326	15	146	165	78	66	25	511	18	214
V148	14	110	282	69	203	261	14	38	517	204	435	301	343	327	521	486	485	311	485	909	353	474	22	42	182	285	34	385	30	165	221	107	480	781	446	7	378	433	345	366	343	32	454	135	20	585	125	230	12	151	113
V149	534	40	53	129	101	51	90	277	102	6	44	351	50	154	167	177	41	3	12	262	176	238	134	12	2	86	45	83	8	864	153	38	67	116	170	24	74	133	332	271	35	292	299	266	15	223	42	475	49	450	152
V150	186	355	34	74	233	108	90	138	202	0	70	82	3	14	192	192	701	240	120	117	161	260	100	21	22	49	145	562	5	68	389	68	4	392	1187	664	147	175	6	19	60	649	48	5	65	119	9	22	408	175	315
V151	596	58	214	538	95	19	223	167	28	590	19	33	165	71	140	169	287	54	15	36	88	379	295	32	154	146	547	221	206	43	37	163	555	69	535	185	153	447	44	153	438	233	119	238	65	456	184	37	154	165	197
V152	207	944	156	162	24	449	36	28	101	75	200	348	65	129	87	130	2	159	147	399	40	22	572	213	72	211	40	443	347	202	189	385	233	430	470	13	210	167	409	1164	475	11	7	255	66	428	45	219	111	205	666
V153	23	602	1170	266	114	99	159	526	238	34	16	182	147	4	18	608	2	221	53	247	486	159	37	242	395	22	315	38	58	35	18	83	169	141	212	27	239	108	0	55	4	105	556	61	269	421	156	5	122	192	424
V154	339	157	49	362	153	270	102	197	311	324	115	10	30	614	51	8	103	259	210	68	210	150	109	119	60	292	303	476	84	301	1141	63	53	102	346	62	230	134	178	55	304	318	55	194	177	770	560	36	40	278	208
V155	84	924	101	77	187	245	38	20	29	139	79	31	862	385	315	126	88	7	17	125	207	507	268	84	353	60	120	114	52	67	350	239	17	174	71	65	22	511	369	163	31	157	968	226	163	272	7	94	468	62	588
V156	51	286	330	393	36	85	403	1217	115	60	142	587	18	28	20	125	25	191	204	280	198	12	170	254	322	361	179	90	400	109	368	275	157	130	2	196	339	6	138	267	157	113	106	120	265	243	94	232	29	33	234
V157	43	69	588	159	106	262	13	448	161	267	200	228	160	226	543	1184	805	333	254	430	60	156	382	231	12	65	0	309	140	50	272	68	713	410	298	123	364	3	250	250	305	10	62	30	124	313	620	244	118	335	81
V158	26	183	59	64	5	506	246	129	2	375	2	133	14	153	175	156	231	392	56	375	449	22	57	286	123	3	145	6	247	144	319	754	158	401	153	55	96	131	73	609	232	29	193	4	197	170	122	328	218	44	139
V159	211	330	46	232	164	223	147	159	300	97	446	41	145	208	182	271	109	4	6	94	222	131	72	27	524	164	333	508	8	72	117	231	50	364	68	180	183	262	82	98	28	94	198	142	32	8	142	176	125	5	307
V160	548	435	408	374	50	329	104	90	63	31	241	520	488	419	80	255	106	1453	959	427	6	274	39	144	94	317	258	53	353	293	39	154	24	246	41	310	266	176	17	166	140	290	144	125	814	205	56	304	437	59	489
V161	95	41	34	341	333	281	15	56	177	185	42	281	226	49	145	323	306	76	150	66	111	60	55	356	131	486	52	124	291	151	97	32	103	2	139	305	258	8	41	428	82	126	190	10	20	87	7	41	610	436	77
V162	212	76	388	165	335	994	67	40	63	34	86	132	39	146	26	41	9	308	286	102	328	17	84	215	74	42	896	166	659	147	41	329	135	5	159	176	278	2	77	237	190	29	157	57	513	0	238	38	9	39	117
V163	50	30	29	52	198	77	43	157	11	123	164	35	247	619	481	68	87	145	35	157	77	695	120	24	59	100	32	46	110	252	197	224	64	6	355	242	691	180	429	77	54	332	270	829	720	317	611	103	13	61	51
V164	239	26	208	10	170	184	534	63	155	31	76	176	105	12	258	209	145	88	157	149	48	77	199	395	708	60	441	218	230	144	325	13	101	344	125	506	102	575	40	55	17	98	305	187	183	237	16	177	139	404	114
V165	41	0	575	578	284	9	184	222	437	111	107	78	399	37	18	666	51	239	53	199	242	236	331	30	275	106	83	49	101	180	101	24	103	52	76	1	20	72	492	238	99	120	71	289	215	108	631	380	8	359	25
V166	97	57	355	191	293	248	128	35	191	11	58	215	509	451	51	102	82	4	285	70	20	381	3	527	6	167	353	51	558	91	692	242	183	53	364	21	219	310	5	17	405	131	7	412	52	183	148	177	316	13	69
V167	107	319	7	49	151	204	150	14	28	75	48	65	13	234	157	147	35	859	8	141	88	9	512	0	217	32	339	789	210	172	79	401	238	192	288	339	85	3	219	58	162	416	218	251	190	169	1	15	349	123	260
V168	334	21	551	167	61	5	233	316	365	17	136	36	198	42	168	96	221	174	346	51	21	136	74	101	213	1057	173	136	21	177	333	255	9	228	252	213	228	258	39	213	56	366	298	26	7	103	55	258	101	135	107
V169	41	52	46	82	34	230	120	546	143	852	292	22	141	22	166	198	172	39	46	411	654	225	184	547	117	1	81	39	360	23	179	14	28	10	98	216	376	63	51	68	179	122	100	104	338	294	111	136	155	315	67
V170	57	30	40	266	270	46	69	207	63	133	298	5	283	222	1	0	152	118	225	321	571	236	526	56	136	237	395	317	130	167	105	79	432	30	236	262	85	77	232	328	293	262	69	35	26	466	118	490	39	250	45
V171	20	334	119	372	36	312	70	65	100	181	834	797	271	86	600	379	1043	326	693	422	83	703	184	133	449	44	0	75	74	722	241	2	139	278	696	396	223	684	228	223	171	337	27	26	194	161	253	602	193	25	224
V172	3	379	320	29	11	242	200	178	52	1002	358	145	209	67	37	252	335	286	307	385	515	349	83	28	247	104	265	42	0	88	442	85	251	109	264	93	247	227	199	393	197	2	255	58	185	106	64	11	76	407	270
V173	109	5	20	126	230	58	433	166	614	190	8	77	149	130	88	1	62	31	59	47	14	68	161	23	10	129	208	48	4	46	295	94	154	16	244	176	52	106	3	178	371	257	276	156	100	32	408	552	224	20	56
V174	339	227	252	616	57	176	110	37	78	14	211	94	345	470	718	447	69	41	138	34	8	21	473	1088	230	331	81	504	36	293	402	229	443	64	304	707	210	343	610	41	55	382	444	57	33	281	93	162	58	21	270
V175	483	61	110	286	12	84	82	221	432	115	85	5	293	130	3	62	41	79	190	321	13	443	249	252	745	448	318	146	384	188	95	241	210	37	30	293	11	50	188	9	160	216	275	75	105	181	1034	312	470	239	184
V176	574	186	534	455	288	2	104	295	32	331	309	39	180	477	361	101	70	218	27	589	138	117	12	160	839	129	87	62	121	415	30	43	362	230	391	67	193	300	62	139	44	166	347	121	22	47	148	159	9	237	314
V177	469	678	80	488	111	57	585	5	289	95	191	348	48	359	341	557	170	237	170	82	168	189	192	159	100	36	396	512	8	1134	355	223	198	276	17	261	312	276	322	46	74	240	139	90	152	67	101	395	88	14	593
V178	207	995	92	117	63	421	292	154	215	387	308	269	235	129	181	121	95	206	36	143	182	86	120	179	116	127	54	86	207	230	498	134	124	207	398	87	778	337	97	804	145	81	210	123	65	15	101	490	374	151	673
V179	260	244	36	282	136	187	211	128	249	277	64	47	308	98	482	437	25	96	1	264	110	108	75	115	22	46	238	320	9	128	710	11	317	2	9	54	184	358	84	39	49	429	21	252	119	749	47	211	140	76	229
V180	190	50	388	361	21	61	35	74	142	44	119	18	133	73	48	482	144	655	157	79	229	55	18	43	274	181	130	355	521	18	27	783	381	31	22	132	6	189	154	5	204	229	364	72	340	292	1	305	11	306	90
V181	73	208	132	83	167	131	254	431	79	173	241	418	124	321	266	157	13	223	355	56	29	62	84	18	153	11	45	142	155	6	35	53	150	7	49	83	128	419	396	36	156	219	498	161	336	194	105	72	3	357	141
V182	164	205	1298	24	252	17	27	65	31	38	129	482	80	220	47	34	658	309	199	506	31	372	655	108	25	198	169	118	0	108	98	115	94	208	41	205	207	12	479	570	11	127	562	91	890	129	55	113	393	6	168
V183	466	7	29	328	170	105	11	54	204	55	2	62	25	57	27	12	579	512	48	63	86	108	530	95	489	105	329	162	313	169	138	91	99	16	506	239	369	52	16	5	390	253	215	191	807	49	14	45	30	368	141
V184	183	114	82	160	126	340	92	4	240	51	90	39	112	208	103	83	79	190	283	26	1157	176	198	8	35	626	35	508	83	124	237	374	336	144	19	276	170	158	29	196	109	55	334	39	70	350	97	23	21	116	142
V185	61	66	1139	23	250	23	21	339	182	309	22	106	16	35	71	235	333	166	145	199	19	248	12	116	244	304	24	82	189	674	145	650	231	56	142	54	199	17	108	41	120	129	95	529	149	244	220	348	418	17	73
V186	102	116	82	13	302	112	410	45	440	133	36	201	32	164	17	25	11	35	63	109	36	167	59	23	74	231	749	187	246	92	192	8	26	307	9	131	24	55	35	98	191	288	22	147	173	211	163	275	130	231	105
V187	407	287	49	278	28	58	501	759	1071	157	289	64	326	49	80	428	313	132	358	35	1	95	571	417	31	51	140	460	11	51	170	24	295	140	58	118	493	94	405	296	514	155	87	30	373	120	193	541	3	15	353
V188	0	208	13	20	60	203	789	238	134	116	437	279	78	97	314	179	12	127	273	94	297	20	450	277	89	102	2	80	171	356	48	224	132	375	139	77	112	156	154	68	1113	188	24	68	299	284	192	277	667	251	141
V189	146	696	428	27	91	338	41	65	477	6	3	188	194	81	616	29	63	137	288	270	126	126	221	360	10	769	33	50	57	105	81	347	342	194	31	312	236	30	95	174	11	59	397	287	694	114	480	95	3	312	519
V190	24	68	95	9	69	161	20	134	26	352	123	107	259	121	224	83	101	3	278	142	603	46	405	9	265	202	540	296	479	37	27	66	571	142	9	256	102	164	192	194	1122	292	401	5	257	99	9	231	642	175	65
V191	297	26	106	48	120	114	233	7	207	208	18	139	588	13	53	593	139	139	336	348	216	114	117	39	10	295	122	8	533	9	173	71	139	550	196	28	29	143	314	478	104	250	35	481	823	44	92	20	21	794	103
V192	343	75	387	31	278	376	76	358	171	163	125	42	26	319	2	86	508	94	260	128	328	26	47	168	29	2	570	18	62	36	229	234	121	53	347	17	176	70	193	32	150	95	193	66	80	44	151	283	141	405	146
V193	108	94	121	195	681	542	376	322	165	719	353	177	4	10	142	82	355	15	84	35	64	25	639	1	68	56	140	8	0	125	292	135	46	48	138	327	129	146	14	153	73	117	68	241	166	427	246	172	273	176	102
V194	191	526	228	187	186	269	29	140	268	217	288	151	63	490	51	57	155	13	209	177	542	143	180	72	728	121	3	141	25	122	190	35	95	159	17	78	66	80	48	12	39	180	57	388	158	298	441	96	100	29	422
V195	484	176	934	331	84	118	0	68	161	242	54	62	312	147	177	632	33	84	277	128	81	213	203	117	79	35	120	474	3	217	306	360	34	153	315	211	544	36	148	78	557	543	427	1030	82	928	224	154	119	7	254
V196	78	146	219	288	41	216	9	223	515	70	202	874	464	51	96	100	275	514	388	105	26	102	72	11	167	880	46	5	284	143	127	29	264	29	265	203	314	46	158	42	306	16	123	145	233	733	32	14	242	54	133
V197	221	6	54	127	134	102	32	69	380	80	85	95	9	48	42	235	6	22	431	20	69	6	182	9	714	117	82	1	198	14	0	36	194	397	57	219	117	116	134	47	77	29	16	177	317	261	67	173	172	42	75
V198	19	23	39	1	155	119	33	227	187	273	263	319	97	130	417	223	101	266	51	7	408	34	45	55	0	270	356	86	32	68	151	495	17	149	35	256	144	241	254	206	81	44	203	406	120	203	5	176	344	85	39
V199	179	291	135	36	136	177	113	78	78	19	38	28	539	139	191	74	15	265	169	463	38	241	549	163	7	269	342	509	373	135	134	129	157	6	590	72	280	2	136	194	544	142	190	7	80	199	190	64	124	147	280
V200	239	438	369	65	497	90	737	36	208	403	203	272	165	150	20	15	21	10	155	23	283	50	326	72	351	23	171	39	16	47	258	10	19	126	18	793	429	181	59	24	469	138	108	118	80	117	135	169	536	26	372
V201	226	334	53	126	274	878	218	75	306	229	199	209	66	158	81	228	82	51	646	167	46	374	221	88	16	472	11	707	166	187	126	26	113	527	139	166	15	101	270	306	146	541	265	472	87	266	2	12	40	300	302
V202	419	499	45	30	80	219	564	224	23	36	60	790	24	44	11	525	125	226	50	62	99	26	292	40	260	16	16	121	64	625	7	295	420	109	6	52	601	343	16	97	461	183	12	36	575	193	29	478	242	128	448
V203	135	21	980	323	86	397	483	219	14	686	9	98	72	55	63	628	145	44	296	322	240	167	11	187	154	30	86	157	212	13	282	152	26	35	160	31	209	98	35	53	247	126	8	101	162	56	245	239	181	469	69
V204	42	235	248	99	149	283	435	111	737	262	222	12	142	430	289	153	91	3	7	172	411	124	339	2	127	435	53	59	41	216	772	232	618	578	616	550	145	37	63	160	1	11	159	271	360	409	299	68	77	18	187
V205	97	182	34	24	51	167	100	704	112	144	57	793	138	186	307	328	94	380	77	364	251	95	173	89	80	81	212	386	114	1019	1	51	255	5	89	184	97	0	55	527	142	162	220	78	46	35	359	154	401	124	183
V206	40	85	24	351	19	212	67	214	55	53	85	341	227	37	359	132	7	231	8	199	18	406	415	55	34	45	13	218	67	4	63	70	213	114	149	12	4	61	168	70	340	50	246	299	258	4	364	103	102	370	93
V207	1	153	448	118	251	217	76	12	77	167	17	29	32	84	148	219	161	404	145	533	6	124	139	183	42	153	92	95	21	343	2	164	53	118	44	72	387	322	9	680	7	66	266	79	21	532	301	188	19	141	137
V208	184	39	189	72	292	23	120	338	21	97	89	296	436	118	182	20	611	355	24	27	102	663	210	15	3	255	28	209	232	241	775	75	177	288	18	178	20	534	84	279	399	34	80	84	135	93	163	78	346	496	85
V209	119	223	113	126	277	735	488	139	24	123	143	30	196	239	242	70	302	53	644	89	152	8	363	37	192	112	103	222	30	116	26	25	24	1021	300	114	148	11	112	18	540	28	258	486	21	560	315	171	250	560	213
V210	503	297	76	910	655	106	115	474	261	85	22	436	311	218	128	16	86	313	134	168	149	27	438	2	233	308	146	2	506	268	16	80	210	25	57	328	335	371	65	746	396	126	104	65	95	208	549	245	454	400	348
V211	879	361	660	175	609	218	520	100	681	154	10	32	188	181	219	39	148	44	63	314	54	198	254	275	22	8	74	262	25	47	112	341	1	14	245	357	80	327	61	210	45	97	30	71	249	54	108	571	321	793	507
V212	173	111	189	252	108	13	125	405	1	359	207	154	65	21	234	95	155	365	94	115	449	49	38	66	6	17	449	7	402	137	189	68	152	217	34	60	78	86	194	298	279	92	61	28	212	141	374	143	102	329	132
V213	88	97	45	159	664	85	35	60	139	192	38	1205	157	106	44	586	246	24	111	399	50	325	382	209	77	330	131	116	99	104	552	101	416	23	128	311	790	212	184	382	24	157	22	532	102	148	1144	524	27	18	117
V214	115	23	85	218	26	168	38	57	255	54	215	392	154	240	307	314	276	61	6	116	444	56	161	49	28	2	402	113	154	203	100	619	154	63	12	807	327	99	728	399	409	15	88	60	220	27	4	42	70	30	71
V215	42	86	33	64	261	2	468	364	123	281	39	60	88	3	19	144	236	20	42	108	197	238	156	334	14	223	56	128	352	290	150	207	78	30	17	269	476	11	38	107	11	31	669	193	79	256	63	114	386	6	70
V216	344	126	30	225	476	72	18	377	114	338	29	236	444	191	98	177	180	56	59	175	79	421	121	116	196	102	109	152	33	263	69	480	149	65	22	571	95	84	40	37	81	251	132	90	206	173	180	30	214	78	194
V217	111	254	37	37	60	230	369	458	253	326	239	282	40	344	296	308	317	154	187	266	459	1	27	133	205	6	128	269	593	93	231	185	121	255	31	749	72	126	19	121	451	202	589	27	232	74	178	82	874	89	221
V218	67	87	4	362	349	428	31	9	119	233	63	615	130	79	494	346	176	419	289	57	324	352	1	261	52	200	538	203	164	45	37	508	186	41	217	165	5	306	547	545	246	115	185	17	151	146	136	297	377	371	81
V219	365	217	265	75	129	280	303	27	200	336	102	198	44	23	129	166	298	169	223	86	324	5	113	145	21	395	754	88	277	51	317	59	2	291	199	82	131	24	16	460	10	119	139	663	74	2	28	78	93	29	243
V220	190	100	130	257	152	97	232	177	31	1	269	196	280	351	515	105	9	313	283	161	30	4	577	29	224	1	6	313	677	230	604	1	363	259	121	178	49	34	479	48	108	102	579	301	414	149	133	147	19	214	133
V221	1069	104	87	62	304	272	343	161	405	233	95	72	50	82	89	338	43	935	66	9	365	637	170	673	500	41	325	271	12	47	37	148	92	47	58	116	465	33	18	641	301	471	94	276	201	39	397	877	59	78	378
V222	227	189	65	34	199	17	140	564	38	21	126	209	13	18	41	275	157	327	233	390	76	207	112	131	84	106	180	489	71	83	13	165	22	44	209	18	21	251	137	729	172	77	41	119	171	67	187	118	63	17	181
V223	74	172	16	96	62	53	81	12	243	44	1184	41	1	65	115	172	326	397	216	233	54	250	84	57	65	24	260	18	49	530	174	27	181	321	109	269	2	77	567	122	118	132	72	99	93	18	946	33	158	357	154
V224	794	45	365	477	87	38	30	167	32	531	46	221	127	87	87	355	343	131	473	140	259	147	195	45	555	200	30	244	81	26	62	63	152	303	128	35	660	21	72	46	85	28	61	94	62	204	48	133	201	28	255
V225	24	219	349	28	118	123	115	615	119	44	232	320	521	31	3	988	1	197	125	46	37	171	61	344	94	537	314	554	692	102	550	179	346	135	235	715	173	206	60	61	1	128	163	26	1	23	36	9	265	89	171
V226	144	343	317	40	101	185	340	56	383	137	430	288	254	25	8	334	62	1	4	60	51	229	139	28	11	56	191	468	308	3	159	226	196	349	273	4	36	685	90	212	191	24	83	242	97	199	35	43	272	24	266
V227	560	69	237	163	475	84	208	298	230	87	96	52	118	328	374	225	309	55	57	76	74	776	371	75	30	132	123	64	168	216	141	33	2	72	26	176	270	251	71	274	348	314	211	45	1009	26	64	130	56	185	197
V228	1324	78	36	130	171	220	335	56	59	230	170	419	129	573	165	48	23	17	189	327	111	120	114	134	665	334	161	5	217	134	354	835	25	350	546	229	394	166	97	154	395	105	228	257	132	227	128	21	365	348	410
V229	195	38	152	504	83	124	4	353	26	26	96	69	117	63	115	208	207	149	22	126	72	42	67	479	499	84	226	52	406	349	324	89	437	108	250	612	199	213	18	68	93	363	20	69	427	579	376	32	390	299	94
V230	151	46	174	72	101	111	313	45	27	47	81	303	116	58	573	612	294	243	27	211	99	26	47	249	108	124	33	564	769	165	117	308	679	44	72	321	45	95	38	90	168	137	25	473	81	117	347	181	252	54	73
V231	61	87	21	51	147	3	177	25	101	171	10	151	143	0	167	36	22	21	279	182	99	295	37	101	281	54	26	112	101	106	1	672	349	278	208	412	125	153	1	160	7	15	76	180	14	25	218	1061	431	77	109
V232	245	185	251	23	110	260	73	325	111	62	290	173	77	11	215	295	207	266	134	116	528	177	443	98	165	1263	209	12	61	415	518	143	99	164	37	306	224	23	617	212	411	284	98	271	80	332	261	171	66	34	197
V233	445	69	63	240	3	220	187	391	137	32	451	191	347	203	362	80	431	5	11	17	32	49	90	76	76	321	110	174	260	547	41	22	3	202	129	26	76	176	148	41	23	160	82	63	8	794	68	141	306	41	170
V234	26	69	268	100	671	551	68	97	178	47	77	6	96	136	18	289	66	50	292	220	166	294	17	66	159	92	355	56	8	118	49	166	89	209	274	107	98	168	163	39	900	121	93	59	255	174	184	223	9	16	64
V235	70	277	426	217	234	214	151	41	137	17	381	226	502	139	370	6	372	307	234	441	256	435	392	13	111	5	352	390	229	113	246	579	640	119	105	138	51	423	216	286	129	135	92	329	413	475	36	160	61	83	238
V236	177	204	11	210	4	241	181	47	410	25	90	238	205	314	297	117	127	216	1	813	22	183	15	14	89	25	35	89	780	166	8	76	247	268	310	116	75	240	147	463	58	7	281	16	423	607	1	44	288	17	202
V237	90	714	5	560	305	194	21	224	258	393	68	594	150	255	438	174	72	35	22	206	41	109	268	381	322	245	95	141	541	22	163	309	191	13	273	21	186	515	116	214	29	55	19	902	33	178	243	186	175	27	548
V238	2	104	51	129	218	11	3	323	51	281	120	35	71	189	68	142	423	6	746	36	143	480	389	287	54	365	261	194	106	103	115	231	318	233	2	55	195	626	72	418	26	163	219	140	81	7	127	540	288	113	74
V239	300	165	152	694	95	36	10	66	457	462	341	309	151	78	61	156	216	69	68	312	68	271	146	59	61	289	407	184	83	801	1163	295	108	198	466	475	307	357	183	243	97	17	68	140	54	113	555	133	96	24	197
V240	97	341	206	126	119	151	668	176	35	41	163	159	199	139	74	232	127	102	52	233	12	257	175	98	232	82	32	44	81	351	148	106	232	812	5	53	101	135	83	117	93	212	6	892	98	44	253	20	89	43	239
V241	239	241	212	305	49	3	17	41	24	781	78	107	604	479	432	397	22	7	1077	119	453	40	17	337	0	627	108	294	95	13	361	24	513	799	27	52	130	126	666	652	276	73	480	187	989	49	27	159	263	40	223
V242	339	221	66	86	113	272	187	95	478	58	105	227	17	132	403	28	103	44	409	11	97	699	443	62	279	115	138	15	148	595	20	444	178	75	446	95	110	112	8	371	99	132	216	55	297	242	173	183	58	64	259
V243	93	30	932	139	870	100	15	4	145	3	18	32	154	102	124	18	161	209	177	58	220	158	298	252	10	40	50	322	53	14	475	185	571	29	16	662	45	272	288	6	111	68	78	167	89	9	74	120	249	206	67
V244	44	18	76	385	62	8	436	75	91	276	252	32	844	301	16	106	33	195	301	121	135	189	29	83	354	99	340	84	272	109	8	446	362	201	431	134	327	55	66	102	528	728	391	14	54	348	145	25	364	478	37
V245	63	459	16	252	6	100	20	170	784	51	168	47	77	207	114	391	11	415	517	85	315	62	65	40	195	204	555	342	201	187	30	9	289	226	93	124	110	567	32	169	116	69	37	16	28	10	540	5	2	533	330
V246	85	282	211	124	117	283	544	351	342	33	127	13	26	44	64	32	1017	261	211	47	16	218	52	121	71	109	138	129	4	173	9	372	57	183	89	101	8	111	159	129	71	340	73	35	612	45	96	339	458	227	243
V247	28	112	2	252	81	35	18	38	302	681	106	200	3	63	186	180	165	140	54	37	739	134	256	106	171	406	12	86	36	43	202	102	23	189	97	3	182	23	755	1	123	1233	178	196	2	152	432	65	109	118	118
V248	64	233	70	110	91	73	7	68	109	103	68	97	99	134	134	13	663	41	38	62	2	80	46	204	410	17	141	8	629	129	104	65	128	172	46	149	6	52	86	68	61	97	497	301	133	537	76	72	220	196	172
V249	93	70	23	908	60	5	194	585	26	8	183	72	96	18	243	131	132	192	235	32	132	322	209	38	988	281	110	287	206	496	363	7	642	91	448	17	229	14	442	59	37	140	285	493	59	96	63	27	188	10	93
V250	144	552	0	17	115	197	65	10	523	115	398	393	184	53	367	854	54	124	34	39	72	227	32	310	135	36	15	271	13	290	10	115	59	142	342	7	109	21	14	53	45	233	60	62	77	86	150	260	202	111	389
V251	310	253	45	478	212	137	45	216	87	115	342	18	26	79	156	435	199	88	321	292	248	112	635	46	176	25	36	170	63	41	296	6	14	55	119	54	9	191	225	165	53	39	205	47	389	569	42	102	168	104	245
V252	462	226	63	257	151	57	65	520	263	116	138	42	15	335	428	0	61	164	260	153	558	870	233	99	152	66	135	177	186	75	154	368	599	314	367	146	49	125	27	338	90	115	7	215	179	1017	140	23	39	201	297
V253	56	211	160	20	8	252	198	16	322	184	162	243	95	79	96	476	53	224	331	64	2	117	30	72	77	187	8	35	139	135	106	194	11	157	64	13	163	453	279	4	4	300	1	13	221	68	355	9	159	224	170
V254	34	340	495	56	505	42	325	258	279	287	98	403	101	39	152	219	308	3	623	75	75	328	553	609	208	100	50	182	32	9	4	230	47	557	73	102	35	294	214	84	124	166	6	144	30	6	6	90	1	51	264
V255	314	38	44	112	124	163	103	533	30	182	355	92	194	146	465	38	65	36	152	40	200	167	40	385	157	265	638	137	160	444	111	217	128	24	118	576	130	117	339	165	628	202	255	236	34	231	205	97	362	2	121
V256	22	45	88	58	272	45	287	25	359	68	212	34	341	618	37	139	3	924	177	136	246	44	300	397	264	386	301	356	230	150	514	57	282	357	91	44	63	90	203	274	592	324	68	67	4	25	242	155	399	320	67
V257	20	55	137	315	355	113	167	7	354	0	253	278	145	278	124	90	54	35	506	795	283	113	315	54	252	58	76	48	319	197	127	737	45	94	26	47	545	164	123	431	327	250	336	27	420	24	84	173	245	272	80
V258	899	441	30	330	266	0	75	249	197	92	1578	17	88	59	115	258	133	235	246	887	475	56	79	34	160	43	18	307	327	1027	91	38	94	11	153	54	309	148	663	62	181	24	126	177	169	92	343	51	291	195	548
V259	93	2	9	103	4	430	553	3	170	447	9	353	841	255	288	20	31	149	124	152	82	155	929	30	216	166	136	70	86	133	263	695	148	424	332	500	419	308	386	341	522	70	188	400	118	294	70	124	82	385	42
V260	12	173	7	30	267	72	233	30	299	63	45	344	273	48	101	2	16	66	174	325	291	255	187	14	45	435	191	91	70	163	1	13	71	91	136	201	182	186	491	227	164	7	108	11	62	113	53	429	13	11	121
V261	5	94	485	18	18	55	58	213	58	345	153	55	41	63	97	203	60	163	97	240	4	256	67	286	51	251	127	100	243	25	188	124	151	178	327	81	327	212	196	176	144	296	2	165	137	167	144	251	36	112	65
V262	137	579	59	27	101	304	426	452	139	81	167	59	474	13	61	117	135	575	221	259	133	122	56	1079	95	90	280	182	54	164	64	24	410	141	430	105	50	99	153	157	99	155	245	143	345	29	4	118	479	18	399
V263	281	84	86	132	307	144	304	72	2	337	58	71	139	69	273	119	116	267	22	148	159	60	320	82	90	242	45	32	41	391	60	146	351	282	139	94	10	134	167	9	9	276	497	147	85	203	57	114	77	172	154
V264	552	653	165	72	16	376	102	146	110	140	144	77	33	491	27	246	58	260	275	189	75	276	434	240	208	88	43	169	369	100	52	75	16	52	1480	143	247	93	72	114	129	37	523	234	30	323	639	155	178	14	560
V265	0	281	24	172	692	285	240	108	74	243	358	302	5	346	74	16	101	832	48	60	785	701	19	257	50	293	498	286	129	146	26	105	482	44	240	22	268	643	235	161	61	358	218	424	112	222	28	243	122	44	196
V266	94	111	24	15	35	74	241	15	252	145	69	900	70	619	71	153	356	229	180	584	265	148	5	2	148	256	244	60	51	125	14	201	889	833	113	189	346	26	137	157	364	267	244	39	298	183	20	94	76	34	94
V267	167	22	227	128	306	169	20	211	230	181	17	181	334	19	265	40	74	75	146	253	323	47	58	133	19	62	285	565	541	490	62	68	204	180	229	781	762	284	346	270	73	31	311	92	7	112	235	663	75	20	70
V268	93	81	423	165	206	1724	12	138	301	343	120	282	53	337	39	122	501	105	56	206	498	560	50	75	44	502	234	173	386	683	80	91	40	240	96	118	160	363	103	436	28	44	24	296	75	34	23	47	786	50	102
V269	317	342	598	472	0	183	314	16	317	15	117	555	4	374	213	9	67	62	191	211	32	104	44	5	80	76	159	123	266	67	119	452	37	603	111	32	278	18	150	112	32	158	101	256	182	143	213	678	91	104	360
V270	496	5	51	1310	212	7	5	325	518	82	33	50	51	345	51	829	16	47	234	167	150	111	183	152	123	276	70	11	67	431	8	12	28	223	39	12	28	112	50	45	136	36	72	392	369	200	340	450	122	17	163
V271	204	245	182	79	64	120	71	113	88	522	46	219	151	13	449	110	330	10	390	291	99	624	28	254	329	126	314	12	177	25	46	6	126	24	455	193	37	366	14	116	806	183	13	32	1	159	1029	166	311	13	229
V272	288	636	143	63	191	245	376	16	365	128	395	5	497	10	411	12	292	154	75	37	72	83	6	133	173	383	257	493	162	83	130	173	840	79	65	6	368	28	156	20	268	170	174	256	42	79	123	13	402	76	538
V273	135	162	16	18	192	133	21	209	404	456	74	22	466	248	350	400	4	196	112	253	326	57	604	68	36	541	130	181	65	27	376	67	648	263	55	258	174	130	16	70	357	245	179	658	19	107	6	93	132	360	168
V274	169	107	242	103	2	980	39	30	216	23	16	347	174	3	75	327	89	263	392	353	39	5	37	292	93	169	111	151	46	68	233	493	31	19	53	390	333	101	310	389	219	38	225	202	107	8	167	12	349	757	129
V275	190	79	580	503	68	244	38	551	232	353	88	739	56	336	114	247	317	47	257	178	117	152	88	227	107	105	132	512	16	50	106	662	348	30	236	38	426	13	23	12	79	453	138	67	260	27	289	77	121	44	125
V276	103	42	42	158	110	357	185	112	40	42	148	84	0	19	511	47	210	100	0	111	357	54	174	12	170	1	5	121	272	113	10	26	123	18	88	328	11	332	176	79	404	141	338	32	88	496	89	303	184	407	74
V277	172	64	15	118	39	268	66	334	275	175	82	68	66	93	83	304	335	95	142	23	1227	175	488	143	39	24	55	60	210	145	74	179	42	313	4	691	45	152	5	115	40	108	480	1172	268	95	353	33	446	417	119
V278	130	1160	365	205	39	44	191	250	174	317	140	200	727	617	537	638	447	261	196	217	431	300	14	139	55	359	135	343	311	80	25	223	319	43	39	136	179	227	47	8	87	217	105	282	1045	298	33	10	231	18	787
V279	158	38	77	698	229	13	123	225	478	393	19	76	271	359	568	242	27	105	161	162	70	341	287	226	94	772	475	263	362	526	26	552	421	153	236	105	126	50	155	511	299	466	306	14	206	289	52	2	345	35	87
V280	464	261	631	55	47	136	212	68	467	253	412	173	118	420	23	39	705	67	84	5	189	32	139	167	547	120	282	30	30	7	201	375	113	45	37	64	70	182	43	56	114	20	161	116	30	214	261	368	585	131	309
V281	177	393	246	15	5	233	75	98	77	98	284	518	32	143	161	98	1299	57	291	102	326	225	119	133	6	70	26	623	20	13	45	219	45	92	336	156	431	17	272	153	146	179	2	404	49	90	200	81	304	38	331
V282	312	108	645	104	111	32	58	14	344	18	86	5	311	251	215	103	85	74	86	108	23	70	1	457	243	43	160	22	179	35	113	537	325	122	102	32	154	276	96	86	575	59	158	232	1	83	8	76	137	64	168
V283	120	488	113	23	114	269	55	61	3	9	185	52	1	173	138	25	123	273	214	132	226	709	31	176	477	223	732	457	123	32	15	23	124	243	157	229	465	490	101	305	242	392	33	287	12	60	39	102	119	445	344
V284	80	161	212	108	163	276	280	441	22	137	358	69	28	313	5	75	182	130	83	165	174	226	225	25	647	57	36	130	759	178	32	266	171	8	30	144	153	152	220	261	38	201	174	0	309	329	1073	158	145	41	155
V285	63	132	225	71	598	37	146	66	345	256	19	386	55	126	33	162	16	94	34	37	908	34	594	188	137	52	90	76	163	82	38	31	227	94	8	257	139	284	185	100	167	7	134	3	244	223	819	47	24	215	134
V286	192	18	5	390	576	34	696	45	619	443	47	21	465	344	179	470	161	115	106	1213	453	20	470	31	221	70	36	124	557	379	8	123	43	369	155	62	402	51	209	8	206	30	78	109	164	140	38	294	287	308	70
V287	221	484	6	502	333	55	121	616	740	69	58	65	43	42	71	86	216	171	81	104	86	71	69	43	128	38	281	361	64	561	102	98	52	17	60	23	68	78	226	143	154	47	99	264	97	1085	193	34	269	237	375
V288	169	179	427	559	332	123	272	34	126	23	484	133	133	182	508	102	115	53	402	483	274	274	29	288	185	35	1	391	310	596	182	132	131	294	36	187	140	312	232	289	150	682	11	187	96	36	14	495	1	332	184
V289	403	7	281	261	125	271	28	62	77	310	93	536	318	239	126	176	575	478	95	10	792	805	225	68	170	27	57	123	83	596	98	136	353	574	243	386	2	237	95	188	124	189	261	57	197	44	127	49	13	187	138
V290	59	278	77	106	342	113	583	263	347	445	14	392	159	164	437	6	257	157	0	129	5	524	108	11	434	225	87	131	136	44	224	377	329	302	680	10	185	24	157	194	128	385	192	720	255	638	154	26	518	457	219
V291	61	84	548	28	20	53	11	145	117	567	71	267	182	164	91	57	53	81	44	36	162	563	118	191	205	386	116	119	37	124	63	28	112	71	60	131	78	16	36	8	230	80	22	344	265	174	171	443	55	35	104
V292	32	81	101	135	0	4	238	18	260	16	182	776	84	477	125	281	481	314	133	95	140	233	151	115	30	115	337	377	27	4	233	43	189	119	48	170	121	17	215	32	59	68	421	183	316	210	19	79	12	63	79
V293	100	36	20	343	303	128	108	28	564	0	248	879	293	97	389	282	308	80	120	87	11	136	211	346	74	3	165	191	139	32	5	209	4	312	221	193	111	266	741	33	412	57	194	204	60	24	57	1294	18	18	72
V294	182	19	191	45	5	20	155	135	102	626	112	145	1	123	160	211	140	75	14	54	137	121	6	252	11	655	119	39	839	70	184	381	38	321	31	20	231	622	124	230	15	85	18	46	48	84	322	311	115	44	64
V295	59	225	382	174	121	96	70	57	82	288	358	48	277	78	178	313	105	207	185	446	36	261	657	34	96	177	100	182	36	110	121	192	87	35	624	79	32	44	128	445	22	374	9	85	174	71	413	137	548	285	192
V296	130	221	687	21	87	143	194	6	144	133	208	94	67	987	207	193	158	138	71	112	119	168	101	57	453	319	104	192	34	93	6	77	9	14	97	313	39	289	98	71	126	12	1011	278	90	280	224	289	201	39	169
V297	65	14	216	330	3	85	114	83	97	159	112	71	26	211	121	501	32	121	88	474	290	142	51	234	313	293	17	100	273	438	608	15	97	13	201	188	541	214	230	273	192	91	247	36	150	79	152	100	84	360	45
V298	839	213	628	100	227	348	48	44	271	49	248	6	211	394	202	205	44	347	187	316	23	185	0	123	188	30	0	399	270	153	72	372	221	160	89	288	72	7	51	58	46	615	310	60	24	189	45	259	70	101	360
V299	10	722	496	99	7	262	205	83	183	59	8	324	67	62	24	74	268	613	26	419	693	9	182	249	234	414	46	17	246	143	43	50	128	613	32	31	227	58	46	139	77	93	58	733	137	98	148	32	322	281	497
V300	87	354	24	70	176	308	14	250	39	67	79	284	118	111	678	808	126	283	45	180	52	436	254	115	333	211	209	45	54	168	92	165	685	266	79	455	73	295	180	10	104	243	277	233	385	191	89	90	155	81	254
V301	9	131	83	10	675	34	16	33	88	5	625	252	45	9	165	42	159	35	192	69	21	119	0	278	318	56	876	198	55	205	648	550	37	1	279	183	306	68	137	723	0	423	355	152	435	64	163	81	62	265	90
V302	430	134	85	248	336	121	119	308	116	375	345	167	115	4	232	226	107	119	37	0	89	109	130	85	106	5	199	53	23	119	179	52	386	219	290	73	58	233	93	166	65	49	9	171	276	8	4	53	146	44	208
V303	426	67	607	446	79	100	29	34	157	147	230	138	9	52	19	10	87	240	57	346	107	25	268	1016	262	0	252	62	170	344	67	274	201	288	41	328	105	157	746	13	116	355	76	353	16	17	537	18	113	29	191
V304	434	188	149	465	31	195	378	262	22	345	671	297	51	112	137	207	138	136	141	124	746	43	377	135	320	314	291	300	31	160	61	259	8	195	101	806	188	291	76	325	133	35	526	167	54	153	189	114	139	178	271
V305	26	102	198	307	158	245	70	23	233	194	147	267	21	443	611	27	259	166	356	262	153	106	171	107	113	27	31	557	135	103	14	139	287	41	166	252	135	39	60	2	341	143	75	675	6	105	257	302	89	1	68
V306	0	196	271	127	53	170	113	319	200	530	27	65	25	19	17	311	0	44	193	228	273	643	429	255	224	35	271	474	171	125	106	1	55	179	58	8	116	96	12	63	68	22	418	247	54	589	532	10	323	136	149
V307	619	28	15	19	589	143	3	237	68	131	428	653	3	215	190	196	132	46	4	222	225	51	25	352	751	317	300	121	26	111	534	24	68	137	105	180	94	910	49	50	346	197	63	128	75	11	53	277	595	64	171
V308	136	539	15	238	897	125	242	148	69	255	171	120	274	24	227	185	244	210	249	2	78	80	66	33	439	276	84	294	58	43	147	61	26	343	342	198	69	28	401	168	309	525	453	137	228	234	170	78	86	57	399
V309	7	308	150	207	244	183	326	58	93	936	279	82	262	10	21	292	838	50	46	267	266	15	2	312	21	660	724	281	161	825	154	41	5	268	208	61	13	53	746	93	88	665	233	175	138	646	110	22	23	50	203
V310	134	59	42	49	365	23	175	241	292	110	18	72	188	109	52	134	92	449	333	105	805	61	72	153	214	543	0	109	186	325	208	88	58	34	4	573	165	196	1	282	516	143	283	156	141	173	267	392	81	200	96
V311	17	902	187	22	18	141	248	60	262	97	41	446	13	40	334	531	61	198	63	278	102	158	117	81	66	321	25	110	10	361	128	429	309	92	113	831	43	405	68	110	265	22	339	16	76	203	240	172	289	72	593
V312	255	383	102	316	79	72	128	241	16	83	146	60	60	159	8	97	515	34	361	275	47	161	96	15	4	14	20	147	52	59	17	123	10	392	9	25	246	454	168	106	576	550	46	65	32	335	119	207	14	200	329
V313	415	165	36	84	246	417	106	146	93	520	143	44	28	16	166	64	78	751	126	19	214	655	1297	22	41	224	110	82	345	170	182	436	187	192	77	353	145	23	9	163	235	149	232	49	365	108	24	145	951	66	216
V314	192	301	128	58	685	242	213	273	52	11	246	200	265	371	96	148	129	93	622	688	51	41	311	90	681	64	334	315	2	38	297	34	29	209	171	41	7	398	75	393	12	0	513	574	130	307	74	204	289	319	279
V315	456	82	83	46	326	596	43	116	271	361	144	259	65	13	43	25	30	313	534	59	321	4	25	500	252	98	482	105	404	20	564	274	32	330	282	239	66	49	562	240	79	318	375	102	192	86	56	225	249	108	188
V316	710	155	224	116	89	20	196	1100	29	96	105	114	227	131	112	67	223	147	14	86	231	306	118	19	550	133	154	143	339	262	62	165	231	438	488	167	5	245	84	176	756	45	135	32	94	870	90	42	640	184	290
V317	561	8	106	132	376	53	129	47	38	290	226	4	671	118	439	708	62	186	210	128	127	66	75	321	51	105	376	75	13	145	315	103	169	339	74	188	382	44	53	92	32	241	333	42	37	10	7	209	680	440	170
V318	23	61	155	235	86	142	97	375	46	200	630	87	33	169	522	52	85	160	284	206	108	284	28	386	138	693	33	92	7	152	207	245	481	100	44	130	316	42	559	74	223	514	264	254	652	70	22	111	415	301	77
V319	328	54	165	41	183	77	256	665	217	35	92	47	26	298	285	163	258	226	117	90	16	314	27	175	38	38	316	277	79	151	244	93	349	196	20	63	415	79	291	164	200	81	663	115	57	36	20	106	580	168	133
V320	447	192	168	328	438	15	50	42	912	422	185	16	165	451	78	76	216	79	225	18	243	72	84	62	23	234	27	82	171	382	507	570	357	99	72	143	7	0	131	87	154	35	101	43	250	103	49	155	24	4	245
V321	136	197	301	105	210	205	79	466	333	1	133	17	73	106	100	197	5	356	31	225	817	143	191	6	232	34	68	69	76	267	176	101	42	128	492	50	38	300	243	635	49	222	34	276	4	445	323	269	6	32	176
V322	253	49	98	124	66	39	157	11	218	180	39	4	115	315	34	147	93	333	345	173	373	139	3	162	880	154	228	141	31	673	140	71	231	101	153	104	3	77	464	340	903	134	19	523	267	587	10	109	237	336	102
V323	632	310	16	470	67	21	151	151	420	411	115	130	59	202	364	311	401	6	344	352	132	57	239	498	59	31	494	20	109	40	53	7	135	19	61	21	160	70	206	402	52	173	96	8	960	280	231	128	176	427	402
V324	711	137	159	170	213	41	167	377	284	86	169	160	159	387	329	103	347	331	71	193	282	53	120	264	69	484	312	67	298	72	92	104	409	6	111	223	9	132	129	174	11	112	193	26	36	18	9	129	254	25	305
V325	379	248	51	94	454	653	128	77	91	118	177	140	492	144	383	165	129	173	37	119	76	38	364	113	158	14	578	296	332	177	505	3	290	598	392	215	90	432	165	42	286	272	271	371	254	27	99	94	129	119	292
V326	34	6	150	128	31	301	706	666	165	57	190	198	134	542	234	114	390	104	263	55	79	317	363	486	554	101	573	117	37	5	66	168	144	133	355	86	163	97	401	25	9	753	170	118	41	40	126	274	523	11	36
V327	49	17	1058	302	32	10	1	251	134	184	53	173	41	47	91	31	106	560	93	9	594	142	42	274	231	391	10	166	81	54	45	87	47	398	22	31	131	88	208	244	122	520	148	107	210	75	239	193	338	102	50
V328	8	26	16	6	370	80	296	129	88	552	200	749	204	230	39	266	536	81	39	393	11	101	229	551	120	48	21	193	81	170	503	68	43	341	66	143	74	791	343	84	23	73	622	85	133	116	568	22	6	52	40
V329	501	14	79	428	46	32	89	102	22	6	186	20	195	719	292	282	203	229	19	292	40	98	559	62	119	141	25	357	441	538	81	54	262	14	136	292	95	21	22	589	37	391	149	308	1	626	34	257	196	305	137
V330	461	329	381	256	164	3	43	11	122	291	36	6	34	201	105	152	149	132	82	233	79	262	405	14	25	355	211	441	270	424	276	57	95	120	134	145	114	450	131	54	100	145	275	79	58	50	227	31	81	13	380
V331	91	95	458	98	28	143	315	41	59	290	52	496	420	210	343	101	14	41	133	107	771	203	234	112	92	199	281	54	131	62	265	207	86	499	151	88	13	45	33	81	16	133	61	10	90	91	215	375	95	8	110
V332	432	63	156	189	1913	77	742	52	504	59	70	170	280	71	284	161	78	46	36	28	268	136	97	92	379	90	263	51	307	238	69	303	7	86	645	98	146	101	676	43	169	61	97	7	1341	5	6	220	326	79	167
V333	95	155	27	167	187	109	456	10	55	17	456	336	185	320	194	251	208	132	610	204	323	28	177	127	519	141	45	570	32	231	470	44	43	349	106	48	888	74	399	78	1268	170	188	31	241	177	205	91	42	185	168
V334	114	187	75	106	126	127	244	42	37	589	202	357	284	74	129	61	82	204	338	121	29	178	293	134	104	571	22	41	69	648	159	248	255	148	446	164	110	861	100	83	34	147	31	166	604	133	293	59	122	199	153
V335	468	427	127	18	165	54	106	39	41	79	6	45	206	313	83	352	602	15	11	206	669	120	155	51	141	280	130	6	350	210	542	147	19	831	153	16	265	3	160	23	36	20	566	328	958	0	504	107	21	507	414
V336	58	94	28	156	542	414	321	196	294	296	6	126	124	548	114	101	22	422	9	17	26	101	145	55	99	225	190	252	78	29	111	151	133	4	314	27	159	140	302	335	774	544	329	37	321	275	509	130	44	133	71
V337	67	8	236	690	109	574	294	83	160	311	603	31	139	78	82	37	472	209	281	29	217	24	23	238	234	201	193	48	373	212	107	15	49	388	32	847	51	154	120	56	33	9	205	15	475	0	300	348	85	235	42
V338	107	164	71	382	104	467	151	209	5	2	58	111	157	273	142	334	68	110	23	135	91	100	322	472	83	251	3	80	59	134	75	217	164	187	31	222	26	10	547	94	19	187	369	54	87	177	120	62	34	74	149
V339	367	546	223	139	192	222	14	41	30	136	247	433	180	91	778	76	261	336	147	171	112	94	430	23	18	103	229	258	164	481	91	602	73	52	23	122	262	82	36	123	863	501	114	101	398	94	231	15	80	34	514
V340	222	342	258	164	119	3	388	105	107	273	19	138	370	110	272	32	11	255	137	227	16	177	57	157	392	132	18	281	43	53	203	16	133	124	85	152	25	355	101	41	145	2	84	5	88	27	72	62	222	111	256
V341	106	137	77	227	200	587	23	358	84	196	103	77	43	193	225	100	372	284	230	341	86	80	166	28	147	17	105	349	56	308	16	253	304	404	50	37	36	49	192	118	146	35	40	0	41	1	60	54	92	45	132
V342	117	162	311	1000	0	173	579	67	78	4	4	135	78	69	615	122	156	181	151	51	310	191	761	120	292	246	18	1	44	28	113	226	209	386	67	130	250	63	351	27	85	91	187	227	432	161	647	495	272	1375	159
V343	663	1232	209	25	358	29	52	220	195	184	0	136	583	212	43	38	74	24	31	151	506	209	46	638	214	25	33	67	165	119	55	341	45	173	629	503	48	324	328	82	19	29	39	87	113	246	582	392	14	314	1046
V344	37	34	268	38	113	84	221	147	83	79	194	42	49	119	12	180	30	44	312	174	122	7	332	119	567	548	232	128	63	103	60	97	49	143	304	75	15	12	26	280	36	73	433	211	383	431	77	10	61	329	48
V345	69	192	55	41	85	211	50	231	31	400	470	230	309	292	417	22	5	232	265	23	19	300	1	254	145	178	119	39	29	54	4	207	403	407	280	927	110	121	24	105	28	228	17	382	152	613	139	4	48	45	157
V346	137	95	119	1	11	133	524	184	35	3	47	90	193	123	62	112	63	878	129	73	56	30	77	80	63	116	92	413	1	90	44	95	23	64	27	662	82	153	7	117	781	353	41	74	387	131	209	148	48	515	124
V347	61	153	132	190	6	181	162	89	61	114	21	568	253	212	198	147	234	28	25	13	32	130	87	145	659	77	65	35	644	153	188	333	68	7	223	123	417	155	252	152	317	474	103	170	203	103	58	64	278	346	134
V348	14	323	175	2	57	202	172	355	319	117	126	3	127	198	465	70	125	73	192	60	545	287	37	9	231	220	194	124	7	110	61	25	330	128	204	143	191	178	453	2	178	122	130	179	250	167	236	168	284	515	248
V349	15	38	386	89	424	696	110	100	240	114	82	42	57	694	7	552	30	300	533	102	53	421	20	412	198	34	24	16	263	658	33	40	85	250	269	208	32	337	170	29	123	123	166	89	156	142	119	296	262	7	56
V350	208	658	12	150	478	7	45	348	72	277	22	86	214	258	109	556	107	161	62	362	422	154	708	9	197	309	39	172	498	370	334	825	110	17	271	280	134	82	300	132	139	403	45	238	256	312	108	451	416	401	482
V351	204	56	80	174	618	94	16	13	94	274	54	45	63	173	92	55	180	462	313	161	131	142	454	125	263	137	87	28	641	14	6	236	263	124	159	305	22	43	331	80	253	20	664	24	178	3	165	335	60	382	103
V352	5	53	319	222	11	30	130	589	136	106	166	196	165	385	488	96	206	207	380	660	62	13	62	31	107	52	131	2	19	24	367	137	94	9	54	602	111	401	190	39	271	493	17	55	28	289	19	357	134	395	62
V353	68	67	558	189	97	70	395	129	62	327	25	223	787	209	202	110	309	320	146	413	199	298	252	125	70	15	31	91	67	371	691	220	130	168	8	196	135	488	42	416	627	181	201	244	145	735	787	889	199	12	76
V354	84	11	466	86	8	13	0	77	15	317	320	1	728	326	223	324	64	78	1075	5	249	395	18	348	27	386	399	45	170	119	155	50	47	200	205	222	766	473	262	169	69	663	74	828	77	199	1009	6	27	16	55
V355	1	58	20	426	136	189	212	805	51	239	66	34	559	18	235	12	270	5	153	86	321	812	112	24	49	72	62	166	41	32	113	7	200	18	79	25	145	159	716	8	158	93	164	622	142	133	196	217	98	44	41
V356	167	33	116	44	258	29	158	377	408	3	253	97	11	78	96	210	277	3	1	18	426	44	38	30	167	94	144	179	120	384	110	154	340	35	109	89	83	323	207	171	246	178	283	224	71	329	1	572	245	21	67
V357	13	213	548	214	246	309	26	128	1024	157	5	462	121	267	10	898	63	291	14	95	151	742	232	16	280	99	168	88	550	323	315	45	316	159	20	139	354	107	309	223	82	533	487	576	2	24	23	336	212	60	185
V358	88	121	4	174	64	300	190	157	8	710	513	85	52	96	451	7	498	273	278	327	121	830	534	103	201	34	373	199	340	55	35	244	279	351	26	130	539	167	144	152	75	10	22	392	9	545	94	605	533	330	120
V359	364	58	196	443	231	309	98	275	237	130	295	19	262	32	491	144	1085	274	124	184	426	399	59	37	105	919	246	17	24	142	43	247	223	27	163	22	177	171	66	138	309	790	104	313	152	84	160	73	51	266	158
V360	590	501	368	36	75	18	325	156	320	401	170	216	282	79	209	102	258	462	92	155	202	555	233	647	20	83	15	98	282	190	1	134	671	135	168	153	669	32	0	213	36	310	59	59	44	188	161	5	209	138	475
V361	152	392	72	780	303	65	398	183	171	48	5	252	91	54	424	342	31	190	197	83	312	418	219	306	44	25	47	329	343	386	149	103	68	13	53	40	108	16	77	345	120	223	364	42	567	70	702	231	38	36	319
V362	264	36	231	258	260	151	371	115	11	41	119	575	100	89	474	420	55	53	483	454	125	35	85	311	480	222	240	167	48	377	36	670	22	132	98	389	28	63	20	65	74	55	465	9	325	77	102	418	256	473	99
V363	252	368	10	303	332	387	41	44	169	334	30	43	19	269	143	279	47	253	66	225	34	26	263	226	11	414	212	0	97	7	132	73	299	215	299	214	168	55	77	307	88	62	23	70	87	261	5	20	29	1603	307
V364	647	16	533	413	360	77	1	411	85	276	4	394	4	558	56	232	71	203	24	3	65	87	377	39	142	204	3	512	145	391	104	431	52	111	22	567	140	692	27	184	40	91	305	258	337	102	99	347	160	721	189
V365	167	271	185	294	310	263	430	17	1234	187	67	792	1673	119	45	7	54	161	178	46	52	201	212	23	15	255	14	375	40	13	377	191	357	263	582	65	21	651	495	248	64	57	41	40	90	412	447	189	22	151	247
V366	165	122	253	18	117	131	155	2	31	122	37	138	26	56	104	464	25	82	205	92	71	316	365	36	49	46	155	244	1093	28	368	276	125	29	22	23	297	124	145	203	134	9	651	20	343	3	303	187	801	146	140
V367	71	165	101	145	9	36	337	163	201	197	424	125	481	116	269	608	48	259	71	157	447	252	403	164	138	178	0	10	14	126	460	73	216	21	336	544	294	437	42	327	59	78	95	42	3	115	100	665	410	379	144
V368	207	89	27	430	29	535	13	177	176	8	63	445	427	74	53	295	321	603	404	123	306	16	625	392	30	33	82	244	369	245	242	176	185	172	197	94	608	544	284	139	237	185	420	321	14	20	508	146	193	172	123
V369	176	244	364	21	205	49	135	37	128	199	14	446	487	86	138	326	224	89	114	55	529	65	236	816	158	166	305	59	27	445	583	81	248	30	9	4	242	144	786	192	116	146	73	32	705	487	568	406	419	39	245
V370	250	452	123	74	151	481	455	86	56	46	483	431	183	116	505	246	75	218	93	856	40	303	99	238	26	394	39	150	151	226	1228	173	364	626	189	54	208	93	152	275	206	545	62	52	226	190	16	211	39	173	344
V371	206	543	1	620	98	253	34	624	798	48	313	403	638	105	203	8	368	73	503	2	76	280	162	3	107	201	172	630	54	21	35	0	218	304	52	65	378	730	3	38	9	58	83	254	212	19	269	498	432	257	413
V372	49	13	18	381	46	36	183	38	21	200	21	43	23	64	72	283	101	716	29	157	75	288	290	311	144	50	144	100	194	355	35	341	377	118	51	231	241	1017	876	230	96	13	381	52	207	10	100	351	37	439	43
V373	162	89	21	212	78	128	337	86	143	624	957	36	21	519	521	231	125	31	278	82	8	689	310	122	121	136	218	131	81	66	3	59	135	103	60	93	55	162	89	136	77	5	32	206	58	20	131	287	173	15	89
V374	25	230	220	57	272	88	1	127	617	10	40	69	23	240	51	232	62	871	40	46	8	54	240	260	131	59	26	173	169	151	59	267	369	55	254	852	71	64	19	31	109	35	409	49	308	127	395	19	104	45	160
V375	12	331	157	122	19	33	193	170	105	218	55	343	307	287	5	55	153	16	401	470	247	226	222	573	637	153	21	207	406	74	4	547	71	137	134	196	441	8	301	373	110	15	41	100	206	240	11	233	325	1064	253
V376	4	308	192	7	88	431	40	141	319	44	74	253	374	102	186	506	79	284	142	788	395	312	182	407	232	22	1810	70	41	145	2	74	383	250	20	866	238	70	162	42	68	9	277	23	394	86	48	67	272	30	246
V377	536	21	87	293	238	353	172	119	305	103	57	568	116	14	308	216	272	116	118	279	101	309	277	48	225	300	379	33	114	77	278	54	104	141	822	57	80	658	386	297	359	238	79	7	248	363	135	163	389	449	174
V378	81	287	79	402	13	7	41	254	345	92	4	93	210	117	15	34	80	124	121	42	59	42	72	562	198	21	479	395	179	383	35	264	290	136	364	1488	253	343	53	323	49	19	8	325	114	200	255	243	219	92	204
V379	129	457	154	82	220	141	433	124	152	155	108	7	216	322	47	428	41	49	33	138	735	156	148	238	265	11	35	371	12	3	133	83	407	45	133	273	281	85	5	416	195	62	298	18	64	63	298	7	38	230	370
V380	23	33	0	200	75	33	60	126	5	140	266	563	27	358	161	58	68	250	348	214	55	232	137	17	702	2	35	22	344	67	93	169	80	241	93	187	315	735	92	337	83	288	148	14	44	143	223	711	110	98	44
V381	970	129	257	293	322	365	923	338	148	142	52	26	111	89	143	58	808	75	455	204	308	13	337	277	51	276	271	230	198	834	45	275	95	587	176	85	76	90	259	163	301	512	11	29	69	247	112	561	597	11	342
V382	249	308	215	53	299	123	59	559	114	140	599	47	143	32	319	48	514	27	0	61	52	228	672	210	298	572	81	46	316	215	270	116	224	245	65	437	29	258	132	165	230	199	306	119	389	1157	13	402	23	173	305
V383	213	360	302	421	124	287	36	139	40	128	63	200	376	149	444	100	203	282	83	532	579	91	13	77	466	133	403	224	169	45	187	801	207	186	305	50	501	458	219	600	7	203	599	585	279	187	148	55	57	182	342
V384	323	175	283	4	557	769	73	194	106	91	116	352	186	168	54	235	304	89	706	51	126	48	25	122	219	99	292	414	209	48	175	303	117	17	111	74	233	9	455	429	439	15	22	72	118	126	168	99	74	68	201
V385	193	86	86	419	51	348	14	364	123	83	216	24	1	90	21	223	412	250	340	94	57	43	122	102	163	207	70	17	306	38	39	2	176	240	646	485	240	581	257	272	4	19	64	551	80	283	14	40	464	494	104
V386	295	137	179	75	229	375	1	148	771	65	45	517	269	50	136	30	63	133	329	477	19	78	78	208	206	150	184	241	90	78	485	170	99	235	223	17	125	23	111	539	3	195	159	80	103	915	68	25	66	114	174
V387	43	49	320	291	118	182	68	0	9	96	352	90	130	348	696	31	169	128	46	473	63	157	75	60	289	58	245	115	586	566	47	170	46	188	246	51	420	818	57	217	120	31	182	366	336	10	194	257	179	83	56
V388	539	341	356	145	624	163	127	225	5	226	286	65	13	433	225	98	115	35	55	247	38	25	536	138	19	703	237	4	8	16	229	113	904	50	289	389	77	286	112	10	21	40	120	103	83	433	20	5	70	957	371
V389	215	151	112	144	219	11	44	377	28	97	192	13	147	14	281	76	258	5	234	112	23	84	98	38	298	61	1146	334	27	19	606	195	13	64	543	227	595	211	4	251	120	279	874	137	531	133	214	134	89	218	163
V390	0	368	10	200	725	105	249	186	109	40	8	23	224	143	22	36	557	280	386	43	73	168	35	109	88	427	315	561	221	284	34	143	297	200	130	305	222	62	7	822	77	67	76	6	185	68	271	127	1	94	246
V391	97	11	10	12	242	441	298	171	20	78	59	127	369	963	147	109	227	74	706	249	60	278	372	128	655	81	234	19	490	180	28	341	54	40	319	39	593	291	10	186	61	227	85	24	124	113	446	97	26	181	44
V392	100	723	465	93	125	190	872	413	96	1082	160	124	74	453	329	787	165	3	285	1073	430	25	7	46	89	43	63	211	270	77	34	554	122	47	516	144	3	0	105	208	206	414	550	110	100	198	64	95	6	428	497
V393	104	20	28	12	140	324	170	456	337	427	88	157	299	414	517	0	53	17	426	435	114	17	216	474	182	227	322	169	95	56	7	158	61	28	98	383	339	102	97	248	297	125	82	261	399	190	280	66	12	500	70
V394	283	40	250	16	266	226	5	128	19	25	687	255	62	352	33	317	108	737	198	10	64	98	729	31	189	115	317	219	51	40	38	160	189	213	87	131	401	96	85	49	160	466	268	8	549	9	185	447	117	90	117
V395	78	552	284	321	88	447	0	382	239	482	1090	11	21	406	123	1	252	80	401	55	290	22	9	130	337	154	406	206	157	861	1409	675	237	62	57	328	41	104	166	115	113	321	323	412	8	10	21	402	141	101	404
V396	89	229	97	549	37	69	249	220	663	176	28	95	54	392	173	213	59	228	186	217	951	554	52	98	7	434	128	307	25	247	82	104	39	492	84	216	126	466	653	150	52	290	114	40	239	357	34	27	544	195	208
V397	204	422	0	76	97	19	41	214	155	51	1007	85	103	996	270	133	149	431	17	408	73	300	17	46	280	491	1190	195	214	131	49	140	16	29	118	66	302	13	173	42	210	71	65	67	91	44	87	18	100	131	340
V398	47	556	397	521	275	95	96	76	326	270	299	101	68	430	17	630	83	152	594	45	128	181	735	704	16	179	162	30	32	577	111	265	81	154	98	173	89	534	262	40	35	144	105	44	141	170	17	436	618	162	407
V399	741	186	69	233	93	24	230	129	161	77	326	69	268	499	52	554	70	151	84	97	93	89	323	119	1	438	197	94	76	12	43	77	264	231	265	150	352	3	481	263	924	16	35	191	131	32	394	55	309	75	318
V400	85	690	29	266	15	155	143	849	400	76	28	119	277	66	32	3	84	85	427	117	233	438	79	59	141	9	22	51	292	5	272	36	245	143	20	366	128	125	56	63	302	646	1061	56	29	56	58	75	347	120	468
V401	229	58	4	66	168	647	204	183	47	176	136	270	193	86	67	79	56	104	76	104	329	64	227	342	359	197	120	315	98	337	40	32	460	583	742	76	315	28	133	202	315	127	52	5	60	4	50	117	7	18	92
V402	176	111	272	942	674	78	249	308	13	1235	356	198	118	0	126	251	111	50	90	90	28	735	69	742	107	37	45	260	214	121	119	210	257	110	80	194	227	94	372	134	123	47	318	929	109	64	312	85	31	145	133
V403	67	353	109	153	355	227	210	309	0	210	606	514	245	732	366	8	76	438	140	18	411	82	226	358	253	377	18	402	126	264	309	129	143	255	292	362	465	75	662	430	323	31	239	466	462	34	399	198	86	12	299
V404	347	13	456	18	18	504	113	213	325	39	252	28	26	8	92	416	328	157	19	188	248	102	945	684	262	233	206	145	87	63	47	225	339	24	117	185	177	318	18	245	440	25	212	124	149	247	21	146	68	30	122
V405	283	39	36	34	327	252	21	186	1402	101	20	225	142	7	16	413	528	13	310	244	213	10	405	41	21	398	7	183	217	25	401	321	101	398	304	30	147	290	388	166	177	718	596	320	521	186	517	88	131	7	107
V406	26	33	53	107	89	566	105	126	31	223	68	471	307	564	180	4	684	107	36	111	242	171	17	79	782	6	1075	63	699	35	757	226	7	479	140	369	188	176	514	706	132	83	448	24	455	84	21	117	2	119	44
V407	63	123	639	757	134	402	240	185	59	363	717	349	1029	126	22	456	311	8	646	211	72	68	82	195	25	29	185	19	399	9	672	102	217	75	326	156	114	31	45	248	801	99	70	146	124	25	16	16	136	699	113
V408	32	7	207	75	580	185	103	11	114	133	225	407	114	73	88	29	277	331	349	19	33	240	642	309	7	111	228	18	475	211	335	39	222	712	231	352	820	260	504	184	9	70	550	44	39	313	44	616	357	370	41
V409	2	535	203	85	197	149	778	1535	235	68	88	378	1	574	495	64	397	152	172	418	212	8	34	620	336	355	415	277	44	180	140	475	49	212	113	56	66	458	78	348	54	151	28	3	95	168	2	540	28	135	394
V410	289	65	218	89	29	21	43	130	191	62	710	197	284	25	132	637	42	553	307	101	189	333	69	155	76	41	272	63	19	334	157	16	998	309	300	251	30	691	15	165	318	129	203	107	335	201	302	48	37	26	145
V411	128	349	51	6	38	109	406	111	283	114	133	174	87	56	31	247	838	75	442	232	168	136	466	57	152	356	149	5	237	53	16	65	359	320	308	360	7	69	443	91	117	31	272	3	247	1	82	81	551	130	287
V412	86	450	88	191	232	220	96	292	59	83	21	155	49	248	260	82	31	221	271	238	348	321	221	102	253	13	4	142	279	341	550	81	23	79	2	91	118	383	62	21	17	460	204	13	203	132	355	66	128	48	281
V413	303	27	667	102	64	131	32	283	390	75	60	542	3	230	365	67	78	156	61	171	161	143	263	41	45	340	29	358	18	53	265	276	1	74	58	46	216	244	151	43	534	506	212	424	19	180	527	86	20	26	135
V414	75	225	300	42	11	42	10	115	22	243	131	82	7	212	222	586	120	273	0	301	26	184	46	211	334	858	352	29	226	448	616	138	61	36	259	409	165	350	249	644	3	129	160	213	44	20	70	637	22	306	198
V415	129	357	265	23	148	149	23	414	213	738	663	123	192	233	182	624	480	5	73	44	110	451	638	129	114	112	144	1116	1086	422	2	321	316	53	2	241	57	229	324	117	41	250	341	244	230	130	591	185	96	295	272
V416	481	86	129	394	10	25	214	475	209	115	525	75	122	593	25	234	200	180	75	113	115	118	13	62	469	242	404	155	52	283	770	426	107	324	100	87	77	107	937	237	431	119	103	31	6	38	109	26	616	50	188
V417	299	297	21	11	153	6	12	30	46	22	116	106	97	87	1225	465	13	184	95	3	149	392	46	380	494	235	246	37	69	187	156	24	277	157	1098	219	62	297	415	475	377	177	55	775	81	78	89	509	194	31	290
V418	134	103	39	167	781	467	20	260	134	97	15	384	845	199	388	73	20	73	86	592	113	28	32	130	351	446	65	421	273	529	56	265	77	395	95	75	128	209	400	874	358	244	38	69	1	25	227	122	492	217	122
V419	68	473	917	23	58	126	299	93	481	537	617	64	45	223	177	161	83	79	413	149	427	85	87	178	104	79	388	352	166	123	43	189	128	8	107	58	90	404	214	289	125	5	58	20	194	175	31	66	387	76	342
V420	122	59	170	333	144	115	285	14	145	94	202	107	457	203	130	368	229	375	57	454	121	188	50	169	406	127	518	533	139	237	473	11	13	32	928	267	39	324	93	252	311	23	76	66	124	878	226	40	50	349	93
V421	17	10	59	228	494	390	2	106	91	272	170	185	78	129	39	74	137	294	72	45	147	14	273	55	41	425	38	91	366	94	338	13	14	31	80	205	31	79	70	912	178	462	21	285	442	98	111	543	57	49	29
V422	172	56	335	62	44	5	100	27	234	75	159	997	175	200	794	54	106	47	87	207	214	246	240	34	42	185	121	59	75	463	38	257	130	1012	77	16	253	21	152	61	71	287	684	151	230	4	94	42	1	43	95
V423	6	168	50	6	222	1104	319	514	77	119	292	116	39	88	232	63	324	229	391	147	453	269	232	50	282	397	120	346	66	33	113	300	471	29	268	70	93	262	288	326	114	30	20	32	13	220	58	92	144	461	111
V424	176	55	268	112	171	275	148	129	53	117	413	71	152	23	360	41	90	107	317	14	11	372	16	106	92	217	197	206	31	58	4	156	338	676	260	188	478	170	58	56	436	30	63	243	29	17	210	65	47	18	87
V425	641	229	240	334	33	55	272	134	116	408	328	45	239	152	519	125	109	83	92	160	14	320	108	38	52	19	100	261	45	186	542	724	9	247	207	35	43	117	1186	383	390	6	44	208	491	907	104	228	304	593	340
V426	493	14	1	68	70	1	10	67	58	201	303	182	209	82	311	37	47	122	126	373	180	178	227	119	35	37	18	133	10	262	57	316	13	650	326	364	14	176	182	105	44	91	18	88	93	451	5	159	91	40	156
V427	219	52	0	51	0	308	5	12	96	353	173	79	101	98	24	99	22	49	89	86	122	39	129	73	236	111	570	348	168	58	192	240	1225	28	66	81	40	183	396	36	309	448	254	227	586	19	420	247	363	74	110
V428	196	1	109	56	199	79	193	38	468	69	194	95	62	180	331	353	193	371	187	51	135	61	70	187	1138	44	98	50	233	410	79	75	144	313	23	9	245	141	116	10	46	572	156	103	203	121	29	59	245	127	71
V429	123	348	240	54	211	1173	389	19	158	188	455	109	65	80	149	230	468	629	49	688	95	318	16	82	329	182	159	340	446	341	188	110	28	138	204	25	234	226	111	305	30	104	27	290	98	265	492	126	35	10	289
V430	163	269	354	241	278	87	289	148	504	726	446	4	366	133	164	95	372	769	124	279	90	63	202	315	56	353	163	33	153	17	156	95	242	35	94	15	78	391	62	326	18	115	23	104	244	265	308	86	459	169	225
V431	122	45	642	198	206	225	14	239	170	157	1014	14	35	47	245	56	167	289	640	55	3	64	129	748	7	10	101	20	287	3	191	348	194	120	429	136	240	141	381	281	184	60	92	399	88	142	18	307	483	55	97
V432	298	93	414	141	88	130	238	215	23	148	12	436	344	33	112	219	100	62	36	51	796	152	537	126	82	1	433	84	5	309	231	117	64	45	75	456	165	167	59	146	99	13	449	1002	515	419	14	433	78	300	152
V433	265	156	282	73	119	140	97	194	46	420	406	253	1	342	199	479	27	424	115	330	25	44	169	93	586	182	349	245	348	335	246	183	62	227	62	250	52	45	56	643	244	37	667	131	196	728	482	26	9	50	213
V434	84	10	271	117	184	345	22	374	121	103	25	348	157	129	28	605	252	400	49	53	244	154	111	25	103	355	197	80	239	262	162	117	23	124	124	197	49	63	47	42	173	114	80	50	75	227	60	28	114	38	41
V435	59	519	90	163	258	83	106	524	125	8	108	230	6	112	5	29	41	57	20	307	102	193	335	193	463	228	23	249	250	421	197	22	12	6	36	565	54	53	326	44	38	42	112	155	152	337	486	99	57	307	352
V436	146	48	9	273	72	115	139	749	264	316	10	71	2	94	103	214	320	528	84	92	12	35	221	57	150	317	228	74	24	102	467	64	23	163	79	53	25	125	233	974	93	167	33	187	96	84	208	101	46	46	87
V437	65	247	33	584	289	78	485	5	156	222	1374	0	359	40	77	181	106	232	76	6	205	319	530	311	48	102	224	246	38	93	89	262	43	68	270	54	42	160	60	107	209	87	390	204	306	145	19	22	54	549	205
V438	16	4	118	134	90	420	1220	256	5	455	193	183	245	164	375	32	431	82	52	87	5	536	29	980	26	132	231	206	99	629	355	700	143	82	148	149	145	173	106	118	118	12	128	405	72	201	193	154	833	476	23
V439	216	54	49	36	502	619	44	183	17	15	78	125	11	1062	52	59	6	96	419	418	214	28	110	159	36	426	186	12	783	462	3	330	324	68	225	679	360	20	351	105	48	332	95	247	55	5	356	257	235	385	106
V440	263	47	75	280	276	597	140	140	150	644	66	49	32	40	109	78	113	121	95	559	59	87	527	41	12	450	50	53	113	229	1109	59	86	79	42	79	309	166	297	293	195	285	61	808	85	65	137	64	4	337	100
V441	15	119	137	487	86	136	1183	17	368	257	167	595	73	20	27	32	455	65	375	130	78	431	40	144	137	322	364	223	252	247	211	182	417	115	7	97	161	86	181	177	31	282	157	130	237	164	296	385	56	318	105
V442	33	195	472	24	121	148	129	4	35	459	78	26	115	63	18	246	106	48	67	50	124	202	116	37	64	27	188	40	12	322	72	79	124	282	95	7	126	281	39	0	54	105	15	56	269	81	15	80	258	99	174
V443	48	639	313	45	109	25	68	129	468	16	366	201	693	189	321	125	200	401	292	207	76	1	407	8	59	120	330	330	1111	173	290	145	23	253	213	38	477	70	64	203	50	82	32	213	6	73	834	45	276	433	484
V444	359	83	204	206	123	18	11	2	263	23	58	77	291	326	108	254	43	81	149	74	188	16	434	10	492	58	144	24	191	35	63	194	165	67	599	123	357	5	165	64	845	103	107	393	77	169	735	42	43	270	182
V445	7	525	28	130	20	82	188	31	48	127	91	6	659	515	168	168	15	834	153	129	183	291	105	31	107	235	44	379	523	195	163	251	131	307	448	197	220	3	594	35	24	150	42	121	69	303	560	248	4	613	374
V446	240	7	84	282	74	15	94	39	203	136	106	30	51	239	340	368	123	87	286	117	582	100	72	35	45	35	449	564	9	547	97	119	10	350	304	3	242	130	113	56	48	306	27	99	206	209	236	174	94	630	94
V447	278	90	341	238	23	111	13	453	71	497	16	904	71	28	114	457	301	28	105	264	35	508	375	475	412	432	513	230	88	97	142	493	296	133	511	9	235	294	81	107	528	379	384	39	479	369	332	36	25	193	151
V448	273	81	128	45	26	240	109	265	151	62	54	65	190	65	30	147	118	139	221	88	53	192	420	58	77	130	109	207	366	201	115	127	59	37	71	60	175	40	78	2	245	459	78	168	149	57	53	104	22	236	114
V449	20	9	71	59	112	66	38	136	17	111	163	129	14	89	353	96	252	316	301	59	257	3	250	702	310	45	216	308	51	190	182	7	13	4	91	5	127	162	87	1188	278	7	501	31	26	63	210	198	109	334	32
V450	325	401	280	164	6	14	148	43	196	0	399	270	15	178	82	68	159	80	12	32	106	725	141	84	150	88	60	47	52	69	4	169	85	438	281	114	19	189	44	123	483	1301	20	136	125	240	228	190	688	609	349
V451	33	302	194	120	138	41	93	191	29	338	577	23	421	800	66	393	12	131	1145	366	39	304	538	435	508	355	179	300	266	18	65	478	248	23	250	386	33	12	178	203	104	242	194	232	90	116	155	66	17	69	244
V452	122	281	86	3	1	86	3	244	539	250	112	40	49	279	121	437	432	238	167	86	142	7	563	32	21	95	275	110	124	268	287	29	657	428	155	109	60	116	12	14	32	193	15	238	439	101	28	138	167	327	223
V453	51	83	46	45	462	419	550	323	309	153	121	381	342	399	98	127	89	115	407	523	316	919	115	117	591	1161	1002	642	289	76	110	751	341	299	28	10	7	100	99	520	699	127	2	465	503	134	452	135	24	62	118
V454	464	178	267	45	99	22	232	50	148	298	745	106	109	213	315	156	190	92	114	185	32	101	26	38	21	539	79	157	404	245	47	9	563	71	25	127	260	128	430	135	857	331	606	118	317	53	29	121	87	399	261
V455	7	165	67	16	88	532	88	15	327	595	16	116	192	350	577	132	108	533	22	160	3	38	21	1448	65	60	135	363	115	195	200	166	26	257	343	291	343	144	111	98	556	446	474	95	27	82	115	147	120	8	146
V456	46	134	268	15	532	359	543	76	117	1405	151	15	10	178	76	96	140	99	337	56	237	8	325	547	143	130	153	934	48	222	159	122	220	973	248	878	82	45	63	33	235	138	84	86	12	108	194	469	150	662	116
V457	404	307	176	250	379	115	118	57	147	674	109	153	108	0	50	307	179	73	99	33	205	103	158	129	219	105	17	127	97	9	442	134	183	192	219	529	112	96	202	475	152	93	34	185	135	60	106	2	8	371	323
V458	90	1157	89	251	49	191	280	83	113	181	386	58	478	93	4	5	143	90	119	135	198	16	73	73	296	143	19	396	3	5	72	377	259	215	120	40	184	369	144	190	103	284	72	79	56	354	222	577	91	77	738
V459	39	495	89	155	74	466	138	102	654	112	154	256	138	105	37	26	381	172	303	48	71	77	356	162	113	2	103	57	202	94	5	442	60	419	365	137	404	153	391	63	348	13	126	55	74	133	376	12	394	359	345
V460	113	134	139	366	346	89	38	161	465	116	5	42	99	10	95	107	128	210	340	235	43	152	267	611	244	0	60	25	18	4	41	92	83	113	253	425	215	87	19	408	382	312	159	207	37	331	113	41	36	164	138
V461	456	29	992	50	328	181	358	179	103	53	231	25	159	179	187	269	370	92	138	164	213	479	166	444	348	396	4	31	83	113	468	106	186	184	217	253	34	99	59	14	109	478	38	16	197	115	21	287	20	257	121
V462	114	107	24	140	92	84	505	251	36	97	63	322	166	107	305	89	14	161	542	15	101	204	63	60	115	19	42	50	113	761	56	161	34	415	53	270	85	259	407	7	132	326	134	533	213	455	84	58	250	36	125
V463	207	141	298	241	486	4	144	348	15	137	29	9	213	33	68	304	33	956	1131	79	126	205	601	238	417	3	46	108	330	35	200	41	540	320	207	601	21	196	37	64	144	22	61	485	141	76	34	22	555	144	148
V464	354	177	99	15	28	651	494	180	32	18	33	283	203	697	55	47	29	58	423	108	124	1318	54	490	228	33	101	171	28	33	195	19	72	145	147	256	7	15	24	70	41	91	195	29	46	616	231	263	477	26	205
V465	126	491	20	404	95	227	188	215	75	8	453	103	129	57	218	414	85	21	112	15	195	432	1057	93	117	331	215	229	231	188	0	199	148	60	525	29	37	493	188	94	93	500	25	830	11	198	174	48	14	228	361
V466	103	129	154	377	94	200	28	90	183	309	40	37	15	113	20	15	54	257	490	71	135	19	125	2	88	133	242	469	328	104	146	115	37	23	45	192	733	67	259	20	24	83	252	338	336	198	166	127	220	85	122
V467	230	195	403	283	835	118	31	40	625	85	72	53	526	214	192	112	136	137	671	16	96	52	125	63	230	47	151	58	470	62	114	220	528	212	3	92	72	272	305	4	133	49	228	177	185	44	50	314	333	160	237
V468	42	83	61	19	242	406	23	202	396	13	197	91	67	85	329	393	163	104	14	805	18	313	136	26	321	390	19	53	187	262	125	931	128	129	400	31	9	813	52	538	338	111	5	210	298	116	510	159	277	158	75
V469	120	335	70	432	84	604	123	429	476	229	590	1	49	34	159	562	64	409	286	219	58	822	180	437	242	21	8	240	161	183	105	54	182	98	245	15	30	319	94	159	5	395	735	786	37	42	462	518	7	63	243
V470	35	92	101	156	137	46	224	131	366	21	161	311	74	138	132	168	559	287	421	23	9	669	168	273	60	66	287	167	478	75	290	20	48	24	102	38	89	17	10	67	434	21	148	563	114	269	350	160	516	33	75
V471	148	230	232	6	561	42	248	204	105	43	95	315	442	560	195	12	33	76	236	593	487	57	283	59	15	265	69	154	152	15	591	382	89	279	100	32	46	12	25	17	26	71	781	27	163	589	20	11	48	81	235
V472	10	81	75	190	141	184	143	109	67	207	46	181	417	12	157	71	117	116	470	708	68	45	157	198	503	16	391	128	320	9	212	330	178	82	60	255	878	104	23	307	29	9	126	339	175	356	4	111	225	225	69
V473	67	17	403	124	552	4	831	308	202	216	5	317	116	297	155	244	23	73	13	69	31	88	189	44	183	178	601	146	344	42	272	112	205	166	604	105	6	68	90	11	309	187	118	46	51	54	280	496	28	209	37
V474	18	33	89	11	136	4	146	102	555	6	245	318	50	14	111	16	21	760	215	22	135	268	162	1006	225	170	796	42	425	91	319	292	17	62	16	57	227	108	253	36	245	341	151	792	29	143	85	221	324	208	51
V475	99	512	247	234	388	22	1198	283	228	82	207	54	81	9	37	229	490	625	357	404	237	397	33	286	36	125	53	62	35	25	181	273	20	532	514	479	19	105	5	81	369	462	6	236	24	256	446	117	321	147	398
V476	167	346	423	363	39	97	46	175	878	185	146	331	51	5	11	320	180	146	161	101	91	214	97	246	190	18	160	106	745	179	133	3	5	34	114	73	134	176	106	60	11	87	41	4	65	204	73	97	202	129	288
V477	218	326	285	77	540	489	262	435	203	354	1	113	213	48	205	122	186	86	121	87	6	143	22	142	109	109	89	149	143	232	629	0	505	186	22	4	173	630	428	7	59	315	102	268	51	146	11	224	7	428	278
V478	2	161	195	55	344	48	41	45	158	170	237	258	37	83	94	24	118	127	291	40	165	27	84	82	187	122	148	66	136	220	109	345	204	302	64	28	56	468	73	30	625	376	98	19	42	87	97	178	559	118	114
V479	63	288	306	8	302	182	453	5	144	48	25	321	103	318	94	63	248	165	383	144	147	167	292	743	35	151	328	105	14	27	116	340	507	8	722	75	476	350	509	593	817	122	1	5	264	90	200	277	137	405	225
V480	99	120	729	729	242	988	78	268	423	136	101	77	288	131	261	147	13	32	421	569	45	86	64	508	33	21	203	38	735	72	447	253	240	57	160	650	135	167	11	201	85	132	71	96	279	29	191	275	0	676	134
V481	39	134	61	153	668	91	47	457	147	139	460	251	36	86	145	67	377	9	49	21	261	131	202	147	1	51	821	434	22	207	87	299	4	50	965	78	37	32	215	323	26	180	64	5	25	6	163	105	236	687	115
V482	73	38	45	195	314	180	215	267	76	146	585	42	70	351	242	110	49	428	139	359	82	45	197	460	246	290	7	244	149	67	333	259	437	48	18	400	90	196	206	54	301	164	256	142	60	87	438	486	61	501	68
V483	26	16	187	185	173	1	52	42	328	266	1	1	318	182	405	107	377	179	24	715	341	146	254	24	311	110	98	124	235	95	561	13	74	320	426	54	19	269	201	96	126	470	103	29	427	97	521	69	425	22	38
V484	36	241	71	414	32	51	80	289	169	202	38	115	269	125	33	13	128	18	159	298	329	662	602	14	49	117	21	32	189	112	69	147	50	472	249	17	71	703	31	177	291	3	80	308	905	146	393	36	44	366	169
V485	536	91	124	6	223	76	90	161	202	24	482	177	343	186	68	232	1	6	55	56	260	167	167	223	72	132	298	182	530	273	64	94	84	217	193	9	194	112	335	167	287	411	56	14	67	9	341	156	473	13	233
V486	39	256	135	168	77	148	53	30	124	37	291	52	40	178	137	578	525	54	0	52	563	41	149	111	223	73	167	99	415	397	151	771	40	724	420	100	197	290	445	29	111	43	1521	647	227	131	36	142	167	17	207
V487	121	182	498	29	30	91	71	256	42	147	125	405	12	52	151	5	71	26	144	86	921	82	234	233	25	2	44	9	141	89	186	157	286	50	173	52	74	128	144	187	424	116	40	149	439	396	728	134	98	196	151
V488	133	65	638	119	130	211	457	127	190	184	82	497	48	154	677	10	260	84	906	189	353	376	197	335	279	119	214	419	41	525	6	257	203	362	11	317	314	259	125	183	249	272	409	102	85	54	87	60	221	98	100
V489	111	38	541	46	89	320	607	369	64	321	21	241	54	11	450	6	201	188	244	90	125	53	261	125	62	197	805	40	132	165	457	196	77	448	226	232	458	536	429	572	372	121	8	483	544	83	173	249	813	162	78
V490	410	92	474	405	508	94	53	4	45	185	37	82	308	66	51	248	587	373	200	545	94	127	472	407	957	387	330	87	301	77	295	144	381	115	361	351	54	423	125	176	365	10	502	186	204	117	143	842	612	105	176
V491	55	256	390	136	135	264	335	36	352	831	0	440	444	367	28	261	194	36	197	6	51	107	132	48	53	109	276	425	255	500	203	165	36	25	65	37	423	89	45	74	268	111	52	162	55	157	306	17	650	86	191
V492	73	511	225	148	185	212	161	223	98	188	67	122	460	406	58	177	137	306	190	83	318	39	100	135	29	86	6	176	175	55	169	38	124	263	158	312	25	628	87	18	205	81	167	155	136	362	62	96	486	121	343
V493	198	307	52	50	436	47	131	126	320	57	37	56	140	115	27	96	176	192	26	445	61	210	713	6	377	52	44	175	152	78	238	91	368	7	128	226	163	25	122	84	158	186	1	76	52	383	439	91	355	153	264
V494	451	22	18	164	365	593	486	221	327	10	180	115	136	223	199	22	3	32	132	125	172	4	91	50	507	146	31	542	16	259	97	57	38	108	713	112	281	150	11	880	323	224	76	425	192	7	80	25	130	165	151
V495	161	80	30	431	59	263	366	142	125	77	24	273	29	29	99	57	81	0	151	177	24	5	69	250	189	606	149	950	113	15	74	32	317	3	127	176	848	630	103	30	110	138	382	150	20	229	183	61	593	7	135
V496	296	172	206	155	199	6	53	131	31	19	271	723	164	224	59	269	228	90	205	164	237	576	238	58	143	159	176	24	764	2	478	158	30	174	159	14	102	88	35	193	266	41	84	295	13	168	77	15	89	199	199
V497	13	77	48	69	118	302	479	106	296	84	112	414	106	50	104	215	93	508	94	5	117	200	67	499	618	57	490	10	183	112	641	193	109	202	52	37	208	65	60	908	176	210	486	472	174	184	266	192	113	27	65
V498	75	155	89	110	223	67	36	75	215	69	310	78	162	36	55	58	305	63	398	500	277	163	227	48	151	42	209	32	392	31	140	434	77	326	384	238	33	102	183	165	494	252	638	14	251	123	79	440	64	71	138
V499	92	167	129	281	6	65	224	750	122	15	310	217	418	247	75	35	114	247	7	73	666	83	74	785	38	347	528	42	643	618	604	699	486	391	368	8	529	104	171	40	42	94	206	101	43	94	9	126	133	14	140
V500	162	124	59	455	13	209	63	10	52	261	20	15	195	374	430	320	342	275	221	67	532	260	75	38	96	603	13	358	43	445	261	5	312	5	404	147	164	62	389	198	637	150	221	105	249	181	541	254	123	31	160
