Source001	Source002	Source003	Source004	Source005	Source006	Source007	Source008	Source009	Source010	Source011	Source012	Source013	Source014	Source015	Source016	Source017	Source018	Source019	Source020	Source021	Source022	Source023	Source024	Source025	Source026	Source027	Source028	Source029	Source030	Source031	Source032	Source033	Source034	Source035	Source036	Source037	Source038	Source039	Source040	Source041	Source042	Source043	Source044	Source045	Source046	Source047	Source048	Source049	Source050	Sink
V1	53	227	114	48	270	351	3	783	130	111	19	2	2	130	83	184	33	188	23	239	1	120	108	59	67	299	33	247	505	255	225	29	263	112	8	79	146	67	326	758	27	27	135	535	311	133	618	257	132	68	190
V2	101	418	261	235	206	547	852	11	56	665	513	37	130	42	302	2	165	4	45	90	72	150	348	649	56	368	64	62	87	69	284	31	52	591	250	59	44	115	203	27	156	124	163	562	226	23	319	506	9	42	349
V3	354	40	18	305	431	126	70	18	506	79	134	99	35	764	218	118	111	176	30	569	307	147	498	159	81	142	152	67	17	7	22	524	187	5	170	4	412	162	77	151	94	278	361	60	535	148	140	272	336	551	98
V4	17	454	58	370	152	233	25	390	211	14	20	456	19	110	62	9	491	363	14	22	460	93	470	36	125	106	141	188	187	302	308	159	178	1	149	36	217	232	11	17	79	105	301	80	268	282	214	103	2	250	369
V5	21	122	482	184	146	332	10	121	54	818	530	89	63	68	290	509	700	38	35	11	4	136	336	224	221	9	56	72	294	148	2	103	227	29	174	300	27	207	185	51	146	538	223	41	64	152	45	175	266	65	110
V6	374	202	25	56	45	189	0	109	116	44	169	532	24	76	1	16	41	72	114	578	98	525	146	216	33	610	183	420	318	64	383	110	83	110	239	134	151	268	84	70	158	133	502	260	288	98	121	55	284	118	219
V7	438	231	85	74	54	427	214	21	189	127	78	55	5	833	233	324	292	103	444	208	148	122	66	42	215	1171	103	75	151	356	386	108	41	61	344	102	278	144	20	322	586	10	34	22	261	63	544	193	194	250	271
V8	69	438	284	271	227	230	135	7	28	46	38	16	229	352	292	291	7	74	347	8	8	112	1112	391	312	42	249	698	78	87	805	209	83	129	53	70	165	253	56	235	446	422	270	301	321	144	277	249	132	17	365
V9	194	415	202	140	0	168	126	118	33	333	226	11	80	15	161	50	243	253	160	418	215	63	0	226	152	499	149	144	504	8	439	3	112	420	126	308	141	302	68	69	106	498	144	222	194	117	45	583	65	168	376
V10	14	23	325	469	743	30	95	47	57	939	253	232	196	520	172	143	117	269	55	31	580	98	319	22	29	106	6	20	140	104	357	80	21	107	20	375	30	11	412	397	958	435	201	95	42	285	79	96	112	3	47
V11	288	68	42	92	205	128	113	42	832	383	467	87	338	197	89	53	193	997	608	61	82	211	60	39	97	90	55	379	32	175	140	145	10	155	34	41	16	93	599	45	24	456	26	452	101	481	42	369	164	83	113
V12	358	20	137	142	207	35	71	223	31	149	152	143	270	181	243	42	528	603	866	49	192	83	324	48	21	12	468	188	136	234	92	71	20	32	116	256	381	83	791	29	112	39	952	164	80	271	93	164	41	509	86
V13	24	86	337	99	65	141	610	184	107	52	22	711	185	62	238	558	330	337	89	51	27	21	23	293	171	125	299	137	30	25	34	187	51	124	69	128	233	759	130	953	248	21	347	326	53	397	532	340	227	272	85
V14	87	70	50	6	18	254	300	94	147	112	88	411	141	45	272	127	20	137	121	854	167	74	6	228	94	99	158	131	16	79	19	6	53	5	14	200	133	202	217	167	124	22	103	452	99	440	33	59	183	138	78
V15	686	88	167	313	285	237	31	193	210	71	31	1109	342	272	157	30	416	402	20	291	158	307	232	17	2	17	109	13	184	23	53	80	38	784	260	179	648	284	351	279	199	175	192	87	61	219	32	120	52	116	174
V16	283	32	395	93	459	35	221	35	59	123	5	108	258	182	240	176	699	160	221	240	163	428	179	255	138	37	23	366	37	77	366	512	228	15	231	128	14	39	77	52	50	104	137	81	3	98	315	416	201	258	83
V17	32	71	74	329	442	14	102	0	381	249	59	34	64	41	65	6	208	191	243	96	35	469	106	296	928	78	349	392	278	186	190	109	782	47	344	0	204	45	24	23	12	117	34	310	310	109	172	131	24	166	94
V18	95	11	132	49	584	222	80	7	359	174	35	5	112	332	10	197	226	134	456	123	558	191	151	614	54	11	214	290	220	242	84	122	117	426	121	282	21	161	203	132	4	1039	134	55	404	128	33	437	231	7	39
V19	939	237	186	13	426	85	26	1017	461	99	172	91	85	340	147	105	290	226	665	6	21	234	56	904	102	5	54	102	626	149	105	204	341	255	65	12	34	17	54	3	34	77	443	276	112	142	276	315	184	211	377
V20	1377	261	399	92	355	110	122	153	47	212	51	396	287	412	148	756	88	455	33	257	416	97	329	148	229	108	147	28	375	270	67	63	494	241	218	348	266	121	51	531	107	16	160	183	189	24	187	436	156	346	436
V21	191	508	27	74	244	29	11	146	503	152	432	567	723	43	98	353	40	57	285	23	6	644	213	90	58	11	82	256	73	256	125	40	266	278	17	298	150	558	132	168	139	54	203	48	60	110	15	412	235	4	424
V22	26	60	438	9	45	39	178	136	31	98	0	155	55	805	14	187	159	514	49	243	1078	214	253	112	96	36	390	15	22	98	40	103	82	14	555	40	69	276	28	631	833	217	41	377	22	88	54	134	253	115	76
V23	38	124	171	20	918	190	38	137	40	44	98	285	52	181	73	194	196	467	223	819	102	412	314	158	379	337	45	150	28	76	31	233	49	118	635	14	126	0	399	50	38	467	219	76	571	2	24	113	356	234	117
V24	90	111	31	50	174	96	276	159	113	57	77	10	203	38	518	407	211	121	415	247	94	151	45	50	95	30	90	121	38	689	51	25	45	126	57	295	58	104	157	2	106	19	233	282	56	402	315	156	148	38	112
V25	76	558	140	200	280	10	32	182	106	14	566	87	8	22	98	102	234	370	246	426	67	141	227	195	71	60	1101	96	127	87	12	110	264	23	221	63	390	26	298	379	5	24	247	2	171	411	3	180	69	21	419
V26	372	6	100	75	103	17	241	0	730	112	17	14	163	102	395	113	104	49	93	554	97	113	315	5	765	26	229	135	430	49	225	37	804	98	124	252	83	535	8	82	60	173	70	39	261	111	371	2	338	301	109
V27	141	349	63	67	94	154	103	244	462	723	210	146	188	691	181	120	227	18	136	231	30	377	528	133	111	202	36	203	162	45	140	462	26	120	191	133	265	181	428	341	359	64	113	102	115	247	54	407	26	802	321
V28	116	59	214	46	12	29	107	14	163	684	190	106	132	210	164	47	129	17	1352	171	63	289	12	290	51	66	0	20	235	206	44	130	51	93	45	360	139	5	28	147	26	64	372	456	278	628	703	8	174	211	80
V29	539	94	541	18	472	142	303	276	424	65	152	77	11	248	37	69	8	48	858	116	142	456	45	697	130	12	178	25	72	243	81	358	71	326	124	894	45	99	28	236	24	23	606	403	169	12	49	307	538	93	145
V30	139	3	475	243	178	803	334	31	189	63	168	161	736	216	25	53	362	35	823	25	415	57	78	4	396	27	351	219	256	82	433	285	268	79	400	45	135	20	229	623	25	361	85	141	26	40	172	80	212	296	51
V31	119	164	27	288	79	489	587	94	468	33	156	124	226	53	122	219	375	95	86	781	191	17	200	123	67	381	180	197	72	142	169	328	202	247	505	78	71	156	189	478	85	191	319	292	245	151	5	391	83	18	151
V32	505	8	24	296	26	1124	206	2	55	75	71	126	15	15	244	51	163	39	5	253	183	192	167	46	74	29	65	162	55	55	438	1020	73	3	202	103	33	605	379	61	586	243	92	460	536	343	38	98	306	112	104
V33	59	37	155	172	132	431	323	186	214	35	122	284	99	206	67	78	533	101	170	9	364	19	27	282	43	88	507	150	114	95	141	435	391	250	297	27	321	33	192	406	335	158	551	183	21	334	2	88	160	298	68
V34	230	221	83	27	359	126	42	63	463	52	293	307	136	56	37	127	7	12	465	20	21	178	217	118	116	173	93	200	199	29	164	221	162	1613	159	808	24	93	191	55	264	2	0	272	77	286	11	126	733	285	199
V35	136	86	111	80	283	130	152	75	255	118	1409	326	203	38	93	550	356	80	4	130	600	56	51	24	49	454	187	126	68	279	768	176	173	325	89	4	73	237	108	280	55	385	476	332	204	68	719	264	237	608	112
V36	30	175	186	21	271	243	382	74	280	33	178	212	162	44	100	260	0	101	502	423	5	640	180	147	201	95	344	179	50	15	305	382	442	53	75	355	301	435	85	5	15	711	348	0	47	68	67	0	124	393	132
V37	99	80	19	410	134	146	23	268	136	311	355	22	5	299	83	72	395	96	66	345	144	5	108	191	500	96	132	129	48	1	181	53	302	374	267	727	253	373	13	5	635	265	171	499	138	33	266	15	236	348	95
V38	31	221	183	139	322	153	84	386	248	302	183	467	302	303	142	63	281	282	7	104	141	143	295	162	166	59	391	191	33	116	242	8	249	282	173	126	319	709	230	80	141	131	52	361	32	17	14	678	307	460	202
V39	84	90	87	1035	126	458	671	130	320	37	61	411	366	557	27	224	296	271	208	3	523	98	9	143	121	59	212	127	29	568	200	12	0	15	343	60	339	614	208	22	502	419	35	16	738	251	934	185	6	69	103
V40	66	218	412	259	17	63	123	224	184	154	180	25	247	6	37	450	53	43	236	22	3	285	167	102	21	361	119	222	524	39	155	86	135	267	953	16	59	148	110	146	344	122	32	18	153	298	646	379	103	40	176
V41	403	217	89	324	88	58	101	142	116	412	226	681	60	198	24	380	560	90	387	224	414	145	232	202	242	93	663	276	35	1398	779	457	343	78	612	435	159	101	26	178	747	44	13	64	78	20	119	128	92	76	239
V42	118	469	132	286	158	106	294	59	10	153	449	214	216	49	0	87	50	55	284	27	161	139	458	573	350	244	76	50	1	300	577	125	110	37	517	2	16	195	157	176	404	72	272	176	628	85	222	595	320	409	412
V43	194	111	94	134	266	556	24	198	141	141	412	40	143	76	574	33	278	112	198	107	300	108	65	58	206	329	356	802	162	630	303	57	94	51	421	287	474	430	1002	249	56	125	433	257	581	184	79	164	50	511	132
V44	68	95	153	69	62	548	458	219	223	44	79	4	10	859	36	3	181	46	93	466	74	136	455	567	179	73	84	355	535	167	30	230	91	92	98	77	55	8	782	100	409	49	206	182	177	55	136	258	32	233	95
V45	791	77	260	449	58	227	145	259	62	87	328	148	171	141	8	423	78	91	192	163	49	2	225	0	411	435	534	144	908	98	11	516	16	307	223	616	124	315	601	135	132	152	147	366	233	483	168	20	160	597	207
V46	496	270	22	88	37	168	141	181	104	293	217	11	609	112	514	102	309	57	198	377	39	11	41	865	89	2	33	133	577	146	71	25	549	726	267	268	365	330	343	87	126	100	165	42	1376	145	146	135	72	570	287
V47	185	25	218	142	210	121	488	171	9	395	229	305	304	77	161	104	614	161	38	33	381	162	217	535	372	218	32	144	13	753	366	575	302	162	66	62	357	147	74	168	2	150	54	99	9	76	175	407	167	6	55
V48	58	277	86	79	185	45	60	192	196	26	101	388	588	667	224	398	41	197	185	482	773	64	297	311	66	278	242	14	35	37	708	159	134	35	73	29	296	31	40	305	64	117	106	4	80	31	48	178	4	4	219
V49	191	128	395	316	177	102	274	152	51	139	200	345	159	410	139	3	285	275	96	477	30	618	117	141	443	250	48	57	329	101	268	44	171	220	10	143	671	5	71	127	132	5	214	29	400	40	128	239	116	474	148
V50	81	282	199	2	226	119	90	81	366	70	299	160	260	252	368	22	202	269	367	75	49	694	258	78	143	66	177	302	326	88	485	184	441	3	181	124	940	155	23	1199	231	289	17	271	90	85	147	16	139	130	229
V51	56	415	584	71	138	77	195	307	3	326	405	16	19	230	22	168	14	337	293	452	10	118	48	2	51	155	65	112	139	48	105	34	143	97	35	197	200	86	443	23	338	120	8	544	187	364	89	59	17	160	322
V52	50	410	68	226	243	68	167	78	233	96	446	185	166	132	181	136	53	85	45	71	27	122	116	249	6	47	4	171	113	52	276	386	480	400	194	44	48	17	796	70	511	35	156	131	178	58	147	158	443	213	317
V53	199	0	115	55	81	29	481	46	513	81	388	80	4	271	186	19	91	251	74	103	389	438	103	219	40	215	577	337	118	24	507	20	62	70	18	79	121	94	124	113	637	62	325	244	326	113	59	288	172	163	48
V54	12	684	43	99	25	59	357	294	138	43	15	8	287	91	157	157	3	386	312	338	6	254	250	64	275	224	25	390	4	5	43	34	21	1	736	190	26	1034	191	86	390	387	140	94	29	255	225	249	263	16	551
V55	20	92	141	432	20	670	47	49	19	137	331	101	177	469	107	263	355	106	117	299	209	180	44	268	142	9	97	40	75	173	260	481	62	400	25	24	16	196	314	201	161	28	148	102	191	100	38	214	45	839	82
V56	237	254	60	274	614	264	539	262	357	326	358	163	90	146	113	521	257	215	23	22	277	205	18	5	268	90	721	261	129	69	456	244	4	121	108	182	14	37	16	40	222	105	104	368	51	23	65	1	147	49	247
V57	12	19	113	68	95	588	108	53	29	20	288	370	48	272	68	301	45	169	122	105	365	118	8	713	138	89	535	28	179	6	427	377	19	393	104	151	52	64	135	31	46	172	361	39	366	40	8	78	8	156	38
V58	7	71	30	159	33	757	138	92	590	437	85	558	62	27	92	70	129	125	115	454	99	104	373	29	312	112	85	283	177	46	120	9	81	238	38	21	127	185	144	28	295	274	231	120	89	29	905	241	128	321	70
V59	258	364	499	329	433	199	767	354	142	65	491	68	11	52	329	0	585	207	216	59	2	422	333	160	279	400	555	158	321	471	211	7	136	216	329	125	128	282	96	37	22	267	19	264	39	31	89	23	387	402	319
V60	114	880	79	500	99	29	366	266	76	108	293	171	566	550	317	89	62	157	50	33	231	213	457	327	24	134	54	429	73	308	98	55	85	381	172	244	176	231	439	39	326	80	8	272	19	208	384	38	229	9	708
V61	36	113	186	119	113	345	306	54	6	913	69	412	243	185	173	96	0	75	106	136	67	31	198	25	49	30	61	358	274	246	404	246	72	41	298	369	43	59	296	294	45	617	763	151	306	253	202	161	202	679	103
V62	129	82	306	540	81	297	190	184	17	141	20	132	92	139	412	210	49	59	96	175	14	268	293	7	240	77	127	60	59	193	186	90	24	113	72	190	16	30	68	116	559	43	7	148	464	48	506	19	64	219	103
V63	2	198	123	448	7	148	68	90	222	1	341	600	68	48	32	55	103	19	25	183	99	147	10	130	30	8	488	263	191	699	117	15	132	116	151	122	447	476	66	296	45	306	36	13	222	42	40	448	78	30	159
V64	183	7	72	12	149	147	131	57	298	620	126	292	1322	119	70	94	179	619	318	31	188	102	338	69	416	10	259	381	415	14	389	292	20	73	195	87	3	134	530	70	86	3	88	0	105	498	720	146	199	234	51
V65	133	28	168	88	21	12	119	307	677	88	108	55	4	164	158	374	169	46	180	1033	245	56	98	302	74	156	295	181	145	63	121	328	54	74	362	86	304	32	126	213	128	101	23	12	199	51	118	356	3	84	74
V66	725	0	184	156	114	270	118	304	118	69	19	142	325	158	31	38	284	235	40	97	147	244	327	240	437	681	369	24	271	1011	432	368	280	12	41	14	95	82	122	116	135	46	55	118	479	234	263	344	52	402	150
V67	205	82	86	221	98	250	130	42	254	371	23	33	41	56	233	107	413	276	198	52	602	125	730	63	22	81	592	193	48	22	180	370	610	91	55	190	299	68	39	24	72	366	213	115	15	44	20	596	365	26	89
V68	394	58	301	84	11	191	99	79	285	3	76	5	253	7	105	63	70	51	315	42	62	267	58	136	298	157	94	272	325	109	108	172	182	700	153	163	68	68	316	42	167	228	517	59	263	42	150	790	203	31	117
V69	192	112	204	74	35	348	114	591	84	194	79	364	153	298	59	193	218	233	282	65	316	59	6	4	215	133	33	141	384	26	21	77	503	148	58	179	108	36	284	132	225	207	164	85	12	171	90	543	26	193	141
V70	399	325	157	269	204	128	90	99	338	37	134	78	46	48	161	217	88	71	274	166	7	47	564	231	341	496	281	104	34	155	352	257	221	9	409	203	1	84	175	97	491	93	837	258	7	232	323	112	103	264	333
V71	315	46	54	331	102	93	333	110	30	10	157	128	63	53	384	108	478	40	317	75	415	7	424	12	88	91	16	10	255	156	77	48	0	167	15	507	71	112	98	414	150	217	532	111	215	125	246	173	162	141	114
V72	338	311	23	204	183	1004	28	153	115	100	43	135	184	55	479	17	146	100	64	93	17	345	219	52	149	161	163	179	283	122	145	527	1007	33	287	522	8	790	52	105	131	21	19	81	158	153	77	103	75	16	280
V73	81	83	74	275	33	463	296	178	245	46	89	509	39	24	529	134	49	158	4	359	112	45	92	164	193	59	59	277	388	429	325	1	265	310	45	349	37	562	70	29	39	13	190	44	215	2	238	238	337	597	93
V74	12	439	535	162	260	216	14	216	445	36	231	41	171	396	202	138	58	80	83	211	144	388	242	38	28	268	154	199	134	431	168	139	144	39	139	281	374	655	641	333	668	248	67	261	244	507	77	240	225	113	320
V75	354	49	93	580	113	154	161	221	380	412	216	111	195	227	145	389	71	153	20	242	177	56	130	315	99	183	64	829	252	33	44	30	315	47	7	177	23	724	58	70	240	259	159	126	15	88	30	67	594	599	128
V76	18	153	283	341	163	49	77	498	81	196	612	140	403	75	629	9	65	482	278	260	57	227	15	219	414	1138	57	16	222	239	57	18	96	23	199	27	601	175	68	169	88	230	676	228	7	455	142	132	479	454	135
V77	121	170	40	153	510	92	25	42	53	1188	69	410	1	160	459	255	520	56	175	124	296	141	143	32	333	29	331	5	9	147	518	236	142	180	82	99	263	18	146	104	79	4	35	4	35	61	43	214	157	322	157
V78	230	108	14	406	6	30	21	338	904	139	214	203	204	101	89	332	114	49	113	47	22	89	90	653	568	354	139	174	335	46	157	87	25	71	72	90	37	304	375	68	10	21	139	69	219	22	310	618	170	56	158
V79	91	529	42	298	256	222	20	199	123	310	130	377	78	333	529	351	113	34	764	185	234	149	153	5	169	65	92	156	50	12	184	46	60	256	191	657	706	174	270	543	211	141	125	12	93	63	113	77	135	363	393
V80	615	266	82	51	115	183	161	217	220	7	50	237	57	195	193	84	326	333	256	329	14	403	21	81	280	375	307	45	155	368	217	45	43	480	194	28	408	184	175	67	357	572	376	723	235	120	69	1	692	40	287
V81	109	196	197	611	107	185	454	354	575	306	343	210	166	115	389	72	71	150	202	244	49	9	76	104	265	109	127	122	86	157	330	19	435	0	107	17	668	94	76	54	27	748	76	579	310	5	19	199	657	72	173
V82	103	321	68	260	58	50	344	426	22	158	83	85	126	148	650	66	176	102	274	337	618	16	404	0	224	0	866	73	244	37	31	322	67	35	254	42	512	209	34	181	325	31	44	276	786	349	44	13	353	69	255
V83	198	478	609	27	177	102	225	197	519	214	178	6	42	64	15	85	321	34	71	32	580	62	82	25	185	185	411	193	48	2	231	36	179	554	191	183	260	7	926	218	130	326	303	234	45	5	141	259	322	84	421
V84	17	51	464	22	92	101	179	227	811	141	448	718	27	135	122	431	651	215	349	370	211	188	131	10	124	214	207	221	30	332	115	46	278	297	691	223	1095	106	89	290	9	331	96	221	129	34	8	168	67	509	51
V85	715	262	269	388	243	71	36	11	219	143	59	68	301	482	88	200	195	61	205	220	62	12	86	2	309	26	413	120	111	23	87	9	102	276	42	496	327	345	144	693	110	549	15	130	74	85	86	79	589	58	332
V86	162	570	11	415	334	622	414	55	139	118	9	37	222	137	188	201	145	187	156	13	121	34	218	38	89	159	739	471	629	73	713	101	261	90	39	177	570	170	187	401	324	115	343	49	262	4	100	393	999	99	428
V87	27	336	51	60	73	267	11	452	87	94	169	99	155	174	258	128	320	229	31	210	163	151	1	426	208	117	170	64	313	22	438	151	258	196	212	388	6	68	92	797	53	109	1023	77	134	19	57	48	109	6	261
V88	63	44	62	339	10	316	188	352	175	192	25	155	103	21	521	161	27	184	9	144	60	337	9	475	14	87	95	299	94	217	35	1	420	671	4	153	36	401	28	55	55	275	106	175	56	165	91	127	730	6	55
V89	76	82	729	30	123	117	22	166	179	102	317	150	235	5	99	120	84	41	105	2	471	177	34	257	369	215	12	119	402	324	20	135	540	127	445	120	89	344	535	9	537	417	319	514	297	188	221	28	173	604	88
V90	25	135	68	140	816	33	622	198	236	3	25	42	274	302	207	184	1012	180	327	39	71	40	222	9	204	39	30	8	266	212	188	527	73	123	421	259	106	185	484	70	39	110	36	58	17	79	12	41	58	324	125
V91	6	360	71	293	175	75	291	23	192	115	213	73	10	92	41	25	192	390	114	672	30	140	345	229	5	193	194	169	136	254	66	36	35	123	50	147	57	19	31	485	18	16	254	105	244	85	141	211	93	206	286
V92	111	228	234	44	171	63	83	173	48	29	443	49	72	161	145	126	88	338	49	27	298	153	299	732	255	99	38	1167	864	100	278	25	203	1	468	27	404	102	90	71	191	200	85	214	22	911	147	36	141	179	220
V93	30	352	57	61	267	20	103	174	226	740	219	3	21	106	24	127	284	611	182	133	51	413	71	480	452	66	46	210	382	99	73	6	154	141	24	150	439	22	182	108	266	228	17	138	943	280	263	231	529	318	297
V94	24	234	118	35	9	76	91	190	308	443	146	158	17	235	416	55	207	547	132	17	51	287	476	324	59	56	640	56	194	6	201	126	41	315	340	398	459	11	636	71	122	449	243	550	58	103	150	10	398	64	209
V95	66	169	105	233	2	44	122	464	8	260	17	141	0	213	73	133	210	492	7	626	42	111	13	249	318	395	72	26	57	130	155	30	43	230	205	285	301	155	137	208	15	3	85	42	246	137	291	161	131	19	166
V96	39	395	105	353	27	107	572	574	218	455	15	367	100	442	155	152	68	33	223	46	577	198	100	34	28	236	613	242	130	155	599	467	45	85	263	250	224	75	75	18	73	56	15	364	268	268	31	65	252	79	336
V97	224	192	122	738	56	85	83	109	125	142	302	501	218	150	150	799	170	654	610	425	188	146	321	77	152	106	303	78	140	2	77	56	112	43	539	449	16	5	347	221	364	498	258	77	31	67	363	514	25	269	216
V98	918	46	331	242	84	137	184	565	39	10	2	371	445	425	40	63	56	124	96	271	530	554	132	603	417	1	528	182	145	346	61	124	19	108	91	197	11	3	343	364	148	113	203	334	74	266	228	306	227	77	193
V99	629	255	115	87	456	793	60	6	64	30	197	132	21	87	169	367	248	395	34	497	105	899	59	78	12	405	32	4	389	200	14	31	41	125	116	201	63	239	20	768	218	128	209	339	535	183	541	34	98	698	295
V100	73	399	301	36	364	309	1	562	107	18	474	227	84	24	20	46	6	62	481	33	60	89	236	165	192	305	596	408	43	0	74	61	218	16	77	34	194	226	989	439	165	91	108	247	358	116	59	173	161	149	335
V101	21	25	200	53	114	80	41	134	14	39	335	154	130	366	100	389	7	78	24	77	431	172	14	4	85	75	94	47	573	165	120	50	131	98	470	51	39	290	79	25	105	4	32	104	37	186	7	478	5	152	38
V102	216	416	156	332	322	186	256	117	315	242	576	110	105	188	152	526	438	343	1	50	606	343	5	497	325	413	2	164	80	56	212	64	76	313	133	80	69	61	63	48	180	226	52	353	140	8	159	608	97	234	344
V103	40	199	36	39	41	175	513	57	63	47	100	5	167	31	182	582	109	88	46	102	92	222	72	11	33	114	35	23	203	814	18	68	348	475	1162	439	475	3	94	303	522	30	187	10	357	305	148	19	80	22	169
V104	6	85	744	485	176	104	148	486	286	4	341	583	346	65	44	118	234	3	270	120	217	52	81	94	122	169	48	312	169	166	56	69	422	8	146	401	58	3	222	130	60	969	141	86	87	16	53	30	316	116	76
V105	469	164	967	15	98	45	31	584	212	401	105	17	45	102	76	377	94	0	24	54	140	80	77	157	242	68	239	28	209	16	13	76	9	68	27	353	35	382	294	56	211	329	128	409	157	253	149	160	1	50	204
V106	271	12	170	110	58	123	153	74	44	704	211	5	274	155	16	875	550	674	50	108	18	747	224	114	127	176	63	175	57	523	73	110	199	54	838	379	62	485	160	141	103	37	100	212	141	430	33	75	31	445	80
V107	32	69	20	640	116	54	174	26	715	23	168	184	15	290	488	41	213	74	38	25	418	105	14	121	138	20	572	92	286	412	0	180	204	146	259	91	304	205	428	125	321	109	88	25	417	419	68	509	27	131	72
V108	216	698	0	365	66	252	371	397	0	140	19	118	126	459	38	55	551	105	311	454	4	7	24	335	108	81	11	295	31	54	52	38	261	78	178	38	168	156	528	82	257	159	112	16	2	80	132	49	81	16	560
V109	45	10	221	270	236	61	286	181	162	133	148	15	206	85	104	386	433	174	312	21	144	144	107	823	443	163	58	38	210	49	54	225	59	1	17	80	12	207	133	216	73	51	116	203	30	22	493	399	134	518	38
V110	418	199	136	52	47	111	124	416	109	20	461	155	21	292	430	7	372	135	22	197	5	43	114	180	44	966	98	178	405	395	9	74	742	38	704	122	319	251	302	806	1098	54	287	34	681	482	12	428	22	180	229
V111	3	164	61	61	216	136	1	21	696	75	310	134	36	160	488	204	707	276	7	381	53	697	26	21	61	410	319	397	12	139	223	3	338	499	267	22	286	105	136	792	280	176	163	37	255	27	247	218	250	143	131
V112	337	200	84	507	238	100	131	190	195	158	33	349	14	1289	197	45	5	238	115	237	95	371	3	167	319	65	43	46	129	11	443	388	651	741	37	87	7	87	11	248	233	5	82	36	166	89	27	381	457	270	206
V113	185	69	155	62	97	224	282	28	601	66	147	0	307	294	932	135	64	10	373	494	158	48	9	180	468	492	36	2	60	62	532	50	224	202	19	165	715	57	31	70	6	14	185	2	254	138	292	80	165	64	119
V114	119	22	118	206	111	342	234	488	224	289	30	20	478	41	203	291	189	212	49	74	136	193	175	82	35	113	35	213	49	99	57	74	8	293	71	337	456	320	232	165	64	230	145	441	168	142	85	72	4	47	56
V115	168	6	203	314	382	1160	229	10	98	492	631	218	256	95	10	370	38	202	45	487	540	93	24	525	95	581	510	432	98	521	363	484	20	6	60	166	439	84	119	132	265	185	16	526	226	140	154	537	214	79	55
V116	3	198	14	221	375	32	315	319	6	85	26	28	83	259	211	4	293	300	33	255	533	130	11	941	301	64	165	0	103	549	560	246	52	30	567	115	213	47	368	328	179	357	430	79	19	16	79	326	37	409	155
V117	122	299	165	50	278	111	246	270	302	350	34	39	582	675	139	265	106	88	302	763	23	233	195	82	807	138	42	111	196	62	54	5	218	254	70	9	86	89	198	246	130	271	73	135	12	38	238	26	197	45	265
V118	319	35	62	100	292	191	549	65	99	80	19	88	210	135	58	78	694	36	152	62	314	482	214	48	460	35	774	169	348	149	74	310	70	144	33	15	770	641	124	27	246	102	342	518	23	326	29	43	61	133	105
V119	352	302	118	246	20	281	621	96	668	126	85	166	63	166	22	223	13	423	1	39	568	125	435	129	86	77	331	45	164	248	181	787	191	656	60	546	150	208	491	0	1286	95	87	181	299	132	12	350	307	18	303
V120	405	42	314	417	40	319	700	58	160	58	194	281	140	11	97	99	63	52	6	73	76	206	161	466	62	77	388	235	359	379	188	203	252	31	86	191	42	293	136	211	71	270	157	940	139	56	5	243	152	156	106
V121	303	239	318	210	234	278	216	74	153	258	3	173	162	127	1	54	577	0	80	408	280	95	25	103	702	196	180	99	92	80	68	19	198	497	44	486	80	212	94	291	56	132	26	181	584	486	25	795	78	173	241
V122	53	21	47	594	55	100	664	96	0	13	129	590	200	103	892	69	6	121	266	134	108	89	1	292	348	41	221	70	179	408	465	160	179	78	885	170	183	170	121	22	186	71	8	93	286	78	301	220	144	25	45
V123	113	314	187	194	11	72	255	155	282	557	238	320	153	46	227	407	92	154	5	44	401	279	196	44	316	524	1	34	280	10	49	577	205	4	396	254	301	148	27	234	46	190	239	110	368	505	83	323	139	346	269
V124	26	141	304	41	115	192	31	423	66	21	3	561	209	150	78	228	265	510	170	37	197	14	17	167	193	139	4	326	76	92	100	166	38	22	315	181	12	472	78	118	237	170	26	253	44	459	167	36	6	69	126
V125	129	315	215	187	548	9	50	964	427	881	306	224	176	13	8	596	354	77	515	20	84	198	184	14	67	114	452	698	95	7	107	295	95	21	0	8	101	201	246	629	28	95	368	67	679	91	117	3	57	78	281
V126	13	194	218	330	8	63	239	263	62	57	190	102	347	256	283	460	310	426	385	64	104	246	34	289	429	317	35	40	139	214	146	41	30	156	105	286	614	98	23	389	194	124	161	25	70	35	254	168	355	7	188
V127	143	172	175	18	67	63	9	151	18	340	50	256	56	117	56	198	516	176	36	99	28	227	541	50	455	99	302	162	80	101	332	228	113	65	99	103	77	111	84	89	20	187	322	150	862	18	515	65	35	452	156
V128	217	6	217	226	221	33	762	130	45	297	303	133	108	134	29	105	353	146	60	481	126	86	379	16	181	10	244	3	239	142	175	106	784	651	88	68	213	82	152	1017	132	21	5	9	95	1	37	207	210	323	59
V129	132	652	142	123	229	610	26	220	131	51	380	199	256	334	186	313	181	107	269	483	388	476	94	805	130	132	7	156	23	58	567	6	99	66	31	26	525	187	72	32	68	384	69	96	12	176	17	426	183	46	512
V130	349	666	478	340	19	232	342	62	103	109	204	119	396	243	735	45	108	509	238	82	121	185	196	66	347	73	11	88	285	138	7	334	45	87	411	60	101	243	197	84	89	57	5	207	286	30	113	84	418	306	602
V131	255	237	16	272	260	405	268	251	150	429	112	149	40	88	15	16	326	334	39	30	265	340	381	33	544	4	370	268	124	4	20	41	63	269	19	69	106	45	48	243	33	71	152	9	460	257	354	133	107	299	212
V132	151	121	61	310	204	249	90	48	313	61	337	4	50	18	339	482	739	2	212	52	38	203	573	343	22	89	364	56	1	218	0	151	513	185	120	19	45	119	271	520	62	497	18	29	523	179	91	168	545	115	116
V133	281	25	141	92	174	343	149	152	0	88	34	146	89	293	70	115	180	205	292	489	382	94	1188	111	308	4	64	13	319	100	21	434	270	435	150	251	19	452	60	422	21	88	262	24	209	204	39	423	92	147	88
V134	148	160	42	5	36	12	319	24	450	459	298	285	309	91	519	8	10	541	7	26	197	195	94	24	63	506	668	36	215	216	265	66	19	340	529	11	99	74	815	126	35	77	38	320	29	133	338	68	50	133	159
V135	184	461	86	407	16	109	832	111	333	110	16	215	116	46	52	55	65	154	70	180	387	442	311	498	172	133	116	679	207	356	27	19	336	223	11	64	226	69	433	453	38	9	47	48	277	369	71	142	465	375	387
V136	243	56	194	128	166	71	272	265	21	192	209	55	203	81	205	62	120	258	4	99	265	610	27	46	580	295	136	48	1	128	52	478	84	240	278	306	188	336	597	39	25	32	198	242	253	157	285	53	231	0	99
V137	41	108	131	749	185	139	854	348	143	136	759	500	301	103	64	235	24	190	70	0	47	366	22	21	17	27	59	70	23	71	943	273	117	164	21	62	43	5	56	31	140	383	119	156	204	191	214	164	153	110	97
V138	820	27	346	424	72	263	39	1	40	241	145	56	588	127	794	156	15	73	24	67	494	97	307	309	120	79	37	28	83	24	173	92	635	195	12	18	127	229	290	41	64	190	169	139	289	357	396	135	289	363	163
V139	124	115	54	232	48	136	198	437	62	83	7	216	610	207	19	122	74	159	749	26	189	564	301	72	303	159	24	30	324	108	373	15	376	5	239	394	110	15	53	206	177	113	102	86	483	74	193	0	484	64	129
V140	199	5	253	307	332	179	76	261	209	116	10	128	117	84	250	587	200	261	29	77	91	43	41	236	637	406	964	10	25	218	97	25	43	95	24	347	103	182	190	89	243	260	379	31	368	105	525	42	92	278	48
V141	219	155	204	14	119	111	275	108	31	392	6	100	27	298	62	15	73	232	126	112	109	15	385	76	185	195	41	188	68	180	73	34	23	502	69	323	772	58	278	146	145	277	189	399	224	54	172	67	75	82	181
V142	314	415	80	20	15	385	137	23	321	34	573	222	4	15	956	77	308	82	119	216	186	29	173	212	455	15	756	8	39	511	222	624	128	20	672	98	127	160	319	231	190	57	0	203	99	23	19	80	318	47	365
V143	26	1	169	353	168	21	21	799	273	16	13	671	648	248	426	385	110	282	43	242	359	173	321	140	281	249	13	108	108	301	12	308	34	243	26	643	9	67	443	108	474	415	9	108	67	229	164	214	247	4	26
V144	258	76	338	158	219	47	193	368	8	557	34	406	32	302	51	304	189	25	184	473	2	189	575	289	152	739	19	161	31	127	113	3	63	126	56	108	29	292	25	163	68	101	134	192	32	322	73	481	176	264	97
V145	399	38	59	287	44	92	71	836	175	336	65	278	43	218	508	171	84	29	359	134	245	319	229	467	126	229	139	94	14	11	264	464	76	366	308	7	104	5	68	323	665	8	245	213	55	150	205	881	403	285	111
V146	141	26	113	309	17	173	77	81	260	417	86	374	102	103	336	152	71	526	1063	125	527	91	190	24	129	474	106	70	167	35	567	64	157	165	104	49	581	110	20	276	51	76	10	226	3	496	110	48	81	266	60
V147	438	316	16	66	115	65	54	88	23	206	10	267	70	471	26	52	50	11	57	188	187	4	77	26	270	199	84	15	567	541	31	118	423	361	45	253	41	51	98	48	64	587	55	81	52	188	3	269	132	425	304
V148	355	237	485	179	188	4	80	10	93	8	156	10	356	29	37	153	218	66	31	14	7	692	386	169	267	753	54	2	77	337	41	27	252	52	422	273	7	234	384	142	333	71	32	307	101	5	353	20	64	486	231
V149	82	229	37	91	174	33	19	61	390	34	5	78	167	369	139	433	249	981	124	65	39	459	330	95	732	341	152	42	379	626	397	21	119	194	65	9	153	43	214	48	224	73	52	72	98	32	132	2	205	200	213
V150	153	314	335	620	532	81	448	129	65	141	28	671	37	105	117	12	99	72	225	237	801	118	54	883	189	332	22	581	239	296	120	111	186	462	449	244	385	30	151	155	56	92	148	74	5	273	65	67	300	353	316
V151	26	12	81	1590	174	200	18	118	365	25	460	6	6	281	69	82	262	22	18	582	648	285	160	34	114	336	131	158	43	752	213	937	508	58	325	58	49	322	179	354	306	594	14	139	213	65	153	87	144	101	37
V152	44	26	219	91	75	569	62	2	42	202	231	190	160	214	211	243	360	73	38	187	129	31	224	213	134	115	53	155	72	120	65	717	202	129	370	203	58	240	186	178	49	175	19	159	0	292	35	100	9	36	48
V153	1	142	489	75	17	167	191	40	402	243	179	88	81	152	115	189	202	132	253	436	17	59	241	115	95	53	238	106	121	49	105	51	19	62	22	612	195	642	184	177	279	618	17	45	40	4	13	105	5	623	141
V154	440	539	183	75	211	361	406	191	229	8	662	44	587	196	117	200	44	59	33	296	4	114	35	299	44	381	121	100	124	426	98	77	67	1	165	143	185	16	284	1102	297	23	6	102	5	271	30	46	226	173	504
V155	43	121	184	79	321	440	406	175	285	70	504	695	563	641	218	136	121	367	41	189	81	165	28	47	148	542	4	318	217	247	306	60	52	2	469	251	129	306	9	134	267	289	36	47	27	43	228	260	268	242	144
V156	0	92	71	31	48	208	0	14	173	439	179	82	190	184	28	9	89	124	348	20	35	1174	46	39	38	151	109	459	298	793	172	22	58	39	53	716	26	20	98	151	202	360	617	153	518	350	8	80	445	220	102
V157	6	239	190	4	88	123	259	52	285	81	285	180	553	425	10	11	163	4	91	464	0	72	305	260	146	104	129	23	15	1	387	70	441	162	213	450	368	95	496	293	76	107	74	86	221	229	15	94	1	402	198
V158	463	781	733	336	116	562	106	150	346	52	8	171	351	144	54	338	76	159	740	332	258	234	28	94	398	192	186	119	143	117	18	2	324	225	21	132	231	81	294	274	804	29	15	211	195	29	492	75	40	322	677
V159	44	78	74	64	213	203	417	127	391	317	352	94	126	195	82	16	415	819	335	81	346	21	91	127	134	87	157	250	196	34	98	78	86	170	548	23	5	242	137	149	263	736	22	139	143	24	227	78	196	180	83
V160	16	283	118	167	267	269	40	142	135	158	132	65	431	45	45	12	73	71	22	205	82	113	127	323	51	14	7	232	8	322	24	222	72	23	292	53	210	279	125	31	70	211	175	9	75	35	29	256	81	185	223
V161	110	442	13	354	202	306	102	72	203	147	294	43	520	116	362	123	11	820	177	245	115	18	27	129	46	178	156	55	0	136	237	235	353	119	84	223	78	124	237	56	1025	27	21	433	53	22	190	319	79	51	379
V162	95	284	257	44	449	561	197	44	407	93	97	502	295	335	250	58	121	133	21	5	66	32	52	153	805	38	55	373	444	486	189	93	28	905	399	87	187	1	55	230	158	707	78	99	314	356	26	296	92	91	261
V163	97	429	48	27	271	5	201	35	9	241	8	91	25	12	69	143	465	33	43	70	17	74	17	69	607	73	95	342	13	380	293	499	24	518	18	100	210	76	458	8	290	274	55	174	55	96	70	0	428	20	365
V164	2	165	45	556	63	910	76	126	416	50	71	1	238	132	348	427	16	538	198	519	276	74	124	118	246	50	33	30	253	153	40	267	345	37	266	776	555	333	408	101	290	390	498	141	57	23	359	629	540	87	126
V165	146	74	69	220	113	281	60	251	385	221	73	267	78	88	360	226	19	252	42	42	68	35	183	157	50	50	752	112	310	193	207	17	208	230	80	70	20	43	148	171	79	10	185	209	75	50	670	212	32	56	105
V166	262	12	148	217	64	29	562	133	21	449	638	269	154	35	178	43	63	158	6	1420	32	273	53	100	170	95	27	157	40	11	296	752	200	309	257	442	56	62	34	179	514	145	17	40	9	308	35	219	106	26	64
V167	53	220	185	108	36	32	162	475	3	1017	447	14	191	182	392	156	114	2	319	334	46	739	211	372	217	61	289	229	70	53	237	8	270	131	38	310	418	23	45	134	61	292	630	104	549	143	821	435	207	358	187
V168	142	96	448	56	599	716	29	103	350	249	44	300	3	315	194	59	123	107	33	437	91	434	76	186	107	75	479	122	129	468	190	410	321	148	222	493	330	412	153	10	52	1054	203	61	65	787	469	302	243	39	105
V169	5	38	10	103	82	65	7	89	12	164	181	148	70	25	5	1790	74	17	111	1220	478	31	106	174	355	518	93	223	68	127	163	255	85	76	141	5	231	187	245	60	93	47	190	628	115	160	28	156	774	136	57
V170	34	196	732	88	116	41	50	17	186	8	8	17	91	733	366	78	438	252	345	379	100	24	609	397	13	31	201	748	227	174	664	162	145	301	36	28	232	34	41	187	31	7	205	519	91	403	41	200	8	108	184
V171	271	354	423	16	186	411	1262	103	128	70	70	918	25	2	972	17	238	53	220	6	60	328	567	131	524	13	70	1	180	364	293	86	143	8	904	137	190	167	343	495	161	343	74	36	346	62	405	101	74	827	346
V172	67	0	130	11	872	81	260	149	2	1731	56	242	562	425	98	674	127	25	94	152	38	52	437	396	211	654	59	38	54	89	102	78	141	34	45	211	140	329	884	116	96	87	110	243	21	172	149	312	73	159	34
V173	23	177	436	20	56	78	14	605	44	303	266	7	104	108	107	185	132	628	31	671	136	606	41	68	661	13	10	80	62	51	6	405	361	76	569	132	446	148	299	101	15	198	209	73	187	331	94	229	229	240	164
V174	250	83	176	98	226	30	208	143	126	180	126	3	127	110	163	46	88	103	148	47	121	222	111	504	13	169	96	199	142	151	73	238	132	16	42	212	479	34	94	645	22	2	14	293	90	168	256	19	168	486	110
V175	195	72	251	51	10	139	133	133	17	157	180	52	243	83	110	20	234	104	271	363	220	599	11	465	83	179	556	127	122	152	334	53	10	171	316	44	124	187	4	323	183	101	372	643	692	93	241	70	201	23	105
V176	148	673	599	35	12	135	211	251	249	175	401	364	16	50	132	127	162	357	500	510	8	120	167	119	108	7	257	146	8	112	6	254	79	356	589	15	8	157	306	715	268	63	77	152	243	59	24	215	187	62	554
V177	24	151	423	218	52	376	77	23	221	203	26	182	68	134	39	618	190	319	16	24	201	103	220	49	108	156	346	565	374	481	110	200	160	92	69	195	173	38	467	36	94	35	103	144	66	94	435	200	83	160	144
V178	691	84	53	586	878	60	584	366	109	85	33	259	127	21	535	544	247	207	391	190	165	54	414	231	95	453	119	6	343	96	10	7	81	194	45	84	106	1046	283	22	81	7	0	779	44	206	266	48	64	127	211
V179	134	27	103	87	60	157	288	209	123	84	179	236	187	90	282	186	114	97	479	862	41	123	176	465	101	478	95	248	562	244	338	58	213	32	323	319	115	384	402	56	167	15	125	217	49	44	48	180	145	521	73
V180	65	112	442	232	42	785	29	56	178	154	194	128	95	150	119	102	146	194	136	604	778	209	34	53	271	110	773	105	277	507	109	395	182	19	153	54	201	56	249	648	627	137	313	71	174	613	50	269	471	187	133
V181	227	134	143	13	78	127	801	189	17	136	473	168	272	18	5	334	21	62	51	446	30	177	155	229	481	16	273	963	133	354	182	155	450	404	366	343	51	174	260	448	56	67	102	290	340	94	240	296	388	127	172
V182	335	328	351	243	54	631	404	90	192	73	117	122	715	265	145	654	121	326	26	16	111	235	166	648	69	149	51	44	22	139	8	17	77	564	141	73	167	11	48	589	413	69	460	171	3	1128	88	616	167	263	294
V183	385	146	14	201	519	443	25	38	123	8	28	286	96	308	201	140	68	35	138	338	62	318	135	319	174	267	140	199	787	153	189	106	286	363	116	257	327	4	342	253	527	130	113	20	44	94	242	23	61	128	184
V184	190	193	532	177	147	183	180	518	247	11	593	243	180	629	402	223	133	322	102	365	247	107	59	269	79	247	63	109	223	213	515	358	119	20	114	189	40	138	52	76	303	562	577	125	5	50	198	80	297	112	201
V185	48	142	32	134	140	212	225	713	607	26	311	110	156	208	79	54	233	263	19	94	253	187	26	596	227	74	315	11	74	85	7	133	256	639	208	246	257	584	228	22	76	15	721	164	14	44	295	472	145	424	127
V186	286	239	715	392	345	396	153	103	495	128	500	692	243	889	336	367	97	53	112	255	83	59	112	8	186	96	475	285	98	47	15	426	578	124	149	85	49	392	195	112	36	1165	92	75	296	379	34	160	68	49	242
V187	8	142	14	940	159	815	282	5	145	323	130	111	292	236	162	317	153	65	476	14	281	285	165	77	18	40	12	114	50	44	1059	79	83	328	19	83	183	136	106	32	197	71	177	50	80	63	160	91	24	108	129
V188	71	699	194	28	149	119	182	363	66	33	6	121	45	75	159	156	974	611	31	326	9	172	17	165	75	91	5	11	37	44	93	33	101	405	220	50	268	76	187	45	115	342	80	83	43	310	144	265	318	669	526
V189	41	116	263	149	78	529	129	171	180	1	764	120	129	51	27	511	73	747	75	186	144	206	287	272	537	335	69	292	110	80	293	128	17	39	50	287	30	362	50	144	8	13	25	306	130	32	138	133	251	262	104
V190	47	266	161	678	490	60	98	92	80	60	12	390	271	112	614	312	380	8	822	110	80	367	562	369	14	80	105	189	90	86	108	287	245	184	42	80	440	35	5	54	17	88	304	11	26	300	89	44	60	263	241
V191	319	190	6	136	106	68	144	100	243	102	105	62	82	23	140	116	56	211	101	126	81	322	105	31	79	143	79	165	406	26	257	324	132	215	189	0	129	15	15	515	23	7	176	144	505	440	315	409	25	300	224
V192	2	493	168	262	322	182	319	6	264	179	291	46	214	521	201	147	76	29	201	176	80	685	807	205	254	11	143	381	460	362	91	127	141	200	199	19	140	164	327	233	423	397	51	123	22	171	192	385	31	139	400
V193	107	5	173	30	269	344	101	16	115	1050	59	16	125	54	9	446	52	110	74	41	37	1	140	645	98	197	12	123	14	134	191	126	534	45	811	431	275	81	322	271	15	517	62	566	50	315	591	56	0	378	48
V194	1	55	521	29	77	217	16	475	21	348	29	87	97	211	163	46	40	215	156	23	522	54	90	78	14	385	305	43	358	46	317	94	109	22	184	586	224	27	118	148	423	3	93	386	28	165	169	212	207	0	58
V195	89	148	186	519	577	13	78	210	405	124	68	230	10	395	165	63	46	25	658	20	31	107	74	64	6	31	335	32	70	243	48	143	140	320	143	182	37	492	80	228	262	222	253	128	315	28	105	224	221	140	134
V196	284	343	188	153	357	32	32	301	227	98	493	183	84	87	169	534	88	162	79	19	579	4	234	20	101	62	181	31	128	211	108	83	229	3	168	222	17	12	173	59	105	4	95	181	269	50	237	93	1108	42	338
V197	80	49	480	33	66	526	18	139	164	107	80	271	463	106	573	73	331	11	126	170	525	452	14	44	476	229	85	300	1272	14	212	78	59	405	233	357	278	78	82	109	116	0	77	415	390	30	242	764	96	131	68
V198	55	158	28	118	34	104	107	171	443	414	198	143	541	168	179	49	594	249	161	44	13	68	172	101	89	1002	217	89	265	656	5	217	235	125	144	61	89	104	352	370	67	200	206	193	192	111	158	80	52	369	158
V199	1141	257	165	161	499	656	307	64	92	133	99	67	82	17	190	454	86	11	127	266	334	166	82	152	370	204	721	541	90	133	436	63	225	412	111	287	2	141	46	31	60	421	191	262	219	273	404	61	294	105	377
V200	67	273	300	119	211	21	86	133	25	241	56	49	336	255	73	126	15	114	89	166	162	97	28	417	16	120	19	147	36	40	0	146	37	83	191	29	183	102	35	483	342	5	115	56	47	28	313	100	222	41	212
V201	775	249	236	183	373	0	194	81	54	113	119	262	226	125	9	33	3	9	172	12	77	51	125	56	152	341	65	427	10	110	93	20	268	146	395	33	110	67	2	18	168	502	250	26	555	39	40	65	118	343	329
V202	81	529	96	179	1282	202	45	525	100	49	3	126	26	9	40	45	144	316	83	280	1072	308	31	113	186	73	338	376	314	60	384	193	21	769	85	82	146	150	278	15	33	187	409	374	155	54	89	153	300	15	473
V203	311	237	293	24	493	63	316	1	12	240	44	317	195	536	67	282	64	221	248	70	11	115	59	319	154	126	22	294	324	312	32	220	521	536	78	664	203	185	40	254	78	160	70	181	221	383	626	55	22	30	244
V204	5	190	172	600	4	36	183	24	514	293	7	168	53	526	0	85	20	21	442	511	344	7	173	48	1276	68	44	99	142	253	35	208	416	7	292	40	84	4	52	193	61	15	29	214	380	769	73	95	278	203	191
V205	51	355	177	73	139	22	166	61	58	412	188	35	372	280	345	5	37	239	355	373	94	242	229	141	106	390	147	323	0	46	151	145	97	34	89	76	65	19	32	812	97	193	254	291	14	296	6	55	365	217	296
V206	197	121	85	249	576	258	17	28	126	237	289	92	212	97	399	36	63	19	114	368	299	23	261	19	58	223	142	313	144	50	84	218	158	357	40	11	446	210	634	7	107	46	387	21	130	12	600	229	836	123	157
V207	611	256	105	166	23	80	306	563	178	232	1140	29	306	67	326	22	149	79	129	164	151	235	28	348	33	82	200	112	188	7	41	308	239	245	34	107	36	149	174	109	102	104	451	212	172	336	44	325	63	394	301
V208	140	99	416	90	80	369	208	33	268	539	348	161	1	12	10	56	171	835	542	858	40	119	141	37	581	26	525	92	115	200	73	2	46	767	99	99	246	52	100	43	81	65	920	170	15	97	16	519	17	242	112
V209	321	22	243	4	7	221	7	23	129	252	70	131	16	1405	311	165	179	29	136	106	180	39	324	36	100	395	158	267	136	213	18	258	55	91	88	1	362	119	79	139	105	155	600	266	82	191	271	233	30	304	83
V210	669	136	61	19	161	95	41	105	106	114	110	455	95	88	63	224	216	433	48	134	45	326	184	321	5	17	293	164	394	185	233	27	137	70	756	271	329	235	41	290	52	1	265	246	292	862	134	160	446	209	208
V211	284	295	48	100	433	268	69	320	33	280	524	31	26	189	25	311	62	110	44	135	729	158	287	94	28	395	22	341	227	301	27	436	105	62	95	239	236	2	161	146	166	330	195	274	99	370	91	195	47	30	298
V212	215	393	281	18	48	127	174	8	34	150	152	328	168	328	24	99	273	276	270	413	206	259	114	526	152	205	455	155	96	1119	700	71	481	655	268	399	172	424	182	213	117	37	18	285	132	68	339	280	124	45	353
V213	404	45	477	271	660	171	5	143	143	274	291	3	0	122	157	114	91	149	265	212	9	4	183	87	20	115	213	140	214	32	441	29	409	86	63	68	22	120	7	300	139	20	82	21	268	292	105	157	604	127	110
V214	1363	556	6	63	6	106	355	350	82	134	155	158	424	52	228	65	239	403	469	188	181	31	418	87	695	17	96	363	89	359	736	621	44	143	189	146	253	310	326	22	273	21	205	83	20	409	611	271	568	50	652
V215	156	170	120	72	73	20	32	181	251	142	8	399	402	413	192	304	22	323	1147	40	705	390	291	304	44	10	23	95	69	211	62	385	134	127	227	48	287	87	20	360	951	35	33	143	99	602	225	13	334	225	192
V216	341	325	60	736	170	5	118	325	165	260	34	248	75	79	263	126	34	45	279	60	90	60	57	205	119	12	123	203	9	61	221	156	345	138	160	68	293	384	195	16	246	2	224	365	251	154	52	97	25	40	344
V217	108	197	191	101	84	83	92	91	181	165	692	390	16	329	37	95	552	126	2	40	328	51	38	223	161	61	189	27	539	603	83	433	97	248	5	46	15	79	63	595	299	60	236	502	218	128	192	117	164	1071	189
V218	19	376	130	16	303	236	95	237	176	81	23	14	30	300	5	13	43	13	61	68	77	171	77	408	370	88	13	669	545	262	38	125	82	218	155	151	160	23	124	35	171	86	236	25	245	144	273	64	44	355	309
V219	244	240	98	115	296	248	235	222	542	158	134	42	104	18	862	67	4	287	81	214	351	197	25	6	414	291	95	22	201	15	104	326	185	58	114	160	36	302	240	171	690	918	166	10	295	30	152	83	387	169	242
V220	505	63	130	59	269	129	48	29	76	331	277	197	143	244	175	13	837	97	26	30	51	217	210	5	463	538	345	163	182	144	402	177	167	202	28	30	202	145	51	477	107	249	375	32	248	172	58	67	84	224	145
V221	10	409	32	345	532	46	115	445	311	400	319	22	485	14	115	381	505	247	4	214	18	121	82	197	85	82	260	74	12	241	616	57	218	119	341	687	13	2	137	136	81	99	124	132	198	145	50	76	86	95	320
V222	96	76	18	202	69	242	499	7	33	603	66	58	160	182	193	755	404	138	203	0	131	227	639	49	190	295	827	126	89	579	168	202	314	97	273	18	247	167	9	32	291	149	143	45	312	385	428	569	230	773	103
V223	452	154	64	77	182	443	27	299	148	471	54	74	416	813	160	161	46	561	112	67	204	231	393	239	212	319	11	67	88	203	60	188	149	62	494	80	23	45	17	144	381	446	209	16	243	17	351	348	111	36	225
V224	184	29	707	165	171	119	33	95	8	136	10	827	408	5	170	144	86	791	286	27	587	16	67	67	78	7	221	70	71	1131	570	370	274	18	81	56	139	293	281	6	370	533	44	890	128	192	1	273	297	159	58
V225	135	243	171	447	207	229	20	49	165	21	48	253	79	47	54	26	197	69	495	841	31	98	8	390	159	284	68	378	78	447	334	286	16	227	170	152	66	678	815	93	309	196	756	118	45	278	138	13	102	932	208
V226	79	102	472	146	23	744	265	120	113	332	270	25	2	114	249	30	391	20	224	175	31	129	71	590	165	1236	418	595	216	170	243	93	141	43	124	274	386	242	259	60	310	200	256	613	337	29	216	47	105	246	130
V227	103	232	65	397	106	134	310	123	190	42	127	220	423	95	30	192	270	33	19	806	94	41	2	235	130	143	134	128	75	230	88	33	84	369	407	77	22	57	75	111	138	505	11	11	180	13	305	65	45	99	204
V228	496	56	143	44	121	142	75	54	8	27	427	5	273	100	417	37	283	102	88	85	144	32	79	230	18	170	159	429	129	89	129	284	473	67	462	264	8	237	21	279	21	239	386	409	196	718	9	63	92	273	128
V229	271	154	207	205	323	300	120	24	103	363	399	11	39	485	108	31	138	18	59	122	1173	27	11	36	285	11	671	34	240	152	201	9	198	108	2	65	46	90	48	26	45	445	76	280	105	262	429	9	56	171	170
V230	386	404	294	157	213	277	19	162	46	281	440	21	422	191	168	92	92	16	166	152	261	180	214	328	914	561	14	25	9	61	109	440	19	118	123	516	57	517	18	54	111	63	32	301	201	56	202	363	264	752	379
V231	89	14	285	298	259	38	28	410	192	77	194	159	25	64	315	423	111	52	309	192	145	306	231	462	309	183	201	79	96	0	101	39	224	885	185	381	274	53	37	16	120	42	96	1	238	17	251	139	124	105	45
V232	49	168	301	53	455	660	57	331	102	107	316	29	78	145	542	543	388	372	641	208	38	153	134	90	97	60	309	42	158	75	210	12	56	8	235	186	538	384	178	318	43	381	154	102	991	488	61	473	679	104	173
V233	88	276	85	185	152	192	61	558	68	343	133	205	271	47	15	250	357	8	97	12	49	126	5	264	80	298	82	193	36	593	5	4	108	41	285	59	80	166	68	79	97	34	113	591	146	81	79	26	58	20	220
V234	95	300	65	200	126	128	94	324	31	242	377	46	39	254	15	53	106	108	212	336	366	137	149	38	13	456	7	124	160	160	802	95	16	39	7	276	117	115	17	172	193	40	15	42	45	180	528	14	324	147	234
V235	8	23	9	57	415	108	112	7	129	605	39	19	140	51	520	160	358	442	62	143	141	6	427	61	26	261	330	15	420	94	13	460	199	283	507	213	212	220	337	178	42	229	163	207	1	19	128	342	9	232	37
V236	251	36	48	74	468	315	68	282	401	105	847	0	49	469	614	35	163	452	57	57	2	33	179	54	72	18	37	73	166	22	216	84	290	28	112	99	48	103	53	153	50	119	257	52	22	575	240	334	158	64	72
V237	143	356	98	196	72	54	325	367	79	535	555	1	71	73	85	31	213	74	128	48	12	206	283	362	554	416	100	277	534	20	168	389	564	52	246	82	100	117	116	80	156	242	84	34	242	76	12	673	402	16	295
V238	69	31	113	298	323	507	170	82	51	41	214	130	204	191	126	33	472	906	7	137	45	171	41	100	1083	217	110	403	51	365	87	10	287	65	155	507	219	174	31	120	411	76	263	233	85	70	559	201	59	158	49
V239	327	365	10	236	15	107	10	263	327	472	271	285	78	371	1	202	334	677	120	217	203	152	450	68	11	562	110	324	346	95	548	23	54	177	6	39	159	229	247	12	7	273	85	26	376	294	61	46	204	215	349
V240	370	54	133	30	631	180	223	42	199	3	216	171	22	169	192	161	105	30	62	113	111	109	147	78	172	404	55	492	1	606	389	210	165	101	96	366	12	377	241	110	332	75	33	406	6	415	498	28	305	103	126
V241	32	388	390	186	34	149	69	34	209	0	148	1065	64	66	208	45	279	3	322	284	46	270	241	195	15	398	268	243	5	200	74	127	12	223	104	173	29	64	377	176	45	74	175	273	267	54	232	718	370	123	304
V242	21	129	168	52	138	191	120	29	403	19	81	132	61	28	247	27	180	45	41	158	385	134	8	168	69	16	254	161	108	165	211	216	517	565	931	692	91	398	21	613	81	238	303	57	182	411	173	379	142	226	139
V243	623	153	25	329	143	140	186	144	241	86	43	3	102	106	31	222	6	162	538	395	236	166	536	4	112	64	236	451	241	321	198	38	56	180	64	139	73	207	81	35	273	138	158	55	66	0	240	127	195	594	250
V244	21	21	114	287	465	94	317	109	78	31	441	13	23	68	74	45	497	70	48	187	17	15	182	14	143	357	265	73	162	60	234	225	171	125	34	299	238	12	260	17	195	343	296	98	18	20	81	65	82	585	43
V245	196	113	520	105	664	544	20	114	10	212	7	164	223	397	122	276	102	0	143	164	169	167	148	170	453	263	561	62	508	67	375	97	349	47	29	219	252	66	158	228	98	175	46	361	318	315	264	50	100	21	130
V246	1064	95	310	717	110	126	1110	143	7	404	17	69	62	60	673	141	113	296	240	366	26	200	219	233	265	133	112	36	110	285	386	72	0	569	201	240	206	14	187	127	140	22	23	43	93	71	34	365	570	110	257
V247	164	94	29	39	601	311	22	124	65	181	101	459	99	66	1077	42	29	87	65	150	570	69	37	335	401	161	58	272	290	674	64	381	108	54	200	552	304	11	160	380	6	278	412	78	247	215	184	345	110	123	120
V248	65	97	85	129	28	92	473	592	62	115	194	220	198	22	206	16	161	30	67	74	747	59	165	50	23	633	763	23	757	636	415	111	18	282	147	76	226	637	12	53	220	230	783	741	336	235	81	189	209	32	114
V249	0	156	211	290	363	0	239	366	896	161	28	116	890	170	206	115	283	470	313	576	380	87	280	32	50	127	78	204	24	127	13	572	68	2	350	420	30	675	140	170	546	144	8	32	587	228	303	140	312	606	151
V250	681	358	509	375	97	291	207	344	132	317	278	148	311	19	22	10	600	24	229	27	33	261	3	13	415	13	44	83	29	99	248	255	5	26	188	265	41	71	137	284	557	15	129	119	641	273	75	251	102	236	439
V251	32	408	656	318	23	67	304	253	104	112	160	97	119	331	200	10	56	35	10	312	27	84	26	39	92	1	20	178	34	645	60	97	87	230	54	879	142	491	307	28	67	28	205	520	52	100	30	291	198	647	319
V252	127	357	221	91	381	166	246	115	72	125	292	124	206	80	223	306	20	28	28	113	95	266	199	61	38	251	110	207	29	203	57	141	0	415	20	787	379	378	90	76	282	394	147	306	226	163	238	84	81	50	291
V253	174	746	552	111	444	109	104	267	132	350	159	44	254	137	173	118	31	132	81	100	211	50	17	91	199	405	69	264	87	62	193	105	151	296	46	315	126	337	81	75	19	177	141	55	133	361	141	14	17	156	606
V254	23	272	113	21	120	57	311	118	31	157	548	172	191	25	105	209	104	41	139	57	193	276	134	71	85	273	5	90	295	48	97	409	9	49	227	205	418	385	230	129	315	119	94	148	44	22	605	52	160	406	222
V255	39	576	226	18	266	414	109	80	101	264	94	57	298	115	583	289	73	286	35	18	24	100	197	110	32	172	56	100	328	89	315	275	224	199	58	58	178	15	580	423	119	51	62	138	76	383	452	45	5	55	439
V256	185	138	340	501	699	426	166	347	176	52	382	200	156	156	26	26	89	309	306	350	135	60	176	70	30	274	24	71	91	185	140	34	351	131	152	127	48	28	24	14	149	198	115	147	188	499	38	38	29	255	160
V257	56	129	266	115	147	644	390	600	31	70	316	36	209	531	267	114	352	3	251	159	231	177	175	40	23	109	246	308	40	165	491	373	284	123	140	155	145	549	95	27	17	318	469	40	253	372	118	65	156	1300	101
V258	49	38	30	51	224	136	6	373	210	150	287	292	32	635	244	162	59	44	258	250	68	135	33	48	253	69	90	366	146	360	679	335	254	274	61	125	103	194	8	229	122	219	282	21	116	13	224	47	118	158	54
V259	70	62	155	496	43	163	319	354	162	74	133	304	360	99	9	48	29	5	362	482	221	163	135	380	13	307	641	41	319	196	339	176	137	104	125	10	237	49	277	39	955	402	50	100	84	2	486	5	320	153	67
V260	170	385	279	325	256	100	576	5	369	146	108	601	608	132	166	40	175	248	587	212	349	380	191	295	156	128	96	601	151	356	121	354	215	40	114	218	297	65	24	109	198	95	751	50	496	4	497	186	456	387	344
V261	20	147	394	319	19	14	625	291	579	29	66	270	391	336	202	94	139	222	164	558	554	45	319	40	261	19	282	62	79	60	307	33	243	776	27	95	193	116	363	223	95	66	383	134	325	51	34	365	337	98	123
V262	128	118	120	21	57	12	216	213	30	187	71	17	678	378	257	331	0	212	561	304	145	478	143	103	425	55	62	14	885	59	111	248	1448	79	321	238	55	49	44	53	278	104	522	333	200	17	157	358	115	548	148
V263	34	248	22	193	135	66	191	850	73	106	18	333	143	71	497	18	184	235	534	303	733	196	148	293	177	426	198	39	270	142	706	149	125	115	203	241	587	202	22	95	29	417	19	280	116	112	43	378	159	3	208
V264	84	840	3	1	347	269	49	24	338	49	119	20	33	44	74	418	480	71	191	46	9	103	591	228	500	335	57	249	75	78	211	111	254	38	69	110	537	198	209	37	485	115	159	350	54	473	348	173	75	501	681
V265	113	33	77	17	9	226	135	269	339	283	60	8	121	55	200	11	108	146	485	48	178	42	85	30	481	263	56	398	233	288	159	232	31	189	31	253	97	366	60	15	422	385	121	104	257	115	52	14	119	212	78
V266	207	606	18	302	251	257	11	129	106	4	1	12	161	83	107	229	179	97	370	292	110	14	72	206	382	130	50	28	215	223	23	804	114	107	82	54	164	122	742	22	302	173	177	109	151	40	36	258	86	216	486
V267	138	238	227	164	946	26	100	895	215	18	217	1	892	82	34	42	616	27	59	372	146	388	152	227	273	126	19	282	70	72	29	45	118	63	589	81	314	129	110	260	15	148	360	196	466	52	136	672	269	28	220
V268	601	90	94	245	0	186	62	165	376	142	44	189	135	440	60	53	29	84	93	155	270	192	359	139	217	165	18	232	197	654	422	833	79	573	95	44	241	203	314	465	540	364	71	329	1	65	327	69	172	36	176
V269	72	385	9	185	169	65	14	838	57	449	153	154	118	4	424	113	56	460	18	42	124	252	159	32	249	22	211	135	242	139	241	41	721	147	119	227	135	77	65	960	7	201	554	64	350	960	120	357	85	397	345
V270	127	207	9	661	107	206	322	52	253	122	107	122	282	47	40	10	1110	14	259	288	110	65	334	62	85	5	108	345	998	61	145	22	406	285	495	173	75	400	55	94	302	266	44	31	937	1393	96	297	253	117	224
V271	12	8	214	24	121	81	13	82	150	67	240	68	20	406	22	395	84	686	374	615	95	295	650	350	70	619	742	464	700	563	117	3	37	125	39	402	66	105	673	106	4	361	255	30	29	3	694	761	59	482	28
V272	182	118	24	27	340	59	26	258	604	37	527	41	606	145	105	406	67	292	99	364	213	168	171	116	85	276	119	52	56	28	98	159	119	626	206	188	67	186	78	173	108	129	0	387	487	588	368	229	367	294	157
V273	97	189	8	373	344	462	185	30	87	219	311	82	94	130	155	119	432	95	37	226	366	111	787	49	139	295	17	482	52	415	366	174	240	141	376	58	132	353	31	16	254	39	93	31	132	81	415	108	131	439	150
V274	309	57	78	80	2	19	11	128	209	3	208	105	827	27	38	15	204	246	63	319	14	61	57	333	278	65	1	86	86	131	132	430	32	48	307	115	135	77	309	48	60	12	108	1383	71	170	232	134	114	210	93
V275	173	21	165	243	83	113	223	55	24	309	0	128	0	389	411	386	128	464	736	131	184	536	8	349	64	69	2	77	575	353	11	192	176	13	255	313	195	15	7	59	597	23	615	67	196	358	80	185	1	494	55
V276	116	39	132	15	597	295	101	554	26	198	31	813	947	642	103	99	194	40	302	44	29	134	292	90	161	473	78	101	158	146	295	21	288	768	85	423	490	85	93	121	173	113	1256	149	585	425	207	250	286	265	58
V277	92	348	277	62	115	236	149	19	139	178	54	881	13	581	59	166	176	164	221	1003	127	191	356	171	78	224	152	590	6	125	354	349	518	84	754	264	151	255	505	203	38	45	114	80	42	206	176	28	188	75	296
V278	314	1	46	69	217	37	51	114	127	61	596	978	31	180	318	56	114	40	63	19	116	694	529	222	96	49	121	17	229	33	10	33	63	138	544	92	24	95	130	8	117	69	420	6	128	492	3	230	489	147	64
V279	83	193	50	696	242	86	228	73	41	290	430	117	36	113	38	64	53	386	237	18	256	288	24	153	74	78	58	18	324	284	482	469	50	66	51	348	304	145	76	146	645	210	16	95	152	180	199	273	68	192	176
V280	199	25	88	183	3	843	95	647	544	540	113	274	212	116	84	531	199	327	35	312	117	124	572	632	49	32	176	335	54	142	351	104	179	380	43	97	226	239	27	19	12	257	114	93	273	3	107	343	327	216	70
V281	12	398	420	184	112	7	70	94	168	62	303	337	97	97	287	112	52	5	22	137	202	152	185	99	96	46	111	67	149	154	345	637	339	50	3	56	486	20	8	44	463	217	622	11	311	352	8	142	226	332	350
V282	55	43	366	197	499	160	298	30	106	199	83	271	89	506	560	980	213	113	50	263	1	206	66	559	305	10	200	727	17	17	465	92	109	55	58	344	167	3	371	279	321	128	67	127	128	316	246	45	29	14	46
V283	11	161	403	380	622	321	800	168	191	78	131	26	37	515	222	21	59	727	141	155	184	43	495	38	126	116	85	142	179	108	64	45	263	319	310	487	110	331	258	213	26	51	222	125	65	236	8	88	33	309	129
V284	10	337	952	144	176	129	130	468	45	387	89	345	390	121	49	49	206	142	768	440	26	175	313	261	95	84	19	44	942	100	197	222	180	6	256	124	158	278	90	486	157	193	63	239	176	372	180	123	187	138	300
V285	35	222	39	617	52	73	855	287	699	113	789	47	295	56	112	87	39	210	197	36	40	447	127	510	183	404	248	28	22	352	8	400	258	431	9	88	3	117	179	371	205	447	474	427	106	294	10	202	24	9	171
V286	574	1	2	239	364	44	106	359	64	58	169	192	275	214	133	211	89	441	149	5	39	78	115	87	22	980	474	51	1182	131	728	846	222	0	157	336	515	166	160	12	79	801	536	499	293	572	260	40	665	399	100
V287	0	222	111	92	327	118	93	532	205	165	42	14	70	33	28	45	157	581	334	20	118	347	18	111	113	64	34	67	17	120	194	368	359	33	43	51	194	73	75	120	14	121	251	199	255	69	93	655	120	14	216
V288	136	551	91	209	101	616	128	207	118	56	283	38	180	11	114	56	191	89	141	105	106	222	756	117	189	613	60	117	52	70	249	77	93	350	11	136	289	6	25	415	78	302	244	29	143	248	41	117	392	69	454
V289	7	242	272	199	93	415	7	50	207	305	156	41	649	59	465	122	163	104	178	156	229	307	118	114	127	762	252	408	4	50	827	254	108	21	75	338	48	288	83	167	55	101	222	310	7	209	220	370	248	114	210
V290	142	354	522	88	247	362	16	19	225	166	408	117	484	696	163	118	344	380	714	68	113	36	99	164	231	192	106	483	117	24	1336	633	209	118	168	68	66	1192	106	145	51	21	4	41	772	116	8	44	77	496	306
V291	95	149	59	914	618	19	23	144	376	776	617	69	607	6	424	288	414	442	359	1730	194	149	119	270	234	385	206	97	72	28	141	419	64	76	11	46	176	338	121	13	231	208	221	396	17	92	61	120	163	59	168
V292	7	242	87	58	163	419	574	355	5	124	905	72	221	130	245	197	318	195	44	7	54	290	46	86	413	51	206	37	119	465	225	334	261	261	163	287	22	77	28	18	74	210	540	232	37	306	134	40	838	115	234
V293	111	49	94	215	254	79	112	9	102	5	9	258	171	184	345	43	59	19	443	173	230	14	59	135	6	97	442	47	91	426	284	160	581	128	48	611	104	15	486	864	311	61	10	19	5	109	61	321	194	345	95
V294	68	32	118	106	259	16	76	707	75	248	149	272	190	5	360	160	746	61	192	690	178	95	460	3	924	16	197	611	630	61	200	311	1143	123	262	123	390	156	668	174	352	289	76	90	40	24	21	146	382	186	63
V295	40	0	189	213	725	18	97	72	28	278	23	123	229	321	242	12	12	810	68	88	117	49	43	256	354	224	197	286	63	233	228	92	163	206	600	112	76	566	4	30	177	461	131	22	84	1255	645	39	44	233	30
V296	477	198	457	235	75	52	764	349	139	293	181	182	2	539	295	324	18	106	465	10	70	61	60	68	449	599	51	53	147	224	264	198	67	219	148	168	371	323	57	171	9	9	64	137	151	120	18	93	123	95	267
V297	64	87	102	78	157	412	87	58	26	279	164	20	360	262	91	79	783	193	93	211	291	133	597	209	68	722	68	142	307	543	118	217	133	65	131	117	229	253	252	120	81	850	287	1	22	183	243	64	635	29	102
V298	1029	196	210	282	49	574	635	32	340	169	93	49	67	231	83	200	213	35	95	268	891	162	19	20	241	382	83	493	6	128	69	12	33	8	929	230	620	164	1	356	27	221	44	216	264	74	10	112	407	103	345
V299	130	55	262	34	24	89	410	310	116	69	6	198	164	88	20	371	22	74	100	78	431	384	100	208	533	56	124	20	47	182	112	31	33	20	1	890	430	173	266	345	59	30	10	2	54	83	537	22	500	159	70
V300	51	610	203	60	652	182	533	1106	314	147	309	152	80	546	179	88	46	33	67	544	367	45	233	0	147	155	70	144	75	500	113	67	206	153	102	157	105	29	9	5	39	250	65	5	284	26	209	49	87	10	441
V301	190	79	219	25	60	40	93	117	59	14	103	246	43	29	205	184	72	576	12	97	207	124	0	165	89	64	392	5	15	163	16	76	225	304	6	37	276	228	41	23	104	103	55	1036	104	84	60	26	530	215	100
V302	70	278	410	17	157	516	68	219	71	118	194	481	224	302	314	54	144	17	66	11	67	21	58	143	27	58	67	5	301	121	98	92	93	45	156	167	509	244	17	99	184	584	49	458	17	190	31	156	213	106	211
V303	278	152	141	18	704	296	51	129	607	251	124	614	166	70	763	47	213	302	356	121	65	202	335	155	283	70	274	145	184	9	220	105	291	55	116	484	221	361	517	118	341	27	91	147	48	244	530	276	3	31	166
V304	27	371	48	34	74	235	332	31	93	210	169	157	20	214	121	9	2	13	124	106	595	7	88	117	238	112	165	63	142	68	287	73	361	340	188	64	461	267	274	142	106	89	39	204	3	183	77	85	39	506	309
V305	197	108	419	66	297	106	587	232	30	267	52	138	252	409	136	317	150	308	54	155	64	5	84	22	317	54	201	273	397	72	104	180	153	155	290	793	854	94	407	408	341	23	17	140	136	62	130	243	219	196	126
V306	314	124	44	616	159	249	307	41	110	114	46	174	209	235	726	279	2	120	21	77	326	132	351	11	143	755	127	15	255	350	46	737	28	18	685	70	61	130	686	212	79	115	136	16	640	147	119	54	85	109	176
V307	53	51	231	134	171	128	287	10	320	51	625	319	226	151	30	36	27	628	264	22	122	80	89	107	267	127	138	394	316	221	63	18	374	587	334	851	79	443	126	334	41	136	257	12	56	582	152	295	630	124	82
V308	185	193	38	279	10	119	292	359	108	490	83	122	218	513	75	46	575	492	34	55	163	53	135	574	39	434	116	362	188	113	10	90	364	415	271	253	303	33	368	141	761	287	131	155	195	185	199	270	2	171	202
V309	12	345	29	32	112	19	75	674	101	248	138	51	35	224	24	375	320	49	200	12	580	377	54	177	33	215	104	7	45	230	147	269	51	51	112	338	787	271	23	15	14	119	186	588	190	33	12	152	334	13	269
V310	196	90	9	226	245	75	10	270	500	326	72	357	286	194	306	557	246	192	28	404	255	25	129	89	23	72	132	129	385	89	654	290	13	651	36	544	17	182	608	465	38	892	176	183	102	158	382	605	168	9	111
V311	152	153	5	678	54	291	34	83	100	47	574	175	66	265	91	705	156	111	67	27	550	84	3	366	134	758	85	20	103	129	59	417	29	76	79	808	754	296	14	60	17	553	9	542	652	36	562	478	228	176	172
V312	182	17	787	282	98	74	654	4	120	55	263	578	51	365	34	112	69	50	96	248	207	113	14	418	103	233	327	318	189	99	206	51	254	60	369	161	399	514	27	77	936	1	22	282	42	33	227	323	16	27	56
V313	309	630	140	90	228	9	434	29	195	329	342	25	161	68	66	443	49	53	320	31	777	15	61	275	720	331	98	31	208	89	299	568	419	113	108	395	268	77	99	86	1	269	604	24	685	30	381	419	49	462	548
V314	40	573	190	308	2	141	152	84	62	70	174	289	298	13	173	105	195	539	32	382	126	192	37	663	199	703	214	370	183	217	103	3	37	114	13	858	7	41	115	68	418	137	138	168	17	181	204	294	16	44	457
V315	118	404	122	222	251	139	465	201	37	39	97	515	395	221	7	44	378	110	635	352	445	198	920	66	10	51	298	454	84	77	303	155	14	96	859	187	73	322	96	141	86	46	55	747	12	403	287	183	292	146	358
V316	263	20	707	301	36	77	216	86	272	109	180	97	36	461	299	75	115	379	20	55	255	13	415	141	93	100	84	94	98	145	394	45	1028	104	131	3	69	377	45	190	64	278	4	109	52	660	41	574	112	167	88
V317	221	223	163	5	215	286	138	161	24	2	159	85	235	14	1014	0	259	70	9	91	67	132	37	181	52	3	78	280	232	117	789	164	22	15	294	17	42	36	458	345	33	75	161	219	849	105	23	461	119	335	193
V318	28	497	131	83	4	401	196	76	8	159	144	60	501	128	110	942	31	198	63	12	339	769	9	220	87	5	197	368	154	348	3	315	411	908	23	80	242	505	5	150	133	478	20	104	3	51	60	3	99	0	370
V319	379	96	361	730	36	89	12	81	64	563	202	185	15	240	98	50	434	134	48	201	197	569	147	39	314	3	406	298	17	24	208	16	34	62	28	291	18	157	194	220	189	326	629	18	62	167	305	686	165	271	144
V320	565	8	0	26	450	25	230	11	2	312	5	255	142	226	73	474	257	815	251	170	675	86	105	763	41	82	183	26	13	75	330	90	11	60	64	6	229	552	46	465	91	42	105	503	485	165	319	85	65	963	117
V321	268	596	82	10	240	60	62	449	577	264	44	14	666	4	23	133	107	73	149	26	44	279	121	273	65	474	141	154	427	195	8	87	119	17	57	82	35	404	75	76	532	39	202	39	171	301	157	80	204	4	483
V322	82	9	128	3	90	265	213	141	103	211	489	40	192	72	421	129	11	293	35	155	30	250	5	116	162	18	328	210	97	430	137	673	45	283	404	19	219	243	502	116	20	96	844	43	199	312	123	153	170	307	31
V323	161	18	23	6	162	41	247	88	528	249	12	351	72	760	200	139	33	225	108	13	90	138	69	376	25	524	130	38	44	495	181	23	203	266	27	172	425	335	27	452	765	179	65	308	15	83	266	44	64	346	77
V324	501	280	240	78	15	620	924	364	140	233	19	40	94	92	5	121	1	167	549	122	69	52	396	405	236	201	214	106	75	172	108	339	175	29	572	67	446	110	234	73	120	473	26	32	84	106	97	394	133	22	270
V325	441	131	95	29	116	65	62	141	7	36	173	11	235	45	1018	76	620	228	169	5	40	137	11	19	266	124	34	479	85	183	56	559	377	175	6	424	2	6	102	12	91	82	16	512	66	103	1185	20	29	130	172
V326	394	117	157	39	410	371	229	216	76	96	311	163	180	265	94	1	687	48	141	26	348	22	117	51	107	296	120	64	81	322	33	558	344	292	186	340	162	37	202	326	137	307	40	95	42	29	78	407	101	17	164
V327	58	121	187	14	279	182	178	72	72	157	6	309	649	242	45	57	49	146	401	72	142	323	83	405	259	114	97	77	213	608	88	148	357	169	27	123	17	203	65	478	290	21	141	191	137	93	4	146	313	205	99
V328	30	291	608	222	13	75	518	304	21	8	5	265	343	59	437	325	461	278	0	346	381	117	132	873	30	84	2	307	211	422	680	0	263	869	206	299	208	223	476	175	6	54	263	89	50	506	165	660	57	35	236
V329	85	51	12	238	794	629	116	147	150	61	22	146	239	187	144	312	273	113	139	184	458	670	79	71	20	347	45	93	168	39	117	2	865	229	376	145	554	291	634	22	91	341	104	501	875	509	45	542	277	105	77
V330	179	131	129	172	53	126	238	99	17	158	219	168	290	380	98	63	554	224	322	700	0	276	257	319	3	203	4	11	142	540	147	611	78	19	114	725	108	172	175	196	74	419	59	104	19	283	425	125	65	43	141
V331	243	252	155	27	514	240	78	188	150	160	94	253	515	87	42	175	274	58	184	45	227	3	53	29	0	175	302	4	143	1275	101	40	52	20	59	5	1	251	530	132	131	190	101	387	243	68	119	108	59	64	278
V332	511	238	56	176	68	200	173	238	142	56	156	37	350	438	2	64	47	110	54	171	179	64	17	260	192	26	375	20	184	366	33	312	144	53	626	192	85	266	153	282	468	123	314	161	343	82	372	98	210	353	286
V333	141	199	401	77	123	561	42	550	385	130	44	238	334	172	186	155	410	133	518	61	158	157	27	16	94	64	20	296	253	238	208	34	82	600	436	69	307	33	3	461	98	6	77	344	279	263	915	93	45	130	210
V334	246	36	400	68	241	427	208	105	602	14	17	61	43	145	205	237	220	330	40	166	453	345	21	732	634	107	20	7	62	438	52	630	346	23	2	93	48	119	87	194	287	480	61	492	481	2	7	72	198	32	96
V335	451	420	102	528	48	36	13	22	38	382	129	235	129	15	486	134	501	174	208	54	16	67	102	27	44	199	482	17	52	12	350	110	174	26	65	116	109	596	57	120	426	172	362	184	204	452	554	100	75	16	418
V336	65	18	22	162	115	148	29	74	36	72	4	270	326	37	54	98	87	133	1	43	56	534	7	173	515	76	116	464	101	124	352	341	213	157	41	412	245	137	172	153	201	250	26	440	7	1	35	131	9	286	40
V337	294	33	298	124	254	181	250	144	599	47	16	81	1089	239	487	190	477	71	7	80	4	160	18	402	133	45	84	173	56	4	51	43	217	2	332	117	203	168	200	174	192	52	185	135	349	193	32	37	354	17	103
V338	49	110	67	410	453	278	135	113	950	170	510	22	255	1140	50	90	61	108	29	275	123	481	520	262	469	336	105	94	124	143	14	103	347	86	333	313	78	125	24	381	914	417	78	165	439	1	261	341	127	161	114
V339	155	153	228	205	77	138	230	138	232	65	5	115	105	44	243	187	411	46	152	226	68	26	192	492	264	95	0	229	80	226	6	587	177	242	318	744	61	823	8	110	164	185	278	127	24	221	13	52	378	266	161
V340	547	364	316	128	125	27	296	114	150	278	152	103	32	90	306	346	219	181	46	62	478	38	108	336	91	166	30	460	85	118	240	200	201	325	541	91	11	52	39	73	266	367	148	456	210	109	221	155	59	297	372
V341	262	67	487	179	171	343	400	29	111	326	390	385	21	243	88	154	298	164	34	2	168	185	933	39	199	222	19	193	97	25	174	28	373	260	19	3	353	201	236	154	438	42	171	78	494	143	284	60	514	313	117
V342	225	565	192	545	34	245	14	311	18	85	108	174	1	55	108	760	105	236	24	30	258	243	315	154	389	34	68	404	263	113	619	36	504	258	305	203	94	548	580	265	68	74	61	83	71	215	86	73	412	32	491
V343	136	41	704	37	246	28	38	99	264	356	244	135	121	409	331	187	47	12	233	20	618	80	35	503	537	229	130	414	81	159	581	347	182	643	418	554	285	41	302	388	5	39	17	129	118	1006	138	341	41	202	82
V344	136	167	595	17	16	459	157	77	25	288	63	53	288	180	77	125	43	186	181	63	72	302	300	338	14	142	27	230	612	174	132	71	470	606	124	225	436	68	71	1013	452	126	47	265	263	268	99	381	129	60	186
V345	189	108	611	278	31	229	89	390	45	284	210	234	571	89	296	98	70	301	58	53	240	52	5	76	188	208	99	76	235	82	175	893	70	252	221	11	611	51	91	127	121	31	329	146	18	135	411	249	582	202	126
V346	412	1760	114	187	311	425	135	30	110	238	600	149	237	56	19	413	281	198	288	328	0	320	57	62	866	183	219	90	255	212	67	839	50	88	257	128	158	213	802	190	9	134	395	45	13	148	249	82	228	254	1432
V347	159	93	263	2	68	143	242	94	773	316	385	177	39	80	53	69	382	195	365	562	12	179	246	426	130	51	24	291	62	82	163	84	78	246	522	135	5	149	2	422	365	2	611	261	42	42	251	11	298	64	108
V348	2	90	474	35	87	306	140	80	60	309	267	31	79	710	174	69	14	92	299	463	5	131	357	111	42	454	173	41	344	447	14	438	163	204	12	2	208	240	537	167	55	198	42	76	31	1	95	72	507	133	79
V349	167	31	104	68	302	25	489	122	5	81	317	383	152	8	515	2	26	296	29	6	168	28	489	153	178	71	11	285	71	54	357	55	159	146	11	131	58	167	147	357	98	589	115	40	9	479	183	91	0	154	79
V350	256	148	37	161	12	356	415	109	6	70	7	308	1	274	75	37	564	19	19	43	557	37	57	13	0	54	121	119	386	186	509	135	109	165	149	96	176	382	187	91	33	52	250	504	1340	468	150	17	27	249	169
V351	228	149	14	64	321	138	101	78	571	9	202	178	28	10	263	24	687	5	637	78	64	316	175	337	463	305	625	71	347	105	90	92	206	122	75	213	62	289	87	559	4	856	182	472	68	11	152	43	87	58	161
V352	316	77	110	300	3	507	151	343	336	3	124	349	92	71	81	239	127	106	422	33	140	358	282	420	249	87	8	154	734	48	34	14	127	37	429	138	179	324	161	10	172	180	17	169	62	10	219	128	374	810	114
V353	204	547	270	149	376	95	55	206	73	169	209	325	87	29	70	245	19	18	129	125	114	103	47	138	286	402	114	651	13	216	81	94	59	71	205	42	169	26	12	9	146	18	92	24	69	54	242	177	305	183	490
V354	36	276	149	285	57	7	99	267	340	592	9	50	318	509	211	248	162	604	2	98	43	366	67	199	362	430	159	35	27	4	27	199	322	583	554	131	10	10	31	623	51	50	141	35	375	28	282	15	257	5	213
V355	327	15	20	248	578	176	31	981	214	53	84	107	33	262	666	178	10	16	150	196	165	54	267	19	100	172	270	517	69	160	216	48	127	10	287	239	559	64	414	107	126	265	100	56	167	173	214	202	103	30	77
V356	296	456	38	55	806	426	67	83	215	48	229	128	21	89	75	372	259	379	70	335	332	11	87	163	532	115	348	449	132	535	92	159	25	126	563	357	84	276	22	634	185	86	399	72	101	72	106	167	687	15	414
V357	8	94	332	108	40	262	140	299	113	194	524	34	115	13	52	6	254	460	626	5	63	382	159	139	11	274	207	77	403	113	154	93	22	392	216	29	264	485	153	15	253	446	83	46	19	181	111	106	19	160	107
V358	532	156	434	620	351	408	222	481	10	44	129	3	351	48	106	117	212	34	16	157	466	115	124	12	42	39	210	390	60	187	133	11	885	246	78	3	232	330	303	4	29	64	25	305	290	142	144	48	62	64	211
V359	153	59	286	151	68	125	0	3	59	4	64	61	144	80	178	167	250	25	598	344	379	78	64	45	44	123	149	237	280	314	90	1006	552	369	115	195	153	467	137	125	282	52	225	126	116	422	606	33	52	35	81
V360	260	442	110	124	70	90	123	281	173	464	109	4	82	13	167	292	193	28	236	83	70	325	40	9	117	62	87	369	37	780	14	125	28	172	50	409	31	70	45	188	22	308	137	338	468	365	152	71	52	408	385
V361	65	220	81	49	67	172	9	41	626	298	173	561	71	330	45	491	316	212	205	71	296	100	216	171	388	109	39	520	495	225	278	11	251	359	233	117	89	25	105	100	144	92	451	263	1	12	104	314	73	296	205
V362	330	107	34	88	478	153	279	107	109	622	236	347	570	12	259	22	427	64	170	48	80	526	396	1	137	149	361	35	18	18	167	367	13	271	566	95	178	67	145	380	188	145	106	5	35	353	52	70	182	0	134
V363	85	131	431	118	124	200	67	185	80	253	40	279	67	43	200	259	8	100	349	663	244	179	86	393	121	890	646	28	165	11	86	238	59	12	248	121	202	237	96	162	325	675	56	67	542	308	25	799	89	48	138
V364	9	219	154	166	162	135	51	167	358	79	604	70	176	8	38	396	81	28	69	199	135	110	63	653	716	164	473	108	1008	135	80	283	190	5	160	157	0	181	3	548	332	31	162	152	283	272	224	458	722	221	204
V365	94	317	175	897	524	10	16	753	216	216	84	87	2	117	26	1	70	262	133	73	494	148	41	121	171	919	699	206	9	182	135	50	401	262	105	56	33	158	325	125	332	383	103	27	494	483	109	8	94	130	282
V366	39	15	49	266	248	52	121	138	30	157	34	105	322	8	266	220	310	69	143	52	105	181	640	445	197	95	221	66	52	24	39	86	292	170	18	108	72	354	152	56	121	240	16	18	37	168	175	130	32	368	33
V367	156	249	273	421	59	163	29	254	118	18	212	175	334	249	200	246	23	323	99	175	255	46	255	1163	283	90	274	389	291	290	56	289	123	27	302	200	24	121	119	194	120	129	327	40	150	183	91	26	115	11	231
V368	89	194	356	1747	47	95	276	438	39	165	260	74	8	65	9	27	336	142	151	334	184	41	66	252	350	49	362	72	26	55	24	10	541	83	81	85	346	93	345	112	71	44	173	476	14	53	47	55	186	43	159
V369	131	114	35	490	78	563	306	72	1005	97	17	53	156	207	63	87	166	76	424	219	226	560	1195	80	208	8	156	372	482	266	55	154	9	341	11	3	8	22	322	350	348	350	22	41	325	521	370	83	5	2	121
V370	67	311	836	33	42	67	154	72	145	337	140	158	214	73	269	606	48	64	153	97	423	117	506	239	121	727	162	650	305	31	139	9	38	247	889	89	189	10	147	54	61	51	43	49	579	276	177	0	45	119	244
V371	681	68	122	450	191	201	274	5	40	130	209	672	260	203	165	27	119	203	302	254	100	71	109	185	76	314	123	109	1061	47	76	497	7	584	71	148	155	239	240	182	125	269	146	259	461	104	797	186	157	64	212
V372	451	361	0	258	68	64	68	192	354	363	34	107	89	140	524	395	95	130	182	414	1	340	68	474	453	86	555	101	283	218	104	149	392	122	79	89	105	642	238	81	113	552	5	2	32	109	143	234	22	5	361
V373	392	29	128	95	40	193	3	115	144	4	64	92	411	65	366	42	11	356	725	504	44	162	824	584	96	249	75	512	86	4	123	431	102	82	220	93	70	531	174	64	202	417	196	55	980	519	135	428	36	168	86
V374	500	63	66	316	56	51	177	196	630	234	120	65	612	29	319	82	94	22	61	189	168	32	270	242	366	8	495	114	253	206	249	100	110	237	73	93	67	265	73	144	239	34	592	67	207	157	589	64	319	41	163
V375	138	953	236	164	50	83	226	10	183	520	2	149	199	1	260	287	99	201	173	91	309	79	13	49	120	94	143	1405	159	123	55	129	38	399	6	84	593	45	152	147	92	41	36	114	36	296	39	169	24	29	757
V376	426	21	184	0	111	685	340	86	552	128	572	167	287	229	334	127	85	166	8	31	61	274	28	337	271	3	114	103	41	104	337	194	601	228	375	170	11	119	171	325	209	713	236	173	30	304	451	80	67	397	109
V377	125	28	69	284	711	29	72	8	16	8	117	168	129	163	147	35	193	3	35	568	214	148	7	126	71	483	88	13	45	421	207	189	18	3	270	322	349	104	31	99	22	132	168	211	57	26	186	0	194	87	50
V378	237	288	21	172	56	53	9	592	42	625	438	33	315	35	297	373	19	207	87	392	156	40	453	327	257	105	163	29	23	119	157	570	25	10	114	154	223	173	247	603	346	671	32	209	11	1	184	321	227	137	294
V379	11	64	14	119	6	207	29	186	210	9	471	75	306	660	379	227	120	220	782	106	188	513	664	5	22	408	306	181	6	410	52	42	66	70	189	150	196	8	330	214	299	120	128	550	1243	114	254	16	2016	34	74
V380	165	7	397	49	132	36	266	245	105	54	32	416	468	43	51	150	39	76	53	128	2	15	270	346	26	36	386	289	444	335	14	42	162	323	314	76	458	329	65	47	28	572	116	75	55	329	314	76	261	264	58
V381	240	225	607	379	147	47	876	412	54	85	146	586	302	163	10	27	9	524	900	26	69	295	212	311	86	95	65	606	56	610	630	38	423	6	686	15	243	564	188	55	2	180	17	90	120	138	632	254	567	164	251
V382	386	80	645	161	21	151	264	92	91	57	133	117	39	232	20	363	41	14	246	23	108	215	344	6	145	3	111	172	75	142	37	420	630	91	170	99	27	5	114	343	319	326	255	195	174	16	68	135	667	663	116
V383	114	439	651	111	358	140	239	309	61	314	585	240	474	65	1362	303	137	148	180	130	17	85	242	278	33	132	80	8	147	75	26	430	208	290	92	529	277	101	382	76	95	147	51	429	334	36	12	267	434	184	344
V384	110	323	289	37	12	218	571	150	393	227	18	13	87	96	231	74	89	205	155	60	95	232	451	121	122	298	368	6	985	41	12	1	300	7	383	114	136	3	319	47	95	135	230	588	107	339	95	211	65	56	291
V385	66	94	118	30	153	49	271	73	132	46	83	126	646	15	54	16	82	3	82	285	382	327	294	75	174	263	68	1225	27	139	33	378	280	358	147	153	58	65	620	26	276	445	310	400	6	103	286	18	118	161	94
V386	261	843	250	8	387	171	115	17	299	134	409	139	51	4	61	47	131	92	602	74	352	6	98	117	39	113	248	274	0	585	40	200	45	76	135	103	201	220	40	324	51	303	59	249	678	216	89	63	241	231	691
V387	126	254	304	70	235	287	132	110	315	466	279	106	27	24	170	255	113	79	195	77	232	4	39	101	12	337	163	258	235	37	201	220	73	232	312	50	113	307	7	92	61	231	51	15	147	42	426	70	196	89	221
V388	106	71	93	344	41	122	58	347	36	15	141	34	48	50	66	2	28	101	189	71	173	417	241	154	296	61	38	98	90	114	92	130	41	171	222	199	21	863	120	435	134	313	69	176	103	177	61	327	370	192	93
V389	2	344	492	220	8	50	473	54	85	65	117	1184	7	183	93	275	775	36	83	200	5	492	512	472	34	70	651	177	99	68	278	270	66	239	238	138	36	635	637	117	392	170	333	9	102	285	106	18	105	123	285
V390	70	15	46	331	359	261	42	102	231	96	249	684	196	183	34	611	7	106	192	118	76	230	60	46	305	76	61	19	154	55	429	102	29	216	90	18	3	32	23	50	293	114	384	42	178	304	36	148	225	178	27
V391	300	27	199	980	2	29	85	139	204	23	0	29	73	405	238	111	0	71	537	193	22	721	329	123	75	166	132	481	623	44	64	58	253	482	151	66	208	266	478	76	45	29	566	184	111	120	191	569	23	137	78
V392	35	772	50	54	65	112	48	521	232	557	93	166	56	194	290	150	517	435	215	33	101	263	137	581	119	125	494	17	154	42	88	262	53	107	185	69	112	352	3	267	78	22	224	10	46	58	92	113	240	93	594
V393	138	399	249	16	87	39	645	48	26	391	576	45	88	506	171	158	521	12	60	295	62	115	37	45	46	170	256	331	995	356	0	201	211	235	152	465	63	12	110	31	11	267	110	50	88	511	275	160	629	194	339
V394	683	149	73	277	257	14	89	129	85	554	948	47	70	241	522	49	4	112	360	227	249	312	85	92	35	516	509	197	78	51	81	150	347	467	576	48	214	176	476	243	66	126	369	259	422	108	28	575	346	197	204
V395	591	191	66	78	44	167	409	128	33	5	128	464	56	76	143	577	279	98	266	294	272	69	580	502	306	569	356	144	79	7	46	50	138	243	21	278	49	174	25	546	240	109	247	53	218	281	48	47	29	99	294
V396	162	65	23	246	61	812	5	290	54	235	145	1128	448	156	106	272	4	51	35	69	6	238	187	69	125	76	8	185	89	343	142	257	1015	658	210	122	13	376	289	220	173	230	0	60	29	180	33	394	308	228	86
V397	167	37	36	464	195	247	176	204	17	75	172	242	132	115	45	545	310	32	15	32	221	48	28	44	0	210	340	141	166	161	423	70	181	221	392	30	39	97	151	485	446	77	304	83	134	350	115	442	113	401	75
V398	17	39	269	32	137	54	386	39	219	99	221	273	32	209	49	39	361	57	64	194	113	342	118	36	190	407	231	126	773	91	814	57	222	553	5	46	243	313	321	2	590	70	37	909	559	90	61	184	364	195	69
V399	69	382	25	108	233	17	544	205	734	12	110	465	120	187	57	11	80	710	209	106	124	291	98	37	171	406	107	176	70	93	111	21	103	31	27	28	289	84	53	187	746	148	78	139	75	139	153	49	172	11	293
V400	15	23	62	106	7	384	338	25	43	520	42	154	518	777	89	326	221	304	37	56	42	316	108	378	175	45	324	137	10	18	92	328	115	9	128	108	222	41	248	250	13	6	431	137	207	41	405	71	154	1075	45
V401	163	188	37	157	204	45	71	49	309	47	260	84	222	172	202	446	28	487	38	268	104	49	187	13	162	317	496	109	48	73	797	38	412	489	27	140	0	355	104	183	102	19	119	81	117	539	222	54	162	83	173
V402	429	186	473	70	253	100	84	6	2	563	90	4	99	346	116	140	20	142	65	131	254	49	37	103	93	24	322	166	45	116	243	137	260	306	86	317	80	69	123	125	295	180	510	28	121	13	67	291	152	43	231
V403	208	77	195	144	556	10	89	75	340	32	756	17	241	44	107	394	24	68	406	448	39	23	26	51	103	190	143	253	150	114	160	108	1134	582	17	127	94	97	452	303	105	411	41	463	541	199	70	117	17	128	92
V404	39	268	59	684	6	674	107	184	93	342	4	285	14	259	71	194	67	44	213	206	104	99	220	10	72	480	17	204	278	7	198	870	110	118	687	359	167	287	465	320	151	138	4	202	85	110	351	130	43	62	206
V405	4	701	60	93	172	53	54	44	408	343	101	555	4	1	1	64	67	1	598	29	114	83	117	56	181	104	184	458	251	54	291	141	180	176	210	18	214	474	281	565	177	244	23	55	39	281	939	1103	69	227	533
V406	344	297	54	125	26	288	183	29	81	82	368	219	187	18	281	5	207	93	64	106	163	38	268	210	8	72	36	99	44	3	119	171	78	265	77	319	111	477	164	157	177	322	159	131	379	293	276	68	50	27	292
V407	31	116	155	30	115	465	63	130	26	83	37	286	298	557	48	169	115	102	571	133	3	24	165	364	13	51	26	183	11	243	6	26	139	73	461	187	46	47	70	177	63	10	959	525	135	173	119	32	304	121	105
V408	39	106	171	43	237	95	274	199	78	56	34	441	626	166	1251	171	80	775	64	359	132	50	57	403	235	16	123	258	387	171	35	422	40	125	67	42	210	17	13	479	51	144	448	206	184	441	371	118	49	72	111
V409	442	173	51	14	403	214	240	209	102	191	21	346	163	1	254	43	531	108	100	33	57	23	119	96	6	157	36	13	70	21	22	137	131	182	20	123	0	181	29	4	1185	414	837	49	134	192	494	29	305	57	226
V410	4	109	45	49	61	341	160	3	50	404	223	178	458	184	719	177	5	485	167	381	167	216	152	79	414	34	624	29	167	294	159	14	1	118	122	548	192	80	395	93	74	71	77	375	70	47	139	277	136	513	104
V411	49	110	33	13	31	37	3	94	427	147	109	424	210	22	231	465	200	7	465	12	797	136	93	111	161	520	31	205	118	123	182	18	14	100	634	365	309	56	18	175	322	399	287	386	220	84	158	21	60	164	112
V412	55	181	8	66	22	10	109	10	39	66	407	43	765	223	87	391	15	360	89	291	227	710	55	696	707	650	59	180	727	41	112	103	21	36	131	25	81	58	314	479	257	119	76	28	148	17	423	217	613	6	173
V413	226	712	104	204	70	225	65	153	207	220	65	44	24	710	72	933	71	51	151	134	86	312	1140	193	68	72	49	125	416	31	132	310	55	953	88	82	142	142	109	16	198	11	41	142	31	82	97	136	98	286	593
V414	57	44	88	11	4	213	7	218	8	82	5	176	94	176	6	194	225	293	1	33	38	152	225	194	75	22	532	306	57	126	221	87	38	209	627	244	161	305	94	194	292	90	600	479	54	57	72	134	37	206	62
V415	202	34	587	156	408	21	43	42	62	213	533	3	465	34	30	328	176	67	55	554	17	892	22	152	12	643	196	498	317	19	216	18	96	3	48	312	1071	136	200	119	218	58	283	21	63	92	19	107	74	7	82
V416	42	280	82	285	286	14	238	514	130	178	141	139	269	14	38	60	136	27	181	583	68	143	19	145	7	257	35	16	40	148	216	189	190	279	191	154	73	475	371	487	129	30	736	28	36	40	306	142	51	21	230
V417	164	45	8	382	171	29	295	20	153	191	288	99	30	153	103	198	341	117	138	142	175	182	111	29	176	158	600	442	172	435	28	244	140	410	335	162	155	6	91	265	273	232	36	151	60	229	722	602	21	12	82
V418	13	256	81	294	67	29	112	1611	234	734	150	137	196	507	503	252	63	117	80	153	278	61	568	53	113	214	488	4	15	186	256	156	188	290	150	338	269	40	1024	121	168	8	67	56	68	370	462	311	457	229	219
V419	58	282	92	104	298	14	79	38	105	31	314	369	483	193	151	276	63	349	113	398	55	80	384	30	761	9	49	333	105	522	28	216	198	47	502	131	456	115	196	157	30	98	203	145	604	67	103	25	647	11	233
V420	33	145	315	28	35	627	81	95	173	52	44	240	59	64	50	121	296	167	38	48	2	841	252	271	314	482	478	567	1277	112	194	210	198	324	97	79	381	173	137	72	951	9	5	179	12	41	75	184	434	126	124
V421	594	131	273	136	120	1	13	14	56	234	393	246	176	138	250	19	119	18	203	272	248	272	45	108	337	448	13	97	101	72	77	145	128	195	455	435	962	51	102	403	75	85	246	21	135	210	110	261	84	188	208
V422	15	76	635	210	221	44	82	481	73	324	125	59	89	235	80	896	226	210	987	385	137	45	10	684	31	195	48	15	107	86	61	162	17	129	34	141	55	108	1628	336	137	320	93	141	270	152	89	148	119	712	71
V423	133	4	285	0	70	77	347	169	25	36	243	139	33	137	80	569	23	439	229	50	262	24	295	38	383	585	512	69	289	382	63	50	19	197	9	9	1172	0	32	85	16	273	26	106	140	349	206	233	104	170	38
V424	57	93	168	158	381	245	277	411	336	0	241	91	49	91	232	216	501	201	34	83	725	27	21	27	5	517	196	199	275	330	139	123	109	67	72	107	104	94	122	256	502	29	80	240	82	102	141	284	347	406	101
V425	73	85	128	16	237	152	198	101	87	535	210	333	369	6	56	107	28	164	62	310	50	333	284	191	115	189	354	4	712	315	275	436	10	1	219	87	1	568	54	23	269	344	241	234	57	103	219	130	12	601	101
V426	639	117	142	188	149	24	94	130	187	20	62	247	252	137	172	39	290	284	96	173	167	38	228	177	72	79	1008	396	128	38	39	338	202	417	16	97	345	126	76	201	59	62	138	7	100	48	31	115	65	186	193
V427	74	88	295	276	80	185	32	110	89	43	7	250	4	263	266	29	178	115	7	397	130	476	726	178	41	436	30	179	62	328	11	124	63	398	3	78	114	165	35	73	90	62	279	69	175	44	396	377	181	213	99
V428	68	193	138	244	187	93	261	137	84	92	1040	37	213	435	167	172	182	191	461	27	289	567	15	16	115	213	65	736	242	62	207	546	142	13	197	109	379	174	126	385	72	476	122	336	283	88	10	327	245	4	171
V429	239	20	60	197	625	74	93	511	1	158	106	231	51	0	203	871	75	45	129	92	66	866	176	267	98	232	52	63	34	72	19	392	91	299	177	51	108	29	158	116	6	42	118	44	336	159	0	342	296	49	78
V430	162	78	93	170	139	134	63	280	237	96	261	111	91	21	103	107	3	40	162	63	260	162	510	152	260	77	27	173	30	115	12	74	16	147	71	146	101	115	282	50	112	555	27	357	435	10	473	141	202	295	97
V431	60	268	236	45	326	160	30	2	32	308	327	1001	27	193	140	255	39	96	430	79	33	56	153	374	63	72	10	98	119	117	320	94	113	43	372	547	95	103	582	19	50	160	448	64	13	81	202	32	64	55	211
V432	190	339	56	33	49	199	504	87	105	65	155	237	50	488	28	91	170	8	321	707	101	344	188	100	64	805	158	246	214	23	36	309	32	198	542	73	57	249	7	258	97	213	239	428	145	1156	51	14	578	115	332
V433	187	164	325	3	19	107	444	29	185	87	215	369	146	333	220	128	62	302	178	159	166	0	156	601	133	13	171	27	34	34	134	173	240	184	36	107	269	138	326	108	92	45	280	285	148	80	591	16	218	42	157
V434	658	30	421	458	23	776	51	33	666	387	156	163	203	47	196	311	241	135	486	60	71	33	192	123	198	205	244	179	539	74	14	18	41	261	3	6	225	220	288	171	313	73	18	168	647	481	573	113	19	30	132
V435	598	6	269	36	9	170	6	17	16	247	52	300	76	441	211	129	132	249	103	12	61	11	288	324	292	4	224	259	88	218	224	19	16	45	129	250	49	180	29	48	245	229	500	308	155	140	46	157	57	455	101
V436	51	175	1341	169	17	79	212	411	29	678	56	111	90	176	114	136	462	122	50	195	18	139	43	314	196	11	3	126	115	5	209	233	33	258	13	570	10	185	0	398	160	168	15	70	11	49	318	360	99	292	169
V437	221	117	761	213	34	154	187	96	249	112	296	227	41	99	117	11	863	15	50	30	410	432	137	64	540	105	256	336	150	273	8	343	37	31	214	109	15	340	141	105	87	496	303	25	182	75	212	444	462	654	143
V438	111	278	66	45	168	18	51	180	332	604	190	29	231	139	328	2	124	107	142	127	303	245	302	296	244	83	339	547	166	71	552	393	384	25	42	41	128	334	137	148	348	46	290	131	19	187	567	67	33	215	254
V439	200	81	30	75	60	355	82	30	520	17	80	57	132	107	103	36	10	273	381	311	264	70	67	8	93	13	68	29	369	139	11	325	292	52	47	15	64	24	46	163	131	264	72	359	14	150	21	53	57	146	98
V440	36	67	260	255	104	15	485	484	478	454	561	25	174	103	22	110	65	21	741	229	68	331	507	60	46	19	27	48	193	735	119	11	351	305	63	243	28	146	9	224	493	96	242	197	126	115	45	251	163	24	79
V441	436	82	362	341	90	121	30	141	167	31	140	49	124	191	392	0	170	430	125	6	30	491	322	157	192	253	6	5	453	162	89	124	543	23	364	343	120	89	184	57	394	30	5	18	433	119	260	148	93	95	158
V442	618	5	132	14	60	474	447	289	266	30	13	88	303	28	182	130	38	82	469	23	382	210	103	185	182	181	611	75	131	38	218	274	8	59	439	402	56	183	294	327	113	18	70	596	5	324	415	196	11	279	109
V443	534	201	19	270	97	286	218	191	217	89	263	60	52	392	19	316	94	307	66	2	243	149	582	15	233	58	15	279	100	110	0	136	497	707	366	28	762	103	5	203	67	81	24	436	38	110	272	696	208	210	241
V444	336	12	4	117	627	126	18	86	83	210	210	71	51	5	258	508	245	88	153	356	428	105	516	29	32	1	14	26	340	375	32	493	138	21	88	238	3	689	364	226	217	50	67	59	29	17	189	34	22	257	74
V445	123	34	126	65	53	151	468	129	102	121	54	14	36	461	244	236	332	25	186	280	188	30	86	78	82	41	225	331	612	320	170	50	185	47	114	194	161	307	108	125	496	518	338	618	131	197	175	200	130	44	72
V446	97	359	65	171	30	106	26	150	16	362	180	25	76	261	100	214	335	476	196	216	4	134	54	14	135	8	196	348	161	221	646	482	41	0	69	345	58	874	95	235	127	234	65	110	94	112	52	260	126	422	308
V447	317	61	434	500	8	182	523	91	9	228	310	115	40	22	78	584	414	185	198	15	383	698	184	37	352	126	412	72	14	224	8	131	275	138	443	145	16	132	39	139	173	190	12	185	350	26	271	187	129	33	119
V448	246	13	280	156	115	164	202	52	558	24	59	425	844	354	551	617	53	20	175	139	4	401	576	251	80	54	193	49	60	233	179	22	88	263	124	27	359	7	163	125	41	249	218	538	6	221	3	243	274	89	69
V449	32	71	153	5	400	177	195	1	423	193	97	440	46	110	260	19	614	397	221	33	119	131	96	177	32	43	68	168	59	391	864	389	22	166	36	124	583	276	197	334	271	302	41	481	295	44	364	62	459	153	85
V450	327	371	107	169	100	266	111	50	456	182	305	453	1	64	152	36	67	82	89	51	253	223	363	131	36	225	233	374	188	59	134	21	70	42	279	499	339	346	67	71	100	291	257	84	310	284	17	194	478	241	321
V451	216	293	192	113	594	20	498	25	70	142	133	40	445	2	433	253	506	480	95	241	135	6	4	496	82	500	300	128	733	60	147	16	330	9	169	437	317	41	95	504	163	254	528	19	82	40	250	219	44	6	267
V452	148	728	293	269	205	195	32	222	155	229	100	982	56	78	241	28	67	331	89	3	136	13	33	99	113	587	51	536	353	144	91	212	34	394	79	65	379	91	33	71	25	654	80	336	564	101	20	97	232	310	578
V453	677	19	585	89	474	272	39	704	519	11	323	50	307	139	118	84	95	243	14	79	84	96	264	44	75	125	187	232	32	61	78	78	152	85	18	24	8	51	29	228	19	263	305	157	501	10	316	159	307	21	133
V454	324	77	35	310	231	103	23	455	150	203	176	425	75	285	197	430	38	466	227	149	681	81	184	20	144	206	207	28	105	228	237	362	417	9	59	120	577	49	573	11	448	86	545	41	252	475	35	54	73	154	126
V455	47	905	112	72	561	26	87	649	170	217	27	321	54	26	292	206	222	231	415	421	164	202	9	350	117	99	652	20	260	283	244	189	307	25	155	51	811	164	143	529	4	294	80	284	72	647	138	207	247	238	688
V456	71	82	366	177	266	123	152	148	293	291	58	206	91	359	3	148	74	96	226	41	458	365	208	23	64	22	79	531	33	982	76	0	380	191	70	556	323	333	54	137	211	25	410	347	369	377	20	14	184	204	95
V457	194	89	213	28	28	507	319	5	23	66	193	59	51	623	118	43	26	325	303	48	107	72	313	500	331	111	56	120	14	497	270	171	302	137	101	85	58	39	507	80	133	55	592	115	382	312	352	57	423	330	124
V458	182	339	254	405	113	268	143	55	147	67	300	20	167	92	54	483	398	48	92	106	305	122	44	129	163	92	29	178	182	62	185	114	7	78	100	173	408	72	102	158	7	25	637	775	78	34	349	89	200	120	267
V459	151	852	107	141	175	69	408	642	238	312	95	172	11	470	5	358	178	503	142	76	13	199	235	18	142	234	249	65	251	170	117	125	230	310	106	62	276	292	125	29	263	72	25	119	103	213	28	39	62	81	662
V460	259	18	60	1	307	84	6	23	143	583	52	1059	195	305	140	506	4	602	391	32	241	415	154	75	203	200	118	476	146	132	42	110	5	304	90	5	201	263	3	257	211	783	220	89	278	96	169	146	88	695	77
V461	79	399	30	509	322	186	79	651	364	104	139	31	181	256	113	268	123	55	49	49	481	36	107	2	74	455	71	106	473	216	8	112	478	98	31	112	201	178	100	510	309	258	476	21	184	35	313	350	5	198	356
V462	11	148	233	367	815	3	316	215	93	275	309	82	94	339	95	42	467	1087	219	312	73	228	7	185	59	9	51	241	9	52	106	203	286	168	29	274	189	161	647	139	83	523	75	525	30	216	242	290	78	136	132
V463	80	60	191	82	392	136	72	100	693	243	875	136	40	231	110	75	77	214	29	364	237	135	167	86	140	43	414	6	369	306	27	160	122	298	79	1	25	57	321	71	473	52	444	290	76	30	145	274	58	86	78
V464	390	457	201	292	167	256	97	63	285	490	247	188	3	113	717	204	385	57	228	162	289	34	158	133	756	140	794	49	83	248	146	81	68	507	353	153	158	1302	7	194	443	44	45	994	201	274	122	503	475	0	432
V465	123	19	30	22	175	8	130	13	515	153	6	146	476	39	123	55	194	116	603	46	79	1361	471	72	99	17	10	51	24	282	214	229	321	297	186	275	354	37	117	97	135	22	69	337	28	105	25	17	250	124	50
V466	283	243	289	59	43	144	115	172	51	592	108	363	268	2	411	104	11	471	238	255	90	79	401	440	245	50	343	485	238	49	183	115	91	61	19	70	58	916	106	154	264	4	104	16	232	14	320	73	40	53	259
V467	480	169	254	213	444	103	146	18	186	91	81	117	359	306	91	945	104	85	32	152	113	399	96	22	43	224	113	36	85	42	114	228	150	125	324	25	155	146	59	102	534	352	463	5	30	64	510	185	174	21	239
V468	111	37	98	540	0	82	603	101	104	92	172	11	51	347	157	136	94	10	10	15	282	242	12	66	77	55	34	69	42	269	101	65	65	221	67	176	25	48	136	550	58	64	178	13	452	75	89	42	291	110	56
V469	4	203	337	108	315	105	646	153	182	7	148	363	318	8	34	197	119	575	41	8	583	243	365	124	470	82	143	26	146	378	168	280	818	103	592	418	245	371	886	248	17	229	154	24	149	657	51	303	576	38	194
V470	71	59	34	76	121	138	6	153	49	76	469	26	202	280	270	102	150	5	284	17	395	90	151	145	94	283	20	59	209	287	138	240	37	183	21	15	25	235	133	539	374	280	411	143	14	384	280	26	351	374	72
V471	175	117	23	364	69	342	293	90	22	19	178	27	14	7	3	23	542	141	150	156	581	311	107	33	457	151	37	527	350	13	206	385	644	108	26	515	328	112	68	37	182	129	542	14	92	2	411	187	133	24	128
V472	91	56	68	81	286	120	88	42	688	124	262	92	51	235	93	29	119	19	206	85	167	110	13	229	324	15	170	92	117	193	338	644	23	370	31	49	80	186	1034	233	560	112	471	120	97	507	442	148	0	6	108
V473	165	45	484	41	22	226	96	412	31	168	307	108	814	151	121	63	46	456	35	78	9	89	192	31	1	75	29	859	310	347	15	108	106	187	83	167	85	206	24	50	47	250	202	153	32	56	64	195	250	274	60
V474	71	51	234	228	325	138	49	216	230	374	41	24	584	132	71	200	63	59	528	14	25	354	378	455	84	455	0	91	415	210	91	337	153	36	12	52	251	110	60	63	115	124	245	128	30	89	747	72	313	84	71
V475	230	270	93	133	179	610	95	287	42	159	23	17	50	292	428	294	149	174	116	446	518	167	257	301	501	61	37	49	24	284	25	224	64	322	20	808	204	86	364	98	125	21	357	62	127	134	314	338	263	583	246
V476	11	49	294	16	706	947	229	79	322	107	229	85	117	201	159	167	127	97	176	209	212	77	100	292	215	109	66	322	301	79	88	589	33	47	82	226	191	80	69	202	80	734	456	87	79	28	209	293	55	60	54
V477	71	46	549	123	530	1	250	20	315	279	29	8	342	100	609	133	157	161	87	170	103	179	3	0	121	458	154	102	202	121	120	11	32	360	39	173	48	231	125	175	272	811	107	559	21	16	101	346	502	414	80
V478	67	142	21	26	94	145	1587	296	317	54	253	330	754	182	9	200	183	62	191	142	26	52	247	55	21	21	340	279	16	12	683	187	592	222	741	203	127	35	80	604	305	193	432	75	211	753	410	105	85	151	135
V479	152	194	384	561	16	178	67	92	548	6	50	541	57	157	113	11	12	158	193	79	171	344	468	190	14	23	170	30	56	659	123	11	420	205	57	184	211	137	273	109	136	83	6	18	977	549	25	41	177	184	172
V480	216	258	210	553	155	2	297	52	408	605	44	416	268	58	20	120	259	764	172	98	447	314	132	4	533	254	545	85	115	0	594	387	51	216	254	656	717	6	378	109	92	6	164	486	98	235	50	668	234	53	249
V481	225	32	477	260	140	64	71	670	150	75	695	135	38	243	336	481	423	55	48	218	47	75	705	670	235	117	104	215	763	57	125	24	170	226	136	45	57	74	326	95	64	261	56	235	53	420	98	86	121	17	84
V482	486	171	147	31	26	32	510	49	105	43	40	140	412	51	14	35	157	54	219	54	365	19	518	314	47	444	138	300	271	24	200	7	74	482	21	186	156	41	4	219	587	7	194	22	116	189	187	60	66	365	226
V483	174	117	604	398	333	31	567	1022	335	194	24	178	562	63	138	371	502	363	138	208	87	163	114	61	201	54	76	207	568	357	556	559	256	177	382	76	66	199	44	59	356	106	22	105	98	40	43	102	131	169	139
V484	154	57	201	108	100	185	131	425	16	383	129	43	105	0	450	244	162	297	87	103	322	75	496	324	1063	228	7	14	3	350	327	309	136	6	160	181	81	154	161	45	111	424	288	391	152	177	364	115	149	57	100
V485	357	185	327	137	16	30	35	238	21	248	55	500	274	170	241	1130	331	666	240	104	252	122	156	105	227	112	632	124	24	198	379	566	1	470	99	233	31	163	282	189	290	252	296	469	137	159	71	473	9	231	227
V486	641	272	209	10	12	49	143	305	362	91	888	524	229	197	203	310	419	220	88	190	130	571	255	33	190	96	716	99	155	50	92	93	86	161	77	96	1031	441	73	44	28	223	303	6	54	82	253	24	106	60	297
V487	535	213	12	0	162	18	227	61	122	9	113	91	171	82	145	32	164	434	332	14	369	536	137	62	101	52	208	77	185	102	224	540	102	826	171	646	715	299	130	75	97	74	381	164	304	510	1057	724	16	126	243
V488	582	372	252	837	732	61	22	545	45	512	55	10	322	110	390	204	159	386	300	484	42	71	6	215	64	35	25	366	121	7	115	309	60	803	106	290	155	91	291	74	274	86	15	75	2	1	272	6	9	4	379
V489	35	116	9	163	14	330	38	169	469	80	68	131	136	303	222	451	403	19	30	42	152	205	44	60	110	681	201	392	35	47	77	36	416	12	9	54	242	268	144	36	103	162	136	17	193	499	14	53	122	210	108
V490	14	210	258	1	137	11	29	27	540	0	59	218	119	527	379	313	247	52	54	343	387	46	304	128	22	292	67	52	95	307	158	160	431	107	370	253	99	53	53	89	95	17	161	303	224	59	124	159	8	60	160
V491	52	42	13	368	114	176	79	237	179	105	432	82	193	663	209	155	293	505	477	284	141	259	234	503	138	48	125	365	665	220	46	119	3	22	668	21	113	85	273	160	30	70	73	973	30	163	144	260	201	55	62
V492	434	6	143	103	79	0	370	128	113	679	51	96	37	41	8	32	65	374	22	27	206	16	28	260	53	54	207	291	25	47	246	232	107	2	196	247	85	297	5	157	42	364	24	9	59	84	133	60	208	24	84
V493	168	130	174	195	81	208	161	5	366	55	220	353	198	167	158	405	73	392	40	182	830	6	153	25	135	8	195	247	255	26	79	275	138	116	70	77	114	24	442	349	244	27	99	114	239	80	162	127	291	36	131
V494	171	258	128	186	150	89	3	569	449	183	128	100	221	274	16	58	172	63	568	208	28	58	114	81	362	242	129	171	163	40	21	178	579	359	9	813	106	11	39	34	5	581	354	304	107	41	56	382	2	97	246
V495	287	176	124	25	95	111	37	10	92	163	4	86	143	152	85	1169	286	320	1	46	557	621	767	81	83	59	864	735	252	325	246	797	545	95	24	246	84	27	93	21	13	31	472	219	213	1025	19	52	72	363	196
V496	315	83	139	124	184	219	173	202	265	81	213	264	54	143	126	289	91	113	80	53	26	305	1081	4	212	101	61	38	71	371	35	34	26	159	3	77	64	223	71	145	12	7	447	552	31	557	15	21	12	32	144
V497	19	215	59	99	433	419	347	242	321	387	110	495	634	179	26	77	93	114	298	62	62	56	19	141	92	26	850	31	217	380	107	1	296	309	41	392	212	328	187	246	167	33	117	520	269	355	47	164	208	25	182
V498	205	20	117	56	121	111	79	63	373	86	32	46	149	399	87	199	756	32	71	92	84	129	42	580	173	172	271	630	36	147	178	360	847	21	55	135	180	273	156	170	34	7	319	184	195	379	69	302	83	100	68
V499	66	42	73	29	262	50	41	444	189	304	16	331	79	23	373	11	27	213	22	45	8	479	10	191	260	91	85	101	82	186	164	28	255	53	7	4	81	213	45	39	192	80	141	63	217	28	147	41	411	90	57
V500	2	189	104	58	14	53	12	39	184	6	118	390	106	177	249	56	71	34	231	11	174	672	279	616	173	55	141	179	103	165	333	74	32	130	57	37	195	56	540	204	115	29	717	227	399	324	370	41	94	291	161
