Source001	Source002	Source003	Source004	Source005	Source006	Source007	Source008	Source009	Source010	Source011	Source012	Source013	Source014	Source015	Source016	Source017	Source018	Source019	Source020	Source021	Source022	Source023	Source024	Source025	Source026	Source027	Source028	Source029	Source030	Source031	Source032	Source033	Source034	Source035	Source036	Source037	Source038	Source039	Source040	Source041	Source042	Source043	Source044	Source045	Source046	Source047	Source048	Source049	Source050	Sink
V1	151	115	87	10	172	110	8	311	164	234	344	56	6	124	78	79	214	138	169	994	56	38	101	28	105	1	198	72	112	49	99	420	29	192	113	77	21	464	31	127	272	177	14	101	21	384	108	122	439	273	133
V2	67	325	536	108	277	8	42	9	5	27	442	81	10	475	153	571	645	101	382	168	253	193	202	410	57	254	4	84	165	182	19	5	231	13	226	202	123	259	11	120	1878	131	183	226	42	59	39	85	52	363	145
V3	341	20	438	283	197	52	10	497	36	722	5	3	599	502	425	459	726	102	120	37	78	122	19	306	22	182	23	37	147	100	187	640	536	275	388	72	507	76	110	206	73	338	218	78	396	23	84	63	29	55	243
V4	36	301	256	18	149	189	23	50	149	147	66	337	91	76	56	12	2	48	94	34	32	168	41	500	231	77	91	257	43	64	29	51	41	88	269	482	26	203	128	170	231	27	193	267	98	588	58	164	289	185	154
V5	552	508	27	6	484	111	38	14	57	291	15	9	152	135	70	260	54	76	46	16	268	837	757	42	158	221	107	407	285	77	78	224	799	21	212	55	167	792	492	50	21	709	647	46	31	0	292	208	279	397	510
V6	157	36	258	149	641	116	57	118	387	97	450	148	90	59	93	77	28	239	8	4	166	96	301	46	133	27	258	272	321	48	116	256	55	94	224	16	48	16	286	143	115	12	299	83	434	127	17	213	339	694	125
V7	17	254	44	294	73	38	99	62	667	28	219	185	310	342	38	184	551	181	125	62	63	106	180	294	8	12	236	272	133	193	190	140	166	54	99	527	140	17	88	304	19	14	286	260	21	367	0	620	175	637	101
V8	83	59	333	133	401	237	174	60	173	246	82	103	162	143	78	206	219	3	282	98	211	49	14	101	196	513	22	205	488	38	47	139	269	220	193	34	95	181	88	75	50	593	208	105	360	27	3	210	241	322	90
V9	19	96	126	162	112	99	471	328	214	46	9	53	264	292	134	332	397	275	43	7	399	123	134	251	2	95	106	211	603	214	398	248	51	278	75	24	54	89	78	203	127	0	578	213	231	147	157	2	304	218	55
V10	52	156	106	203	34	287	174	212	306	69	565	13	213	11	70	63	136	332	47	50	549	157	477	92	218	477	217	123	302	218	248	577	63	596	87	54	363	140	369	662	110	74	376	97	324	12	167	66	139	265	110
V11	274	53	64	187	22	320	112	185	2	15	699	140	251	187	154	59	20	12	321	367	61	271	162	336	234	290	295	368	28	92	266	85	94	61	52	166	74	175	867	102	71	389	129	4	42	655	359	25	652	19	193
V12	225	379	124	56	130	170	146	13	217	55	17	315	197	358	112	108	212	234	58	214	69	247	75	52	226	477	101	157	61	209	20	726	210	517	62	211	293	186	6	427	256	2	259	218	234	10	50	55	45	22	284
V13	0	459	378	53	131	48	88	54	38	89	7	118	109	15	201	6	21	225	98	217	159	168	76	591	188	309	63	33	9	188	43	66	304	0	211	258	58	1012	62	7	1	54	22	2	79	684	62	178	149	363	177
V14	99	68	456	211	69	72	68	272	7	685	89	38	32	422	83	11	9	274	132	231	275	22	427	180	16	134	142	323	116	325	11	65	198	444	100	12	577	20	217	131	268	60	98	63	127	199	116	209	175	70	89
V15	51	167	377	91	150	102	150	127	128	197	85	8	118	270	19	154	25	181	36	427	326	237	301	377	17	96	98	227	245	165	60	75	72	98	39	34	169	197	4	48	355	427	143	3	621	204	52	258	38	9	107
V16	25	82	13	58	45	351	376	69	137	300	238	41	277	346	208	35	258	324	3	98	180	2	174	459	61	230	21	367	26	139	311	0	64	73	76	116	20	194	594	30	35	15	321	5	346	7	219	102	326	571	70
V17	45	111	85	297	227	450	125	247	345	129	157	196	69	46	151	156	61	80	196	493	456	231	162	339	239	295	1	253	105	165	95	152	133	115	166	450	46	98	244	359	418	82	23	36	180	13	105	311	195	95	73
V18	102	493	240	37	269	398	52	44	546	31	233	118	2	3	33	35	15	173	359	328	58	97	65	150	106	644	247	276	166	79	293	293	103	141	96	4	56	282	9	197	308	339	22	390	36	27	290	295	19	522	251
V19	103	174	704	80	631	52	267	55	78	171	62	125	254	65	351	81	459	309	85	78	1306	72	27	119	114	256	31	65	252	225	190	31	190	62	607	622	1202	605	52	263	132	157	67	170	352	350	216	267	196	641	139
V20	122	89	69	49	79	239	69	156	157	139	381	345	159	671	174	303	63	242	163	83	392	586	569	168	122	336	21	881	25	172	183	98	158	85	80	304	293	40	234	173	141	136	144	21	157	389	7	305	339	124	117
V21	219	342	288	385	329	3	198	637	175	293	19	202	317	60	127	140	370	77	117	79	175	31	165	91	131	47	49	74	372	179	243	411	265	305	13	257	767	683	12	78	374	197	182	33	151	43	263	11	13	106	257
V22	109	229	120	25	158	76	152	505	216	257	59	32	64	255	19	71	58	49	118	496	91	351	244	54	11	376	188	20	28	99	196	295	157	563	353	105	168	262	146	126	32	169	282	261	255	55	34	101	89	163	139
V23	234	289	13	776	13	389	143	161	68	80	65	2	371	119	157	64	407	106	316	207	289	184	34	739	14	96	323	642	6	3	24	210	569	1	304	81	18	134	138	68	170	172	364	67	141	147	78	8	52	78	238
V24	72	90	349	27	17	324	371	13	658	462	60	346	8	146	11	118	432	92	43	26	394	58	118	179	291	124	119	169	101	206	26	394	292	127	325	355	313	48	29	26	171	358	50	151	166	231	87	410	263	268	77
V25	507	541	61	186	43	65	342	4	763	20	45	141	78	217	5	210	226	157	157	161	105	1	368	67	119	65	52	196	258	65	543	39	511	351	171	43	708	102	73	229	209	193	2	312	155	45	77	70	166	38	489
V26	6	314	31	89	581	439	238	79	95	86	354	580	121	181	119	205	120	129	20	69	321	46	16	413	57	187	87	20	220	333	1063	231	53	257	77	248	401	12	19	291	88	409	5	87	79	14	331	360	8	89	128
V27	129	7	159	3	634	18	94	33	20	51	240	75	49	321	68	17	25	64	164	149	540	222	287	258	293	203	168	138	314	301	151	193	79	330	589	58	195	41	328	151	1	107	406	333	118	811	197	78	401	186	101
V28	139	78	186	565	67	341	145	424	142	196	140	180	170	125	199	73	587	479	189	398	21	273	16	198	136	55	253	288	76	28	259	8	359	104	293	64	218	83	17	267	202	61	120	7	108	484	42	27	15	351	136
V29	119	168	67	121	66	81	179	232	502	30	213	280	185	15	90	352	130	45	87	31	137	115	61	300	47	143	402	216	14	152	1066	449	70	211	298	838	212	199	163	48	71	311	120	724	63	604	431	161	31	16	145
V30	81	110	875	221	510	98	19	101	463	45	263	298	231	263	209	429	15	189	97	54	70	1	55	14	582	362	7	183	70	78	28	632	48	123	44	551	139	63	270	494	125	0	69	103	15	331	4	128	70	192	108
V31	15	1021	400	220	218	78	132	333	48	145	90	207	328	437	145	354	85	118	178	551	25	661	83	195	83	215	117	96	99	345	29	3	386	104	155	430	267	78	455	351	69	219	89	338	59	79	73	346	96	15	365
V32	85	39	304	197	185	45	305	216	802	46	23	412	235	53	153	265	40	273	65	57	200	43	20	138	38	78	140	56	452	262	46	164	55	107	196	199	1	61	138	176	151	28	16	81	108	324	38	116	198	77	75
V33	203	322	316	228	93	79	182	200	51	70	100	422	110	147	181	79	234	0	360	538	211	193	438	28	317	121	142	236	205	75	308	1	173	417	164	181	60	80	118	174	532	1	84	257	459	152	71	55	281	185	250
V34	123	441	113	288	8	701	707	399	21	84	110	633	13	355	125	290	402	0	67	332	388	156	321	277	101	347	394	59	224	52	139	94	172	323	207	451	93	208	82	371	373	67	58	392	15	146	284	82	4	94	241
V35	89	1234	108	149	449	549	11	18	195	77	91	8	125	4	10	82	114	72	35	196	94	95	3	49	135	52	423	340	102	20	14	161	97	21	299	264	356	541	11	65	42	228	84	64	123	192	37	16	285	550	508
V36	507	333	88	84	228	154	162	205	15	577	111	33	427	110	185	19	6	147	154	100	1	72	464	371	31	138	48	71	495	440	19	1429	25	98	113	18	1	145	189	167	48	210	49	174	132	112	269	258	151	100	441
V37	1053	901	69	101	44	11	141	43	21	404	33	85	72	36	79	183	67	647	148	566	66	530	586	35	1	62	244	132	281	145	611	171	162	171	178	83	4	164	4	57	44	39	296	0	30	453	57	43	256	10	908
V38	33	145	637	135	214	50	256	59	84	190	50	9	228	246	80	77	421	263	200	81	487	239	313	126	252	26	636	219	51	21	224	294	82	432	265	4	44	161	35	8	88	70	371	93	94	80	134	211	300	358	93
V39	10	653	15	322	409	318	1023	20	534	311	100	96	393	37	110	70	510	225	181	42	345	557	130	542	135	58	245	262	223	401	650	125	215	305	369	150	383	71	45	83	65	23	1328	847	401	52	376	265	9	242	301
V40	485	11	486	106	191	69	242	243	371	302	177	50	177	147	214	184	87	19	12	516	226	120	167	210	91	248	6	590	76	387	111	164	74	243	59	29	156	450	603	2	0	527	146	347	28	38	211	327	82	21	284
V41	922	339	190	431	176	100	588	666	382	106	25	90	180	351	300	125	47	537	43	237	92	66	3	88	1146	133	173	7	30	155	211	38	259	129	419	34	232	447	250	36	58	47	192	19	115	555	19	62	19	191	675
V42	222	499	177	51	294	72	27	393	9	900	203	108	179	3	590	103	200	130	272	48	434	102	345	380	62	182	158	66	633	182	252	861	255	102	12	253	63	108	18	266	579	15	85	87	104	7	235	710	512	555	311
V43	288	322	206	37	2	384	33	172	207	19	708	75	66	70	16	4	25	134	34	85	246	96	34	161	15	542	198	557	94	166	44	49	93	136	91	177	43	91	214	21	378	101	142	3	70	441	51	139	70	287	291
V44	12	79	342	149	149	331	53	136	416	440	254	271	416	211	346	128	649	821	338	99	51	171	138	250	17	301	53	55	2	244	120	92	434	502	132	285	71	248	614	45	89	244	32	53	58	154	11	511	267	19	60
V45	304	150	69	244	24	158	45	48	365	95	306	99	46	298	86	568	186	114	63	543	26	30	45	312	58	56	6	657	52	38	36	304	690	345	527	157	113	262	44	72	361	7	95	884	323	70	21	162	240	0	262
V46	417	52	103	375	82	194	798	485	282	658	177	548	164	94	265	93	328	112	23	291	109	156	158	25	3	0	101	215	122	235	108	29	350	335	368	17	158	284	6	775	110	179	78	69	277	318	451	566	21	58	269
V47	215	206	25	810	209	133	404	5	6	289	21	145	76	157	274	235	2	80	620	155	182	175	128	99	268	127	116	139	186	130	90	27	452	189	149	119	365	62	62	34	39	329	485	403	345	99	959	40	238	333	220
V48	12	154	77	76	141	4	375	179	330	23	470	49	89	73	351	392	466	169	27	564	171	64	570	166	186	173	188	9	42	646	278	127	289	99	157	164	104	40	47	244	88	132	240	214	9	17	596	371	86	153	86
V49	277	351	28	74	540	19	6	99	301	514	441	34	937	965	263	192	504	88	79	2148	143	103	145	20	308	143	88	23	45	380	89	189	152	28	414	439	18	247	40	189	228	1066	166	37	74	95	79	529	18	13	311
V50	54	81	45	283	186	229	639	1000	243	382	3	140	440	11	186	82	217	442	493	218	810	90	402	247	98	209	328	617	414	22	675	95	73	156	3	179	388	180	301	64	218	24	16	193	427	118	18	108	383	388	94
V51	284	0	631	198	121	44	65	126	414	103	107	355	179	113	551	64	184	38	51	69	52	270	29	20	231	263	115	415	13	50	23	276	165	498	19	124	222	129	350	121	1120	102	417	1158	247	815	264	91	148	203	204
V52	266	656	98	227	189	74	105	72	201	127	250	247	126	345	31	10	160	197	38	34	115	201	188	37	42	178	145	56	78	231	86	252	2	10	691	38	404	62	622	288	61	588	284	372	135	7	206	53	7	377	405
V53	67	18	439	213	295	21	39	204	219	939	48	40	56	42	44	49	60	387	189	91	435	400	247	446	126	196	132	632	165	82	211	198	365	497	109	387	56	267	6	208	200	692	70	566	42	88	293	43	321	547	69
V54	193	75	91	79	309	44	9	183	42	276	285	107	370	147	23	358	588	198	14	19	13	389	249	30	258	191	169	25	116	74	223	159	285	14	169	57	126	182	23	116	175	155	425	66	337	106	106	338	84	1	149
V55	152	158	192	154	116	206	204	52	541	662	444	603	14	886	6	259	244	119	97	113	265	37	768	412	5	582	142	25	899	40	10	203	512	290	99	89	283	434	209	61	324	386	85	91	34	108	70	472	15	16	172
V56	360	6	133	1	57	6	125	148	124	244	113	229	178	229	34	130	175	12	0	93	63	529	361	154	188	66	260	76	102	266	254	19	529	98	393	60	51	197	191	34	51	6	256	25	262	666	399	350	165	219	204
V57	253	700	667	30	314	458	60	363	402	111	97	74	193	59	30	261	337	547	57	142	70	21	0	31	74	178	307	175	102	65	15	97	8	90	15	300	348	351	10	566	333	354	330	252	186	53	147	33	63	346	406
V58	114	528	154	137	315	460	151	28	88	150	169	41	286	1381	25	433	120	62	256	360	206	62	421	509	55	125	425	158	110	34	28	98	219	12	31	339	257	12	372	405	636	38	192	225	55	61	635	18	117	68	299
V59	292	27	232	156	599	22	5	92	573	128	155	236	496	179	229	126	474	41	284	335	736	299	6	5	88	243	190	75	194	122	150	29	265	550	391	32	334	17	45	282	34	245	620	224	465	461	70	344	242	121	184
V60	835	107	107	1081	120	5	26	156	17	34	511	6	260	128	87	26	123	20	257	275	145	16	246	121	841	156	181	2	142	52	800	258	655	103	393	549	377	50	305	98	49	220	407	40	72	661	500	552	82	0	575
V61	335	12	248	227	97	19	113	306	308	574	495	221	49	616	21	90	458	58	105	185	200	249	485	216	56	6	250	40	139	29	250	43	175	176	56	56	61	403	190	218	353	327	272	420	243	223	64	371	457	13	224
V62	310	13	8	21	75	15	190	22	77	158	167	345	579	78	51	259	382	158	161	100	24	195	83	120	463	198	93	112	727	388	60	650	354	196	243	268	7	23	90	83	196	143	257	37	197	237	128	26	122	353	198
V63	1	85	83	90	94	461	141	366	46	104	7	22	118	20	55	34	293	106	179	315	36	282	64	268	275	108	43	168	89	363	100	809	328	38	176	30	65	54	92	155	38	282	68	293	401	484	234	549	239	487	47
V64	530	46	198	174	180	124	246	51	18	82	47	22	92	523	74	7	66	57	610	27	268	261	224	415	213	60	47	178	136	142	466	56	149	21	442	202	507	105	85	60	139	89	175	28	2	111	105	280	170	234	329
V65	367	522	428	95	160	12	446	378	502	281	240	50	530	163	91	518	89	350	459	171	228	41	24	20	80	65	225	162	243	489	471	375	265	217	371	343	143	287	45	16	28	318	35	270	214	248	116	148	363	56	414
V66	402	67	530	114	406	225	54	228	58	9	158	858	214	91	36	348	34	305	50	107	7	136	138	167	183	2	26	135	327	27	254	483	15	162	23	163	207	36	173	917	69	593	154	598	870	18	367	182	169	386	228
V67	6	552	245	94	79	136	432	34	5	435	193	43	40	76	688	18	288	193	111	421	77	130	174	77	504	160	385	95	91	166	417	13	611	477	106	164	202	30	282	39	654	63	240	218	12	196	48	186	124	16	194
V68	153	194	337	104	26	61	70	49	153	105	299	309	191	230	273	55	135	131	560	641	721	73	80	403	316	266	105	672	552	527	161	234	131	591	241	108	99	8	35	163	85	228	5	4	143	0	107	214	24	53	188
V69	50	86	123	93	138	25	189	315	165	6	23	15	160	501	121	1007	162	423	5	108	637	384	103	249	246	68	493	29	102	201	81	419	21	104	179	76	1018	855	120	405	76	287	33	87	673	189	26	15	135	68	69
V70	75	154	219	37	34	157	223	419	94	98	289	209	332	11	61	186	348	152	107	8	388	18	20	168	393	187	18	16	329	33	194	619	550	279	117	385	276	44	424	101	10	537	6	94	101	26	73	453	6	284	100
V71	49	84	138	297	541	93	19	140	123	102	71	142	412	8	944	344	3	226	164	304	26	254	664	247	655	43	172	269	57	388	148	67	257	107	154	50	206	71	127	25	241	192	339	56	33	627	16	51	129	253	59
V72	25	263	335	200	69	581	160	149	493	100	197	161	231	277	746	142	85	309	60	35	25	0	156	206	439	241	20	328	24	14	313	257	42	283	41	5	351	4	126	276	256	724	58	1	132	56	48	255	121	23	135
V73	15	80	330	2	31	32	16	385	122	237	227	0	77	519	1	956	18	95	187	12	60	29	59	71	217	171	157	13	32	475	535	147	194	129	109	172	182	727	8	653	6	270	27	30	189	178	210	10	65	289	48
V74	356	56	460	7	436	202	128	183	287	291	24	146	82	511	223	239	60	308	19	70	168	216	12	353	510	488	16	105	30	376	208	6	88	66	114	362	180	50	75	147	351	88	33	443	412	73	207	161	97	3	207
V75	167	422	128	113	190	291	90	145	190	134	10	397	980	364	39	750	312	19	1	7	171	285	3	193	202	179	124	118	192	374	374	333	218	62	408	55	587	153	876	116	213	277	357	56	353	24	73	3	128	294	256
V76	525	27	88	5	108	253	816	127	402	137	64	39	0	22	158	329	13	28	175	131	190	171	420	55	163	73	485	173	14	0	106	100	23	64	44	667	4	220	536	176	93	145	146	202	208	38	778	38	311	9	343
V77	294	234	105	188	369	319	128	30	45	203	41	403	94	114	35	95	170	80	236	26	66	314	456	394	431	282	262	172	316	72	203	410	191	117	202	551	227	210	328	72	206	530	2	368	87	177	43	482	79	978	274
V78	83	352	168	824	39	39	207	51	41	77	39	0	528	2	190	90	739	451	473	102	157	265	51	112	474	120	300	250	35	723	34	213	229	235	92	53	122	368	42	7	115	242	747	259	67	13	189	25	111	675	171
V79	348	208	23	226	157	589	275	193	47	484	92	66	13	145	390	163	257	281	125	36	304	102	210	32	637	369	336	161	335	26	58	123	304	105	18	24	53	299	140	62	89	581	322	73	161	462	7	215	360	273	299
V80	155	215	82	305	380	63	194	35	349	18	460	81	50	98	70	39	172	265	69	142	143	112	455	72	394	81	117	151	67	0	27	5	40	29	32	211	39	19	131	4	197	5	71	25	115	332	42	137	407	459	205
V81	591	414	136	70	295	104	477	156	8	103	513	320	67	246	97	540	266	291	285	38	62	427	24	591	260	127	124	113	298	29	80	44	86	336	77	324	37	163	193	187	70	261	70	17	44	307	418	104	101	465	484
V82	63	115	20	26	3	60	69	215	43	201	121	72	270	193	205	286	89	487	36	10	122	243	11	55	78	111	25	61	57	70	289	109	51	753	61	209	173	582	581	162	366	33	58	9	68	335	258	25	229	32	80
V83	50	22	719	1130	17	43	184	74	314	18	118	285	188	271	112	799	177	137	238	19	258	11	133	39	102	179	539	81	444	188	330	259	244	153	96	2	9	3	243	342	489	1	80	251	19	59	639	162	84	642	43
V84	125	652	43	49	223	26	325	98	469	89	94	4	78	119	23	191	7	294	365	54	42	232	724	612	94	346	523	347	12	42	22	463	86	440	85	22	562	580	2	4	64	826	865	53	43	228	96	16	245	283	342
V85	436	42	83	88	553	49	68	632	146	86	66	107	421	86	122	14	33	259	95	90	248	94	102	203	158	144	326	188	93	3	195	171	63	4	66	14	60	79	184	28	265	169	340	20	185	28	281	81	265	221	273
V86	549	130	394	293	126	390	85	108	282	124	259	11	8	89	573	344	266	32	12	746	495	178	79	499	23	636	76	363	75	238	374	110	141	18	755	85	261	279	616	65	76	142	159	249	55	189	247	107	9	248	412
V87	311	277	118	58	260	118	122	447	153	9	51	56	18	113	54	77	17	75	38	310	71	723	1	65	576	116	146	451	162	251	7	154	285	66	479	178	67	234	461	64	12	249	38	453	379	102	86	370	34	873	289
V88	57	170	102	30	395	597	161	385	41	170	83	197	13	90	217	89	58	61	521	81	120	3	144	29	179	177	193	544	690	337	185	5	349	685	181	154	103	238	88	26	256	162	1023	706	112	39	11	45	7	70	128
V89	215	5	635	146	264	210	36	187	83	66	11	8	401	157	258	180	301	203	34	162	665	203	38	163	162	41	20	246	279	403	41	12	157	865	53	33	130	15	43	438	407	64	281	106	153	132	247	61	375	321	149
V90	206	23	8	38	41	37	49	518	130	45	61	119	7	91	70	132	66	99	115	16	460	149	108	554	144	85	130	737	187	127	161	297	125	84	231	134	224	110	29	146	306	182	181	256	605	356	82	496	309	645	130
V91	408	268	120	200	87	472	264	773	219	151	70	46	160	708	167	55	569	21	290	233	10	25	504	29	372	472	104	181	95	25	135	96	416	899	13	159	402	778	657	491	40	461	75	7	98	33	230	16	126	551	345
V92	268	68	36	41	113	140	15	79	153	140	36	41	406	418	150	2	342	488	364	275	677	288	30	7	256	26	71	161	17	23	238	597	381	99	74	374	23	556	5	398	336	25	43	194	379	57	281	39	121	129	173
V93	9	48	46	133	338	252	334	153	273	15	58	220	167	266	673	184	11	437	26	197	785	9	151	7	135	190	138	389	322	118	258	17	523	306	91	96	90	150	419	195	25	160	22	25	329	291	29	405	38	55	24
V94	147	159	313	150	85	579	97	82	45	40	95	283	58	108	477	87	857	268	147	39	484	414	69	215	139	213	259	45	114	132	81	15	512	8	152	107	49	288	179	125	846	58	363	801	72	351	39	162	299	140	140
V95	326	254	8	310	271	676	147	138	428	155	185	397	47	157	305	50	633	587	715	280	177	76	254	165	88	116	271	23	461	82	35	149	59	162	30	37	68	233	383	155	28	221	52	127	173	172	10	735	251	3	295
V96	172	53	30	62	42	460	115	116	127	499	312	642	5	18	251	4	294	47	145	257	110	255	618	198	234	65	56	106	264	412	520	337	44	43	62	228	89	170	48	336	214	591	311	159	11	20	163	80	39	110	126
V97	36	75	110	631	297	218	10	821	48	192	169	143	80	71	34	473	189	28	209	107	109	135	34	10	97	13	543	39	353	20	78	394	134	537	40	109	17	169	758	131	23	108	404	281	135	370	218	240	45	1	54
V98	86	29	116	287	396	148	19	5	379	153	107	11	31	749	95	59	34	31	269	421	31	207	224	308	423	745	389	25	18	389	54	49	151	105	281	86	237	207	108	204	118	115	87	544	460	1150	95	10	115	34	79
V99	121	109	107	181	80	62	215	442	226	625	18	803	222	121	45	425	193	62	60	42	110	37	232	36	28	200	329	191	57	336	29	31	46	466	199	256	122	596	36	254	197	294	32	710	305	257	143	9	211	12	143
V100	1003	164	37	100	16	375	28	53	79	79	397	330	313	578	274	261	175	279	3	793	54	283	17	77	193	10	278	268	122	79	38	18	15	9	65	236	218	70	21	495	345	152	34	198	53	33	129	204	11	164	607
V101	25	230	857	107	434	427	303	54	119	164	167	703	12	1	368	215	0	242	341	55	58	126	31	28	193	231	1024	162	151	87	46	174	274	42	14	73	269	103	174	254	105	51	19	271	53	121	50	181	324	269	91
V102	122	301	141	329	431	279	146	561	154	384	163	392	421	87	57	77	340	125	1282	218	7	104	96	325	139	117	432	620	505	28	230	90	77	197	253	129	276	11	0	368	8	46	280	277	59	85	116	334	47	42	199
V103	32	48	26	449	135	131	24	357	0	150	124	219	79	131	275	382	66	417	145	13	213	143	511	129	67	20	176	33	13	987	66	128	509	308	16	41	210	27	133	46	176	9	68	858	371	279	8	590	149	298	54
V104	166	95	321	102	221	186	232	67	275	39	26	254	415	220	128	121	83	29	9	22	93	69	87	308	10	226	110	557	101	760	50	80	561	16	148	86	33	439	41	644	22	119	487	10	383	313	69	217	84	97	142
V105	41	0	95	22	25	430	196	203	224	163	112	17	42	282	201	96	71	68	302	138	178	137	184	216	147	76	231	142	20	25	28	212	48	67	10	338	16	114	374	9	188	81	30	179	15	481	659	471	40	622	40
V106	346	72	431	296	182	21	275	511	367	40	786	36	109	297	354	641	240	522	53	54	68	102	35	660	186	69	21	95	166	306	138	168	110	95	8	125	51	81	37	100	459	118	293	285	125	2	900	124	117	244	250
V107	42	47	111	103	37	187	289	639	336	87	93	209	33	135	172	844	88	263	12	147	95	232	208	547	260	132	179	136	159	143	373	698	144	200	190	494	719	35	246	258	50	117	77	671	234	89	10	56	40	120	55
V108	27	1216	109	33	60	123	384	140	515	35	289	143	243	29	1670	8	193	86	62	58	11	317	136	491	21	59	622	75	817	1330	351	202	228	84	153	231	159	327	111	824	45	67	29	109	50	349	275	70	112	50	423
V109	16	19	157	145	553	103	458	203	129	6	169	88	77	220	226	129	577	88	192	30	100	176	362	24	148	258	13	455	133	33	120	99	91	64	77	33	10	38	423	114	35	386	71	381	270	913	312	216	96	54	33
V110	420	374	129	389	9	75	328	540	124	49	59	101	78	730	448	199	892	328	8	91	13	393	12	43	58	195	135	72	93	385	222	321	348	105	31	79	1241	46	55	33	58	232	5	352	372	100	235	182	119	19	381
V111	211	64	273	23	133	177	35	92	1006	2	19	88	17	67	18	395	178	140	104	558	39	0	42	76	473	220	505	13	93	696	438	2	933	70	38	248	122	41	49	211	314	155	115	62	167	153	144	99	62	54	132
V112	48	138	71	130	100	938	279	259	913	94	163	58	159	51	262	311	500	626	15	25	66	16	366	183	357	357	16	45	12	37	122	68	66	163	66	139	297	238	87	52	22	462	38	76	401	311	183	212	154	312	83
V113	111	105	65	241	227	31	106	10	145	567	179	108	50	344	238	270	490	252	84	120	127	484	1	52	36	144	388	46	826	170	385	461	37	289	1062	276	67	475	71	233	81	21	380	9	166	118	283	103	265	29	109
V114	323	146	300	60	70	361	160	81	67	121	176	83	120	522	27	83	191	32	100	50	16	31	180	71	126	27	207	384	343	120	89	69	510	84	218	144	5	113	68	194	56	29	332	498	43	193	59	424	220	502	248
V115	61	109	53	30	0	171	220	65	380	50	365	29	48	247	17	2	115	416	177	10	140	222	227	164	69	132	64	6	150	3	25	132	187	51	158	56	117	365	424	358	34	129	90	612	360	102	351	155	136	24	78
V116	193	586	202	134	63	308	157	560	196	145	92	97	198	19	205	394	14	141	223	380	227	508	82	47	94	105	111	7	105	17	114	119	273	41	173	22	191	41	1312	281	21	162	38	277	210	179	76	145	13	350	341
V117	209	94	58	56	192	170	441	231	125	89	18	18	504	5	61	29	37	96	20	26	149	3	170	29	253	120	63	1453	369	552	114	2	23	55	501	113	101	985	609	35	137	203	792	89	325	59	298	352	150	190	169
V118	27	807	77	77	111	29	196	448	267	409	205	56	55	359	105	339	133	69	68	264	50	41	25	319	3	0	19	66	62	44	41	42	5	33	320	495	149	359	125	126	127	231	15	230	8	380	35	173	915	839	316
V119	118	190	380	386	412	256	102	169	7	68	17	221	56	197	807	561	33	34	232	430	202	72	208	23	1055	99	62	320	454	205	545	511	637	213	708	40	103	324	341	23	493	40	155	20	277	209	542	348	199	350	174
V120	439	153	790	35	433	45	46	123	169	424	705	44	89	42	46	93	36	1311	356	209	117	310	30	12	54	258	314	171	268	237	30	143	409	6	187	2	103	261	28	90	27	291	80	437	434	146	409	45	317	6	331
V121	508	125	467	73	105	97	634	242	57	266	458	142	284	310	141	1172	183	20	150	5	1289	58	83	245	454	161	74	102	82	362	148	162	868	76	140	198	182	49	352	23	341	166	164	2	52	21	190	706	34	22	360
V122	160	105	502	111	142	160	909	88	123	521	390	82	369	23	106	39	919	72	91	340	65	383	1341	17	107	165	14	63	104	118	77	224	215	162	111	50	292	179	139	275	74	453	10	1600	357	183	164	394	278	98	154
V123	488	380	320	105	114	260	314	816	164	65	137	40	169	362	48	299	464	285	158	472	178	327	100	182	52	433	606	26	149	294	156	50	27	36	333	34	365	282	191	53	249	153	619	21	47	219	33	15	187	69	437
V124	72	260	337	60	6	72	10	91	19	19	56	49	18	109	87	162	14	221	164	264	29	134	321	189	114	28	11	95	20	98	88	398	95	348	142	10	328	307	286	567	52	38	367	637	2	55	314	532	147	326	131
V125	113	149	147	301	0	20	214	204	172	202	182	77	253	94	365	147	9	319	9	209	27	191	107	105	224	63	103	671	280	127	29	140	104	22	203	613	1176	10	945	59	202	31	620	965	17	196	138	54	58	172	121
V126	16	118	26	384	433	61	111	119	341	214	224	231	132	125	419	656	407	443	187	28	11	32	179	37	58	637	237	358	277	94	51	13	101	157	17	263	219	195	307	763	137	246	371	51	284	76	137	254	378	17	97
V127	101	170	163	131	467	461	43	10	133	7	305	146	65	155	340	21	1	132	9	71	105	98	23	242	65	88	92	176	448	124	194	123	57	135	146	21	120	196	47	73	171	386	146	6	48	381	146	70	69	126	118
V128	311	315	251	106	158	88	44	35	18	100	228	27	45	134	38	110	80	7	130	337	255	6	83	23	92	767	63	65	148	339	90	62	542	186	77	48	119	179	196	962	100	139	137	77	944	744	292	376	231	385	325
V129	187	35	627	12	18	69	356	328	317	84	226	583	70	58	207	347	57	170	690	6	97	107	278	225	81	73	280	134	42	909	833	218	357	6	278	343	47	218	555	184	209	33	433	606	57	237	119	216	372	140	122
V130	181	108	107	468	441	134	389	13	332	32	189	204	89	349	45	168	295	19	476	361	631	627	158	126	51	273	16	1333	436	431	90	88	53	68	146	266	82	202	63	218	124	256	18	251	110	146	357	110	17	242	138
V131	584	99	947	263	86	115	1005	107	99	389	224	263	61	224	542	55	113	63	157	291	156	85	259	1	51	231	21	22	56	1	248	72	509	136	145	154	22	683	547	370	187	221	89	13	175	276	481	528	119	107	410
V132	300	15	200	168	133	217	60	195	47	72	46	120	90	149	14	171	10	329	247	114	74	46	82	120	479	244	315	158	54	375	62	51	497	119	143	343	51	152	348	53	46	30	301	679	297	294	214	356	102	161	195
V133	37	341	11	171	76	737	216	111	5	110	88	931	62	373	589	539	91	266	53	374	95	104	406	98	316	240	58	354	13	6	75	89	291	202	2	84	513	410	98	3	83	839	44	8	56	250	12	104	268	569	174
V134	97	40	51	213	78	30	324	838	381	404	276	521	5	53	165	126	337	16	409	84	390	150	17	126	280	2	81	441	191	296	0	40	7	75	37	142	388	2	115	179	161	31	11	68	144	10	130	285	331	137	94
V135	128	32	226	261	85	7	87	47	377	345	193	2	1	63	122	27	26	461	60	98	162	412	426	393	49	250	104	128	6	281	87	19	263	444	869	286	93	76	195	62	247	344	116	87	407	221	1129	228	830	238	102
V136	56	265	60	395	129	83	154	85	196	19	71	18	211	95	135	66	415	24	27	272	69	155	514	317	44	26	137	127	189	285	19	145	213	279	263	180	258	275	286	422	179	33	117	101	187	2	68	128	19	27	146
V137	201	42	82	50	112	172	149	257	244	22	316	138	208	187	430	134	43	130	159	71	58	98	123	283	269	62	76	1	347	192	173	40	193	205	245	149	197	32	136	28	116	370	100	17	14	175	99	58	161	346	134
V138	39	13	434	181	45	39	421	347	327	82	112	265	40	4	101	95	203	622	180	46	34	422	50	267	51	433	49	55	85	93	93	267	257	415	127	140	229	14	129	239	382	502	132	231	243	61	16	262	322	41	58
V139	240	56	98	239	257	183	498	80	248	58	475	229	0	282	256	84	97	175	85	6	39	411	74	427	195	15	212	313	40	96	175	374	273	263	4	129	454	185	21	77	148	25	181	22	418	14	773	4	45	211	183
V140	107	448	178	69	342	939	33	421	92	304	36	48	305	149	13	74	362	52	34	616	127	46	221	100	106	146	238	898	41	90	128	59	48	53	59	115	7	16	365	109	126	18	297	209	64	139	100	51	147	6	223
V141	157	121	20	262	181	624	654	84	137	457	10	441	831	79	39	549	222	321	196	34	43	15	50	319	18	201	18	144	389	158	128	69	41	41	160	113	83	292	16	117	112	528	216	721	4	102	55	159	130	120	161
V142	365	185	31	106	65	773	738	87	324	24	20	284	134	199	59	377	550	10	127	254	85	113	35	25	310	380	512	273	88	453	76	82	477	329	25	167	133	118	363	155	37	176	2	230	145	290	76	400	108	190	270
V143	75	355	1	656	115	12	55	67	22	315	79	1	220	19	186	59	413	34	811	271	69	5	140	572	59	116	116	477	81	370	243	517	407	53	72	41	229	203	512	1	100	270	319	242	61	356	330	49	127	344	201
V144	35	246	24	188	122	234	424	57	439	397	205	251	142	37	269	168	133	48	27	649	293	93	90	25	25	123	78	410	42	569	228	846	58	27	4	367	480	74	32	10	341	107	239	188	270	226	50	643	16	1098	138
V145	75	37	55	81	83	38	105	70	199	231	118	103	335	384	105	322	101	2	227	18	11	419	128	6	323	174	264	19	376	23	155	10	35	17	2	10	432	21	335	13	102	6	66	48	49	510	359	67	86	200	65
V146	49	224	242	185	256	9	115	85	11	160	148	392	291	127	57	60	66	259	21	153	209	76	238	376	250	118	65	182	31	65	315	122	181	65	269	179	89	0	30	55	24	30	301	519	203	265	135	816	163	125	123
V147	145	262	6	17	6	614	132	148	116	95	56	308	544	56	412	1	88	497	73	84	202	203	145	117	1270	196	8	310	79	193	210	49	292	512	152	839	315	292	165	282	110	150	233	696	95	22	111	148	433	169	205
V148	22	85	49	128	211	505	150	50	250	38	138	38	452	70	72	191	20	124	246	12	375	102	92	150	65	116	313	144	16	126	38	373	527	61	6	6	269	579	548	166	24	332	4	17	154	64	372	272	138	400	45
V149	232	90	563	465	223	10	250	68	57	161	109	168	175	120	28	57	754	99	64	123	67	188	203	175	61	16	1494	30	315	44	203	15	308	0	113	416	307	95	240	406	265	43	450	19	885	129	529	239	13	204	190
V150	192	963	138	69	172	74	275	100	187	34	202	70	496	203	78	68	328	268	79	19	128	3	104	203	208	331	18	20	76	47	65	160	380	61	77	169	551	386	63	215	85	35	37	222	245	12	259	34	8	92	445
V151	332	18	11	139	2	394	260	151	123	469	232	457	33	110	40	576	28	149	1117	238	199	71	335	125	224	570	20	31	6	53	163	129	143	30	808	83	37	489	210	632	48	38	430	455	315	349	87	713	41	281	243
V152	237	533	156	9	43	70	700	21	3	236	139	166	294	106	25	60	29	163	146	193	157	631	109	117	218	58	68	100	19	338	104	207	554	308	119	145	64	121	714	63	324	550	117	12	32	317	580	448	270	135	370
V153	728	260	139	75	86	281	118	316	90	35	122	450	169	1458	43	175	276	88	97	204	394	68	75	324	60	206	254	217	291	93	4	557	282	44	46	297	177	31	166	96	16	318	5	110	72	84	120	410	93	205	513
V154	29	278	109	443	136	75	203	145	60	324	1	39	91	38	78	334	206	74	88	265	171	138	311	148	33	242	108	33	80	324	55	152	164	444	268	95	152	37	786	84	139	19	33	275	53	92	532	695	74	137	120
V155	17	317	57	250	63	238	109	55	74	453	67	132	68	316	353	66	243	37	158	168	70	66	167	365	279	104	394	295	143	312	671	129	436	246	136	67	64	431	224	42	125	39	721	241	312	150	124	123	94	100	132
V156	217	142	86	59	216	36	82	115	187	310	174	18	61	166	286	19	10	5	267	72	186	73	35	180	43	424	406	225	58	53	38	73	392	546	156	67	564	477	465	137	47	62	142	36	34	97	154	205	201	30	198
V157	234	270	86	482	416	114	455	410	274	78	23	372	34	91	60	84	436	52	240	494	193	54	134	120	565	991	465	301	257	162	67	2	185	77	274	662	20	690	695	372	73	65	237	296	3	276	434	290	19	51	229
V158	1059	197	139	217	54	300	125	188	315	112	20	146	83	531	68	1	228	977	72	309	183	274	246	30	11	467	30	113	59	133	145	131	33	113	25	349	176	151	253	122	124	209	56	401	436	152	416	5	417	1	671
V159	20	144	8	237	245	12	101	161	273	133	191	153	75	562	339	40	51	30	197	219	523	176	93	154	116	18	206	105	120	770	152	45	170	380	66	361	66	78	72	227	279	252	133	207	2	241	507	174	53	34	66
V160	316	146	1	98	125	17	711	185	63	161	250	467	96	182	109	78	20	0	79	191	3	65	246	48	104	210	8	146	197	43	13	166	389	98	58	129	216	93	310	0	358	166	41	13	21	370	27	65	48	28	251
V161	221	73	184	482	82	325	133	454	10	51	216	191	67	427	76	129	296	19	96	40	29	187	238	38	750	50	181	90	73	26	514	24	98	214	285	50	292	4	661	939	304	266	333	28	90	53	215	90	236	11	165
V162	206	60	261	409	1053	126	69	66	305	299	781	73	158	0	36	117	240	270	114	617	217	60	31	158	22	119	145	4	37	32	71	57	204	435	197	299	39	154	619	134	430	39	31	28	1064	337	177	4	222	10	140
V163	69	220	57	185	142	153	329	45	65	21	307	92	93	410	20	60	107	12	408	131	102	111	551	146	235	468	34	257	1	81	0	107	21	284	155	163	478	265	145	208	55	61	218	79	695	190	84	43	30	383	141
V164	75	191	73	25	347	30	298	48	34	163	99	89	1	427	76	0	8	37	180	134	143	512	53	5	246	56	112	248	246	256	44	216	9	103	232	23	78	68	8	229	369	2	401	73	116	23	496	213	63	624	128
V165	25	356	50	55	449	204	204	244	64	143	97	93	298	227	14	42	14	426	10	35	196	283	84	17	99	118	165	301	61	391	90	0	491	405	423	19	106	5	106	85	217	393	161	225	0	480	208	503	696	157	167
V166	344	151	0	54	3	537	43	229	169	451	20	321	244	42	94	59	1171	44	119	256	201	272	116	228	103	72	509	167	83	189	384	437	57	593	141	454	188	587	127	122	42	57	26	652	170	329	262	226	40	190	304
V167	248	38	41	94	211	72	169	11	295	19	89	33	215	1004	135	413	50	341	323	433	621	123	193	132	219	113	44	58	259	84	159	254	156	290	47	39	17	172	54	2	85	42	29	208	262	321	76	135	106	205	179
V168	154	109	71	349	33	674	625	132	331	362	41	394	159	107	217	510	4	276	3	366	216	518	6	4	209	271	344	269	355	123	138	13	343	193	273	21	365	215	83	322	211	243	587	62	37	19	19	612	172	419	149
V169	91	254	338	47	119	173	7	37	202	540	60	4	0	74	18	276	202	57	223	214	169	99	204	192	5	53	2	231	494	368	0	188	150	7	1289	460	210	502	89	841	306	164	265	397	86	54	92	11	99	26	140
V170	380	130	0	205	110	119	223	438	112	88	61	25	21	13	396	179	190	179	278	548	271	663	282	65	459	350	153	60	507	93	145	11	289	168	21	423	170	244	69	52	27	445	123	292	206	169	983	100	39	363	291
V171	41	359	121	403	206	414	97	76	197	300	153	249	139	195	116	260	433	71	119	369	87	211	257	59	98	38	152	85	155	546	219	52	287	559	494	53	223	152	4	278	346	547	401	197	20	397	117	131	374	218	171
V172	83	30	126	91	90	441	254	41	218	57	106	150	196	230	211	38	131	97	106	200	164	136	35	58	494	618	12	210	4	476	364	244	17	294	143	133	73	1	184	171	251	864	160	4	66	659	144	255	139	111	62
V173	424	119	70	226	172	3	99	111	43	248	75	145	15	102	451	387	192	235	413	208	373	197	549	19	207	304	67	620	581	7	22	94	138	2	314	216	88	371	523	264	65	79	145	395	105	89	260	68	390	252	283
V174	152	139	263	29	240	340	304	38	131	4	61	250	54	1005	256	85	31	221	81	110	139	95	123	588	61	142	178	14	66	569	242	114	129	96	113	75	313	161	51	360	259	428	0	763	91	29	59	342	10	71	164
V175	3	38	549	114	93	132	50	96	134	465	261	273	95	450	12	71	500	367	867	38	172	5	226	504	153	190	589	1	370	221	16	94	51	182	399	200	136	269	179	405	339	27	73	330	104	127	99	5	21	61	27
V176	23	24	18	59	52	486	125	260	316	0	33	34	74	30	82	523	1	542	238	409	775	113	2	167	77	90	368	337	982	187	1679	186	1	334	123	88	136	90	77	326	226	12	240	220	169	298	869	222	73	175	45
V177	137	219	15	93	43	926	21	193	87	266	48	125	189	159	223	425	148	310	63	333	24	386	23	66	162	112	259	317	107	130	776	839	101	233	274	144	190	37	17	284	150	204	54	90	20	395	15	186	37	89	162
V178	90	127	360	7	241	138	672	42	170	17	167	347	145	326	161	112	60	215	17	144	16	11	34	0	6	40	59	103	52	328	127	165	450	18	429	624	83	168	38	209	259	575	69	69	9	41	16	92	396	12	117
V179	55	24	186	84	349	327	201	158	164	225	138	721	295	225	36	14	468	140	20	313	318	13	295	87	447	508	14	484	82	24	19	254	4	147	118	324	14	11	125	186	382	494	35	343	84	154	395	60	71	18	75
V180	106	83	122	119	62	280	100	359	4	707	39	460	159	146	122	201	246	391	154	497	519	151	86	157	508	628	88	443	433	168	265	162	53	240	541	190	282	189	121	59	280	7	456	265	155	113	160	255	202	66	89
V181	172	45	160	10	186	129	42	388	425	47	81	47	79	21	257	114	100	133	127	32	178	424	29	211	417	274	296	28	49	41	41	159	596	156	256	255	467	74	113	468	119	368	588	359	47	221	70	10	81	217	129
V182	39	117	461	23	196	176	16	338	463	134	448	212	293	263	3	208	200	28	197	171	114	12	35	556	84	18	98	81	276	21	90	43	137	18	208	51	8	8	115	625	2	325	191	117	117	398	43	200	504	498	78
V183	198	260	83	253	419	233	1158	252	242	36	259	193	672	792	379	278	7	210	239	164	380	29	44	236	26	1	311	382	126	145	219	125	121	136	177	107	41	300	29	151	362	343	81	122	21	604	3	63	151	91	220
V184	1	45	22	667	658	107	247	262	10	94	56	345	527	1	127	527	142	20	114	276	627	20	156	146	351	249	37	639	32	473	78	67	341	7	40	0	186	358	51	470	301	298	461	102	587	11	415	71	176	355	49
V185	120	66	108	388	8	105	161	174	549	174	276	362	5	54	187	71	131	404	506	307	253	59	9	340	234	1046	121	64	2	80	325	329	1	178	12	76	108	282	258	67	150	148	70	23	33	268	70	93	30	53	123
V186	100	453	45	4	404	353	606	211	160	608	617	66	4	272	26	113	24	856	45	62	386	186	109	89	82	210	46	220	165	41	25	102	358	230	66	106	117	79	129	292	173	17	51	48	164	204	8	142	102	117	219
V187	78	0	510	232	666	31	203	102	199	544	23	108	43	54	103	96	821	187	277	226	40	132	670	223	15	53	241	236	161	30	187	88	27	608	46	102	30	33	21	208	61	58	12	82	84	31	190	65	349	351	58
V188	571	397	65	50	63	118	108	110	200	25	245	106	451	67	149	18	112	239	399	14	350	192	26	192	24	28	85	100	93	123	52	569	496	529	104	289	10	23	5	8	186	108	15	12	101	36	316	18	238	8	479
V189	371	452	71	3	19	452	196	166	30	49	319	504	200	33	12	35	72	164	271	37	22	115	451	775	23	414	36	103	27	1	99	295	600	60	284	451	567	111	311	0	247	50	664	76	54	3	274	29	844	308	377
V190	65	15	79	81	48	7	25	61	128	7	45	109	361	231	27	137	526	36	695	136	271	133	137	269	83	48	45	456	183	655	4	728	107	14	117	101	88	47	198	138	113	0	210	6	368	35	121	406	185	142	81
V191	45	194	156	96	138	24	74	270	526	487	462	726	177	66	106	459	727	672	99	238	344	211	263	245	4	27	82	45	601	105	174	19	365	1058	85	19	167	176	27	419	169	143	166	286	19	230	178	72	267	122	118
V192	274	117	760	228	132	281	4	211	14	371	557	84	870	35	156	289	17	103	168	415	20	375	100	142	234	212	312	326	216	250	31	244	264	191	14	130	16	25	76	252	312	241	609	78	857	132	54	69	60	167	208
V193	254	114	52	161	264	71	236	221	19	140	268	95	53	299	180	72	108	165	77	172	171	116	96	210	26	154	21	299	572	193	267	65	29	161	432	438	228	274	105	353	169	16	44	10	123	622	52	251	106	0	203
V194	206	73	207	289	7	106	16	78	242	16	505	319	18	42	451	223	8	97	122	27	81	133	11	62	49	628	324	41	347	92	703	225	170	348	392	99	204	243	98	258	138	62	43	406	9	436	25	5	502	147	169
V195	18	200	73	199	245	167	147	263	145	131	156	114	488	290	12	328	319	38	269	178	150	127	242	107	289	68	51	51	72	273	114	3	734	332	60	476	75	328	87	95	88	341	7	120	247	88	154	363	175	373	99
V196	233	140	116	479	129	351	139	149	40	551	148	16	355	80	313	88	600	186	152	116	136	42	280	150	246	7	99	115	136	14	390	503	214	163	118	88	601	67	199	68	440	142	540	110	16	131	12	175	114	241	217
V197	4	362	402	389	640	121	195	129	26	400	150	149	57	9	400	523	739	225	47	354	29	395	146	136	22	57	30	191	27	183	517	157	504	303	504	217	239	117	164	755	370	286	106	12	8	89	263	223	345	27	157
V198	293	4	193	178	389	297	158	50	56	5	65	307	20	34	19	267	202	182	86	246	91	496	47	378	51	354	36	212	3	221	6	7	5	252	5	368	159	128	68	3	728	17	138	39	46	378	158	189	28	58	153
V199	380	238	485	381	369	9	29	79	468	162	117	82	176	59	252	158	306	7	152	195	943	502	184	71	43	197	83	31	237	93	107	548	73	633	60	63	230	60	134	63	122	41	125	38	7	917	17	226	24	57	313
V200	110	287	142	63	275	942	68	549	119	71	10	308	33	55	228	338	192	231	148	318	55	227	311	61	433	81	359	133	54	353	109	51	55	301	66	294	149	195	13	28	186	16	53	155	43	228	232	66	90	75	185
V201	158	48	167	49	118	8	489	284	156	53	105	327	291	96	519	267	153	432	78	71	179	482	62	249	276	16	28	301	555	397	120	482	69	441	157	155	47	277	545	23	23	267	570	9	166	197	37	57	476	44	124
V202	81	44	294	68	100	137	546	13	245	66	125	235	230	285	6	315	86	330	10	3	137	359	1501	0	407	154	40	124	38	92	246	392	161	17	71	106	34	470	18	738	145	351	619	111	252	123	13	81	80	165	76
V203	0	14	322	148	40	404	662	389	455	97	236	143	169	35	166	365	154	77	266	119	543	50	20	136	156	15	200	232	126	101	9	45	11	99	455	1371	233	27	38	1120	48	177	162	211	589	451	106	77	281	27	37
V204	374	31	169	247	33	260	144	256	125	90	322	186	118	391	280	78	134	98	352	565	163	443	574	199	25	259	431	108	125	25	49	359	95	10	21	810	185	357	49	350	104	366	55	180	296	215	64	72	249	97	252
V205	10	85	58	227	110	382	94	213	5	3	925	195	29	199	52	261	71	119	785	279	21	7	378	247	104	71	415	784	71	31	329	88	191	86	471	215	29	577	620	457	188	23	2	31	313	780	523	39	41	71	69
V206	271	265	449	92	45	23	481	1	41	49	24	322	403	836	32	472	48	72	220	168	179	3	5	14	211	376	71	8	177	1227	209	208	99	402	3	94	69	357	426	188	161	1091	356	134	397	7	51	114	266	80	253
V207	131	69	382	201	384	247	51	575	348	170	677	269	209	72	520	29	58	404	173	235	1	76	5	314	711	77	22	191	362	237	162	135	120	66	356	30	804	719	106	70	359	11	104	462	143	190	30	35	127	36	108
V208	210	157	58	196	151	138	53	498	193	757	209	76	360	99	120	46	25	46	373	194	72	209	283	6	524	83	122	10	84	33	438	111	17	175	842	531	178	48	411	22	17	0	1	295	4	317	506	407	50	46	200
V209	59	326	83	155	308	15	113	100	265	39	349	167	436	292	18	15	124	100	3	438	118	116	60	538	138	143	256	128	209	383	16	140	23	317	82	101	3	695	495	357	68	332	360	394	159	160	4	270	105	302	157
V210	339	31	226	0	187	107	578	254	242	122	1347	3	46	2	28	38	107	17	200	464	214	38	82	65	255	120	251	20	1	227	224	70	184	81	256	267	28	210	17	622	277	629	12	13	271	101	80	53	46	226	210
V211	150	304	630	64	16	52	19	128	112	117	79	17	284	50	137	387	115	149	103	5	308	101	128	146	35	66	99	72	299	20	202	373	200	365	83	350	12	122	3	2	40	202	64	29	80	186	395	44	49	265	185
V212	51	16	594	156	400	717	35	186	115	83	13	308	256	441	204	140	136	235	284	67	9	337	202	224	66	92	42	196	521	280	151	36	149	108	9	461	116	701	11	141	24	790	154	56	71	118	230	157	321	22	43
V213	75	0	73	151	4	132	94	1008	14	316	208	4	3	15	356	156	75	232	152	119	25	47	443	32	75	210	107	174	477	1419	158	88	127	184	51	9	102	245	115	91	41	83	19	292	28	258	364	61	376	78	67
V214	372	14	181	62	27	54	280	118	396	431	123	171	112	156	4	180	18	468	310	45	106	339	81	59	212	163	114	425	357	182	0	288	186	63	87	210	135	209	403	238	175	452	128	71	163	752	66	274	226	167	233
V215	173	123	73	324	225	480	245	211	254	5	189	80	174	90	17	271	120	79	31	8	47	161	31	83	75	62	539	363	222	144	29	212	425	67	73	7	259	142	32	251	306	98	73	27	618	43	303	311	2	379	153
V216	209	486	518	392	204	2	109	82	32	494	105	432	65	28	214	355	210	369	97	316	228	26	385	202	52	63	228	118	15	393	14	8	22	56	276	244	178	90	74	149	42	430	612	420	102	202	51	622	243	32	304
V217	320	87	118	211	431	104	255	117	311	521	55	137	69	473	7	336	135	394	170	32	120	607	237	170	171	24	98	63	154	7	234	282	325	123	102	131	338	15	1	45	61	712	212	196	77	6	256	11	109	314	209
V218	93	28	134	137	142	45	23	19	626	39	31	560	522	316	279	217	740	62	470	23	224	1073	4	63	213	339	25	19	420	20	95	593	72	7	106	9	109	235	36	65	85	679	54	722	568	46	132	365	8	36	88
V219	101	142	214	72	322	395	45	201	233	526	75	199	67	734	767	109	57	222	193	152	86	19	44	1	103	195	186	320	44	187	445	48	258	71	195	301	105	191	148	184	179	3	257	93	377	122	189	50	92	166	145
V220	98	198	109	37	123	163	632	115	747	40	497	110	196	338	2	189	138	71	36	34	158	23	140	18	142	473	27	266	82	63	24	116	128	275	342	291	16	22	46	212	219	77	18	197	108	279	363	84	88	150	143
V221	113	84	120	559	114	422	162	110	44	38	153	286	95	2	347	51	30	105	238	339	47	116	87	334	318	144	120	189	14	25	254	94	276	122	67	108	39	141	298	116	23	102	145	20	123	32	37	9	168	785	119
V222	616	143	145	37	377	45	232	20	522	136	366	241	102	631	162	408	43	178	80	161	149	721	408	30	144	36	136	249	73	736	40	600	323	18	281	116	0	168	51	24	445	326	211	20	42	449	105	158	142	213	428
V223	360	0	654	144	42	220	30	163	28	77	140	646	313	183	297	145	30	300	16	141	410	69	234	38	370	204	59	426	254	1	7	71	144	238	313	193	752	45	460	25	64	5	9	20	37	461	74	161	536	2	206
V224	484	555	3	2	401	112	265	74	54	83	9	165	19	13	81	247	12	251	44	177	261	77	63	38	328	120	33	244	268	281	706	93	158	98	197	481	1	349	81	83	77	27	62	307	38	89	396	108	350	110	476
V225	208	39	188	192	477	118	62	49	4	528	98	257	204	209	38	15	383	137	27	49	14	187	47	184	6	86	674	187	145	1	36	97	30	700	118	107	734	111	178	310	402	40	127	12	181	90	26	62	372	157	157
V226	24	205	261	240	413	207	171	303	149	332	194	285	123	304	252	66	109	104	571	325	204	60	337	208	74	357	51	387	403	152	26	234	480	16	558	245	26	28	107	118	13	921	80	216	139	104	615	80	259	156	107
V227	283	96	265	86	1170	102	82	97	496	2	594	25	514	446	178	452	161	211	32	40	663	44	87	264	685	241	118	752	1538	52	146	132	79	28	394	174	187	160	374	102	14	0	163	87	186	27	310	380	128	68	196
V228	880	45	151	205	27	26	163	242	517	379	252	128	267	286	215	278	48	57	46	64	152	155	8	708	226	252	407	162	18	435	578	336	52	654	132	609	317	307	118	445	132	367	8	220	403	418	286	22	220	83	556
V229	332	410	39	98	177	176	141	391	22	598	183	26	266	59	191	238	0	502	283	9	58	8	57	226	154	190	142	3	957	121	222	10	114	22	7	224	53	27	278	84	359	170	196	146	336	101	488	116	19	227	344
V230	175	221	265	128	345	48	321	13	195	266	419	405	67	1067	23	94	360	165	29	140	343	150	109	40	143	201	355	122	182	65	184	95	508	272	581	325	22	251	269	169	186	534	16	385	419	319	633	385	320	93	190
V231	31	258	176	469	757	189	15	211	145	174	78	143	77	181	660	90	198	234	634	229	138	293	32	52	0	14	242	117	67	180	198	428	11	272	99	17	98	47	160	90	102	444	4	12	65	20	4	105	127	86	127
V232	64	167	186	114	126	231	92	53	366	4	8	788	37	238	141	368	1037	267	22	214	275	139	206	401	664	80	87	161	218	153	372	217	224	568	133	65	105	12	88	22	437	95	117	173	296	6	207	101	47	60	94
V233	58	131	333	182	42	32	339	114	407	161	70	20	135	359	271	145	145	266	646	3	86	607	445	7	160	20	563	127	0	318	131	218	459	18	24	21	27	10	230	730	234	109	90	303	530	59	45	45	85	654	117
V234	126	201	26	7	33	564	53	8	17	305	260	65	65	133	81	212	52	53	6	43	459	120	21	101	66	105	496	102	290	103	153	220	100	596	53	331	241	76	90	61	144	49	598	100	93	150	416	15	679	424	143
V235	14	772	352	718	222	18	108	165	99	25	29	339	69	39	40	94	365	18	82	221	295	90	64	330	120	50	119	128	366	847	6	193	302	127	215	360	139	192	25	278	359	100	179	72	131	319	509	265	91	185	287
V236	130	16	718	217	28	177	282	186	95	16	391	341	67	123	8	171	69	33	157	766	411	594	57	224	578	135	201	437	358	287	26	201	43	86	173	57	68	208	104	30	165	7	388	200	762	167	403	48	184	179	102
V237	7	1000	157	135	75	312	14	326	122	28	407	240	207	440	247	75	6	38	236	94	1	28	11	86	33	12	155	107	94	109	23	320	670	391	70	241	238	229	24	217	56	359	13	17	130	221	463	371	122	165	360
V238	28	94	433	94	24	45	341	67	70	80	133	452	140	15	62	134	36	62	16	38	41	282	591	102	145	427	69	219	55	291	152	13	110	73	182	449	286	79	255	170	58	200	108	11	30	50	30	54	70	186	62
V239	398	73	141	58	218	33	2	68	303	535	424	275	350	40	134	172	174	496	7	124	0	38	36	147	462	183	13	125	49	158	247	119	14	26	58	207	914	251	20	51	66	2	153	485	63	196	573	32	305	258	259
V240	190	434	139	288	68	98	444	145	69	138	29	55	378	114	59	26	74	299	171	217	206	238	24	340	246	86	76	62	395	91	33	129	330	89	11	1413	35	0	859	140	342	44	231	137	197	9	833	1044	43	452	303
V241	287	147	254	34	108	93	85	45	640	123	18	3	88	338	571	34	63	365	131	137	21	40	469	80	226	216	116	171	922	11	561	83	19	204	213	84	448	80	239	55	525	351	157	21	200	145	341	57	342	171	213
V242	94	324	0	107	40	290	17	155	50	391	11	223	454	129	57	331	1363	58	186	143	123	61	201	177	179	858	63	7	186	107	56	34	76	46	218	520	22	152	213	13	180	279	16	5	654	28	108	71	109	16	190
V243	149	44	745	37	416	196	78	421	605	149	242	329	109	217	25	13	44	491	15	402	16	157	254	130	199	96	258	107	31	26	46	1214	281	33	206	492	289	39	173	120	40	410	66	405	53	5	75	342	57	709	109
V244	1	69	216	214	142	140	770	5	217	27	123	116	209	137	19	686	312	517	317	10	403	347	635	57	106	40	255	327	173	5	173	79	600	612	129	225	337	61	14	222	136	272	218	272	25	147	33	96	1	409	59
V245	7	103	33	222	271	249	199	181	595	25	70	240	430	57	373	412	169	27	123	161	50	97	33	129	1	116	101	49	63	526	113	66	134	237	366	28	265	131	279	55	95	57	98	125	111	228	121	90	48	188	48
V246	632	0	137	140	37	70	135	159	233	70	44	467	153	191	311	234	267	142	25	298	809	93	120	115	40	196	82	360	362	187	98	22	190	92	245	318	499	143	261	61	6	237	47	196	162	63	10	304	50	63	397
V247	186	134	608	98	11	87	88	53	302	843	123	351	184	321	6	17	695	121	191	325	49	207	387	31	260	287	248	223	29	237	72	362	298	861	405	495	376	784	119	248	324	91	225	202	15	413	204	228	308	239	189
V248	299	708	231	636	22	25	245	320	27	204	71	114	218	725	458	327	509	240	29	273	641	4	252	566	141	77	44	197	6	112	135	131	35	227	114	31	314	44	3	14	420	179	106	519	33	8	247	27	511	289	415
V249	74	14	2	18	17	70	30	49	12	363	73	201	377	12	393	23	42	99	46	38	24	225	53	96	60	181	231	931	383	39	73	406	73	363	340	250	336	299	48	41	224	2	432	48	131	58	652	126	54	59	60
V250	375	67	356	247	221	89	353	85	201	119	264	63	196	365	463	65	480	6	86	5	88	86	416	101	35	431	66	96	71	251	143	44	114	158	81	235	354	395	74	137	388	153	193	90	38	366	7	141	5	48	251
V251	75	247	196	57	156	273	40	151	1	191	31	184	154	65	327	443	331	56	184	275	0	97	380	39	484	47	92	75	3	49	779	65	237	301	314	1058	188	72	145	492	70	57	226	440	613	175	582	223	66	79	154
V252	77	14	166	114	1	29	69	303	252	179	7	156	217	158	723	160	38	568	97	662	245	277	87	251	80	727	243	4	164	412	73	169	7	11	71	492	479	497	14	35	250	81	139	42	8	51	393	159	249	1055	69
V253	16	13	165	67	267	255	829	398	36	71	303	600	154	412	77	133	143	55	22	1	201	408	71	328	706	882	358	265	38	24	557	91	217	240	210	118	53	11	37	50	13	154	195	29	980	17	49	210	471	31	34
V254	228	112	122	132	52	37	347	260	263	54	396	76	1161	310	170	256	63	45	156	38	398	91	95	341	45	45	565	276	308	121	0	49	315	40	320	158	18	73	622	85	209	301	26	652	99	178	5	304	97	96	185
V255	630	35	186	141	216	487	30	771	62	437	959	417	7	94	83	72	40	429	988	78	81	435	134	447	260	399	23	58	13	249	124	583	54	274	287	403	184	341	270	239	112	75	61	224	118	215	61	323	320	134	379
V256	78	329	18	393	63	73	899	15	18	36	246	61	198	187	177	16	141	42	434	638	246	140	64	188	249	59	288	183	121	152	7	103	165	227	51	59	648	23	82	1040	72	19	297	70	352	149	8	23	442	0	190
V257	724	46	267	152	197	238	502	16	277	48	170	190	51	51	55	197	246	154	115	324	42	28	194	23	41	180	92	207	189	395	181	201	84	283	278	9	891	271	1678	161	366	649	298	58	346	298	242	175	111	236	430
V258	14	203	84	11	112	14	57	226	77	418	311	6	549	153	394	77	610	590	243	13	373	300	266	273	144	215	433	570	1081	8	190	175	379	36	313	313	94	12	115	332	166	79	233	51	170	509	99	4	339	182	90
V259	78	289	35	208	167	12	1135	129	643	285	187	180	443	130	179	200	294	600	163	71	239	193	111	36	55	321	224	393	234	249	240	421	133	85	438	184	20	316	210	387	143	87	23	149	139	25	365	89	116	4	182
V260	71	582	529	436	12	286	153	142	81	1	55	133	207	130	250	305	378	43	32	274	41	400	67	59	684	229	45	136	35	263	175	453	35	50	97	38	19	11	82	345	160	82	193	1039	172	779	20	108	46	238	280
V261	240	209	207	295	27	45	194	233	131	195	336	295	389	124	92	98	214	147	230	181	580	208	112	298	233	89	113	27	166	167	39	265	14	2	124	78	142	7	49	25	15	19	134	123	234	3	158	203	495	145	222
V262	75	473	180	147	450	40	318	63	582	87	191	74	272	30	187	361	32	60	154	187	182	227	228	791	5	272	227	130	585	72	521	137	206	228	357	16	148	71	29	238	95	26	107	7	266	82	147	201	267	422	223
V263	39	64	39	414	120	51	4	1232	375	120	1005	340	113	8	94	437	83	25	29	282	143	154	105	300	798	2	2	69	16	793	154	631	4	189	1	27	508	58	373	337	875	802	65	152	45	189	411	145	15	23	70
V264	283	73	14	11	208	166	132	507	82	67	125	654	479	20	1016	4	280	40	426	496	304	57	520	101	71	108	176	139	213	193	498	39	152	151	378	321	526	158	34	140	113	168	16	215	72	3	128	313	208	32	184
V265	28	858	13	34	91	328	95	22	219	227	10	31	92	373	323	316	54	853	11	447	40	203	109	260	149	2	45	34	59	303	200	71	276	52	1114	85	117	238	4	333	83	268	855	137	355	7	41	34	215	36	320
V266	165	477	29	147	109	170	201	150	17	514	72	95	10	168	21	68	18	477	86	22	131	431	202	386	597	33	11	73	165	24	80	696	121	805	206	233	18	1	85	356	295	153	83	500	39	40	58	60	85	64	273
V267	175	140	136	70	77	71	58	92	387	248	28	789	465	15	558	115	13	2	164	4	163	160	142	28	41	94	320	37	151	275	11	29	0	251	290	104	2	237	0	482	601	84	82	101	424	43	132	133	62	36	159
V268	175	687	99	69	299	95	1082	421	581	3	311	205	10	52	627	62	14	113	228	359	109	6	231	64	172	350	75	306	41	26	49	202	380	284	185	180	110	63	130	278	404	121	33	8	21	213	33	2	192	224	351
V269	82	64	27	39	49	724	85	247	36	8	257	252	596	288	52	295	814	175	379	58	194	260	1	611	16	122	237	541	12	11	267	55	422	175	308	152	76	2	260	113	26	149	220	23	20	248	461	345	955	185	83
V270	215	259	93	310	36	159	113	267	618	70	909	181	5	247	589	28	165	58	119	113	114	737	53	34	245	42	14	268	179	23	6	77	1253	333	99	251	172	100	52	198	68	76	528	122	64	42	92	454	235	75	201
V271	193	225	206	485	630	425	370	291	34	328	235	71	152	158	566	47	119	145	141	55	154	571	94	61	5	228	365	84	20	310	101	191	307	147	133	74	272	232	118	110	135	447	412	12	170	120	449	8	71	9	187
V272	744	188	159	129	1011	151	622	47	24	21	254	158	260	156	200	243	108	198	447	103	320	359	33	337	319	113	174	14	55	337	71	425	6	403	38	25	270	641	699	83	23	19	223	59	34	232	28	96	13	383	552
V273	114	209	23	101	21	69	177	41	90	188	74	26	86	36	91	284	34	964	58	287	19	140	231	95	758	176	975	611	115	152	444	186	54	454	270	53	15	77	288	42	24	304	77	50	3	46	250	229	42	786	165
V274	637	15	36	149	134	35	5	231	117	71	69	431	265	228	300	10	406	1	29	277	154	230	23	28	190	722	126	462	490	106	45	5	318	151	18	82	432	756	42	175	182	14	4	3	102	9	78	91	56	222	364
V275	295	508	43	29	385	192	751	14	3	496	92	2	204	41	660	499	302	187	288	475	105	1	243	364	67	117	0	188	175	11	257	553	279	171	20	340	40	161	125	15	60	281	260	360	194	687	311	155	30	57	342
V276	225	20	94	73	40	55	94	12	19	122	22	386	173	61	11	70	104	133	134	428	29	185	167	138	56	442	31	171	61	468	115	465	142	51	211	108	329	83	166	701	544	137	80	86	275	13	18	175	75	263	125
V277	53	141	90	293	184	115	43	530	68	632	47	87	34	275	351	177	23	388	410	95	224	42	98	285	44	726	247	39	355	119	113	685	47	22	194	31	30	304	32	53	328	248	19	619	265	58	175	148	190	25	111
V278	78	26	88	2	2	516	264	354	6	105	532	388	2	40	4	279	114	65	9	65	492	41	604	205	40	402	183	53	201	1	74	912	156	71	214	39	317	272	208	1427	112	620	122	81	173	658	36	290	289	17	82
V279	41	120	59	135	182	255	31	90	15	219	106	370	238	11	311	111	126	224	253	37	328	119	102	472	203	59	201	262	308	58	66	145	230	318	92	69	15	32	34	6	336	100	135	48	387	93	10	174	22	239	67
V280	105	129	34	236	6	123	65	466	191	478	488	41	228	374	42	16	185	524	31	30	89	489	80	24	194	246	245	731	136	239	382	705	38	41	39	110	188	219	9	47	95	667	86	73	69	435	41	173	177	161	136
V281	207	304	21	237	164	136	366	120	262	261	111	638	150	293	44	93	22	29	34	215	230	597	30	36	171	476	242	50	621	596	115	193	620	146	50	173	57	17	338	658	250	97	122	278	234	4	404	57	119	129	231
V282	49	224	43	113	1374	569	17	131	79	9	306	197	274	167	61	15	165	428	31	2	101	855	115	19	204	305	300	858	45	626	36	204	18	1295	728	185	12	319	367	13	435	16	297	130	10	84	110	71	331	805	123
V283	97	54	362	320	126	64	217	26	391	368	102	281	277	27	87	33	435	83	267	559	372	31	251	198	696	522	125	309	86	245	58	162	67	210	480	306	14	351	59	696	133	107	59	251	20	56	172	17	381	307	95
V284	439	21	76	74	517	4	66	89	82	362	74	554	93	41	96	271	71	353	192	160	285	55	349	120	941	144	53	236	8	133	486	134	183	25	136	229	107	603	407	74	77	166	89	75	267	511	1228	201	921	268	287
V285	83	350	127	56	56	19	265	272	76	158	134	105	136	335	23	225	615	218	108	143	49	34	137	29	20	134	8	41	17	291	514	156	240	430	209	836	275	51	104	437	102	132	173	226	222	1	1500	124	164	262	172
V286	238	80	49	251	124	66	204	277	287	313	79	89	64	147	134	173	273	37	252	320	134	479	70	348	18	388	247	133	30	151	294	185	73	0	99	49	787	18	123	122	967	23	113	134	277	156	101	347	62	1163	195
V287	117	2	504	290	550	142	49	11	426	180	209	155	198	227	256	209	115	329	117	19	162	461	233	119	6	142	481	124	33	115	9	168	224	60	388	154	195	156	358	1	440	233	77	184	99	70	305	13	160	17	79
V288	269	290	43	0	3	79	68	232	8	93	23	14	75	262	356	96	614	402	128	28	68	70	45	57	140	8	172	654	243	192	698	256	104	86	777	388	18	24	26	257	1	179	110	6	44	263	8	372	63	322	266
V289	178	400	176	222	53	235	72	187	91	1	231	405	974	83	19	218	565	276	446	22	50	52	695	192	430	46	314	102	256	12	96	40	125	356	38	36	446	433	43	23	267	274	95	10	724	454	14	133	220	171	262
V290	86	5	46	200	249	163	31	87	3	13	97	461	322	623	335	377	123	151	147	338	24	196	29	109	20	149	146	653	609	45	163	162	208	397	189	112	470	27	53	70	145	188	18	173	60	190	38	116	358	15	71
V291	409	61	91	365	234	192	265	170	191	189	1276	1	32	297	263	166	6	223	210	130	97	10	363	121	124	327	68	536	110	38	29	3	141	95	365	39	62	22	279	92	17	82	402	316	93	222	35	54	45	40	284
V292	126	197	343	505	225	198	43	404	106	59	335	188	128	25	71	199	298	47	741	49	131	207	455	27	308	84	1113	213	12	189	436	63	430	35	356	20	80	136	96	106	396	112	475	142	529	359	55	214	1524	160	167
V293	711	324	16	43	57	74	106	15	49	20	162	79	313	169	524	320	1	83	128	196	286	328	242	35	574	268	160	1173	153	330	368	320	100	99	343	354	266	11	304	156	184	215	71	524	21	306	166	344	452	8	573
V294	43	254	75	1	36	198	151	60	286	208	154	44	992	151	334	512	17	20	222	212	71	173	262	158	852	26	135	58	53	52	478	216	187	370	68	108	176	209	49	275	787	29	141	458	173	14	478	148	289	59	116
V295	633	78	101	84	42	409	20	410	85	0	133	101	149	394	109	415	24	14	23	89	767	55	152	553	156	27	945	53	183	576	453	187	252	66	6	291	21	43	244	146	38	541	236	151	5	345	277	70	13	229	395
V296	314	208	19	99	94	177	10	221	166	108	19	145	361	198	289	5	146	52	81	91	26	152	55	99	234	40	286	74	56	476	11	40	248	381	542	1018	34	53	428	100	69	270	79	93	89	565	7	566	720	198	230
V297	314	50	154	537	21	297	169	7	181	437	53	185	527	53	31	24	226	129	166	22	39	204	81	125	141	306	447	139	191	123	192	182	91	108	3	67	48	218	200	244	291	280	372	14	236	96	419	234	28	533	211
V298	479	169	19	166	99	276	28	22	786	121	304	119	89	40	93	486	11	52	191	289	150	5	156	105	423	471	258	76	150	485	76	37	0	700	36	560	40	145	33	105	108	219	1003	135	54	68	83	139	290	21	330
V299	47	43	63	11	34	99	93	189	219	67	24	55	518	309	125	622	4	41	416	133	194	86	53	146	586	415	446	9	146	147	214	42	235	320	252	144	60	6	150	55	666	175	418	162	83	44	196	450	3	147	68
V300	229	286	39	24	304	353	89	361	83	396	397	57	381	40	412	249	16	592	28	392	265	8	56	232	145	125	54	7	477	703	107	802	594	118	190	18	39	584	222	157	145	417	351	123	38	391	230	48	446	719	226
V301	151	178	343	348	43	425	119	442	174	196	55	143	43	249	401	82	16	79	481	350	298	113	231	105	112	575	172	194	283	199	435	342	13	183	135	261	359	12	267	198	55	473	60	171	716	164	2	115	204	107	169
V302	466	6	276	614	64	149	77	399	67	1077	227	340	236	56	525	329	141	304	85	25	46	63	272	213	7	171	499	353	51	15	74	311	169	231	138	79	158	21	286	22	37	35	73	163	231	231	58	80	136	153	276
V303	110	103	619	145	665	65	69	212	58	686	18	220	70	246	56	50	232	170	43	150	329	262	5	162	400	372	365	259	153	153	108	27	81	116	217	194	365	213	212	107	184	287	97	240	280	87	86	8	1035	594	104
V304	222	141	249	72	215	70	138	350	258	227	56	461	83	41	161	378	18	222	136	32	519	228	291	237	492	131	94	138	104	488	206	1018	11	193	138	69	489	433	153	532	28	21	778	245	117	32	298	174	128	95	206
V305	132	218	12	363	104	103	322	254	85	16	31	105	98	167	17	255	47	175	31	3	143	108	88	597	214	20	63	188	328	53	41	145	467	318	146	118	217	360	16	16	176	303	48	381	203	38	43	275	153	89	154
V306	131	395	160	160	236	140	80	232	64	271	94	96	58	825	117	466	131	32	31	183	58	172	13	76	30	266	358	125	57	164	87	444	451	202	383	28	42	332	11	16	251	70	143	57	315	57	47	211	101	418	248
V307	55	96	65	28	159	203	26	169	32	55	14	224	521	199	19	307	100	152	38	81	453	244	630	327	627	247	162	186	790	97	154	328	110	1	94	91	25	0	236	42	199	341	71	134	120	228	93	21	174	222	79
V308	111	231	104	60	28	174	168	117	126	564	473	163	76	85	455	47	314	363	413	139	19	251	96	353	233	195	5	67	299	19	282	3	39	185	207	215	126	45	460	25	22	154	337	242	292	65	55	201	75	283	160
V309	460	503	427	83	207	276	14	52	532	565	94	307	74	52	98	378	37	323	62	125	72	267	202	166	662	75	176	18	5	29	205	428	22	69	283	178	429	142	231	447	561	109	290	51	11	5	108	38	191	214	439
V310	598	185	63	13	290	0	127	168	295	77	48	77	52	134	262	26	307	392	68	168	100	490	469	147	8	303	80	61	7	497	78	176	317	293	59	151	68	609	177	335	377	109	115	31	125	365	195	358	447	107	431
V311	100	48	86	169	222	173	161	106	71	22	11	296	234	291	371	409	31	434	24	104	423	615	89	64	27	381	171	13	278	602	148	14	81	352	61	170	279	391	173	228	100	485	122	28	60	219	2	141	522	277	94
V312	219	31	136	16	490	367	760	307	167	33	191	291	16	48	119	91	233	58	275	36	18	292	474	51	590	260	77	102	363	162	175	153	398	13	41	73	172	122	32	33	960	141	112	84	71	262	802	107	393	2	171
V313	28	33	518	97	81	183	175	185	74	129	67	19	29	128	48	18	221	165	668	143	295	12	173	316	62	265	195	64	69	40	143	56	84	202	250	68	261	137	820	216	587	492	630	317	132	334	482	177	373	75	49
V314	271	63	484	241	51	142	147	470	122	62	91	8	300	117	297	245	589	299	247	302	280	34	175	331	15	240	266	92	69	79	80	16	240	436	236	0	126	81	365	415	245	397	30	79	76	108	297	79	60	333	189
V315	36	3	10	308	287	277	28	68	296	228	203	74	103	88	16	113	1	196	123	170	14	73	142	15	17	181	118	395	306	27	70	101	166	13	12	39	66	17	14	549	138	314	79	78	308	63	248	643	59	277	27
V316	184	208	149	183	126	42	305	683	22	643	99	174	438	129	48	116	12	311	606	36	51	48	349	215	28	230	249	58	29	204	161	184	111	7	128	147	268	26	56	142	24	146	179	168	5	6	174	4	90	178	176
V317	166	134	548	72	20	677	46	410	108	309	38	162	0	117	44	74	59	36	49	300	243	649	88	6	7	135	227	12	96	226	54	55	61	172	275	228	383	60	14	109	225	16	93	61	324	101	312	211	87	218	161
V318	26	229	123	89	591	70	10	123	168	147	63	5	160	757	709	38	432	431	92	49	69	67	16	465	301	252	698	110	190	19	17	172	526	290	240	7	136	61	264	22	11	298	91	85	472	418	25	41	473	619	122
V319	161	28	77	13	274	98	173	39	261	74	35	248	17	4	49	41	547	307	24	48	75	500	140	306	154	272	380	360	64	29	261	241	912	403	594	227	129	386	63	25	227	210	116	264	121	261	192	124	34	31	129
V320	433	160	98	181	75	329	268	248	232	355	416	32	118	544	8	0	134	8	101	6	117	83	105	218	118	3	354	112	231	5	325	35	146	125	392	143	108	278	105	129	316	91	116	209	3	277	97	44	231	71	296
V321	36	69	164	455	386	86	146	300	28	86	287	107	220	233	256	118	405	117	142	70	129	71	7	20	34	23	62	151	30	1	136	66	15	45	356	71	46	148	356	91	22	836	122	356	442	9	299	206	291	15	58
V322	91	3	16	126	507	40	119	42	153	48	60	274	239	626	47	100	106	127	568	37	459	321	3	396	224	82	49	17	4	113	8	26	85	31	135	216	40	201	64	67	22	99	116	221	131	121	218	11	84	81	78
V323	70	29	557	138	109	32	39	25	77	209	77	269	859	116	135	200	33	98	110	781	508	23	55	90	599	435	279	3	29	638	1	100	218	7	48	46	175	102	19	77	130	137	227	142	255	1	285	452	143	51	77
V324	485	96	108	83	227	10	82	9	84	91	417	1243	19	175	93	92	205	71	83	183	66	361	183	345	94	390	237	443	78	73	504	56	4	57	57	20	164	101	187	318	120	68	26	208	316	63	14	484	406	768	305
V325	368	231	374	340	287	374	430	36	628	181	17	352	425	1036	92	226	268	14	508	81	4	322	148	79	18	46	31	264	130	299	33	40	391	149	242	599	311	171	390	276	341	125	128	82	11	408	656	28	212	109	322
V326	378	285	66	64	215	100	377	569	56	233	244	129	146	708	367	89	183	188	7	761	97	482	42	466	13	397	447	34	177	33	327	483	227	10	861	80	58	127	71	213	84	72	141	14	55	142	50	181	410	103	326
V327	8	254	313	143	94	336	90	26	21	112	354	83	285	275	13	710	201	33	129	38	441	285	312	112	208	348	124	45	352	20	77	543	586	54	16	31	567	195	151	176	334	214	82	24	180	29	381	421	231	157	104
V328	35	7	50	50	154	26	176	286	285	607	596	3	332	23	35	29	653	423	326	51	92	40	330	83	114	280	71	36	164	18	265	151	49	93	10	313	89	272	46	86	81	383	93	97	164	18	513	359	12	76	40
V329	10	101	1380	228	136	298	64	81	340	274	28	1064	7	33	102	733	14	96	44	66	726	139	277	90	380	695	28	156	570	0	388	52	52	189	121	16	103	53	68	77	394	104	76	454	719	142	69	217	39	311	60
V330	119	119	64	169	50	73	108	518	417	50	151	222	533	73	113	453	124	507	100	98	302	116	78	8	101	181	532	1	40	215	473	47	200	16	179	146	205	38	22	40	412	869	153	216	622	109	203	94	690	106	130
V331	74	367	321	114	27	76	34	125	27	138	293	81	143	145	321	584	107	179	264	264	158	51	233	452	199	244	140	199	5	204	525	71	30	62	181	24	67	225	40	54	137	112	838	96	41	6	187	169	364	44	168
V332	274	247	136	18	106	413	339	449	74	36	58	13	334	260	188	55	41	7	35	75	275	27	65	0	129	18	130	156	111	8	381	213	2	65	166	105	370	96	7	39	248	174	144	3	190	247	475	96	511	330	278
V333	136	175	48	21	45	46	87	722	449	28	231	85	371	224	25	211	41	342	147	269	221	517	24	305	209	128	103	67	6	164	355	335	87	85	65	121	280	217	144	333	174	39	897	81	130	8	212	134	233	284	161
V334	248	46	380	261	182	66	563	86	706	23	749	55	172	230	49	30	351	389	673	354	21	8	123	439	37	335	62	304	21	166	45	189	244	452	393	22	39	55	180	274	79	35	49	102	22	70	388	414	22	151	183
V335	36	39	211	158	190	347	327	387	208	24	149	34	6	448	102	233	731	94	965	423	317	101	14	295	138	205	347	174	186	423	86	244	198	154	5	128	668	69	7	411	25	44	118	124	163	45	183	1222	305	185	58
V336	399	126	58	198	187	355	141	33	53	62	291	175	24	42	25	101	244	418	203	569	41	171	28	282	335	386	112	754	130	550	380	973	514	297	123	281	105	3	168	2	87	174	20	78	113	35	234	380	218	245	310
V337	2	42	470	4	316	78	31	339	139	137	334	75	39	197	61	4	352	62	146	55	28	484	3	63	71	97	256	127	185	934	96	18	112	515	15	19	38	13	108	157	155	47	206	623	300	186	18	671	99	14	30
V338	26	235	148	81	196	31	14	300	11	643	212	180	1331	307	407	15	24	235	795	767	114	40	244	177	766	24	389	129	556	493	54	205	205	97	142	247	790	226	367	177	275	952	44	627	253	53	135	71	109	180	141
V339	92	176	561	508	7	287	8	209	244	17	378	130	158	54	264	34	162	79	77	147	95	126	548	112	644	75	277	75	181	34	58	35	38	50	207	179	50	710	119	609	381	14	211	62	461	214	61	152	24	338	132
V340	5	177	558	54	123	254	174	78	37	18	31	1	107	353	443	59	226	255	318	94	177	21	88	9	160	167	309	215	113	432	558	78	103	78	89	325	147	100	94	213	90	971	266	108	135	125	37	28	40	695	90
V341	85	250	241	328	22	62	193	23	231	574	670	213	161	153	209	154	586	129	90	216	30	764	37	248	202	180	250	165	214	57	319	261	153	151	264	36	543	53	71	835	24	184	46	93	552	675	155	334	207	316	162
V342	1	383	225	844	319	409	16	294	296	357	43	74	41	101	67	16	124	458	388	89	67	86	895	252	11	105	220	12	237	23	107	101	39	146	92	272	67	28	171	37	14	243	374	274	18	38	67	182	23	194	152
V343	167	48	83	131	226	111	75	0	185	2	484	104	13	136	123	108	295	730	248	19	250	89	306	248	507	486	590	765	580	194	75	421	161	39	172	159	106	148	1	54	1121	173	324	107	109	9	75	58	527	51	121
V344	107	203	70	97	335	318	272	120	485	184	324	3	243	707	354	517	4	166	175	27	213	169	38	158	25	56	100	454	259	159	283	84	633	22	59	324	213	31	24	49	145	10	128	67	619	159	149	0	492	44	151
V345	199	22	194	74	186	8	245	207	240	2	58	252	719	286	221	468	58	555	147	50	125	252	29	66	301	246	16	203	505	394	120	344	213	85	372	60	83	310	20	70	204	231	1020	75	65	29	334	66	445	361	160
V346	31	30	9	206	265	135	71	235	67	25	205	27	194	88	409	230	106	97	132	520	330	50	127	166	43	86	35	303	406	468	510	82	149	14	158	383	252	68	31	1	18	115	297	84	412	199	41	63	53	394	48
V347	50	524	113	309	87	24	17	31	240	65	143	333	14	571	233	125	32	195	781	48	450	469	264	8	27	98	70	66	117	299	21	157	6	474	62	556	237	91	252	79	50	172	84	441	87	287	27	42	168	49	217
V348	200	49	470	98	109	439	22	138	425	23	374	291	199	177	84	203	61	11	238	195	290	17	496	248	0	256	277	156	48	249	70	4	269	23	19	109	59	87	251	105	446	48	113	268	65	63	50	87	88	272	129
V349	179	127	10	7	415	401	4	159	21	308	190	199	330	148	111	46	84	86	28	34	58	244	260	307	195	9	69	245	270	247	308	220	112	908	39	121	195	507	44	8	156	112	230	219	41	57	210	103	68	182	142
V350	383	158	398	938	103	16	75	101	36	324	467	91	345	239	276	214	61	36	250	26	78	14	211	614	521	19	20	79	117	31	8	69	198	118	123	33	15	373	352	1	193	484	343	76	196	223	210	397	33	1	292
V351	185	216	175	127	120	35	294	297	452	35	51	108	961	170	68	58	326	99	280	32	269	393	69	454	47	369	97	56	241	284	122	483	41	112	311	17	189	27	655	508	122	24	15	265	79	123	80	249	15	14	213
V352	64	138	78	78	127	143	315	4	105	807	256	95	164	10	31	693	167	497	360	211	516	69	64	55	382	275	423	410	97	115	17	179	46	64	188	29	66	67	306	145	201	65	135	55	11	17	369	98	205	122	100
V353	26	135	299	143	74	121	401	247	230	37	28	471	424	9	196	350	107	52	32	204	780	943	40	17	192	101	348	2	70	138	218	16	121	38	239	168	173	38	65	251	136	289	117	76	617	371	83	138	182	18	98
V354	12	32	107	262	446	348	165	23	127	264	564	127	210	96	53	9	472	543	146	293	35	609	300	168	339	472	114	52	342	192	5	10	210	142	437	38	169	624	852	832	101	93	1057	251	4	126	70	175	115	173	43
V355	196	86	45	241	211	134	521	322	397	312	44	535	253	110	10	23	9	317	861	134	675	135	507	145	25	330	84	35	37	165	50	216	42	47	41	62	1	167	160	65	50	375	37	88	52	375	103	95	290	5	148
V356	666	1215	133	91	150	1085	659	103	223	543	297	105	501	254	29	140	75	355	3	371	34	617	101	335	165	266	288	151	295	97	103	219	166	221	70	865	69	214	1320	13	132	204	122	98	70	13	769	299	186	47	815
V357	261	172	19	308	43	194	41	679	82	151	130	90	87	514	229	544	310	260	99	39	42	219	86	166	760	13	120	22	77	6	13	326	61	389	44	26	387	290	461	100	670	36	35	682	122	34	459	396	21	35	221
V358	369	64	259	383	66	11	68	37	255	125	568	195	56	22	524	452	39	93	121	27	169	257	104	121	4	2	120	88	347	334	121	335	55	223	66	85	171	411	33	850	42	250	51	339	251	235	353	248	33	5	256
V359	59	83	266	354	274	13	430	12	77	178	581	122	449	86	351	130	4	125	61	350	36	339	73	145	83	141	146	99	203	56	16	73	273	481	180	395	688	157	78	261	176	497	49	86	212	168	404	76	413	96	77
V360	291	130	69	51	394	19	40	199	136	53	213	158	344	7	202	234	34	308	23	164	437	160	87	22	59	189	608	98	336	18	252	105	70	333	254	342	546	48	92	53	193	5	21	3	10	201	193	51	172	209	230
V361	1	559	109	109	121	178	193	223	133	66	96	206	68	10	227	115	286	370	90	392	63	61	71	195	180	37	896	18	223	39	192	459	124	102	3	661	70	278	28	247	104	257	38	152	18	398	459	262	62	138	194
V362	532	87	230	357	228	151	389	560	184	225	112	149	41	15	64	12	35	9	170	777	435	59	345	962	68	85	574	392	369	16	101	27	152	646	86	256	98	49	122	37	35	303	222	160	24	197	12	7	43	111	353
V363	141	541	38	448	106	101	513	24	327	176	718	75	69	5	546	38	164	58	333	4	168	2	10	225	41	66	196	75	132	622	382	23	59	22	30	29	37	236	196	0	63	83	587	47	218	56	208	142	176	527	318
V364	203	631	259	53	37	193	61	1	7	188	51	109	308	168	590	19	44	143	451	773	151	145	275	91	17	7	88	26	119	73	243	240	197	136	164	83	204	265	85	258	129	27	99	38	17	10	172	156	236	175	323
V365	558	164	22	645	96	449	167	350	13	442	75	98	163	140	150	11	198	73	509	208	96	161	188	202	316	147	151	131	4	521	448	238	13	368	38	144	40	46	43	145	122	9	914	203	174	67	30	396	79	46	390
V366	672	43	51	17	223	113	58	153	27	298	259	440	47	186	90	273	89	88	32	75	117	825	188	246	343	190	62	105	76	410	6	229	24	155	346	173	643	219	73	10	27	224	545	300	347	61	319	220	170	30	420
V367	141	26	155	85	53	446	357	236	442	2	404	241	357	75	59	200	61	19	168	8	215	103	59	145	84	91	61	117	509	32	61	23	614	192	293	51	63	28	645	17	346	8	33	1497	186	360	749	83	11	19	95
V368	112	53	10	195	232	225	223	64	213	522	23	54	425	419	247	55	223	137	493	34	17	527	202	43	179	266	303	30	26	243	423	79	5	10	220	25	229	22	162	62	11	13	509	687	55	167	283	27	105	122	103
V369	1	148	121	161	812	203	74	64	101	67	73	154	72	28	317	101	114	82	256	12	238	174	38	18	129	227	62	4	92	209	53	67	195	1018	79	981	675	324	30	306	101	168	49	126	0	43	267	120	213	225	76
V370	31	87	61	164	20	148	44	133	45	473	134	340	168	59	76	156	3	228	57	343	225	105	65	50	495	73	497	155	14	40	224	661	83	35	98	182	60	123	12	350	169	297	455	361	80	297	65	426	109	340	79
V371	334	125	215	213	391	180	177	0	337	1	461	71	182	23	120	7	38	26	145	5	118	165	15	70	692	96	0	118	200	126	59	146	92	100	230	70	392	164	49	141	705	399	239	94	230	68	23	0	86	221	248
V372	339	242	912	285	317	116	293	9	937	382	55	439	293	109	62	745	63	280	106	177	61	729	4	20	169	9	46	306	622	5	243	140	75	135	100	284	31	93	21	54	392	76	156	4	34	25	126	129	1141	323	290
V373	309	86	339	857	215	161	170	64	127	116	107	217	58	72	259	427	155	54	87	20	84	208	194	46	132	76	72	79	17	251	128	101	62	550	454	77	19	314	391	49	148	284	101	167	28	24	89	62	199	338	213
V374	186	5	438	53	151	112	332	70	49	23	37	171	119	244	168	73	12	15	238	689	81	210	716	161	439	170	209	626	12	34	175	147	57	390	119	597	546	421	135	185	30	84	94	41	45	90	31	281	286	108	117
V375	56	152	110	174	174	1	100	104	61	186	315	328	174	166	512	15	270	88	9	525	215	23	60	154	78	219	52	190	284	7	148	68	1032	93	773	120	13	678	761	177	106	5	99	133	100	519	285	67	206	151	103
V376	300	146	299	83	9	366	349	344	233	166	14	413	1103	40	204	84	7	123	1	164	21	11	242	313	306	399	211	275	403	295	242	686	98	144	10	376	73	62	560	407	221	12	2	174	113	40	123	325	140	18	228
V377	121	208	100	104	108	145	82	282	26	26	241	193	76	8	181	180	113	339	10	42	326	570	174	148	419	38	687	132	214	78	345	16	230	303	39	505	134	42	144	98	305	305	181	5	719	342	332	19	20	51	156
V378	55	214	911	288	353	349	198	16	62	138	908	325	155	257	5	102	133	124	118	298	765	104	67	175	306	462	269	35	129	291	23	168	626	151	246	6	29	132	36	30	118	4	188	776	279	129	0	111	12	289	126
V379	871	9	26	73	126	118	24	218	10	324	113	305	304	194	189	31	568	205	330	165	57	302	165	253	38	653	204	133	59	52	418	802	245	81	85	55	106	364	33	206	309	65	61	51	407	168	27	32	153	124	484
V380	412	773	147	142	148	28	34	9	197	166	481	62	27	221	80	195	93	235	464	437	499	209	10	10	34	237	60	122	132	364	369	831	567	366	72	100	237	115	127	30	394	130	538	147	62	415	150	198	281	720	548
V381	7	110	272	347	43	72	215	69	262	55	208	88	113	160	220	398	27	101	51	232	23	29	87	58	497	40	66	17	435	175	408	61	96	80	187	60	13	185	94	110	27	398	219	87	92	150	116	522	48	320	49
V382	177	252	86	319	4	155	10	160	354	89	178	174	370	168	515	210	99	218	99	730	44	17	218	36	238	192	177	210	1075	509	11	174	10	108	59	179	42	375	851	190	255	274	34	74	615	830	312	91	126	23	188
V383	447	175	257	512	16	95	175	420	116	78	145	36	395	77	213	22	369	282	11	170	180	170	276	444	78	126	213	22	162	54	37	237	304	0	27	9	4	12	238	513	834	10	87	3	4	198	13	246	204	81	333
V384	278	315	305	540	123	5	58	294	67	196	163	684	39	109	67	543	170	310	69	207	129	39	242	283	21	185	76	70	101	204	193	37	26	372	155	38	90	316	570	1	65	62	193	151	294	18	544	86	433	275	270
V385	32	108	321	41	113	39	571	163	42	38	315	172	413	433	56	300	291	164	70	7	968	32	87	12	39	471	207	137	210	56	362	296	37	248	469	218	34	324	764	90	336	149	42	298	233	191	234	123	127	138	76
V386	430	118	68	438	116	286	59	89	169	334	862	205	93	14	508	43	20	67	20	255	41	25	115	277	39	108	108	37	269	182	366	780	39	13	590	782	525	115	328	138	778	5	363	135	139	65	722	461	88	69	316
V387	329	337	490	83	188	154	729	28	30	18	453	19	713	87	7	32	469	201	16	128	306	43	43	1323	200	74	650	335	33	744	139	439	90	306	246	215	410	119	29	146	259	339	24	116	162	178	323	23	275	61	319
V388	7	251	195	64	105	488	445	176	48	16	288	48	11	118	247	85	58	49	113	311	16	229	210	126	18	236	140	481	99	182	53	658	94	242	22	150	24	33	242	7	132	398	507	18	53	354	705	304	83	123	103
V389	71	199	162	229	33	49	1	24	139	140	56	93	169	157	170	56	0	98	410	143	176	44	947	110	149	237	59	5	4	323	295	211	275	351	0	282	194	159	194	165	98	18	621	414	200	79	50	1230	950	316	121
V390	97	138	313	269	107	124	74	43	122	408	93	87	34	93	62	62	112	34	264	135	57	107	353	431	139	91	43	12	28	32	138	3	423	462	284	146	45	296	35	258	76	208	402	499	29	140	82	823	23	199	137
V391	46	165	191	286	37	523	0	313	209	290	207	558	140	199	114	315	289	117	42	103	71	735	239	1012	175	57	448	96	1	454	801	265	243	5	71	54	34	418	30	174	83	30	211	451	402	135	50	339	1049	116	111
V392	771	222	35	229	142	271	95	22	763	489	354	887	399	114	15	99	344	788	314	130	301	79	96	179	329	175	183	369	328	164	186	189	82	214	153	312	1125	237	63	312	258	100	186	10	215	100	43	11	694	258	498
V393	2	195	216	17	195	1215	3	125	266	86	10	168	72	107	66	154	142	75	24	7	29	88	401	402	504	103	130	104	462	222	123	256	49	107	224	45	57	148	134	27	680	85	75	257	129	53	236	70	147	281	76
V394	106	687	201	395	20	108	16	776	503	127	544	1	161	228	5	474	27	1	156	509	335	501	163	48	25	345	36	56	276	204	32	305	206	91	13	500	114	177	4	21	11	82	32	107	505	184	114	126	203	187	329
V395	33	3	206	141	222	158	228	249	275	829	184	19	262	155	233	140	46	46	20	10	5	502	12	384	52	621	152	19	112	100	13	70	94	431	251	248	89	43	157	475	29	106	187	103	45	127	295	54	115	41	50
V396	33	55	70	282	162	177	45	115	133	133	490	91	6	330	327	107	109	56	85	502	65	162	298	22	15	270	23	91	167	52	309	180	55	290	49	38	32	35	124	219	102	28	20	235	940	18	533	81	74	18	59
V397	238	185	12	227	41	56	290	58	119	373	126	7	376	370	444	148	11	325	141	280	133	275	12	2	273	101	44	90	221	215	24	114	202	116	112	12	29	123	209	48	41	355	677	110	128	587	171	253	56	192	213
V398	255	41	249	237	150	273	513	26	43	42	8	33	32	87	5	119	3	19	109	159	260	356	243	214	319	272	4	294	328	60	5	313	441	318	888	206	63	10	36	137	323	144	201	63	579	18	298	91	79	423	189
V399	154	189	471	370	291	329	246	12	73	4	148	33	76	282	134	577	49	65	158	442	345	85	63	533	23	200	2	40	58	27	1011	20	218	1135	167	84	522	28	248	93	8	85	317	9	87	29	20	345	157	5	148
V400	432	30	91	83	991	0	171	34	14	13	696	168	292	265	30	967	34	114	144	47	338	32	295	980	119	39	27	44	435	597	397	38	128	6	495	11	263	89	96	199	159	62	401	153	82	66	165	1330	20	31	268
V401	950	346	114	165	190	265	206	103	20	535	83	50	565	33	78	168	55	53	86	29	45	401	84	231	310	8	142	110	94	19	11	63	82	157	320	171	65	117	36	136	382	71	168	55	61	42	144	598	443	585	636
V402	36	165	15	110	65	60	268	65	12	146	143	39	193	3	730	424	39	90	420	98	199	89	39	165	20	455	9	632	494	239	0	159	156	56	85	207	15	209	166	131	622	121	424	4	58	550	21	100	128	523	98
V403	54	92	60	353	12	353	34	185	888	327	273	241	83	435	269	215	4	200	307	91	85	164	104	257	64	180	374	88	439	8	7	49	32	117	24	383	114	65	80	74	72	120	3	150	59	80	265	38	148	426	73
V404	147	361	757	7	523	305	101	6	299	146	113	8	5	117	281	133	87	90	183	9	73	85	414	142	24	410	338	452	159	3	4	33	18	434	125	57	128	128	360	266	129	374	111	423	473	92	221	29	71	10	205
V405	394	121	60	616	0	77	419	13	31	110	56	260	567	99	86	409	251	39	38	65	96	61	203	146	28	150	210	3	675	27	290	21	189	238	475	259	115	111	73	154	14	119	208	139	182	379	159	555	503	101	269
V406	156	169	187	213	57	50	216	66	424	296	122	216	88	288	166	93	292	858	262	1132	110	119	13	270	27	205	496	134	394	27	5	536	96	55	134	611	948	699	159	169	544	204	33	90	71	622	484	74	134	105	176
V407	29	64	327	353	1	52	69	91	199	68	270	408	139	1	70	107	398	187	207	51	8	120	273	52	14	2	99	119	254	35	812	35	711	411	501	119	119	430	582	190	451	67	11	127	509	434	22	22	137	81	77
V408	75	87	27	86	107	179	496	39	1081	352	9	72	43	418	604	31	351	51	208	12	230	801	202	291	19	229	16	112	350	129	313	40	42	275	164	207	42	46	126	167	8	341	571	160	91	319	150	1	177	1	98
V409	252	49	350	478	157	4	59	431	165	16	201	138	146	297	128	16	429	112	201	457	65	214	417	136	272	58	130	53	17	121	268	402	2	165	0	73	63	18	265	68	19	295	14	200	475	423	412	585	480	111	196
V410	166	23	74	375	175	156	164	13	173	23	372	51	479	67	143	440	67	50	219	392	34	111	3	35	182	45	316	376	35	10	151	1	479	285	14	262	18	543	372	136	310	508	85	339	242	169	3	187	37	64	129
V411	121	234	193	32	147	356	18	209	159	133	466	377	106	238	1	408	48	411	336	314	165	735	266	273	57	223	414	59	7	171	5	419	421	102	125	540	184	331	59	161	194	132	211	11	9	55	564	31	292	15	176
V412	104	226	183	163	157	677	49	272	350	54	430	194	193	19	81	93	339	45	360	292	73	30	298	28	3	542	515	402	353	4	120	59	0	27	56	247	296	447	52	219	119	60	91	188	38	332	77	217	197	314	178
V413	173	94	139	92	59	46	320	580	383	16	196	358	215	29	24	573	440	50	197	141	891	148	923	109	37	318	0	79	235	227	52	68	310	6	75	74	195	60	81	68	110	134	74	713	392	800	189	241	88	116	157
V414	256	16	73	207	251	71	32	393	412	98	44	287	536	72	322	500	425	219	834	301	71	427	234	274	486	117	53	447	364	833	109	136	172	71	184	151	59	119	378	273	328	4	475	495	42	93	92	104	38	37	167
V415	542	657	151	236	87	294	79	105	270	234	457	0	45	22	60	219	120	2	16	254	74	40	876	203	469	198	93	441	243	425	57	4	651	9	195	92	15	139	266	75	80	104	251	46	204	171	261	14	176	50	536
V416	356	59	42	301	538	30	96	842	0	53	165	102	358	6	295	209	91	159	247	377	205	586	81	155	0	207	42	321	387	19	310	184	221	760	193	130	148	258	684	43	61	185	364	295	271	46	91	74	222	34	252
V417	212	194	54	301	15	57	21	719	116	303	50	77	108	55	103	851	126	740	101	59	322	220	131	252	33	106	268	421	46	31	479	22	87	40	25	139	78	798	145	79	166	115	208	51	177	101	75	168	78	819	192
V418	132	40	48	85	14	34	217	235	203	219	411	92	290	24	51	290	355	231	261	259	1398	387	1	17	341	370	70	219	5	122	203	62	189	104	943	31	1198	38	65	4	58	5	203	825	73	195	3	260	492	122	123
V419	48	267	119	319	26	193	61	512	321	229	59	243	6	45	229	283	628	411	95	5	136	52	32	30	16	191	32	456	170	334	18	258	81	67	179	218	29	489	314	66	282	19	116	128	30	66	30	54	85	517	130
V420	392	169	249	170	73	153	6	228	172	244	141	211	229	418	356	640	342	757	382	61	79	55	204	300	202	18	20	45	218	28	273	60	354	83	69	108	105	147	511	854	56	109	136	155	456	454	233	51	120	519	284
V421	66	76	369	149	430	121	11	14	182	98	394	455	104	90	127	47	190	221	791	108	2	58	358	128	214	102	146	376	122	27	177	503	166	139	106	39	117	193	35	28	126	70	443	32	95	1	16	74	42	386	93
V422	32	107	681	280	50	8	29	100	65	249	44	11	22	5	98	272	0	89	365	241	19	69	107	352	463	113	175	178	110	163	305	28	73	81	157	54	227	200	2	129	44	32	57	150	275	99	58	3	190	709	55
V423	169	469	74	319	342	953	196	11	90	213	266	254	105	11	620	59	51	92	61	44	142	86	70	257	115	149	208	184	64	278	24	19	166	422	281	186	380	272	90	322	65	136	8	103	75	432	398	8	191	152	266
V424	277	258	229	176	88	67	412	528	186	100	78	98	33	76	293	162	3	142	21	560	58	332	181	117	142	718	87	299	8	433	349	7	12	227	85	107	231	235	65	55	211	126	118	37	181	345	218	35	209	318	266
V425	184	609	122	54	371	260	8	249	319	38	35	826	82	43	185	130	141	125	368	304	337	214	161	131	12	428	13	53	414	240	512	23	130	444	61	55	166	14	24	39	59	167	170	408	168	14	215	52	2	130	316
V426	241	190	85	48	113	100	379	70	184	105	73	339	122	26	183	48	26	227	204	227	92	208	208	438	93	996	120	123	15	50	104	706	47	24	673	60	460	82	104	112	12	45	52	47	248	197	197	457	34	185	239
V427	117	284	590	648	250	208	223	41	118	49	481	20	107	30	179	39	2	29	396	604	37	329	213	124	26	326	69	71	131	637	266	113	23	80	202	365	64	24	65	71	379	3	265	138	137	149	115	955	52	26	196
V428	28	357	420	42	327	35	87	481	231	102	157	665	31	246	349	96	160	50	265	30	41	113	57	310	331	70	393	251	263	222	391	36	25	29	780	12	130	415	89	545	57	69	685	72	16	63	37	30	434	122	178
V429	22	45	436	117	212	551	12	110	118	98	64	161	192	54	1141	123	13	278	22	99	186	261	126	153	125	69	93	806	78	174	726	70	22	206	352	77	388	90	0	323	328	404	81	636	1480	67	756	696	284	32	45
V430	11	852	254	45	80	28	50	941	53	315	54	200	2	23	10	69	186	438	81	408	26	22	186	0	26	126	42	263	111	90	1422	2	179	516	132	508	36	34	315	24	515	282	62	232	44	636	67	37	280	328	319
V431	9	299	77	521	244	75	233	44	156	685	76	42	43	287	8	182	161	246	137	960	115	232	104	62	54	312	41	28	276	186	793	76	246	193	90	5	78	9	175	86	75	89	778	240	695	78	22	336	273	219	113
V432	239	151	37	527	391	712	173	50	296	312	76	150	103	145	312	481	31	30	149	527	286	209	715	252	44	1332	35	73	35	78	193	92	36	72	17	205	372	55	386	606	488	137	202	108	441	67	204	25	414	34	195
V433	262	97	450	280	183	96	34	262	378	214	70	311	2	46	587	155	70	135	50	26	1	181	2	91	114	74	123	155	178	440	648	42	231	38	192	15	105	265	181	3	1	128	3	44	555	98	54	66	36	214	199
V434	452	343	345	80	555	488	188	66	322	311	473	224	482	7	140	5	309	41	282	37	251	337	307	570	36	856	236	189	348	82	258	20	15	3	197	175	304	1216	68	261	35	86	160	75	97	352	308	189	16	36	374
V435	183	363	18	241	1	4	142	113	362	144	15	7	33	74	358	325	64	23	198	27	190	138	412	199	350	73	211	173	132	144	77	460	166	19	101	243	53	65	263	8	5	7	204	156	456	238	61	329	196	7	250
V436	260	17	109	499	187	72	64	382	26	622	34	130	69	742	262	154	32	89	341	127	160	197	143	118	132	408	133	362	161	307	22	75	54	0	298	132	182	47	184	32	49	53	394	377	61	119	128	13	277	92	167
V437	108	286	86	628	823	465	185	30	128	543	711	73	370	240	146	82	174	65	369	134	154	52	6	262	148	190	108	366	16	18	6	185	27	215	244	2	66	51	357	205	19	90	5	376	292	256	110	161	177	143	185
V438	22	232	738	87	527	144	925	7	32	69	120	43	99	181	77	733	96	384	90	284	31	54	652	649	246	79	215	588	270	160	220	31	19	557	318	174	51	180	53	615	29	228	380	138	114	64	189	67	557	24	126
V439	81	508	58	163	19	840	203	562	219	225	136	345	58	122	439	82	45	100	220	13	117	20	99	57	200	11	200	21	96	484	24	103	240	240	156	601	323	204	9	81	45	92	252	357	96	72	18	300	480	88	231
V440	70	83	17	1001	68	140	24	366	36	11	176	350	208	256	677	1	432	182	212	8	64	0	104	221	75	41	186	93	51	47	399	276	115	11	386	90	33	822	27	155	169	185	175	57	568	12	299	145	3	196	94
V441	166	81	94	401	69	74	455	98	87	130	63	46	46	172	72	108	130	758	261	188	32	35	469	376	35	40	447	198	863	489	97	265	246	320	107	290	243	118	149	209	99	1523	424	27	115	252	15	444	377	83	143
V442	285	23	4	90	366	49	25	29	44	141	260	153	60	468	462	23	40	61	142	508	211	1	40	94	439	321	24	79	94	289	151	123	43	35	100	123	217	722	439	54	168	46	292	3	6	176	592	31	92	158	175
V443	448	16	17	206	373	399	184	83	237	80	396	54	188	318	39	83	152	163	99	220	90	939	118	211	216	24	347	42	201	380	60	135	322	413	31	376	261	103	144	91	400	137	131	25	215	255	115	136	42	45	246
V444	98	26	355	254	268	38	122	179	54	158	433	360	56	10	159	438	246	51	316	119	135	103	3	770	287	105	65	84	112	96	547	263	444	58	363	43	12	55	11	208	18	305	173	160	282	70	67	76	81	58	77
V445	17	106	305	434	196	17	1	125	63	24	331	487	307	228	66	155	137	118	164	339	82	119	476	434	103	13	352	65	56	311	248	11	2	56	242	168	166	179	222	73	169	281	43	37	119	117	40	301	46	60	65
V446	229	127	52	667	87	210	167	201	164	618	444	582	147	8	167	256	211	370	267	49	126	501	31	55	155	523	51	18	279	35	31	168	2	46	85	44	383	80	32	9	394	143	72	158	35	145	30	186	383	461	184
V447	116	112	34	38	250	385	42	240	138	245	57	862	51	155	564	459	42	118	150	121	144	4	13	172	289	32	226	3	239	196	703	38	288	189	264	23	19	85	115	20	337	236	880	516	223	281	70	13	19	402	108
V448	189	58	87	92	112	90	29	206	109	144	213	38	81	2	273	274	375	61	7	19	8	183	346	433	8	97	226	82	176	551	196	6	286	17	228	43	211	779	424	63	31	0	500	41	25	11	225	83	63	77	136
V449	182	526	60	36	757	260	17	144	118	123	5	53	188	282	7	225	587	248	354	567	156	229	195	122	90	112	516	14	85	105	22	122	346	117	318	51	10	143	135	86	24	45	115	5	273	61	357	334	344	60	281
V450	408	543	35	165	734	11	11	17	169	94	278	14	267	167	417	502	23	93	107	22	781	413	66	6	55	36	991	32	77	23	646	469	390	149	46	280	445	222	397	319	22	304	110	176	66	131	229	20	111	145	436
V451	220	373	173	176	262	255	295	317	465	191	9	62	30	800	244	328	184	153	239	31	36	201	8	257	328	134	526	572	398	122	160	292	209	174	3	37	86	4	536	120	246	134	574	587	164	42	72	493	374	96	266
V452	32	139	329	56	44	45	146	211	341	525	108	33	796	15	917	96	166	439	450	499	187	54	425	81	220	6	197	108	8	86	162	51	619	102	67	34	6	261	129	159	98	130	28	469	323	66	11	18	218	412	90
V453	647	677	204	143	445	422	27	60	398	99	125	4	398	415	305	646	239	304	296	33	86	116	8	123	131	127	185	251	138	15	333	92	131	43	59	17	25	7	73	441	70	155	93	427	133	300	131	360	499	29	596
V454	105	196	13	177	28	269	73	32	443	12	133	710	219	162	50	210	26	113	61	90	451	13	2	120	8	32	60	59	35	48	140	45	139	463	10	221	71	252	145	0	614	272	485	12	100	417	80	25	252	71	136
V455	28	184	20	322	456	320	237	488	112	39	40	277	87	531	503	184	420	409	340	313	58	113	76	68	202	210	378	313	473	541	125	189	16	77	116	1169	170	21	497	104	79	155	214	139	283	114	28	437	443	202	116
V456	87	304	87	135	75	128	281	320	149	42	187	208	203	61	402	5	241	0	45	261	670	124	498	674	92	37	37	187	84	61	431	32	444	105	135	56	285	145	463	196	792	33	39	30	320	745	117	590	385	328	181
V457	90	147	64	143	205	46	218	14	155	523	84	104	29	69	280	343	190	132	189	132	158	49	118	24	152	462	753	284	61	47	18	75	45	231	85	91	315	85	262	462	82	207	141	225	48	284	177	149	166	318	113
V458	77	13	134	129	90	181	553	4	168	194	94	22	99	144	215	217	713	250	12	212	34	5	885	142	226	130	387	79	307	38	469	64	195	34	6	171	61	31	119	203	37	409	4	58	270	45	133	70	89	9	68
V459	808	152	290	744	116	41	123	429	169	118	165	592	6	68	203	156	396	627	160	315	96	79	861	440	347	277	188	291	124	199	33	117	33	225	16	543	281	152	59	90	198	25	28	253	37	181	104	65	254	253	527
V460	42	104	137	83	48	180	69	104	160	50	213	54	59	7	105	240	437	18	221	56	246	671	471	40	203	54	320	109	303	288	839	41	95	145	36	204	116	215	145	45	191	61	31	464	183	89	486	418	39	78	80
V461	565	451	37	307	292	527	148	289	39	60	633	136	77	52	85	96	23	6	420	135	134	506	239	1	805	125	50	14	70	412	98	170	33	7	693	264	24	12	89	1057	101	211	24	208	252	244	664	212	5	30	483
V462	225	140	84	211	353	11	298	49	213	328	19	203	32	223	225	88	87	63	29	20	112	97	185	102	310	257	1	3	170	75	514	294	331	40	48	456	66	208	289	307	268	22	237	5	99	184	134	149	183	136	194
V463	127	1974	28	149	703	22	187	385	32	36	387	316	176	168	156	24	24	439	139	6	144	501	73	41	138	435	214	231	177	77	136	10	41	23	99	211	321	425	21	227	83	36	23	130	309	23	304	239	0	2	786
V464	147	21	1166	458	103	202	300	80	40	62	170	36	47	0	93	137	78	139	386	22	200	31	204	299	84	378	335	37	105	305	387	160	86	3	25	80	50	91	238	39	105	86	334	156	353	503	31	140	75	130	107
V465	240	198	252	335	408	673	57	58	24	23	66	310	77	429	352	95	551	92	535	25	512	167	205	20	283	101	611	397	370	81	65	109	81	260	197	720	11	79	213	486	26	159	56	49	95	201	175	77	268	40	210
V466	294	133	53	109	698	52	308	258	40	725	43	44	416	18	14	252	16	621	191	12	21	51	302	158	96	0	195	383	74	236	185	468	221	20	328	0	222	108	24	142	97	14	29	103	52	94	28	492	146	131	234
V467	21	151	213	160	342	464	179	187	6	405	152	147	13	283	14	34	947	158	576	43	72	7	60	61	32	275	20	167	183	35	365	206	154	987	231	681	125	186	3	4	318	72	39	446	39	134	234	49	106	110	86
V468	215	12	41	648	199	64	624	121	149	114	93	126	2	207	208	107	36	53	79	2	18	148	532	355	12	108	124	17	873	35	74	374	139	137	180	316	368	61	80	253	47	161	36	24	111	10	25	74	53	59	149
V469	388	359	227	551	116	114	13	131	417	120	70	119	233	62	273	118	853	231	43	1	126	40	102	1059	124	157	19	86	514	3	440	92	3	12	26	204	467	388	77	40	130	218	104	258	179	367	251	142	879	104	357
V470	196	7	180	43	30	26	10	150	94	675	188	299	211	38	353	60	17	53	90	56	119	379	152	69	60	62	464	1119	32	121	246	71	2	115	416	32	244	120	93	283	1003	95	222	229	282	226	129	26	74	57	125
V471	89	7	70	99	101	246	453	130	376	241	146	199	112	121	178	146	99	267	38	40	14	25	10	219	106	189	160	62	202	79	42	332	57	255	219	741	262	195	123	10	236	245	209	381	578	213	100	1125	257	11	68
V472	307	1089	66	21	200	81	306	295	265	282	165	543	92	144	183	261	186	9	8	275	145	34	51	141	253	31	51	96	159	43	38	282	40	78	75	130	167	53	261	6	700	117	319	347	85	194	87	55	108	337	575
V473	444	117	154	236	533	665	248	183	172	224	185	19	308	0	290	177	27	122	358	105	256	65	609	101	6	585	969	106	334	280	34	23	237	319	224	397	306	39	83	95	155	205	16	53	405	182	189	563	80	310	291
V474	574	379	110	624	7	295	199	252	1	198	107	271	173	171	408	253	44	25	182	326	118	57	701	63	68	143	144	158	177	2	15	64	309	265	4	52	65	14	398	294	44	85	57	309	472	14	44	49	180	223	464
V475	16	12	184	63	52	101	469	521	569	114	141	18	175	25	15	195	105	107	517	123	27	84	12	257	99	240	20	174	15	67	157	2	77	78	141	252	116	163	108	274	50	713	304	71	105	58	200	890	549	47	26
V476	291	0	146	197	517	125	219	462	352	274	15	552	30	82	39	46	183	138	119	12	190	223	619	156	261	5	167	118	975	412	23	133	146	8	199	107	29	1	280	125	255	31	76	48	247	938	139	33	251	74	176
V477	28	16	135	39	165	212	200	723	145	70	18	186	10	158	229	0	356	168	912	515	66	169	303	73	30	289	217	89	349	13	28	40	364	174	1107	32	7	129	532	708	57	166	407	2	484	201	186	370	577	323	58
V478	129	69	218	78	147	323	27	231	0	596	364	40	136	212	5	183	68	469	355	207	378	324	617	245	336	52	40	18	78	279	12	355	15	270	106	23	16	33	534	14	90	242	47	271	52	750	48	130	56	171	108
V479	328	59	181	496	32	272	102	232	602	901	43	192	262	469	278	20	232	3	316	302	270	577	296	14	233	53	217	216	267	60	125	169	129	122	86	2	215	447	215	330	292	15	241	326	719	233	2	340	702	24	225
V480	70	157	192	839	20	631	20	6	20	180	38	457	284	57	136	201	183	377	434	252	1158	292	2	306	503	24	44	153	54	3	7	117	159	62	87	293	156	41	34	311	25	216	44	69	627	2	77	38	122	61	119
V481	102	20	292	49	130	10	106	6	11	86	125	249	295	41	468	121	93	775	58	115	78	22	128	60	360	40	0	133	247	167	203	134	174	129	101	351	188	140	82	168	501	414	120	112	74	212	163	65	36	209	84
V482	318	294	642	149	918	40	226	72	70	66	19	400	136	156	201	49	102	279	216	209	31	167	190	349	139	118	137	96	50	37	436	15	253	372	162	191	110	142	165	406	9	162	352	195	164	463	123	62	213	137	329
V483	152	61	202	22	154	362	123	0	408	284	7	74	8	232	329	124	111	94	290	373	443	31	109	76	154	8	913	315	15	123	560	116	112	219	237	178	243	61	80	110	801	31	284	463	30	529	451	188	121	59	128
V484	21	80	231	162	63	26	389	30	2	287	196	116	0	95	123	269	157	163	29	231	107	315	724	123	31	370	81	174	111	236	85	27	85	111	445	416	82	52	223	338	93	276	28	71	272	112	66	16	602	325	52
V485	214	33	55	12	133	525	75	18	77	143	52	162	42	315	145	1	119	91	518	12	162	404	1032	19	70	297	0	23	200	197	13	161	91	185	232	103	316	94	125	233	531	293	10	78	193	106	144	154	278	312	128
V486	90	14	166	317	140	57	321	235	62	16	113	20	179	110	82	294	302	232	175	14	268	238	368	37	3	95	259	350	49	65	266	559	64	5	157	32	27	373	29	116	162	151	150	64	402	19	79	102	341	827	60
V487	384	180	224	140	203	28	60	131	50	338	41	118	18	128	527	281	294	123	372	22	11	76	153	1	308	22	744	85	416	360	401	606	122	201	137	98	2	1164	452	446	101	30	170	63	2	86	233	23	138	735	295
V488	84	324	397	213	10	41	269	110	117	90	39	153	62	192	365	33	47	214	668	77	255	53	208	501	25	166	106	72	13	276	38	75	39	666	87	25	223	222	209	208	136	57	9	329	416	289	167	294	112	186	177
V489	70	206	54	93	67	15	101	424	25	130	49	235	342	42	107	17	207	729	621	108	89	577	260	228	22	7	161	123	344	371	113	436	166	200	99	99	227	214	365	7	83	278	169	94	232	119	222	121	179	263	121
V490	86	148	160	35	192	18	205	577	456	9	507	272	133	48	306	39	173	77	215	40	34	5	63	99	217	5	280	934	30	1	130	601	765	258	379	91	11	12	38	97	600	258	132	80	307	343	127	638	183	261	120
V491	608	143	285	123	111	614	247	328	338	73	6	105	438	7	54	102	840	36	75	69	277	109	113	328	759	60	501	7	930	33	300	35	136	45	338	410	92	770	83	73	272	241	193	537	270	59	11	18	129	484	389
V492	27	49	844	61	62	196	350	355	22	193	1095	102	342	189	15	103	28	62	205	18	129	418	375	697	128	218	432	7	383	40	52	2	63	25	99	174	238	118	426	361	492	120	366	263	502	169	42	33	706	36	53
V493	90	141	32	81	175	353	331	17	657	68	117	497	125	122	131	24	63	257	191	190	520	318	60	338	898	119	392	61	144	295	446	77	143	317	498	25	118	159	61	171	91	27	117	48	55	449	57	518	243	28	118
V494	84	156	342	264	96	282	102	19	119	43	67	275	236	107	322	7	72	63	356	32	694	297	79	23	471	73	15	53	164	16	297	153	31	131	386	42	290	537	70	160	257	7	193	6	96	148	74	342	263	217	111
V495	15	106	224	113	54	184	70	161	192	224	631	327	1059	530	427	64	568	133	360	502	699	103	161	298	21	344	174	72	0	28	522	7	16	151	5	1	550	10	18	382	36	369	428	87	248	132	240	295	270	85	78
V496	93	60	265	149	397	194	490	25	71	189	398	54	59	636	20	22	11	104	142	368	141	84	83	496	77	175	222	39	61	161	10	96	242	13	330	454	258	238	199	106	321	113	62	331	37	118	22	195	85	69	71
V497	84	121	35	321	4	28	194	73	138	102	15	57	150	172	135	10	16	50	54	23	86	49	832	104	442	83	473	4	15	231	7	466	93	59	324	263	286	305	146	107	147	161	0	69	252	548	221	94	26	95	106
V498	87	72	162	412	202	44	26	60	1	278	247	40	137	141	107	210	43	40	147	98	77	555	316	56	701	24	14	121	142	414	13	25	170	187	521	342	389	30	607	147	552	314	128	89	141	70	200	41	48	197	87
V499	313	395	74	56	441	189	222	1	21	102	110	277	208	77	6	5	101	279	756	538	20	24	4	196	93	166	264	81	8	42	48	331	163	61	234	86	3	131	291	283	390	70	780	52	100	50	93	18	140	20	357
V500	113	130	102	779	335	158	2	510	7	25	52	108	205	653	359	66	33	411	90	619	209	67	16	659	9	103	59	139	61	165	234	60	43	368	536	138	288	655	498	178	13	269	83	256	44	22	200	87	331	790	137
