Source001	Source002	Source003	Source004	Source005	Source006	Source007	Source008	Source009	Source010	Sink
V1	96	44	71	4	51	298	80	500	62	236	70
V2	304	285	150	4	5	176	6	287	117	234	270
V3	87	261	66	2	447	118	219	679	314	48	188
V4	9	108	27	3	72	222	76	65	149	169	81
V5	45	71	550	345	10	107	20	285	642	285	95
V6	778	23	159	203	3	27	110	26	42	545	358
V7	138	176	29	182	78	31	126	19	25	18	155
V8	35	14	42	37	120	189	130	141	3	17	44
V9	326	111	102	71	321	76	91	81	114	163	186
V10	289	4	155	92	186	325	347	138	154	239	126
V11	73	40	19	466	450	23	748	273	57	256	77
V12	6	281	42	57	225	442	84	35	193	51	131
V13	50	0	21	94	424	292	152	179	179	252	35
V14	73	79	22	11	87	25	530	226	9	723	82
V15	292	15	112	442	401	38	412	18	131	256	157
V16	21	182	135	94	477	6	53	45	16	235	112
V17	8	124	80	67	139	19	100	560	82	91	62
V18	330	391	12	233	418	84	101	142	344	37	318
V19	94	9	444	61	64	471	466	208	61	190	76
V20	146	11	114	40	313	287	25	814	50	213	90
V21	65	229	233	29	45	338	260	186	248	121	161
V22	81	171	168	119	251	14	387	5	85	438	119
V23	135	178	416	110	2	45	578	9	633	6	174
V24	126	129	154	256	11	26	283	43	276	81	113
V25	173	61	318	64	324	360	184	130	106	262	115
V26	88	136	1	492	569	209	19	11	124	216	126
V27	173	27	284	306	290	178	78	105	978	204	142
V28	342	376	472	18	22	336	71	224	17	123	312
V29	28	184	139	921	496	87	189	264	7	262	125
V30	199	328	247	248	431	178	67	187	344	266	252
V31	91	302	139	62	206	163	117	522	121	214	196
V32	170	145	621	308	233	389	298	139	153	56	148
V33	293	215	418	74	207	116	525	4	96	209	276
V34	209	70	294	116	97	331	116	27	78	191	114
V35	126	286	331	61	47	179	594	570	104	91	221
V36	532	655	56	85	243	18	109	13	140	46	508
V37	246	272	433	655	75	280	200	78	30	135	284
V38	70	318	111	103	7	84	182	135	51	43	215
V39	138	240	99	539	626	35	220	46	90	149	229
V40	186	212	25	282	20	310	150	259	224	440	208
V41	15	150	29	128	77	107	219	43	72	132	97
V42	112	103	1	242	307	180	153	44	65	30	106
V43	117	32	121	62	19	255	303	319	147	87	79
V44	12	197	163	73	383	271	275	270	404	99	120
V45	2	35	117	12	164	88	279	76	145	15	24
V46	23	58	123	187	44	26	171	237	48	283	59
V47	10	134	644	98	108	604	357	161	105	280	108
V48	85	195	293	107	121	125	539	615	313	285	167
V49	86	507	7	41	55	143	30	53	367	97	258
V50	148	455	228	215	20	1297	129	21	13	465	326
V51	143	685	485	85	228	249	88	38	40	12	413
V52	16	523	144	125	309	2	148	23	222	580	283
V53	253	4	264	161	686	333	162	94	378	285	128
V54	292	104	78	166	825	172	89	191	317	52	189
V55	437	47	82	208	79	49	25	227	898	437	238
V56	672	227	1051	285	67	124	20	772	269	43	449
V57	231	196	254	169	119	13	38	36	280	206	195
V58	108	190	417	415	144	304	319	273	123	272	140
V59	224	443	577	132	324	83	627	59	7	1087	355
V60	42	565	486	209	182	340	20	307	226	449	278
V61	432	92	179	311	390	946	164	863	107	475	285
V62	39	512	179	142	39	346	211	26	28	395	266
V63	165	387	33	12	3	57	170	85	16	126	248
V64	219	569	73	45	222	629	497	49	880	191	419
V65	335	101	17	79	31	89	152	17	148	34	213
V66	66	84	80	32	17	48	12	197	242	224	93
V67	533	28	38	251	79	225	66	587	175	429	263
V68	166	10	91	79	193	119	496	71	419	312	100
V69	421	298	125	132	695	286	147	359	85	46	296
V70	280	20	213	116	161	328	141	258	6	351	136
V71	9	16	181	102	246	148	21	37	614	9	38
V72	39	152	52	517	103	79	170	24	55	509	110
V73	106	473	174	252	90	576	195	308	304	95	269
V74	286	178	68	965	31	279	281	120	48	119	251
V75	179	130	25	234	378	297	63	173	461	453	152
V76	45	144	77	711	55	25	42	353	21	26	107
V77	227	47	30	473	6	178	136	15	8	27	142
V78	0	210	107	43	132	247	779	561	154	135	116
V79	442	336	251	3	83	113	71	118	188	198	333
V80	16	10	256	126	84	377	257	46	210	165	32
V81	137	191	180	33	22	235	307	22	144	103	183
V82	36	294	35	35	233	121	250	86	39	132	204
V83	424	1	229	129	466	239	236	204	189	263	202
V84	17	40	446	159	42	85	174	111	90	132	41
V85	383	92	149	214	234	241	149	311	244	399	208
V86	297	1	128	930	409	101	59	135	294	85	165
V87	385	430	780	25	85	228	155	319	14	247	394
V88	391	11	286	20	408	96	167	207	127	112	194
V89	144	118	0	138	455	8	11	115	111	15	130
V90	337	51	2	364	154	97	40	362	222	129	193
V91	10	155	38	214	8	279	85	290	239	2	85
V92	188	128	141	518	316	231	26	173	777	596	173
V93	803	515	571	357	124	210	61	526	230	140	623
V94	48	360	37	170	172	140	56	17	379	169	208
V95	291	129	56	26	251	50	72	0	105	68	187
V96	25	159	123	413	6	310	24	46	2	465	115
V97	65	152	78	322	11	650	8	111	291	253	148
V98	36	193	30	23	188	607	57	42	48	93	118
V99	385	197	92	292	353	76	513	237	668	344	295
V100	98	257	192	44	318	100	52	40	25	7	163
V101	339	35	112	43	699	15	233	26	326	91	191
V102	212	77	83	386	314	373	24	295	48	34	145
V103	833	34	833	486	27	56	142	184	181	62	367
V104	55	5	784	212	214	328	8	216	7	79	44
V105	73	212	490	269	327	239	449	248	160	145	175
V106	227	153	38	65	222	301	41	6	459	122	199
V107	14	269	341	352	67	247	338	55	675	85	190
V108	129	564	161	269	118	142	800	162	502	11	407
V109	400	712	111	554	31	697	75	2	323	156	537
V110	507	50	318	265	78	151	173	11	281	195	277
V111	78	259	122	26	3	42	195	106	300	86	166
V112	409	268	376	118	451	206	221	196	38	11	306
V113	170	125	40	200	19	24	364	29	69	13	145
V114	48	297	181	163	111	341	88	166	136	162	183
V115	133	159	435	379	59	532	650	279	405	233	173
V116	311	240	34	33	136	173	46	232	125	725	259
V117	37	4	166	5	53	412	51	184	206	132	34
V118	482	299	222	47	7	225	59	465	220	57	389
V119	3	37	389	177	81	42	48	95	487	436	40
V120	450	103	697	52	110	862	211	39	63	179	251
V121	33	68	403	10	50	343	154	185	139	536	76
V122	499	10	288	17	72	392	150	99	43	352	201
V123	28	232	81	147	46	284	203	342	54	7	141
V124	155	155	216	114	49	17	315	314	532	22	171
V125	249	532	39	697	107	228	197	561	111	153	378
V126	333	222	38	325	371	81	99	601	76	112	289
V127	513	93	558	111	239	378	9	166	69	28	271
V128	193	28	159	441	88	11	77	117	163	37	113
V129	147	187	511	181	221	135	297	424	655	245	179
V130	15	175	72	406	50	743	4	227	77	192	122
V131	352	531	72	190	7	444	39	63	31	37	403
V132	968	100	188	216	13	82	333	23	396	40	474
V133	276	306	961	342	163	147	116	103	365	229	288
V134	35	39	63	39	15	19	313	270	31	114	47
V135	313	592	76	372	120	109	95	84	48	53	446
V136	166	39	93	187	166	20	165	79	18	432	113
V137	480	114	37	9	24	72	452	382	55	201	300
V138	455	25	18	45	91	7	3	38	432	178	208
V139	73	85	105	745	5	238	143	108	166	148	112
V140	365	258	96	251	160	489	221	277	1049	51	324
V141	428	42	160	31	175	596	604	155	119	41	214
V142	626	170	3	49	118	211	134	122	228	87	373
V143	161	462	20	119	157	605	291	440	117	173	289
V144	560	45	209	113	276	73	127	91	184	225	266
V145	116	427	7	21	94	175	73	258	70	163	272
V146	0	203	261	42	44	4	47	46	506	332	105
V147	60	464	162	572	40	291	18	728	126	660	286
V148	659	277	56	300	116	22	229	2	175	250	477
V149	13	232	46	497	183	137	2	5	38	100	135
V150	37	42	48	39	163	60	184	94	76	114	44
V151	91	138	48	116	149	490	154	58	101	7	113
V152	266	317	40	16	134	87	47	400	391	53	280
V153	198	250	461	132	19	24	9	45	176	59	225
V154	511	283	42	221	3	78	49	31	149	132	334
V155	130	85	147	196	18	55	228	937	143	114	108
V156	256	163	325	219	65	93	13	302	179	121	223
V157	261	69	100	135	9	601	66	151	82	312	158
V158	258	155	68	230	59	289	245	148	338	177	198
V159	54	25	506	279	19	8	541	21	201	306	58
V160	47	183	179	771	23	445	131	29	570	78	162
V161	43	592	330	71	297	28	72	123	467	18	341
V162	92	220	107	157	241	522	43	329	247	128	174
V163	35	302	26	126	417	572	458	44	345	253	197
V164	58	409	79	171	233	167	172	356	33	872	247
V165	269	65	346	14	706	564	153	441	498	86	168
V166	251	395	902	62	284	42	124	190	339	11	305
V167	201	274	200	21	101	125	657	39	242	58	219
V168	272	132	214	152	394	741	843	102	44	10	188
V169	97	433	46	101	379	31	97	55	228	63	272
V170	304	154	43	272	195	151	83	369	193	200	220
V171	38	136	46	158	41	98	54	907	299	178	87
V172	54	238	164	530	50	21	63	15	62	519	165
V173	8	23	258	24	22	354	550	244	81	193	37
V174	124	357	200	255	470	166	133	101	84	318	272
V175	133	203	237	161	261	309	768	106	76	127	187
V176	478	138	388	208	728	802	290	257	20	131	286
V177	29	248	1015	179	7	151	88	364	1	291	125
V178	59	221	50	14	57	119	314	101	369	75	161
V179	3	190	130	111	509	125	249	538	239	1007	129
V180	335	136	493	290	504	463	55	414	62	27	240
V181	136	148	533	62	26	52	330	133	330	16	142
V182	236	28	65	199	155	15	173	14	121	670	142
V183	35	216	73	238	14	198	211	155	182	103	133
V184	340	52	156	246	212	280	13	78	18	249	181
V185	26	205	266	62	88	1152	279	922	186	160	135
V186	256	95	655	191	287	115	44	135	398	74	165
V187	39	2	283	187	27	448	279	37	235	116	31
V188	118	7	399	106	31	97	379	105	173	373	75
V189	28	13	314	7	8	702	48	128	129	11	25
V190	322	744	249	45	283	625	338	165	293	502	521
V191	154	378	30	29	169	47	141	254	410	221	266
V192	52	1	159	281	129	443	602	208	30	380	55
V193	208	74	221	57	470	117	89	98	443	113	147
V194	329	34	146	224	551	477	103	153	796	268	185
V195	82	304	149	420	1802	6	13	379	30	176	217
V196	38	330	56	167	23	123	533	239	16	616	233
V197	122	42	111	331	198	146	42	28	407	440	91
V198	616	310	290	273	270	90	3	100	573	335	439
V199	29	41	58	159	501	46	47	10	81	158	45
V200	137	477	229	246	13	76	721	120	312	202	306
V201	469	73	195	54	18	256	500	288	136	199	280
V202	124	185	87	120	261	463	178	34	12	265	157
V203	221	273	29	150	87	194	201	49	6	86	222
V204	165	156	311	186	233	30	310	234	72	200	158
V205	695	969	220	356	89	12	127	40	179	197	821
V206	149	587	114	863	957	15	619	75	152	52	391
V207	105	105	51	396	104	726	76	90	347	92	101
V208	63	569	259	54	285	119	412	61	43	778	335
V209	292	122	323	663	62	11	57	127	222	534	232
V210	988	253	745	191	149	216	391	245	401	108	547
V211	238	224	73	188	479	22	341	106	208	15	239
V212	108	23	405	251	205	27	203	70	335	236	77
V213	171	320	187	301	10	127	122	15	223	155	253
V214	111	61	76	38	655	219	15	1226	101	269	108
V215	15	576	0	82	234	68	3	37	159	651	331
V216	16	64	265	142	1007	122	153	106	47	59	49
V217	121	234	8	544	96	128	161	164	49	38	181
V218	304	292	1664	289	73	44	253	11	24	210	288
V219	51	13	754	87	14	113	171	60	20	129	54
V220	0	16	545	809	43	16	331	563	42	218	39
V221	623	374	327	25	186	192	213	279	169	76	457
V222	169	91	177	246	45	56	125	78	37	87	115
V223	15	169	137	95	115	156	333	107	37	709	130
V224	98	7	110	12	171	323	334	308	826	2	76
V225	33	108	208	40	240	510	497	647	78	16	111
V226	29	10	75	300	171	334	172	152	220	210	37
V227	8	43	168	45	466	548	196	91	54	93	23
V228	75	396	123	120	8	30	47	262	153	134	246
V229	853	268	69	270	165	199	125	209	83	295	526
V230	776	115	3	129	166	9	438	583	13	53	395
V231	268	118	52	51	179	75	363	2	157	100	188
V232	299	929	29	189	23	50	84	66	104	118	572
V233	122	3	199	109	157	149	13	190	63	46	64
V234	33	94	66	100	68	154	36	193	311	552	84
V235	159	19	278	84	115	38	246	716	124	15	94
V236	133	101	72	672	427	547	18	21	130	287	130
V237	180	22	119	190	17	190	24	223	46	47	88
V238	39	251	528	334	133	147	242	49	56	277	161
V239	118	99	62	121	212	133	0	922	17	79	114
V240	64	72	73	23	573	585	56	335	12	1158	103
V241	200	397	450	122	380	124	461	314	233	67	311
V242	193	34	435	38	145	11	154	378	39	86	109
V243	43	491	225	2	57	79	86	360	202	704	246
V244	68	86	164	298	450	49	132	47	153	79	86
V245	332	91	91	87	348	126	335	0	214	39	190
V246	190	32	129	399	16	261	13	231	1	235	114
V247	187	479	71	22	52	72	352	206	152	140	319
V248	26	298	57	177	304	4	177	189	200	63	169
V249	157	108	217	5	516	73	104	0	34	343	131
V250	651	67	308	330	15	206	505	444	65	404	328
V251	495	15	118	184	638	2	631	231	298	434	255
V252	220	232	6	282	294	478	16	402	93	28	225
V253	210	86	77	21	356	196	2	391	400	68	149
V254	189	293	14	175	387	42	249	53	71	5	241
V255	257	514	4	62	252	37	266	31	41	373	388
V256	32	103	343	312	68	195	3	60	544	506	107
V257	211	28	131	202	185	13	40	82	112	316	116
V258	180	175	135	112	531	71	206	130	121	100	172
V259	253	53	70	17	248	100	336	177	192	44	139
V260	219	100	127	77	109	21	10	261	62	31	127
V261	59	36	174	374	80	22	306	128	395	137	63
V262	96	47	15	310	58	23	236	294	257	35	100
V263	216	18	261	298	664	191	19	25	228	151	104
V264	57	25	29	9	242	215	531	410	71	338	64
V265	111	138	144	16	49	75	397	402	824	302	119
V266	192	167	105	131	195	29	371	104	570	209	190
V267	174	184	18	130	300	269	271	264	577	325	186
V268	271	41	235	514	47	102	103	625	245	242	174
V269	201	252	53	41	57	212	103	139	257	207	219
V270	380	422	355	54	158	77	83	43	16	192	373
V271	25	57	142	157	19	0	261	356	128	81	48
V272	1179	30	125	24	353	294	157	119	572	140	497
V273	37	658	69	479	50	139	766	858	124	31	383
V274	89	148	746	23	109	69	382	319	98	829	145
V275	149	511	219	123	504	214	878	73	196	448	340
V276	62	103	692	87	73	377	423	75	321	105	104
V277	112	85	570	551	70	109	203	426	354	71	118
V278	342	23	41	28	245	6	177	66	228	104	171
V279	13	397	472	289	66	678	244	20	100	422	240
V280	9	195	49	514	129	141	47	0	34	89	111
V281	23	101	223	423	253	181	27	514	15	28	80
V282	80	1	32	90	209	7	160	123	25	185	40
V283	162	130	250	99	74	235	519	318	156	377	164
V284	52	177	97	282	33	257	489	109	51	3	140
V285	118	111	3	231	115	363	443	395	203	35	136
V286	407	295	353	20	27	3	22	432	242	582	355
V287	0	151	26	13	52	42	34	342	323	120	95
V288	237	136	466	143	549	50	45	105	238	286	184
V289	258	80	75	247	60	260	375	3	205	777	183
V290	340	258	30	706	143	91	90	129	230	528	318
V291	46	133	135	79	0	8	277	0	352	201	71
V292	232	439	526	355	214	118	17	235	29	51	313
V293	63	129	424	155	880	557	535	0	110	31	99
V294	355	99	12	116	70	23	275	250	18	86	207
V295	79	231	92	143	181	8	19	55	16	260	175
V296	5	111	208	114	116	98	324	13	407	226	90
V297	39	108	189	12	83	35	627	13	552	31	80
V298	95	204	41	347	65	63	4	1	87	392	180
V299	340	320	649	19	345	132	56	7	283	290	333
V300	75	191	94	4	208	121	608	250	449	84	127
V301	93	124	89	28	280	86	590	57	11	114	117
V302	120	71	116	344	48	29	188	169	68	0	122
V303	243	450	231	384	190	100	160	88	149	75	328
V304	38	87	43	408	53	429	25	44	138	329	81
V305	235	29	381	203	151	25	245	71	452	63	134
V306	79	176	439	55	187	106	123	211	118	40	152
V307	43	372	88	310	68	178	22	24	281	227	217
V308	69	695	46	178	302	142	277	159	92	119	362
V309	285	59	203	86	110	389	95	257	622	28	160
V310	101	37	66	61	222	44	84	162	46	241	72
V311	224	1052	130	113	133	49	111	88	13	335	590
V312	1	159	26	75	328	17	140	56	530	98	80
V313	460	5	83	101	102	6	201	1189	292	74	225
V314	2	174	44	113	49	34	287	267	148	103	93
V315	435	189	84	27	96	115	69	632	48	9	314
V316	90	103	192	20	21	63	168	124	39	76	79
V317	437	430	109	61	65	170	4	296	525	300	397
V318	182	27	48	16	1	81	264	493	8	29	101
V319	26	136	298	138	28	205	218	64	389	362	98
V320	27	234	33	74	128	211	119	72	584	114	132
V321	79	61	288	649	138	77	448	258	219	70	111
V322	454	1093	291	40	643	9	9	20	1413	179	739
V323	81	528	135	178	68	84	206	8	79	0	285
V324	184	14	43	213	258	66	173	246	50	402	115
V325	201	13	65	61	175	69	538	329	384	244	119
V326	115	87	10	64	158	295	24	243	13	22	112
V327	225	90	83	417	138	86	87	247	67	207	147
V328	29	16	111	97	175	514	31	182	195	12	39
V329	755	61	27	259	199	75	46	63	74	43	348
V330	9	39	125	141	89	23	141	109	723	54	39
V331	327	61	83	180	340	227	116	122	20	881	205
V332	387	148	332	260	283	212	73	181	316	83	249
V333	600	436	386	16	56	164	36	51	459	177	447
V334	54	164	96	302	189	219	22	10	13	84	114
V335	199	213	299	85	110	193	153	664	262	716	240
V336	2	97	187	238	311	96	508	89	28	214	69
V337	489	19	15	78	182	1160	61	91	503	16	253
V338	537	467	151	280	592	560	333	112	182	2	501
V339	259	151	26	253	5	240	10	319	123	30	195
V340	254	407	56	289	110	426	604	55	134	368	316
V341	182	100	383	21	44	390	37	264	36	99	150
V342	2	220	104	214	176	245	148	18	83	26	115
V343	22	202	47	43	55	264	142	118	239	302	121
V344	162	115	11	252	67	323	72	65	88	1	144
V345	541	97	105	94	457	115	5	938	459	66	273
V346	134	364	25	252	6	150	52	207	92	296	280
V347	281	665	91	39	94	326	265	36	75	249	456
V348	68	257	112	161	338	424	42	36	321	761	182
V349	21	428	28	368	378	28	253	210	62	18	237
V350	132	223	42	105	118	55	3	13	90	224	146
V351	93	195	77	55	97	326	49	285	79	73	143
V352	163	166	173	183	3	56	28	279	248	69	151
V353	57	362	136	118	171	192	47	910	347	47	227
V354	62	81	314	447	273	112	134	324	18	47	87
V355	25	49	526	350	105	83	61	344	107	360	55
V356	358	116	255	26	88	130	40	245	13	691	233
V357	203	158	70	3	33	434	97	301	137	167	177
V358	275	243	156	17	182	807	1757	9	135	96	282
V359	380	21	6	144	10	178	119	459	148	120	185
V360	80	296	316	86	245	139	124	69	263	261	188
V361	136	418	128	145	44	76	271	148	86	263	288
V362	369	323	172	80	449	56	25	544	5	130	341
V363	200	71	53	306	0	73	73	113	89	47	144
V364	306	49	165	425	266	142	142	45	214	31	146
V365	27	162	224	235	77	29	85	131	183	139	95
V366	108	544	120	61	21	209	146	28	186	107	331
V367	339	69	57	81	7	167	50	48	83	9	174
V368	256	210	28	258	322	179	219	200	268	132	225
V369	832	94	19	247	53	82	123	181	387	4	376
V370	202	43	373	303	39	30	122	401	47	22	108
V371	110	69	6	229	99	419	52	6	71	91	102
V372	388	407	112	169	103	2	139	177	11	835	388
V373	81	147	32	146	698	152	129	4	84	13	142
V374	99	85	195	126	28	233	55	107	173	60	98
V375	14	132	143	445	1	67	209	281	576	25	112
V376	58	5	7	2	181	106	4	142	48	295	43
V377	306	781	299	445	218	253	3	60	62	146	497
V378	544	54	152	381	92	1081	45	150	637	218	268
V379	36	722	15	133	127	126	297	37	151	84	362
V380	203	144	189	722	52	71	302	35	519	282	213
V381	311	34	1213	3	50	2	198	303	386	774	191
V382	109	2	44	844	22	71	87	19	251	202	85
V383	339	87	115	149	41	579	289	95	13	12	219
V384	797	336	278	625	810	293	86	110	49	368	534
V385	264	395	61	446	107	37	45	44	56	786	351
V386	188	214	207	164	1088	789	166	246	160	480	187
V387	223	184	7	34	30	95	1175	17	596	340	208
V388	54	58	336	75	484	201	118	346	75	436	81
V389	385	317	29	288	247	103	236	523	591	2	366
V390	67	310	328	35	173	72	2	150	184	69	174
V391	190	155	45	198	8	108	44	20	55	88	166
V392	95	36	184	265	368	112	23	212	240	232	75
V393	222	168	102	18	26	488	198	28	33	7	197
V394	138	44	154	155	382	67	211	46	468	11	84
V395	62	626	282	113	74	498	243	966	105	510	350
V396	561	108	502	370	442	58	78	33	143	300	295
V397	3	39	72	314	129	180	53	10	433	9	38
V398	240	6	535	203	172	260	103	17	185	34	97
V399	133	420	157	119	439	406	265	145	117	295	285
V400	248	136	24	507	25	14	184	231	392	388	207
V401	136	76	139	143	180	120	685	14	233	97	122
V402	272	21	286	74	196	168	108	462	82	148	131
V403	129	215	123	688	281	213	42	42	78	182	193
V404	166	43	411	34	176	133	172	159	257	27	97
V405	157	138	60	106	174	96	500	15	100	72	158
V406	403	359	226	646	3	122	527	197	310	589	384
V407	16	303	297	430	184	18	37	596	54	298	190
V408	159	521	613	125	63	199	94	372	414	169	353
V409	111	533	103	139	3	10	840	88	18	215	323
V410	169	17	188	427	39	231	242	55	382	519	115
V411	930	17	607	183	223	173	87	133	120	92	385
V412	329	39	128	173	540	28	253	615	24	79	181
V413	113	190	36	485	15	283	106	89	238	138	180
V414	221	443	49	373	217	46	3	641	243	20	315
V415	25	838	590	260	375	97	282	59	2	99	426
V416	332	405	258	20	186	48	295	134	131	177	322
V417	234	40	5	75	102	264	27	253	32	3	119
V418	600	210	297	419	264	713	20	260	15	87	342
V419	1	192	206	2	72	995	297	13	200	78	132
V420	157	35	749	12	683	110	281	240	64	23	92
V421	55	36	281	35	4	56	45	91	418	476	57
V422	95	620	277	393	646	30	95	86	110	15	338
V423	173	95	130	24	32	216	352	252	90	75	130
V424	106	397	146	688	32	159	57	171	72	478	270
V425	204	212	486	34	17	349	260	121	413	699	230
V426	61	136	128	235	263	169	111	79	444	420	87
V427	127	208	19	189	93	104	151	168	0	32	176
V428	72	147	59	373	112	980	61	797	574	24	133
V429	68	272	14	190	160	23	362	43	19	77	177
V430	363	230	938	47	576	329	184	456	34	158	282
V431	451	128	12	33	112	748	52	418	274	121	247
V432	100	182	55	13	27	89	185	154	108	63	133
V433	925	17	632	54	115	271	59	110	103	161	370
V434	18	3	241	22	243	309	135	306	62	62	19
V435	43	310	58	64	575	74	249	119	47	139	177
V436	79	371	8	87	594	99	267	127	67	287	207
V437	209	65	16	21	101	63	72	68	149	36	121
V438	193	380	67	399	165	53	237	567	61	358	291
V439	305	12	218	33	153	257	206	82	43	504	127
V440	248	36	141	420	76	158	3	455	74	117	138
V441	75	107	90	5	2	173	13	13	14	2	97
V442	43	479	43	354	16	38	197	50	161	167	282
V443	358	387	192	264	115	569	213	337	0	143	346
V444	236	351	204	3	514	901	157	3	533	97	284
V445	239	77	289	238	42	95	147	299	577	138	149
V446	305	33	150	145	14	173	36	84	30	323	153
V447	0	208	655	215	865	14	46	246	197	134	113
V448	516	593	132	328	155	343	32	72	67	96	519
V449	37	262	67	414	229	6	122	140	269	142	157
V450	768	351	382	241	396	180	115	245	175	282	511
V451	107	211	70	29	183	44	231	344	277	189	145
V452	78	305	241	570	192	27	22	28	155	37	201
V453	73	168	28	38	49	22	108	16	13	183	123
V454	51	303	103	219	405	45	172	90	447	18	209
V455	24	106	43	282	332	2	1044	186	136	346	96
V456	39	351	12	351	173	170	18	423	20	549	215
V457	201	41	620	62	148	97	22	87	240	16	93
V458	95	24	1106	439	185	97	41	11	74	185	67
V459	268	400	43	99	571	119	127	63	142	144	352
V460	145	30	480	140	375	56	86	220	65	25	80
V461	186	424	528	598	170	12	118	60	387	396	330
V462	241	201	216	19	49	191	177	36	575	157	202
V463	84	129	54	160	132	69	7	499	427	220	124
V464	400	2	320	525	96	331	205	126	48	37	198
V465	23	211	118	633	581	237	2500	306	33	154	170
V466	340	60	9	200	121	304	39	347	78	588	207
V467	357	526	55	74	522	68	704	101	477	26	407
V468	149	390	188	117	65	133	159	46	16	270	268
V469	32	6	874	16	24	40	393	223	103	97	35
V470	8	84	416	34	17	50	347	263	633	37	57
V471	227	342	181	132	17	61	18	45	86	235	261
V472	144	95	218	109	223	188	210	195	12	441	119
V473	95	84	89	8	76	40	308	248	123	56	99
V474	375	410	682	2	222	226	68	248	77	121	349
V475	144	373	39	17	52	113	2	757	263	418	257
V476	62	233	171	392	44	96	362	197	70	320	177
V477	31	227	25	107	240	276	360	194	276	26	119
V478	114	55	769	7	10	249	94	119	54	48	80
V479	194	23	279	255	321	18	1	68	109	154	114
V480	39	170	10	13	21	13	101	181	467	275	98
V481	206	18	61	61	174	358	39	93	126	90	132
V482	71	205	78	819	157	122	201	85	100	329	168
V483	355	79	156	65	482	5	11	48	26	542	217
V484	47	3	183	280	514	29	142	114	49	270	43
V485	350	377	270	55	124	178	599	71	87	102	338
V486	113	94	223	222	911	41	55	17	664	12	113
V487	285	535	194	105	194	140	115	521	423	195	393
V488	198	26	68	11	304	81	220	217	142	201	115
V489	284	6	340	169	46	29	345	365	167	149	120
V490	123	110	71	781	143	121	140	453	183	75	131
V491	330	496	28	33	355	163	44	23	281	446	365
V492	18	155	46	47	144	531	325	29	97	118	101
V493	40	370	146	479	767	472	56	427	315	562	236
V494	158	22	8	844	776	140	261	65	114	95	118
V495	698	18	176	11	182	376	44	34	28	137	317
V496	195	47	100	194	668	195	214	337	10	163	127
V497	119	67	30	130	425	623	43	146	52	47	90
V498	425	185	12	67	109	21	28	136	132	87	285
V499	4	95	61	423	36	167	59	444	1008	142	72
V500	77	169	189	425	49	22	180	69	56	46	127
