Source001	Source002	Source003	Source004	Source005	Source006	Source007	Source008	Source009	Source010	Sink
V1	198	46	42	431	191	75	53	106	316	78	122
V2	31	259	28	349	58	569	145	325	125	51	147
V3	3	42	86	109	695	55	108	278	135	376	56
V4	516	76	61	1416	43	191	13	73	57	186	325
V5	305	59	104	26	207	920	61	244	10	61	178
V6	25	113	210	112	83	47	0	285	592	189	85
V7	125	731	339	287	279	110	63	466	168	53	397
V8	152	357	420	313	304	22	347	8	62	377	249
V9	85	176	377	761	404	330	58	64	40	17	133
V10	15	152	115	12	186	776	17	659	12	253	110
V11	12	603	197	7	108	184	251	149	4	68	278
V12	323	168	261	87	40	59	18	362	44	187	265
V13	296	212	420	34	71	107	513	171	18	308	243
V14	74	0	12	144	36	119	423	593	151	5	60
V15	246	818	85	58	15	797	341	207	3	45	467
V16	407	68	80	2	28	12	19	373	3	196	252
V17	221	153	132	53	261	63	149	212	287	105	181
V18	28	92	105	238	157	427	827	84	49	80	47
V19	387	414	92	330	4	45	203	207	203	17	399
V20	291	29	390	61	590	292	200	74	378	149	191
V21	808	208	24	375	27	1	117	102	233	30	478
V22	117	195	119	437	30	114	165	194	189	16	131
V23	298	9	341	58	204	11	244	266	422	49	163
V24	13	47	66	14	536	510	155	29	456	85	42
V25	44	42	163	840	7	87	214	487	36	157	56
V26	439	200	81	38	63	385	51	18	67	5	313
V27	145	97	197	97	73	197	78	505	166	56	134
V28	286	658	425	83	587	101	329	450	181	235	443
V29	49	608	300	340	163	55	180	144	30	156	301
V30	6	37	244	211	141	167	9	307	128	301	47
V31	75	137	105	395	416	159	290	1	284	67	128
V32	172	64	198	183	331	65	123	63	2	450	124
V33	195	225	1	364	161	264	266	311	20	290	252
V34	40	57	218	9	533	38	393	98	372	184	75
V35	150	138	36	218	411	45	296	223	3	144	133
V36	8	998	59	56	228	699	328	12	764	470	467
V37	98	103	1131	268	674	22	160	161	119	161	129
V38	11	10	11	57	323	127	408	707	113	77	36
V39	212	449	96	25	782	90	3	44	32	64	285
V40	6	336	523	25	48	116	262	574	275	124	148
V41	148	34	84	276	251	159	294	164	67	24	111
V42	82	71	262	145	423	178	39	119	105	272	79
V43	173	487	82	208	430	57	12	95	11	38	309
V44	71	150	372	133	164	239	224	114	159	131	113
V45	65	124	10	262	215	8	568	539	460	38	97
V46	189	57	127	163	2	170	170	20	74	102	108
V47	341	26	205	198	426	367	49	58	307	21	191
V48	9	28	477	234	111	149	130	552	55	96	54
V49	101	36	146	114	43	8	306	221	9	10	88
V50	15	466	1114	28	9	201	220	235	552	193	233
V51	247	269	59	224	211	27	85	55	57	421	230
V52	245	284	25	60	76	184	193	510	580	71	261
V53	307	27	150	638	44	182	237	194	278	630	180
V54	194	22	448	84	107	167	108	68	95	180	119
V55	370	80	132	572	243	125	357	66	88	46	226
V56	54	126	133	18	222	292	392	0	248	54	83
V57	123	113	49	54	221	169	288	62	5	47	116
V58	745	277	91	59	279	164	75	157	251	260	477
V59	186	322	386	277	80	879	463	80	302	367	240
V60	14	108	191	120	313	710	1023	392	952	86	112
V61	446	136	206	139	55	347	190	215	76	103	287
V62	33	120	8	519	637	227	546	464	58	543	129
V63	366	169	95	245	147	158	132	151	208	234	279
V64	178	255	93	118	76	181	75	61	392	204	197
V65	69	76	154	146	259	96	141	25	296	167	79
V66	87	318	326	446	93	322	265	24	321	105	186
V67	220	211	135	1181	368	86	124	139	204	713	226
V68	115	451	95	8	185	694	112	880	402	41	264
V69	167	449	60	92	1261	136	63	27	109	44	311
V70	253	52	110	351	51	324	124	69	349	28	187
V71	91	143	75	330	376	547	0	53	187	237	134
V72	109	99	755	541	74	41	102	46	7	140	106
V73	132	152	64	25	7	308	43	302	165	35	141
V74	171	136	257	353	47	56	294	87	108	45	143
V75	912	429	345	201	68	112	12	513	381	80	641
V76	180	120	645	90	277	14	396	32	91	33	177
V77	40	97	349	123	169	268	65	401	293	266	90
V78	176	39	94	61	436	196	166	107	0	17	117
V79	159	121	288	163	25	27	245	242	361	40	156
V80	459	149	159	27	20	413	160	48	538	7	296
V81	18	86	0	150	9	156	1	28	116	413	53
V82	678	304	385	33	169	17	426	214	42	31	464
V83	77	369	126	168	115	98	350	89	140	57	203
V84	805	31	39	4	377	83	171	376	98	34	405
V85	18	253	29	99	23	77	292	60	96	86	117
V86	26	85	184	11	8	304	219	330	160	188	67
V87	36	15	317	31	43	283	1227	422	265	105	51
V88	265	480	195	154	193	226	320	321	219	350	347
V89	241	156	18	86	129	174	126	274	511	181	223
V90	15	46	430	53	130	355	53	260	210	337	50
V91	161	80	229	79	85	173	19	269	37	55	149
V92	84	662	149	8	2	71	69	281	27	167	318
V93	291	102	16	196	449	102	281	117	58	183	169
V94	220	250	309	89	46	184	161	114	63	22	216
V95	152	37	93	35	20	197	199	11	78	89	115
V96	271	519	296	471	74	119	271	183	100	104	338
V97	66	97	186	154	499	168	92	138	242	73	100
V98	135	114	66	140	114	164	92	20	110	55	128
V99	75	45	68	18	44	155	58	32	193	147	67
V100	60	456	6	15	145	118	335	89	2	215	230
V101	310	122	200	27	19	193	16	75	237	113	215
V102	188	166	303	839	765	96	274	348	245	650	213
V103	7	27	117	24	164	381	174	192	190	10	31
V104	26	336	207	588	38	422	97	89	295	130	176
V105	320	129	342	892	40	498	39	91	245	143	224
V106	68	48	334	100	310	215	8	172	407	312	66
V107	554	100	100	363	387	13	84	30	129	298	330
V108	62	1	322	182	221	58	15	300	332	223	55
V109	73	130	57	106	99	14	136	129	95	103	96
V110	33	70	310	128	84	304	72	65	99	80	55
V111	101	101	63	892	7	98	425	3	9	113	101
V112	477	50	361	228	49	99	191	34	34	80	292
V113	261	166	904	126	431	155	454	12	372	33	211
V114	56	129	149	14	578	207	16	55	38	322	111
V115	447	314	1	30	330	88	141	24	28	3	343
V116	32	34	34	71	162	103	292	206	16	250	47
V117	21	306	233	31	312	129	372	431	42	69	153
V118	48	0	366	13	109	29	12	222	395	353	44
V119	1307	38	45	346	411	782	72	109	198	211	673
V120	303	263	37	749	10	249	320	299	53	1051	292
V121	23	391	81	178	456	152	146	299	464	31	228
V122	23	335	6	6	933	65	86	83	122	75	189
V123	58	275	58	373	75	28	61	102	185	279	160
V124	110	42	32	32	74	65	107	199	105	200	97
V125	23	91	44	304	201	81	233	82	51	197	65
V126	497	58	117	199	3	124	18	289	101	550	308
V127	200	201	54	110	77	281	432	247	221	45	223
V128	69	177	141	345	183	0	281	831	651	200	136
V129	19	311	674	76	45	5	209	583	173	406	153
V130	106	292	142	75	1024	60	56	282	163	318	207
V131	274	47	367	199	48	84	96	255	87	68	174
V132	181	67	59	66	341	160	37	322	120	81	143
V133	188	57	146	176	214	308	56	185	168	391	124
V134	60	243	33	168	298	14	61	95	52	448	147
V135	397	165	103	96	297	136	87	162	146	155	285
V136	289	175	33	73	197	141	236	151	2070	73	270
V137	18	455	440	105	2	128	254	56	11	121	203
V138	16	153	195	76	393	112	4	120	33	271	88
V139	47	2	53	17	366	185	342	68	33	374	42
V140	475	195	36	13	359	85	596	23	12	188	326
V141	61	89	84	110	102	113	16	70	143	58	86
V142	329	516	210	67	291	190	75	63	191	232	402
V143	70	77	1110	140	344	28	114	6	164	319	95
V144	98	46	37	186	748	107	58	227	8	38	99
V145	1014	28	53	185	56	517	329	34	180	100	570
V146	21	411	25	156	92	21	12	14	41	80	208
V147	14	178	66	87	58	65	81	89	131	121	92
V148	74	348	14	114	85	251	7	0	155	1	182
V149	444	705	199	136	503	91	176	189	816	610	517
V150	504	169	83	156	16	95	99	19	460	124	333
V151	37	202	99	24	94	43	140	147	136	348	109
V152	566	304	478	109	33	88	201	485	299	140	394
V153	238	502	17	30	21	33	81	297	83	380	362
V154	262	62	84	323	556	103	102	195	115	47	155
V155	411	125	45	327	79	129	8	28	208	636	277
V156	480	76	110	350	68	671	53	851	151	345	314
V157	172	39	3	25	5	27	194	404	310	516	149
V158	1	452	72	177	747	158	48	66	2	52	211
V159	475	598	416	40	79	54	54	152	607	175	504
V160	277	96	241	216	270	268	34	48	209	213	177
V161	253	517	238	434	60	95	132	402	2	165	390
V162	1533	162	314	276	160	110	109	154	328	42	838
V163	120	282	477	133	5	60	37	374	226	266	222
V164	116	106	13	158	141	119	51	15	5	254	103
V165	174	20	302	383	325	99	83	28	74	73	134
V166	636	50	91	3	392	442	35	38	13	79	338
V167	73	172	170	203	40	461	340	98	348	6	100
V168	190	327	290	35	48	275	114	14	65	408	239
V169	46	481	422	698	272	412	233	97	346	645	265
V170	21	259	153	387	50	226	181	411	179	13	153
V171	39	247	708	94	204	69	77	179	269	9	160
V172	357	75	56	100	4	498	140	11	16	9	209
V173	3	43	70	42	290	15	165	12	69	542	36
V174	240	219	85	298	434	84	66	340	256	891	225
V175	50	193	79	42	192	55	350	527	5	104	123
V176	599	28	10	41	3	6	200	72	882	102	349
V177	75	192	254	62	219	81	11	339	31	1	143
V178	74	98	81	152	68	547	6	3	721	5	88
V179	31	90	16	190	169	191	92	203	276	339	48
V180	765	124	31	125	87	130	260	102	2	151	423
V181	222	398	535	12	83	6	12	174	428	45	271
V182	9	35	459	189	16	366	147	845	91	535	49
V183	100	56	222	85	61	313	40	180	52	159	77
V184	133	20	16	139	81	62	168	215	479	325	94
V185	161	238	51	48	41	183	132	97	19	69	210
V186	47	52	74	76	39	24	557	623	225	251	74
V187	58	35	13	44	540	267	262	110	33	283	52
V188	359	49	184	135	233	47	233	19	55	133	218
V189	156	15	261	271	236	510	50	513	131	219	110
V190	35	7	16	213	172	21	215	61	1	29	26
V191	134	81	745	122	41	469	200	61	63	232	98
V192	129	42	260	285	210	22	425	592	158	67	132
V193	562	257	45	85	63	83	58	86	34	80	409
V194	429	16	214	343	100	65	33	771	14	365	252
V195	383	426	89	66	38	10	133	383	49	206	393
V196	93	300	218	155	95	365	29	65	95	284	195
V197	213	288	267	182	110	690	79	62	66	25	217
V198	98	56	422	158	228	467	329	149	22	85	92
V199	342	3	386	223	91	370	161	26	182	345	210
V200	556	552	52	23	15	93	133	159	45	110	512
V201	48	288	356	55	1229	9	21	193	84	294	192
V202	61	8	394	34	502	271	106	150	225	77	56
V203	153	157	310	406	73	28	85	370	22	540	178
V204	41	109	20	105	65	181	1074	202	216	116	70
V205	55	248	71	449	50	296	1	10	313	958	159
V206	12	30	1164	62	138	366	159	525	212	871	54
V207	26	205	52	148	134	355	912	277	13	52	118
V208	32	137	430	97	273	34	69	118	23	1083	98
V209	302	16	80	236	147	549	125	73	207	34	175
V210	130	284	482	1101	609	79	108	29	46	271	175
V211	259	24	24	135	602	114	298	115	89	689	158
V212	164	197	337	64	160	277	99	11	26	69	204
V213	39	12	23	19	77	549	77	64	105	285	41
V214	23	201	26	441	708	44	12	23	435	16	127
V215	170	376	207	166	74	37	132	301	85	53	272
V216	46	207	286	293	148	25	29	120	176	179	145
V217	213	375	52	49	16	49	214	683	273	52	306
V218	106	41	50	68	57	705	205	117	98	25	82
V219	169	80	97	75	185	31	545	271	1	507	137
V220	199	99	268	29	155	266	321	262	46	236	153
V221	224	28	201	206	161	75	30	184	113	147	139
V222	199	16	291	148	96	832	547	891	47	25	134
V223	213	234	35	0	344	233	57	233	104	279	234
V224	7	171	260	529	412	79	5	22	13	17	99
V225	152	84	50	416	224	126	147	114	88	7	140
V226	61	178	103	37	25	111	187	517	215	230	132
V227	60	464	101	129	139	332	230	134	11	59	250
V228	103	417	1165	41	505	125	151	314	371	12	262
V229	435	447	282	61	138	84	338	148	147	691	388
V230	47	229	150	93	81	69	73	172	146	367	138
V231	73	32	68	131	183	23	560	60	293	231	75
V232	48	113	138	7	110	34	45	102	99	34	66
V233	444	218	145	96	65	516	283	196	386	513	345
V234	36	157	205	599	1	88	202	27	46	244	108
V235	272	523	135	221	101	0	87	108	66	88	342
V236	56	478	170	82	8	212	48	247	123	38	247
V237	157	30	404	643	128	61	103	77	159	249	103
V238	391	180	93	712	120	285	130	475	579	829	327
V239	74	43	9	104	79	172	169	183	246	56	80
V240	170	20	280	23	137	324	424	500	677	490	143
V241	154	51	193	146	107	75	369	661	91	446	134
V242	160	393	398	3	135	304	75	4	361	107	286
V243	328	467	70	47	149	437	374	553	1	100	384
V244	83	258	128	14	362	322	223	2	474	77	161
V245	191	754	119	220	246	1	162	32	89	20	411
V246	246	179	205	3	122	40	42	611	117	33	201
V247	348	279	303	236	10	96	208	177	45	501	298
V248	222	70	59	30	73	166	91	83	262	1065	143
V249	131	97	308	35	207	508	440	1140	41	82	148
V250	91	421	276	796	90	102	61	37	138	268	252
V251	216	24	122	471	276	288	254	27	66	115	124
V252	10	81	165	404	171	24	81	626	47	527	78
V253	0	181	55	8	85	273	146	288	365	128	96
V254	20	571	235	103	236	65	182	56	3	154	266
V255	64	6	344	126	777	175	392	132	134	12	70
V256	23	194	345	53	387	122	76	271	18	97	109
V257	56	140	42	362	170	207	193	12	358	35	108
V258	121	243	131	40	381	267	228	263	265	1	158
V259	430	110	162	243	113	321	562	471	105	445	279
V260	150	36	498	85	371	226	111	146	43	25	94
V261	186	313	169	858	125	172	152	3	18	239	242
V262	75	273	11	126	29	158	32	39	294	69	152
V263	25	72	355	323	1	214	647	155	104	66	54
V264	502	411	35	18	318	411	491	26	730	361	414
V265	48	569	163	25	245	1091	214	334	182	251	272
V266	232	146	162	156	69	18	101	202	262	52	170
V267	163	6	116	293	1	492	96	127	137	283	89
V268	108	96	287	236	37	13	912	123	479	75	123
V269	229	42	361	25	362	406	153	108	53	406	140
V270	31	231	151	266	205	322	384	698	115	37	131
V271	93	60	153	451	143	65	303	11	6	110	77
V272	101	151	274	211	120	68	316	22	221	47	113
V273	130	119	191	238	66	263	151	52	170	360	135
V274	182	403	137	56	329	48	66	2	264	82	279
V275	9	121	64	229	259	224	782	236	323	99	88
V276	31	366	488	256	105	61	238	3	766	231	199
V277	31	57	137	652	17	216	61	194	500	25	71
V278	56	252	120	193	20	85	195	65	121	651	138
V279	119	180	406	29	83	391	12	27	93	48	154
V280	138	105	99	3	29	123	145	1067	209	118	160
V281	290	237	511	98	124	284	25	301	33	476	251
V282	90	22	218	121	76	236	57	22	53	64	62
V283	131	21	70	24	176	118	36	278	536	355	99
V284	130	246	840	184	51	174	1	63	247	4	181
V285	33	9	34	458	591	148	3	343	155	7	41
V286	468	141	206	369	13	204	373	41	534	24	302
V287	67	16	642	399	69	292	34	559	259	149	80
V288	229	161	66	287	21	192	126	75	37	229	200
V289	762	256	227	662	19	280	140	760	7	273	544
V290	137	756	79	211	55	82	57	316	302	122	411
V291	67	118	645	724	76	207	313	138	86	530	106
V292	100	186	242	701	468	15	17	31	108	1	133
V293	126	111	421	43	838	33	129	181	71	115	137
V294	197	489	156	66	20	108	802	19	337	580	305
V295	243	27	341	146	9	55	101	309	194	307	157
V296	364	157	1134	31	369	124	286	8	95	158	248
V297	254	65	530	64	493	80	348	249	285	98	191
V298	204	50	26	165	28	335	23	46	37	45	121
V299	8	107	57	260	242	10	1761	29	96	246	65
V300	105	13	121	132	513	607	72	70	765	279	105
V301	98	115	50	86	5	489	872	212	49	221	116
V302	434	13	145	221	199	112	345	152	267	212	239
V303	51	485	316	80	267	28	227	1098	145	109	260
V304	161	36	173	20	18	256	68	117	502	82	121
V305	9	112	246	58	33	122	109	15	331	14	59
V306	190	79	79	101	159	93	258	280	46	282	139
V307	32	820	49	933	424	354	234	7	393	700	364
V308	188	435	224	61	0	55	256	96	372	232	282
V309	153	506	691	796	170	35	127	232	237	4	318
V310	261	119	48	264	6	6	280	393	1030	57	206
V311	115	158	104	237	350	209	154	2	10	267	135
V312	113	360	173	120	308	421	233	78	156	257	225
V313	796	299	82	91	936	28	118	196	7	119	548
V314	42	363	120	86	109	1	124	122	194	163	178
V315	91	33	75	53	840	193	26	311	152	9	70
V316	197	467	274	43	19	244	7	150	23	208	319
V317	284	132	31	2	302	287	38	261	61	217	196
V318	71	101	44	30	231	279	122	243	150	402	93
V319	195	114	225	150	260	68	39	154	668	424	175
V320	231	86	95	374	292	141	749	212	133	13	163
V321	116	199	366	131	133	98	278	895	369	14	179
V322	262	290	7	646	14	28	142	128	26	28	255
V323	23	51	94	29	108	42	179	269	55	149	43
V324	153	151	405	432	157	166	44	58	142	151	138
V325	646	76	13	1016	220	16	75	185	258	116	373
V326	14	331	39	310	31	964	346	416	4	288	144
V327	177	244	37	17	239	3	7	252	400	53	207
V328	253	307	177	42	69	53	166	48	40	539	278
V329	582	140	114	160	155	37	10	143	705	191	378
V330	119	7	209	348	309	137	28	285	545	557	114
V331	45	164	162	63	4	85	29	135	309	118	90
V332	290	210	165	146	277	50	187	301	343	39	238
V333	716	418	111	695	126	320	55	125	390	51	551
V334	307	4	72	218	356	109	95	225	442	72	170
V335	869	201	7	51	291	160	136	11	26	594	522
V336	193	746	20	152	357	37	65	453	199	79	420
V337	88	52	243	77	11	468	427	347	3	219	81
V338	972	504	183	243	169	2	33	1	301	65	623
V339	164	193	61	102	890	106	322	98	215	371	168
V340	484	184	121	575	76	149	304	529	74	48	365
V341	24	101	105	169	677	142	147	396	601	75	92
V342	23	74	461	158	0	10	62	117	181	134	59
V343	141	155	30	364	65	483	634	547	224	11	184
V344	913	284	53	363	250	10	6	286	649	17	569
V345	622	69	753	292	1103	712	381	78	82	78	374
V346	100	579	5	25	61	262	303	89	50	447	305
V347	137	116	46	28	16	288	248	56	237	22	122
V348	3	108	13	129	174	82	22	136	275	34	64
V349	473	126	559	102	26	40	291	467	1604	9	328
V350	459	548	40	7	14	112	5	92	38	273	438
V351	104	116	6	64	337	217	853	88	53	84	109
V352	175	3	69	789	30	0	70	350	278	174	109
V353	127	101	36	233	233	49	82	294	238	144	126
V354	174	23	399	96	105	115	156	181	112	103	112
V355	6	61	132	103	118	444	507	370	101	86	61
V356	123	543	195	197	413	199	27	134	241	300	303
V357	390	13	248	282	114	390	444	324	53	361	205
V358	188	206	42	9	124	5	92	57	12	29	182
V359	45	740	72	181	144	49	121	59	111	27	335
V360	111	179	422	188	11	283	1000	30	495	477	163
V361	348	340	64	352	131	474	396	312	456	42	327
V362	131	87	360	138	289	11	209	80	539	9	125
V363	193	54	24	19	246	296	36	383	95	55	123
V364	283	243	18	46	307	448	31	601	912	455	273
V365	180	40	63	395	104	301	60	59	18	221	115
V366	668	326	59	515	61	12	15	34	14	25	457
V367	192	204	69	251	248	140	13	99	759	50	208
V368	187	109	4	135	19	988	471	11	38	297	138
V369	366	115	117	127	177	88	10	274	148	671	220
V370	295	0	475	193	35	33	446	74	71	39	157
V371	465	302	5	45	287	281	490	45	228	469	352
V372	384	941	362	219	25	288	285	116	99	177	587
V373	49	423	17	197	145	80	1439	295	202	82	230
V374	230	132	215	645	672	450	57	28	45	142	203
V375	656	52	20	9	272	121	81	292	579	167	349
V376	46	49	167	18	53	236	269	628	234	251	68
V377	220	343	374	528	279	6	1	27	138	100	222
V378	2	76	129	349	263	436	335	101	21	239	53
V379	652	337	52	89	41	353	252	153	310	17	479
V380	55	30	96	120	492	24	431	81	11	48	63
V381	149	273	79	108	33	160	664	988	149	68	222
V382	108	242	309	36	93	125	10	225	46	34	181
V383	42	142	38	4	762	63	135	34	197	85	90
V384	188	139	17	44	144	693	444	135	166	60	153
V385	291	252	396	10	272	271	74	45	185	232	277
V386	123	248	346	260	10	99	2	54	288	107	148
V387	135	213	149	179	138	406	143	41	101	280	170
V388	101	257	1040	22	191	116	237	43	2	171	202
V389	850	63	86	50	25	195	156	43	374	513	439
V390	93	36	300	220	75	317	0	242	39	299	62
V391	224	327	239	80	196	658	11	377	182	163	283
V392	73	152	210	51	315	150	121	184	398	37	111
V393	6	49	305	7	202	146	50	99	186	158	42
V394	252	90	248	143	22	36	173	231	165	474	181
V395	30	1100	2	195	76	43	206	153	551	68	437
V396	387	760	260	190	245	43	318	133	35	31	539
V397	506	102	255	159	241	59	194	526	58	73	317
V398	111	581	265	155	244	29	421	384	28	6	307
V399	429	218	26	43	760	1252	176	363	386	168	355
V400	73	283	231	47	705	147	95	151	116	972	189
V401	68	24	412	138	429	193	152	103	139	70	74
V402	117	561	120	786	253	429	57	272	299	189	343
V403	60	78	187	16	79	41	536	29	9	181	75
V404	49	149	419	98	98	113	107	249	71	36	114
V405	41	554	34	32	99	508	238	181	260	59	220
V406	261	145	107	154	57	107	4	138	118	777	190
V407	131	0	143	148	171	235	0	148	19	53	78
V408	18	255	195	1	97	2	152	182	73	568	129
V409	128	59	61	175	12	1750	284	24	30	363	90
V410	13	144	453	683	150	336	171	125	101	142	82
V411	84	216	28	18	361	18	18	57	319	55	147
V412	40	172	50	396	47	375	141	215	167	360	98
V413	214	27	350	715	299	200	230	126	120	115	124
V414	364	80	107	51	333	390	4	145	409	149	235
V415	1	39	80	6	76	202	14	22	214	534	28
V416	81	44	904	255	171	227	168	228	137	612	100
V417	55	243	347	105	456	146	443	74	101	505	166
V418	76	100	582	6	79	17	766	74	54	13	95
V419	91	169	27	178	27	293	54	204	944	99	129
V420	183	96	402	473	201	218	75	448	772	114	209
V421	129	281	120	121	7	213	224	89	162	279	204
V422	133	83	343	185	60	216	51	146	27	51	115
V423	174	544	24	10	132	563	65	133	94	76	317
V424	668	255	478	67	15	373	226	264	69	65	433
V425	364	150	437	189	653	395	87	41	307	217	261
V426	470	11	156	522	116	211	317	1	368	67	267
V427	119	162	106	368	38	431	639	458	147	54	166
V428	219	345	97	51	104	187	25	106	64	61	279
V429	3	176	99	41	507	22	61	390	66	67	71
V430	28	723	9	269	77	362	284	159	432	83	361
V431	392	113	67	292	22	109	225	18	26	140	270
V432	13	98	68	349	169	149	1184	245	25	22	52
V433	188	205	184	320	56	192	186	10	637	57	178
V434	44	92	27	74	253	159	140	114	168	226	71
V435	315	216	604	207	15	318	198	152	4	205	249
V436	287	209	76	748	34	191	303	14	91	21	245
V437	40	21	333	998	692	146	96	61	34	275	56
V438	364	361	63	38	68	112	615	262	78	297	337
V439	228	213	215	152	44	151	102	13	144	135	199
V440	93	200	142	92	71	316	27	212	7	181	129
V441	176	280	6	37	6	132	43	598	1	520	216
V442	191	108	222	70	219	163	242	29	491	257	175
V443	145	165	272	27	87	15	16	113	229	45	147
V444	443	32	258	240	316	73	173	267	254	371	247
V445	17	655	379	43	24	102	191	163	5	833	283
V446	50	86	203	178	162	141	379	451	49	314	98
V447	28	539	45	300	46	539	207	68	174	24	243
V448	616	38	399	76	26	33	22	59	111	25	333
V449	104	99	392	148	150	35	8	492	254	104	127
V450	318	294	223	104	376	68	182	238	321	94	314
V451	167	186	23	413	30	90	456	95	89	86	160
V452	17	172	385	54	491	38	217	317	18	636	131
V453	301	7	292	222	211	313	198	501	377	109	177
V454	52	483	162	200	455	82	42	95	72	209	245
V455	27	92	176	92	470	73	87	390	3	41	55
V456	181	154	457	625	121	37	464	66	165	164	182
V457	305	250	51	53	52	115	76	112	347	306	275
V458	48	136	137	63	35	409	102	48	55	171	112
V459	41	119	485	271	165	108	25	180	229	377	95
V460	236	22	3	349	61	135	355	583	10	513	156
V461	205	39	240	205	89	675	21	49	115	71	126
V462	349	185	652	54	43	33	76	131	125	169	287
V463	266	554	278	182	1141	131	342	33	47	110	375
V464	85	0	454	59	1	341	63	388	20	303	60
V465	478	414	230	106	46	37	427	76	27	203	405
V466	3	83	306	102	8	264	68	221	29	226	41
V467	81	36	107	465	388	16	162	34	78	44	57
V468	128	126	59	348	27	200	491	25	275	608	139
V469	98	338	72	362	159	433	531	385	931	465	230
V470	321	87	233	211	171	230	150	13	22	100	192
V471	200	28	42	13	196	59	53	330	76	61	123
V472	27	37	120	402	215	276	177	56	634	260	71
V473	627	795	156	55	12	29	105	47	455	70	596
V474	598	49	180	40	114	171	318	56	22	261	328
V475	228	268	165	35	804	218	463	219	61	565	242
V476	205	80	81	252	138	11	185	624	538	102	144
V477	416	51	100	285	260	51	41	166	109	336	232
V478	56	172	144	479	100	105	125	40	8	70	98
V479	46	118	253	143	93	87	390	25	228	46	82
V480	102	43	101	55	243	139	217	84	181	416	80
V481	422	12	83	381	12	134	193	139	39	98	221
V482	44	103	260	80	595	62	36	30	282	39	87
V483	68	64	348	48	66	8	133	33	31	88	57
V484	188	124	144	222	109	39	85	139	28	478	152
V485	192	5	131	199	53	163	140	213	296	432	132
V486	384	277	27	61	147	215	193	111	633	152	321
V487	828	118	149	25	109	110	103	63	286	39	509
V488	200	459	120	100	35	511	318	77	170	162	320
V489	228	6	236	149	33	109	405	28	471	248	123
V490	73	652	168	458	1	184	10	33	3	115	280
V491	448	167	127	207	12	347	54	95	45	48	301
V492	22	90	41	113	5	182	161	393	169	193	61
V493	249	180	143	214	164	221	242	122	314	495	215
V494	254	232	132	355	23	537	54	163	27	405	227
V495	1	833	318	59	722	91	42	216	108	160	375
V496	450	267	29	108	40	69	113	241	53	188	321
V497	24	29	222	48	142	45	31	92	631	216	44
V498	12	71	159	468	81	473	16	259	526	227	66
V499	226	831	20	300	150	17	203	89	488	82	466
V500	223	43	9	206	608	28	410	178	1	1046	166
