Source001	Source002	Source003	Source004	Source005	Source006	Source007	Source008	Source009	Source010	Sink
V1	98	551	77	133	69	71	292	114	155	59	238
V2	558	41	64	49	25	334	104	2	104	168	339
V3	441	176	88	22	51	112	402	268	116	309	309
V4	28	9	24	254	60	211	70	202	102	24	34
V5	379	30	172	41	3	390	56	545	369	52	268
V6	13	143	345	215	341	78	53	88	127	46	54
V7	11	85	69	70	152	285	256	88	37	211	52
V8	95	291	0	700	75	293	14	77	104	476	171
V9	396	153	725	23	34	162	177	97	107	282	279
V10	152	254	670	41	101	0	526	132	425	301	208
V11	439	159	13	22	343	440	452	142	26	201	315
V12	25	26	110	265	25	15	382	221	190	9	48
V13	267	15	1	114	595	206	24	20	175	270	164
V14	150	126	161	397	84	900	161	218	141	346	123
V15	167	278	35	163	76	129	281	100	186	466	208
V16	92	135	24	439	590	183	241	193	240	41	141
V17	106	142	62	179	75	157	66	98	333	201	113
V18	233	229	547	73	273	95	56	96	11	150	229
V19	25	335	356	107	241	53	202	113	222	164	132
V20	229	453	136	20	593	73	17	369	261	453	321
V21	1279	173	948	264	222	297	14	191	1115	139	870
V22	45	116	84	66	294	156	90	71	132	39	95
V23	133	554	222	78	252	391	111	312	168	680	269
V24	280	330	288	65	274	121	37	1176	225	458	283
V25	12	566	92	152	75	279	189	139	282	0	205
V26	163	674	130	405	234	189	190	204	192	0	323
V27	141	391	166	132	56	323	165	67	94	611	223
V28	198	65	198	280	109	160	6	69	196	146	144
V29	453	252	65	96	71	1	56	339	32	43	343
V30	80	355	219	133	32	20	487	407	45	85	164
V31	100	165	123	296	339	56	214	38	108	35	123
V32	452	22	207	248	339	24	144	31	3	8	287
V33	51	34	94	300	185	310	24	201	285	288	69
V34	134	58	71	144	384	390	435	479	254	518	106
V35	228	26	664	471	141	534	11	83	37	143	164
V36	299	31	30	116	161	243	61	181	150	158	214
V37	319	219	13	282	6	176	272	729	26	365	280
V38	594	180	222	97	32	27	57	80	5	42	392
V39	61	206	18	209	350	180	491	660	17	82	118
V40	246	310	154	68	67	210	311	180	174	25	240
V41	52	183	135	47	260	2	142	104	103	108	106
V42	352	149	324	2	142	92	697	94	248	17	249
V43	586	47	231	279	202	67	145	45	161	629	360
V44	437	30	615	63	77	358	164	271	32	36	258
V45	339	210	217	135	36	15	21	203	163	101	270
V46	85	51	231	886	48	152	151	162	16	754	81
V47	115	30	14	218	17	200	119	14	201	191	82
V48	44	513	46	88	124	85	119	46	214	209	207
V49	38	10	123	88	128	1231	1024	732	365	39	64
V50	41	810	62	84	250	136	61	52	123	105	292
V51	137	115	165	172	75	228	260	20	127	30	132
V52	0	81	146	33	150	72	275	78	54	40	27
V53	442	49	1146	127	336	215	127	10	8	160	301
V54	89	84	25	382	198	273	206	57	202	918	120
V55	293	93	141	47	402	72	197	150	293	89	221
V56	557	115	532	97	19	34	208	149	320	161	341
V57	90	2	68	83	8	478	263	70	259	95	60
V58	137	218	979	104	148	191	77	497	49	219	177
V59	56	58	665	163	65	234	77	155	672	437	84
V60	469	142	66	161	63	202	31	523	227	275	358
V61	410	158	210	0	32	472	327	408	93	156	297
V62	163	156	786	656	84	281	164	148	79	124	142
V63	561	61	53	135	322	148	463	166	741	121	383
V64	511	18	6	363	2	70	324	16	62	336	331
V65	83	462	499	243	344	134	195	121	427	103	244
V66	121	1022	121	700	28	372	62	640	347	85	474
V67	108	59	178	415	73	401	213	152	93	80	100
V68	260	180	76	374	325	74	40	98	40	533	276
V69	751	258	83	147	596	34	157	94	422	42	524
V70	72	696	238	418	371	115	184	93	211	69	266
V71	31	131	217	47	82	452	29	110	113	46	87
V72	396	27	40	472	248	154	52	171	148	121	246
V73	83	26	449	404	180	240	299	3	306	229	82
V74	37	165	165	748	124	238	191	1078	22	179	121
V75	82	54	18	1012	96	426	29	102	62	197	77
V76	171	158	90	17	363	369	78	380	84	50	144
V77	199	99	301	13	3	506	1319	25	729	207	169
V78	17	196	436	320	18	562	17	236	381	37	90
V79	553	85	67	16	32	230	278	147	258	11	337
V80	97	83	42	733	232	4	27	30	5	84	101
V81	225	106	10	763	96	37	262	59	115	35	187
V82	441	195	58	116	240	0	134	14	1155	983	396
V83	62	18	533	45	54	715	220	53	136	22	47
V84	226	48	482	3	208	41	83	65	189	439	174
V85	54	113	173	22	175	17	20	52	750	611	115
V86	203	110	283	639	201	60	314	98	172	68	172
V87	600	83	142	216	461	98	196	78	609	727	442
V88	43	235	5	7	79	717	97	4	351	235	135
V89	40	239	412	95	243	138	92	10	118	148	106
V90	135	4	232	26	158	685	607	112	13	1145	116
V91	134	216	292	75	184	82	327	312	53	152	156
V92	299	439	485	153	53	261	367	53	182	695	342
V93	0	79	338	274	225	218	26	88	273	306	36
V94	46	271	104	102	69	341	8	347	143	406	136
V95	321	346	17	291	222	623	741	56	241	26	348
V96	640	157	85	85	40	523	74	95	31	253	437
V97	388	182	554	468	47	272	26	225	158	25	311
V98	50	153	322	55	149	134	541	115	386	80	119
V99	210	90	133	308	44	118	34	55	353	157	173
V100	211	97	225	61	135	41	6	373	58	17	167
V101	67	51	44	86	84	247	350	83	213	131	69
V102	10	241	280	146	517	38	18	739	53	7	87
V103	196	172	175	238	111	198	29	44	667	172	217
V104	285	280	147	517	170	642	37	195	2	9	280
V105	65	365	142	327	403	180	586	35	22	254	162
V106	731	61	116	284	426	172	514	93	16	22	408
V107	19	47	317	35	218	644	486	76	341	186	46
V108	22	4	186	151	63	456	50	512	117	286	51
V109	22	192	706	7	675	172	1	85	246	248	118
V110	147	639	32	262	239	49	100	179	238	127	321
V111	37	156	158	192	247	477	341	41	49	73	86
V112	22	193	212	118	224	123	16	98	99	3	74
V113	458	14	404	200	133	157	167	381	151	46	305
V114	392	174	217	90	49	240	186	30	55	477	271
V115	79	475	28	77	71	116	180	33	55	142	198
V116	76	171	447	184	207	62	134	42	47	65	106
V117	14	74	214	265	10	117	500	220	881	284	78
V118	200	451	279	42	247	166	277	203	233	149	263
V119	9	117	86	157	172	790	188	107	225	238	59
V120	117	542	165	557	18	476	225	118	223	38	233
V121	3	245	189	74	368	44	10	30	171	69	93
V122	325	170	227	283	368	118	494	220	18	6	267
V123	129	255	210	550	39	136	486	78	678	310	173
V124	236	578	12	353	67	119	46	66	3	133	326
V125	251	426	247	116	233	173	11	212	71	72	309
V126	390	71	283	174	35	238	33	153	81	369	249
V127	42	18	143	24	31	142	96	927	140	144	71
V128	523	55	191	97	45	266	209	170	174	199	373
V129	148	328	33	240	171	55	288	39	40	15	222
V130	6	220	59	26	319	178	309	153	865	122	111
V131	28	206	12	131	421	189	407	37	46	43	93
V132	70	10	44	163	156	97	107	58	117	365	50
V133	503	259	23	0	284	150	355	296	28	24	383
V134	40	11	26	94	12	40	91	187	151	132	39
V135	33	130	333	539	360	214	493	92	603	104	91
V136	542	1158	142	155	108	114	104	333	5	268	733
V137	115	49	6	138	115	147	212	115	336	201	103
V138	120	37	9	61	149	188	51	10	389	30	106
V139	339	464	441	255	163	43	16	166	1231	328	399
V140	332	16	73	97	587	179	593	208	164	180	227
V141	317	372	523	106	340	262	96	55	225	37	337
V142	511	512	24	12	301	48	492	360	68	111	459
V143	185	306	62	517	364	428	225	174	174	8	216
V144	68	513	49	7	248	1029	32	84	39	83	217
V145	58	287	473	197	0	259	568	23	468	53	143
V146	216	19	22	17	636	328	149	232	60	11	137
V147	373	228	394	290	100	11	57	43	48	141	295
V148	151	217	159	295	119	327	687	325	152	48	177
V149	630	11	650	876	70	23	59	840	271	174	428
V150	416	168	72	116	41	36	170	550	298	76	315
V151	757	685	33	23	81	169	439	445	292	165	678
V152	1	53	304	205	33	320	285	730	369	126	49
V153	29	128	88	118	67	36	144	107	117	101	65
V154	278	107	116	193	321	568	264	803	129	355	228
V155	417	407	505	87	477	3	18	221	94	123	386
V156	85	187	428	164	239	81	55	14	431	110	113
V157	14	51	39	77	10	279	10	689	300	230	54
V158	322	533	87	82	140	16	20	309	63	57	404
V159	76	108	81	25	210	87	1	215	390	249	99
V160	67	180	17	204	45	88	215	311	160	478	136
V161	358	0	224	171	120	241	211	59	53	244	211
V162	43	306	364	141	120	16	199	1	104	182	153
V163	235	131	61	74	137	87	470	298	201	72	202
V164	421	164	49	629	90	97	66	116	448	47	305
V165	214	370	37	470	308	64	198	336	46	206	247
V166	94	29	329	172	219	146	380	489	15	129	89
V167	209	30	5	105	155	324	68	22	1007	181	191
V168	605	74	251	67	126	102	378	193	230	202	412
V169	47	9	96	115	162	357	619	10	415	327	49
V170	78	105	201	2	16	421	331	921	26	17	100
V171	26	308	626	88	118	374	22	389	160	73	130
V172	96	260	43	6	11	203	86	96	1	465	126
V173	600	354	181	252	186	46	296	213	224	628	499
V174	274	36	58	144	108	194	101	119	217	440	181
V175	133	531	154	38	388	12	448	16	179	243	273
V176	72	481	324	13	71	391	183	167	256	116	190
V177	420	84	287	133	14	58	414	10	253	102	319
V178	219	292	23	10	177	71	97	89	113	19	234
V179	269	803	306	274	62	112	254	88	27	328	448
V180	23	825	168	118	44	169	61	44	369	124	283
V181	173	82	250	674	99	126	190	39	564	103	148
V182	278	113	481	5	624	169	83	145	13	124	214
V183	156	121	34	576	81	432	235	495	200	444	182
V184	717	1	5	77	467	107	4	605	13	278	421
V185	101	67	183	172	11	175	116	35	214	392	104
V186	32	286	80	59	59	270	304	175	75	10	112
V187	576	287	174	117	388	411	25	103	42	199	446
V188	153	136	726	103	691	148	355	140	58	91	156
V189	0	239	203	88	35	275	95	19	262	36	81
V190	109	310	104	10	274	1342	134	10	50	13	156
V191	62	81	852	143	186	84	37	0	176	139	97
V192	39	359	83	36	67	335	182	26	243	2	137
V193	91	274	276	36	332	227	33	122	209	159	156
V194	150	83	2	134	134	38	624	832	132	31	164
V195	395	162	68	191	123	131	69	199	558	115	305
V196	145	29	166	8	211	434	233	216	219	98	93
V197	188	63	10	16	106	117	139	156	236	9	143
V198	264	9	186	15	48	8	44	577	29	265	172
V199	426	284	214	167	58	50	129	225	0	247	353
V200	100	285	77	108	262	310	486	117	612	417	190
V201	270	59	111	71	339	266	12	151	377	1	181
V202	1	147	263	258	154	52	24	102	207	40	71
V203	93	249	5	23	228	189	534	27	69	13	125
V204	249	49	352	384	7	13	1	34	51	4	172
V205	183	109	1	236	12	21	102	65	452	25	183
V206	906	83	135	48	55	255	142	44	115	342	608
V207	62	115	249	95	194	26	330	464	158	126	98
V208	7	168	273	92	50	49	228	120	78	346	80
V209	75	94	755	187	100	59	56	211	182	474	121
V210	38	254	14	1241	18	184	0	149	210	167	155
V211	528	20	565	122	57	12	140	427	319	91	379
V212	21	15	45	296	671	276	209	135	153	72	25
V213	60	20	349	192	69	190	209	53	299	35	63
V214	443	911	1082	264	623	70	449	4	267	436	564
V215	60	267	379	219	154	478	74	324	492	18	134
V216	1	16	18	140	103	906	121	407	158	164	39
V217	68	17	17	115	5	157	29	421	74	298	65
V218	44	75	238	30	135	30	374	296	84	110	60
V219	260	2	23	138	571	386	16	23	89	176	167
V220	493	114	133	185	420	35	77	98	73	12	349
V221	335	429	10	407	415	2	148	52	33	137	329
V222	722	73	734	35	236	196	516	56	74	312	448
V223	95	21	87	4	114	0	827	548	108	398	88
V224	314	217	27	134	180	96	168	168	59	137	289
V225	4	235	56	327	121	252	256	333	35	423	101
V226	332	104	76	496	463	145	428	316	72	324	254
V227	7	48	238	32	827	759	25	249	533	228	52
V228	167	1	171	543	26	745	287	88	133	23	127
V229	3	111	10	343	212	41	195	9	78	589	54
V230	74	125	88	47	572	107	282	388	367	151	106
V231	216	176	559	65	768	51	284	494	147	53	225
V232	158	96	116	44	161	99	79	351	60	155	148
V233	2	479	11	218	1	87	313	54	48	272	176
V234	216	3	106	154	318	90	52	160	15	134	139
V235	14	113	74	4	216	301	57	51	46	63	50
V236	76	240	17	305	9	41	62	107	87	626	140
V237	164	289	129	115	133	320	321	181	98	96	198
V238	138	43	9	350	262	43	59	705	106	603	129
V239	111	121	24	43	150	82	81	362	394	78	144
V240	407	225	108	55	59	76	91	189	50	185	333
V241	351	40	66	209	328	5	18	316	373	237	237
V242	33	69	116	35	764	543	87	2	407	352	57
V243	96	77	9	268	334	141	346	523	149	39	105
V244	183	140	15	36	8	205	166	78	6	41	144
V245	353	87	127	350	34	208	240	23	36	135	236
V246	189	10	230	576	4	38	41	18	389	76	135
V247	540	89	134	77	124	9	138	233	128	12	379
V248	575	88	280	100	107	273	636	37	139	18	359
V249	220	451	15	99	217	303	46	70	752	850	325
V250	19	302	34	478	55	324	14	43	293	132	142
V251	113	7	153	671	67	104	799	14	261	195	81
V252	86	90	512	27	355	161	312	419	198	57	99
V253	46	165	256	43	84	95	238	81	493	118	111
V254	172	336	444	170	646	9	226	110	164	332	245
V255	425	529	942	612	51	436	64	479	136	257	411
V256	82	129	24	4	260	147	79	277	124	149	89
V257	124	376	352	932	196	135	181	19	40	44	195
V258	61	202	35	212	45	192	87	518	233	270	132
V259	104	27	272	212	22	45	38	90	9	51	84
V260	95	64	117	204	380	502	14	51	1	108	80
V261	23	202	59	150	120	49	87	552	42	119	113
V262	49	145	118	9	403	62	258	510	215	66	98
V263	102	35	288	424	1	8	356	61	40	272	81
V264	12	100	263	252	146	442	25	10	90	352	38
V265	134	12	21	78	101	627	362	190	45	20	101
V266	229	389	229	37	169	6	347	176	518	25	286
V267	621	299	199	382	5	19	31	372	176	79	504
V268	866	695	810	601	235	110	89	31	203	335	736
V269	154	470	232	396	127	73	374	218	681	39	274
V270	346	43	83	265	373	86	426	106	363	227	231
V271	154	350	124	399	181	232	157	103	142	578	201
V272	196	130	0	241	904	212	348	214	461	403	195
V273	15	73	92	315	126	92	39	373	183	63	53
V274	348	98	463	170	376	119	766	7	327	601	244
V275	73	111	319	115	166	32	187	40	44	242	91
V276	64	37	234	93	25	17	88	167	16	22	61
V277	18	134	35	472	569	90	515	33	98	377	59
V278	73	116	90	328	142	77	15	133	15	248	100
V279	218	192	265	142	30	155	44	33	11	61	183
V280	354	34	21	60	172	532	37	101	174	79	240
V281	409	188	35	28	75	339	28	421	361	211	317
V282	138	149	102	130	40	64	474	458	737	25	189
V283	133	29	14	45	418	47	230	55	251	220	87
V284	573	38	74	38	1443	123	514	82	528	216	394
V285	25	132	661	302	46	162	270	207	99	66	88
V286	390	109	249	45	38	173	20	36	389	89	278
V287	168	668	15	95	178	118	232	627	135	5	338
V288	36	146	177	264	173	101	91	314	475	193	118
V289	90	81	63	51	122	89	24	44	117	7	95
V290	704	495	319	255	457	23	19	27	2	263	579
V291	172	192	502	82	34	132	69	34	227	9	161
V292	146	158	312	2	282	110	79	45	254	16	146
V293	381	52	276	214	65	204	9	82	11	208	235
V294	395	69	454	282	79	50	548	390	80	350	293
V295	35	204	110	393	150	56	94	159	741	196	116
V296	631	71	248	593	70	489	325	357	10	337	456
V297	33	121	302	53	87	105	190	519	358	28	84
V298	237	193	333	262	38	289	99	72	637	21	217
V299	290	208	197	181	54	755	36	507	554	28	270
V300	142	22	69	276	63	156	18	160	359	124	101
V301	93	669	123	465	120	17	81	335	49	79	289
V302	253	57	264	395	19	53	25	27	207	112	201
V303	104	396	178	628	5	216	207	12	503	212	192
V304	1338	2	51	589	51	173	414	2	120	22	783
V305	56	12	180	314	297	123	117	716	20	75	75
V306	98	379	188	255	51	124	67	484	142	550	228
V307	259	51	523	102	244	332	261	254	117	10	186
V308	278	98	4	60	62	267	266	72	87	116	186
V309	333	253	181	30	91	65	2	63	186	77	292
V310	629	604	22	73	273	77	87	243	79	15	551
V311	173	68	482	144	209	61	587	95	230	202	152
V312	75	128	286	27	392	149	13	37	1311	98	122
V313	219	38	12	129	147	12	81	390	3	99	155
V314	229	62	64	61	149	57	564	259	296	37	174
V315	289	1	112	235	126	15	9	48	191	23	163
V316	517	96	86	129	117	61	11	5	67	39	313
V317	90	146	1	111	491	61	175	112	12	599	95
V318	193	118	248	60	90	494	462	297	175	227	182
V319	218	178	86	238	162	26	128	11	101	68	214
V320	191	132	315	109	83	7	234	325	430	73	189
V321	125	99	251	318	186	485	433	43	15	183	124
V322	257	181	34	58	294	5	167	25	177	180	205
V323	102	207	265	355	605	81	55	23	289	286	145
V324	204	134	201	158	9	25	62	8	219	150	185
V325	208	98	75	95	35	142	14	29	72	204	167
V326	308	15	123	58	29	55	134	236	82	481	204
V327	30	5	4	375	260	132	151	134	438	547	47
V328	294	107	431	280	338	240	43	445	65	469	236
V329	31	383	254	156	192	337	21	108	7	5	172
V330	70	194	80	214	498	180	17	274	41	37	130
V331	221	231	61	27	137	337	386	111	98	138	188
V332	2	262	270	186	46	73	417	55	214	41	120
V333	195	303	369	109	44	104	366	342	193	1	236
V334	21	29	234	357	74	13	149	115	57	270	35
V335	214	96	139	32	156	721	106	38	93	37	168
V336	408	243	52	420	41	7	70	264	149	83	310
V337	16	90	118	495	57	169	717	308	144	15	69
V338	35	8	191	14	1173	34	43	39	50	268	34
V339	37	616	783	256	32	293	186	174	27	258	239
V340	149	618	197	319	23	134	402	88	69	1083	289
V341	330	29	3	35	17	264	249	181	23	233	211
V342	173	11	49	137	95	229	60	710	440	163	156
V343	83	241	85	27	22	339	336	666	132	91	150
V344	13	0	219	14	36	381	200	287	63	70	18
V345	26	13	34	120	450	216	88	9	193	652	38
V346	167	160	158	22	38	70	78	321	265	64	168
V347	16	1050	246	103	75	386	603	340	477	187	358
V348	209	206	148	152	21	194	252	109	163	1864	237
V349	386	155	239	78	105	72	115	178	7	213	312
V350	119	417	74	39	83	322	52	488	300	20	230
V351	32	332	204	626	309	84	111	50	8	34	131
V352	12	65	77	313	573	316	77	974	492	666	81
V353	213	85	153	461	193	2	66	124	111	273	173
V354	200	36	283	48	514	211	105	53	189	106	153
V355	572	6	134	213	82	286	122	235	172	44	354
V356	82	224	300	19	628	13	113	29	253	426	126
V357	396	149	61	57	19	17	79	252	426	126	318
V358	44	209	40	217	116	319	185	126	192	63	108
V359	100	129	111	278	49	231	368	55	88	100	105
V360	354	57	252	23	95	134	70	638	216	30	232
V361	27	91	88	325	102	172	121	14	82	247	65
V362	12	17	483	517	468	877	393	81	365	228	55
V363	147	320	137	1	34	212	104	128	258	556	219
V364	481	64	126	69	509	79	288	254	208	113	316
V365	86	139	146	154	146	292	131	33	373	845	138
V366	200	305	208	409	42	256	41	717	31	123	244
V367	21	578	165	113	128	116	55	13	650	10	217
V368	458	201	99	14	22	4	38	198	69	69	359
V369	275	38	209	60	259	226	170	12	162	102	174
V370	87	908	7	215	545	121	380	296	46	268	370
V371	543	446	104	123	483	30	239	400	113	134	508
V372	49	524	34	226	250	176	125	57	47	138	184
V373	6	11	13	137	32	32	325	480	222	186	34
V374	53	173	57	37	357	92	196	56	197	191	93
V375	94	87	445	175	149	532	188	413	180	97	118
V376	24	171	165	2	162	625	79	45	23	198	81
V377	281	889	443	226	393	24	36	118	500	28	500
V378	91	295	206	330	240	52	162	252	432	140	178
V379	195	508	157	545	680	62	303	66	484	308	335
V380	73	24	82	151	65	147	249	0	483	233	91
V381	90	114	84	98	53	429	137	67	236	154	89
V382	88	28	317	203	125	549	260	425	91	245	75
V383	88	96	44	192	251	61	113	293	22	78	96
V384	130	117	376	81	58	211	240	923	7	41	140
V385	5	225	86	109	470	105	424	227	176	108	71
V386	20	193	388	30	198	80	1111	184	14	388	75
V387	411	906	286	568	730	156	213	60	102	128	512
V388	106	264	8	45	1062	328	59	11	152	354	162
V389	83	216	374	27	397	98	231	30	512	284	148
V390	277	449	407	89	79	103	193	39	226	226	302
V391	85	159	136	108	56	192	131	2	58	149	104
V392	138	56	315	181	775	104	176	1	193	78	110
V393	125	236	70	350	57	44	46	578	63	180	180
V394	343	64	9	54	330	129	101	127	18	134	246
V395	286	349	123	0	126	13	6	383	325	95	311
V396	67	457	95	29	175	2	98	31	69	10	191
V397	87	157	165	203	105	132	232	148	2	186	139
V398	114	311	125	71	50	134	5	578	436	66	187
V399	231	82	240	38	65	802	76	199	54	22	160
V400	236	147	360	22	14	274	72	1514	40	566	224
V401	311	96	56	599	297	21	26	32	150	0	245
V402	43	210	1	364	281	221	486	386	164	30	117
V403	124	81	314	170	45	136	34	121	99	280	135
V404	229	94	729	7	41	184	840	266	535	176	210
V405	3	316	146	256	392	68	181	25	339	224	113
V406	21	56	5	86	249	52	225	11	106	28	51
V407	55	223	150	195	112	381	211	73	281	291	123
V408	899	166	146	61	143	57	20	108	167	6	556
V409	71	39	358	93	221	472	212	188	6	195	68
V410	294	5	425	9	61	36	224	417	154	390	172
V411	192	367	320	38	386	3	448	357	127	5	256
V412	30	89	42	28	17	114	408	60	100	51	71
V413	29	800	67	368	119	43	424	146	144	164	290
V414	88	104	599	43	1	122	454	212	19	137	104
V415	119	48	157	130	152	10	223	2	285	343	111
V416	127	286	48	29	132	148	147	81	983	823	198
V417	75	40	221	226	88	592	169	365	111	53	71
V418	43	30	188	205	757	22	142	229	36	55	41
V419	234	245	15	95	239	18	228	105	200	8	250
V420	95	44	1	26	56	11	152	4	80	352	72
V421	3	70	71	159	126	436	228	14	32	131	25
V422	462	30	70	108	298	178	141	109	62	217	270
V423	123	283	21	62	312	43	36	419	95	130	208
V424	9	234	460	270	394	34	310	251	441	15	100
V425	92	16	236	575	399	132	172	20	91	18	75
V426	747	95	25	429	1000	44	8	19	110	269	490
V427	221	551	133	265	17	242	31	385	131	145	321
V428	76	421	25	53	77	16	718	38	35	575	158
V429	32	540	288	119	60	237	32	56	10	463	210
V430	45	4	65	859	237	645	16	75	76	153	52
V431	181	241	63	189	377	82	166	187	455	57	203
V432	33	67	115	616	0	2	54	85	26	699	58
V433	85	156	145	113	39	114	100	556	84	171	112
V434	16	107	124	230	22	182	56	220	68	162	71
V435	179	169	619	83	128	37	315	52	253	91	174
V436	44	315	13	21	134	12	69	60	201	155	142
V437	135	548	6	275	56	551	60	284	197	51	304
V438	57	210	392	170	71	6	56	97	197	562	121
V439	501	323	690	193	331	165	18	156	183	28	412
V440	64	23	168	1	66	272	16	113	225	627	80
V441	146	178	287	1	274	66	29	30	152	60	161
V442	502	5	163	99	412	124	183	131	385	206	345
V443	312	180	921	293	760	178	32	38	322	892	262
V444	127	312	137	101	3	180	52	114	177	342	173
V445	590	191	180	211	500	125	132	131	320	433	407
V446	65	669	125	58	678	201	36	228	169	224	270
V447	29	569	232	77	62	150	13	225	196	36	218
V448	5	388	361	470	116	42	176	461	194	132	148
V449	170	99	277	119	364	184	441	47	21	21	123
V450	27	50	26	508	151	553	84	45	16	688	71
V451	178	633	395	305	418	39	10	49	94	27	317
V452	159	481	62	22	65	313	32	232	68	729	281
V453	285	492	309	51	200	28	367	83	127	364	300
V454	85	75	2	243	269	136	43	170	133	682	90
V455	96	395	114	125	30	251	21	825	89	343	211
V456	141	140	6	324	23	21	285	364	300	78	143
V457	187	791	278	19	145	140	244	114	254	303	347
V458	256	450	21	319	385	167	114	170	21	1	288
V459	541	568	222	24	49	221	368	127	90	393	494
V460	56	8	517	544	135	232	140	43	235	92	46
V461	152	4	143	319	326	350	139	12	5	183	112
V462	175	70	274	189	170	70	230	164	57	68	152
V463	22	30	12	71	16	276	766	493	186	156	52
V464	268	81	240	247	396	9	652	184	192	299	220
V465	125	340	76	56	242	259	85	16	51	100	180
V466	74	229	369	188	23	243	117	36	55	220	136
V467	614	354	140	267	757	26	46	119	56	361	499
V468	201	5	240	623	782	418	84	274	49	446	142
V469	161	73	491	73	35	46	1119	52	124	238	129
V470	187	345	407	59	232	42	542	69	319	122	251
V471	174	14	53	137	96	535	118	608	813	200	164
V472	170	408	196	66	36	95	422	251	131	6	255
V473	98	96	157	893	90	196	178	160	58	229	103
V474	36	235	19	195	125	613	50	405	254	24	122
V475	264	12	67	17	103	331	150	90	93	76	183
V476	232	275	244	43	188	284	1	130	29	18	218
V477	96	257	33	513	21	442	478	66	213	133	140
V478	503	83	39	197	370	17	307	146	135	288	330
V479	165	146	62	77	214	64	87	2	275	425	168
V480	30	28	43	128	410	13	390	105	349	104	50
V481	109	131	146	156	122	29	58	140	27	81	129
V482	538	117	131	121	115	226	60	40	98	197	359
V483	21	246	215	78	166	59	383	58	67	398	116
V484	329	37	428	247	194	824	58	230	91	359	252
V485	286	101	196	112	266	203	160	69	42	25	210
V486	192	139	16	70	529	302	68	127	137	139	153
V487	122	217	419	571	314	96	388	24	280	0	178
V488	39	226	95	322	224	181	502	541	419	541	131
V489	162	34	10	381	94	47	246	233	193	400	117
V490	212	81	29	153	80	355	54	54	206	12	174
V491	138	63	1990	113	9	718	70	1015	572	273	137
V492	148	217	35	263	124	13	3	294	9	4	194
V493	123	219	132	187	132	794	393	153	59	163	159
V494	110	221	63	1606	169	64	163	442	169	223	178
V495	167	435	104	165	266	264	29	237	283	6	254
V496	38	454	13	39	61	43	484	49	234	420	195
V497	218	26	77	106	182	341	163	50	87	170	128
V498	50	147	19	4	223	474	205	149	203	46	87
V499	251	82	187	386	160	484	196	566	229	96	194
V500	572	166	23	551	118	165	133	78	215	1131	431
