Source001	Source002	Source003	Source004	Source005	Source006	Source007	Source008	Source009	Source010	Sink
V1	1075	938	79	216	150	96	185	129	89	247	967
V2	33	145	63	3	373	523	181	534	315	299	96
V3	31	261	249	125	47	282	233	235	439	36	133
V4	70	293	9	47	548	76	41	262	57	179	185
V5	63	201	84	531	274	227	0	73	131	385	132
V6	357	34	480	71	183	55	69	23	213	747	227
V7	459	62	4	29	41	298	202	155	246	190	271
V8	144	1185	218	309	26	406	224	176	817	300	532
V9	281	53	38	36	280	645	272	298	103	250	182
V10	53	51	16	156	53	69	160	81	151	325	69
V11	24	359	157	568	5	1	25	33	35	32	196
V12	2	62	147	124	24	353	497	126	108	99	41
V13	9	27	104	82	78	89	290	31	101	272	35
V14	53	123	181	8	363	367	184	259	444	52	95
V15	60	188	320	284	198	34	194	83	62	12	97
V16	187	339	84	138	352	209	43	13	209	179	249
V17	7	116	832	21	100	186	282	0	154	578	76
V18	143	24	157	189	245	77	173	224	160	198	96
V19	138	97	412	201	545	419	533	508	150	194	122
V20	7	2	181	566	46	22	22	179	138	226	31
V21	67	84	400	270	135	427	83	161	684	164	91
V22	88	36	245	39	106	203	144	28	107	371	71
V23	70	320	204	44	819	675	31	246	468	624	173
V24	51	162	17	6	37	358	14	471	62	32	124
V25	76	212	282	31	426	234	6	221	48	41	132
V26	114	628	90	22	0	360	492	79	39	309	336
V27	283	157	47	76	140	305	550	333	94	172	224
V28	75	111	42	538	52	260	37	10	110	225	136
V29	33	223	5	34	238	723	42	125	83	48	106
V30	221	346	32	130	591	14	382	61	702	68	283
V31	225	36	206	265	221	157	9	309	304	62	150
V32	299	375	83	28	347	335	322	177	232	58	327
V33	54	0	315	569	176	153	59	25	109	4	67
V34	192	51	514	229	97	64	28	484	127	228	132
V35	224	160	400	165	52	222	145	16	287	178	188
V36	150	209	698	57	407	122	1	105	214	203	193
V37	77	133	117	153	213	210	151	270	54	232	119
V38	29	288	532	31	202	4	207	117	13	239	160
V39	0	142	110	302	455	63	297	561	268	94	72
V40	152	16	148	87	36	96	305	78	184	95	99
V41	554	25	34	709	32	56	50	119	26	237	325
V42	251	17	38	512	0	87	100	64	211	884	201
V43	220	100	56	64	60	3	54	571	72	18	167
V44	11	213	483	109	395	82	253	44	47	50	103
V45	298	100	108	84	121	37	17	36	81	309	184
V46	33	92	80	100	520	84	61	68	196	252	58
V47	503	51	132	25	134	89	208	497	112	573	291
V48	10	1055	80	305	205	91	57	466	460	28	481
V49	137	122	49	339	182	109	49	191	63	497	136
V50	147	69	67	398	48	704	11	652	242	67	128
V51	754	65	111	61	700	44	273	228	469	275	424
V52	235	191	139	131	39	23	561	138	35	295	199
V53	244	107	294	99	275	308	211	65	6	278	200
V54	54	363	83	218	36	319	148	15	2	101	192
V55	195	93	7	356	194	156	30	93	203	85	164
V56	69	310	367	3	103	95	69	665	10	47	167
V57	82	97	344	70	945	197	795	219	147	189	86
V58	148	174	269	102	139	314	132	48	251	572	176
V59	239	931	80	6	127	326	158	523	1234	104	502
V60	32	373	108	225	399	100	65	106	335	5	187
V61	753	42	283	310	6	36	155	69	487	37	415
V62	344	324	240	112	212	122	645	181	23	271	307
V63	471	561	588	192	17	167	144	101	358	76	452
V64	178	52	316	80	227	242	134	436	1	259	117
V65	1	271	227	145	130	294	179	347	158	46	126
V66	626	127	12	57	219	147	88	107	47	291	357
V67	84	178	168	38	213	72	363	33	22	479	135
V68	252	151	153	407	489	351	618	195	171	8	204
V69	199	40	10	179	150	30	344	44	74	72	139
V70	43	6	149	467	99	131	13	44	151	267	55
V71	16	417	107	266	315	437	237	14	139	94	187
V72	45	307	83	262	98	37	65	268	415	110	175
V73	62	27	74	84	291	979	45	337	121	113	56
V74	63	43	478	246	133	151	42	25	8	76	59
V75	235	64	87	109	79	1	10	4	733	24	149
V76	360	6	89	271	152	20	33	311	265	89	174
V77	311	368	531	276	26	15	283	255	24	1	282
V78	26	630	221	41	123	61	127	89	180	574	304
V79	334	30	282	106	191	92	55	55	366	126	187
V80	96	66	147	97	416	4	367	14	144	324	90
V81	140	82	572	532	230	58	153	181	153	212	155
V82	77	51	49	7	49	250	84	97	382	277	74
V83	204	47	138	474	110	80	114	95	346	45	157
V84	145	45	52	233	36	384	510	95	101	21	103
V85	622	33	81	173	369	147	415	131	212	47	344
V86	60	129	812	4	407	64	214	105	112	22	98
V87	177	702	390	435	65	28	310	435	87	35	376
V88	17	271	612	75	592	83	63	14	199	730	156
V89	124	343	143	54	16	75	236	29	213	18	207
V90	188	7	49	62	77	76	143	174	147	233	107
V91	134	247	228	24	2	246	171	390	487	19	186
V92	150	254	84	26	154	40	78	141	178	201	189
V93	259	376	420	15	222	464	189	279	512	77	325
V94	10	238	259	58	444	558	192	301	296	0	114
V95	298	17	11	170	115	428	121	586	137	11	170
V96	340	276	106	219	50	141	59	560	40	157	300
V97	10	238	16	611	79	208	226	55	51	74	127
V98	104	250	117	187	19	258	608	330	95	230	161
V99	343	712	704	726	426	54	35	450	443	97	488
V100	426	108	126	493	65	102	41	14	270	365	271
V101	80	251	70	175	103	454	13	128	198	136	145
V102	21	50	173	219	75	61	173	25	212	54	53
V103	14	152	53	104	216	52	128	16	297	177	92
V104	226	145	596	145	104	902	319	83	83	33	201
V105	190	59	160	542	87	121	248	161	57	283	150
V106	411	178	36	351	474	129	553	120	0	27	317
V107	309	62	48	23	53	208	29	50	62	150	172
V108	271	133	309	5	161	251	8	119	506	36	179
V109	10	34	116	12	86	191	125	19	180	72	27
V110	467	245	538	71	799	55	143	80	81	1236	377
V111	188	177	213	190	121	438	453	137	114	70	174
V112	448	102	531	53	219	52	322	120	51	108	283
V113	149	161	1322	100	143	15	2	123	48	135	154
V114	256	38	110	15	95	5	518	116	583	222	184
V115	470	55	185	261	353	72	19	36	27	300	293
V116	55	139	200	400	23	445	146	95	71	296	122
V117	493	372	88	49	254	15	94	144	4	65	399
V118	0	331	89	193	432	250	20	270	9	428	158
V119	302	37	346	21	102	524	394	565	165	162	190
V120	43	179	3	60	81	259	570	92	64	155	115
V121	23	220	484	173	54	589	129	525	164	17	102
V122	57	59	388	44	244	206	62	68	283	132	62
V123	54	618	123	21	31	33	42	324	291	312	284
V124	157	40	67	781	438	34	6	578	440	425	161
V125	110	499	61	87	393	45	558	322	32	24	284
V126	114	1125	755	65	227	276	154	171	51	80	500
V127	98	242	30	348	234	177	177	252	222	5	179
V128	16	188	108	112	212	55	391	287	178	0	97
V129	120	2	136	329	506	136	175	27	12	52	89
V130	197	71	914	63	230	12	125	374	215	130	150
V131	15	10	2	27	365	823	63	62	498	441	38
V132	300	691	22	111	221	32	484	503	276	448	482
V133	157	568	56	70	105	486	369	26	68	217	338
V134	64	80	44	101	125	201	246	45	175	70	83
V135	129	138	379	94	149	212	407	143	161	344	159
V136	149	56	107	197	92	6	301	88	293	662	127
V137	39	20	311	698	46	16	45	60	373	1020	92
V138	3	130	215	129	15	16	47	58	92	521	73
V139	132	252	517	128	117	87	178	186	517	103	176
V140	0	995	34	109	123	172	258	94	98	15	413
V141	138	258	113	304	258	775	17	309	121	85	201
V142	66	622	10	179	401	236	44	139	151	43	297
V143	864	400	113	229	256	272	169	734	128	166	609
V144	36	88	291	374	500	258	84	494	363	282	83
V145	100	172	123	220	188	137	59	83	161	0	159
V146	72	11	237	187	111	117	87	208	46	337	66
V147	240	52	170	93	426	119	358	171	74	44	143
V148	37	63	251	1536	440	387	10	172	33	33	123
V149	1	343	228	29	899	12	136	248	163	3	145
V150	542	170	13	234	331	130	523	103	150	215	371
V151	172	26	35	28	4	202	552	227	365	61	95
V152	471	60	465	243	13	233	160	92	67	86	280
V153	328	23	90	389	194	41	43	148	161	32	207
V154	44	151	267	61	44	69	134	151	735	90	100
V155	58	106	88	151	670	420	74	2	416	252	102
V156	54	716	146	57	38	46	0	569	1	91	321
V157	167	85	24	70	146	148	420	105	324	24	128
V158	228	185	151	16	354	352	134	47	137	165	185
V159	292	204	574	199	810	330	278	6	100	34	240
V160	32	45	391	87	133	644	32	780	203	197	51
V161	4	218	163	17	78	29	721	70	159	295	107
V162	75	144	225	722	25	519	708	22	173	202	157
V163	175	375	49	167	189	232	253	51	87	61	250
V164	343	34	107	215	8	242	53	51	44	361	191
V165	616	275	116	7	140	119	5	536	228	87	411
V166	57	239	243	20	208	54	200	283	133	211	127
V167	87	136	209	16	40	406	329	105	280	207	112
V168	325	208	159	64	190	30	445	28	356	196	250
V169	296	308	62	2	11	38	239	7	310	274	281
V170	198	62	294	29	14	204	116	235	446	286	156
V171	56	358	107	122	360	133	149	866	91	124	170
V172	58	93	113	179	178	216	60	164	32	207	68
V173	6	25	203	136	120	71	332	223	256	337	27
V174	84	243	45	145	12	136	1	118	446	1077	166
V175	390	36	35	178	342	309	95	60	35	104	236
V176	41	274	264	260	77	297	349	123	72	11	152
V177	105	30	21	356	392	96	68	386	156	28	73
V178	237	124	6	5	603	165	38	92	8	155	169
V179	165	124	25	165	3	747	3	74	5	144	158
V180	346	154	130	27	74	327	85	172	841	219	284
V181	64	150	74	92	48	145	162	623	322	30	106
V182	117	123	14	99	162	272	336	902	15	67	130
V183	569	329	75	345	165	113	27	6	90	39	429
V184	452	1086	516	1	8	198	279	428	1	40	629
V185	188	77	203	142	185	0	321	7	517	120	121
V186	229	145	162	723	48	65	397	112	111	64	195
V187	112	296	249	161	233	29	182	84	225	330	166
V188	290	374	42	236	22	8	312	69	9	118	333
V189	253	187	403	250	212	190	404	625	167	56	229
V190	139	100	44	1	255	147	51	179	271	154	119
V191	217	251	1	81	45	24	67	71	700	285	210
V192	586	0	436	164	475	582	154	30	195	89	339
V193	154	58	65	42	43	62	74	27	138	249	118
V194	432	263	186	263	91	138	145	69	39	620	384
V195	202	108	94	35	97	292	210	1073	908	65	165
V196	244	346	566	24	373	193	181	101	377	147	298
V197	137	31	563	224	3	55	234	226	102	4	96
V198	552	214	56	60	51	368	441	48	774	9	392
V199	12	82	35	148	65	117	36	291	340	1006	70
V200	49	160	311	443	65	18	59	253	23	18	108
V201	634	81	36	330	202	51	214	183	41	285	391
V202	380	25	268	150	90	43	206	161	230	417	239
V203	539	272	310	268	21	65	18	20	367	266	419
V204	67	281	24	44	170	11	916	2	76	32	152
V205	216	258	812	33	77	113	92	630	180	81	216
V206	128	107	220	3	390	94	40	162	105	479	102
V207	2	59	266	74	25	83	330	266	377	111	25
V208	316	91	37	228	733	64	46	5	61	11	209
V209	31	259	104	395	83	37	363	519	235	65	154
V210	393	101	304	194	286	0	34	11	121	487	269
V211	199	799	105	235	417	19	9	188	161	6	436
V212	58	186	24	37	146	163	114	227	84	170	102
V213	702	115	250	70	107	143	79	952	149	147	431
V214	24	89	834	15	77	84	27	70	45	239	59
V215	136	10	2	733	49	31	315	256	189	531	121
V216	114	176	241	297	732	47	54	198	506	292	154
V217	82	592	42	81	122	10	238	1	369	524	305
V218	129	10	26	268	167	62	1	349	145	24	82
V219	268	480	485	142	114	113	10	628	21	75	327
V220	73	14	360	397	16	185	45	337	147	65	73
V221	75	52	413	160	123	762	407	18	28	117	81
V222	7	33	141	37	42	196	8	19	589	312	33
V223	13	265	19	316	15	58	168	348	143	242	118
V224	998	143	330	49	19	63	530	514	221	28	553
V225	1142	69	190	112	364	143	702	4	14	550	623
V226	145	81	111	600	109	187	202	87	45	181	158
V227	5	168	409	273	223	653	23	220	349	351	96
V228	119	132	222	395	216	129	12	300	175	176	127
V229	73	315	111	579	244	276	279	392	58	369	220
V230	129	48	135	25	48	349	1318	126	355	19	84
V231	642	22	94	130	19	122	109	233	172	277	344
V232	128	349	178	103	434	135	104	60	24	48	234
V233	383	274	48	99	207	92	250	211	84	310	289
V234	209	386	241	53	1	28	5	131	38	491	256
V235	225	21	49	123	479	148	30	126	5	59	125
V236	157	741	57	84	46	193	447	144	245	115	390
V237	257	56	6	226	86	443	32	127	12	78	176
V238	34	166	12	167	217	18	112	454	136	215	99
V239	512	694	328	61	429	321	220	103	72	226	583
V240	3	8	614	530	460	282	184	240	172	33	31
V241	48	41	68	22	140	185	129	178	49	102	55
V242	12	89	315	633	76	125	100	27	125	143	93
V243	38	3	815	50	156	301	75	46	40	23	39
V244	541	0	148	432	60	352	239	91	300	36	297
V245	93	354	271	561	239	303	567	591	40	641	220
V246	201	238	274	198	552	114	37	210	506	96	219
V247	317	349	85	32	471	93	130	196	377	84	320
V248	139	31	74	490	438	365	52	217	119	52	132
V249	72	185	31	38	19	72	860	168	265	10	138
V250	145	164	88	72	64	208	22	14	47	200	136
V251	22	17	81	2	68	234	67	2	556	569	36
V252	6	18	630	30	235	109	82	435	95	439	39
V253	193	389	181	171	25	573	149	393	9	376	245
V254	148	230	179	65	380	280	426	29	340	162	180
V255	145	379	137	54	15	250	215	135	814	38	239
V256	6	236	140	321	46	708	167	161	387	93	126
V257	69	284	90	81	279	31	30	38	34	108	185
V258	1	91	101	1345	816	305	48	10	62	389	128
V259	96	491	89	50	36	21	14	178	289	44	257
V260	699	189	94	21	134	144	232	16	261	144	419
V261	679	4	549	262	64	646	162	105	88	613	392
V262	162	572	89	264	49	343	139	48	3	16	308
V263	201	51	100	56	96	152	21	220	124	87	134
V264	121	39	126	87	6	333	92	219	209	753	99
V265	14	443	108	695	119	174	259	38	45	251	219
V266	128	2	241	5	205	68	222	320	107	135	72
V267	9	87	210	77	276	167	253	205	391	131	57
V268	334	218	66	276	308	74	102	452	309	33	264
V269	45	20	26	249	144	78	217	233	195	19	55
V270	136	13	50	55	324	51	28	233	315	104	96
V271	228	58	150	278	248	224	52	242	63	527	179
V272	264	93	65	220	157	341	51	607	351	212	190
V273	728	9	31	339	315	80	68	140	67	339	423
V274	271	574	873	1034	461	193	25	35	519	569	419
V275	50	710	519	62	208	82	94	534	18	50	334
V276	1144	306	321	106	39	62	41	253	115	156	691
V277	211	175	191	210	39	71	181	101	234	32	191
V278	281	11	74	285	223	23	12	162	53	488	158
V279	147	90	49	181	232	126	185	400	31	355	134
V280	410	42	77	82	110	161	344	169	45	406	240
V281	60	19	56	116	72	495	173	261	150	181	50
V282	78	60	470	14	289	916	91	20	129	53	57
V283	313	67	66	275	36	32	346	134	593	127	208
V284	77	61	339	347	617	173	444	3	26	228	94
V285	26	159	173	118	287	198	274	216	52	100	92
V286	45	266	34	103	200	720	41	138	317	16	153
V287	219	169	573	20	62	198	140	61	354	232	174
V288	426	445	103	172	175	0	454	31	383	4	398
V289	138	78	179	1	26	20	122	62	206	13	103
V290	173	273	167	18	228	212	158	201	259	164	167
V291	96	5	3	71	103	536	110	121	57	373	70
V292	174	224	93	460	100	263	157	310	100	253	208
V293	156	59	272	616	137	132	287	140	322	312	142
V294	824	48	33	8	141	116	280	541	5	160	424
V295	48	271	364	341	415	372	27	152	65	42	175
V296	795	1	162	19	288	41	604	272	31	246	415
V297	86	515	172	317	58	132	83	484	15	578	287
V298	544	61	217	19	439	29	347	88	103	484	309
V299	64	17	56	94	181	182	7	43	253	150	50
V300	555	255	460	86	104	346	157	20	117	226	396
V301	218	250	170	143	33	34	95	48	282	104	226
V302	346	144	62	968	614	2	47	12	58	73	275
V303	792	128	202	23	570	46	51	56	161	61	463
V304	127	521	183	191	52	7	22	450	333	625	294
V305	140	295	31	20	91	139	407	211	7	20	190
V306	114	2	345	13	104	317	234	70	187	31	67
V307	14	406	69	123	209	173	282	81	23	187	183
V308	132	177	335	585	63	20	33	202	289	623	187
V309	98	906	188	135	60	3	73	59	24	293	431
V310	697	54	450	156	95	162	169	77	117	0	396
V311	135	454	334	294	459	386	38	35	98	276	279
V312	779	8	45	76	12	5	172	4	539	119	415
V313	174	41	3	125	21	31	93	71	15	83	124
V314	6	42	133	144	433	59	123	200	199	290	47
V315	178	83	71	131	498	9	406	14	35	72	133
V316	83	134	178	17	270	80	510	1017	91	270	104
V317	203	58	289	256	53	185	191	302	117	116	167
V318	3	29	31	46	20	181	32	85	23	198	19
V319	35	233	162	18	103	42	283	227	229	113	122
V320	200	332	61	49	342	57	116	331	195	243	274
V321	61	60	231	144	84	106	92	122	142	220	75
V322	288	149	10	182	365	11	395	133	292	521	227
V323	372	115	350	97	33	147	79	132	97	467	239
V324	207	28	66	288	236	194	57	66	277	36	149
V325	3	265	71	276	399	297	2	164	322	214	144
V326	20	132	379	7	50	418	261	13	291	104	74
V327	68	15	203	106	117	460	488	54	217	87	63
V328	77	254	37	103	377	338	3	382	921	317	164
V329	124	121	24	318	666	12	528	351	285	101	135
V330	429	165	55	69	67	30	30	215	205	209	323
V331	32	4	1076	102	237	98	62	45	88	40	32
V332	173	986	307	189	199	88	488	455	4	113	490
V333	574	238	85	176	97	23	149	207	427	134	388
V334	143	448	57	72	386	528	65	187	621	283	273
V335	193	109	57	333	241	74	750	632	286	2	173
V336	568	461	160	99	179	549	169	80	86	215	510
V337	146	60	24	52	195	440	256	760	638	208	103
V338	145	370	169	558	62	141	327	12	55	107	248
V339	232	36	168	54	461	700	38	90	624	3	145
V340	0	1003	476	43	475	137	37	71	124	609	410
V341	24	158	424	88	93	167	11	6	74	5	87
V342	745	159	263	10	90	160	357	482	149	135	438
V343	72	76	120	98	95	20	684	27	284	506	95
V344	654	117	550	8	736	244	86	18	49	42	365
V345	55	56	79	83	54	457	34	184	2	508	57
V346	40	42	198	146	137	102	264	208	164	67	40
V347	277	1	11	111	9	115	199	41	33	511	187
V348	174	282	366	1194	297	111	25	117	61	17	257
V349	330	96	43	92	394	326	211	368	70	161	230
V350	60	30	56	119	244	568	72	525	227	114	47
V351	16	12	413	9	70	80	123	121	854	44	27
V352	296	129	251	347	273	503	11	168	329	198	213
V353	432	66	400	137	143	481	116	194	29	6	267
V354	287	91	228	3	982	123	621	266	131	52	192
V355	27	203	21	19	74	195	73	28	83	37	71
V356	606	99	59	401	235	379	307	12	175	333	388
V357	118	342	137	225	368	199	991	701	286	66	231
V358	65	12	43	122	736	201	112	224	175	10	60
V359	426	327	96	488	100	318	128	281	80	43	353
V360	139	145	211	127	37	127	4	180	128	517	142
V361	59	90	137	507	174	208	44	231	248	54	100
V362	365	43	105	467	83	19	561	143	314	69	210
V363	218	129	83	88	281	42	121	678	29	56	173
V364	119	131	242	157	87	99	88	109	96	150	119
V365	290	42	241	345	385	131	35	321	36	98	212
V366	308	102	248	398	122	378	28	45	27	108	206
V367	15	130	17	16	99	140	215	361	163	92	64
V368	3	166	71	212	2	177	147	12	297	83	87
V369	118	37	170	683	96	93	10	123	324	8	131
V370	196	191	327	403	251	956	113	391	564	196	225
V371	282	77	66	157	180	183	332	20	643	152	196
V372	194	475	247	736	479	260	486	24	152	604	325
V373	193	29	225	246	150	37	157	61	70	224	126
V374	552	173	768	60	72	230	471	812	9	157	373
V375	172	341	259	372	155	442	91	70	27	35	254
V376	100	234	90	337	128	147	204	251	223	31	153
V377	40	26	41	68	88	151	146	65	192	95	37
V378	122	291	76	88	55	545	19	77	169	105	202
V379	29	683	139	348	314	272	312	3	433	160	294
V380	57	276	60	143	196	137	338	41	197	686	161
V381	182	44	410	7	28	372	479	109	69	132	130
V382	72	36	152	538	286	60	58	72	297	486	82
V383	214	795	202	695	34	531	513	39	79	170	449
V384	147	65	5	318	342	133	85	922	75	467	140
V385	196	204	408	376	76	436	95	14	449	696	244
V386	18	61	124	28	92	190	74	265	420	479	68
V387	177	47	307	275	66	152	990	75	72	38	119
V388	168	227	217	286	372	265	12	100	287	37	197
V389	336	31	159	64	1	151	53	320	164	8	194
V390	176	229	70	225	41	92	178	88	156	172	199
V391	89	114	182	96	21	110	22	158	315	102	86
V392	86	137	226	1	95	34	473	181	162	98	118
V393	116	136	262	167	68	133	22	77	4	0	128
V394	49	307	34	88	61	159	145	246	424	180	159
V395	151	246	294	109	604	825	364	118	249	184	218
V396	255	196	59	258	240	170	353	548	482	13	246
V397	67	121	490	452	274	2	192	510	72	586	132
V398	37	8	384	77	120	15	99	35	128	312	37
V399	27	580	3	375	135	119	896	242	408	17	246
V400	262	165	376	352	141	51	185	135	355	240	195
V401	62	319	119	92	16	46	505	151	273	41	161
V402	54	39	45	404	237	37	19	23	336	465	77
V403	23	6	400	74	197	173	57	202	40	339	24
V404	83	76	132	59	52	45	1246	163	17	400	87
V405	251	596	10	33	422	124	91	166	151	20	357
V406	17	733	23	189	0	67	29	250	42	524	317
V407	449	34	243	91	93	12	245	180	0	221	216
V408	31	105	17	127	65	44	53	12	239	41	63
V409	172	1	85	372	119	26	87	90	186	231	111
V410	101	37	479	273	13	205	475	139	80	12	82
V411	146	34	65	446	13	23	63	53	53	154	137
V412	498	340	41	37	1034	7	27	131	18	645	411
V413	137	1	257	129	296	47	53	365	135	454	99
V414	521	72	75	323	148	150	8	82	44	563	313
V415	4	1357	75	120	54	105	28	17	174	233	537
V416	65	168	96	400	132	259	681	512	223	92	143
V417	589	524	423	62	6	166	217	381	175	40	527
V418	196	106	150	89	157	317	257	592	445	28	177
V419	64	275	16	293	27	3	5	1	148	172	133
V420	191	216	34	73	937	81	9	249	91	24	194
V421	398	297	143	90	30	174	191	27	218	175	322
V422	2	169	91	825	55	6	17	219	418	25	95
V423	66	256	17	459	38	49	67	152	94	285	173
V424	4	67	440	58	47	123	177	67	71	351	45
V425	321	161	411	43	110	316	8	436	210	39	251
V426	119	38	172	382	27	32	317	148	288	525	102
V427	194	577	39	75	177	328	465	246	70	100	335
V428	124	285	307	35	14	39	56	4	319	1047	199
V429	80	475	16	233	164	363	279	103	493	271	245
V430	72	265	12	515	344	107	406	90	845	89	175
V431	145	59	136	80	69	336	164	24	112	125	131
V432	579	20	1	35	8	500	133	262	40	176	293
V433	138	797	390	545	83	137	608	304	672	75	417
V434	155	21	1116	183	146	76	302	534	22	160	104
V435	53	131	13	17	306	277	60	35	26	634	95
V436	143	234	126	290	236	367	152	36	49	151	205
V437	213	82	458	46	90	270	669	63	36	37	153
V438	463	31	56	751	171	1	27	94	82	62	270
V439	180	224	228	12	2	40	145	361	363	51	205
V440	355	122	585	196	169	417	399	304	81	338	255
V441	333	831	379	365	102	110	172	58	2	319	515
V442	502	58	159	187	22	137	171	65	482	95	316
V443	130	335	8	5	127	40	339	201	233	4	214
V444	213	276	26	6	337	81	313	13	437	51	238
V445	253	64	516	454	64	151	99	138	94	35	192
V446	45	43	232	37	151	118	113	71	23	474	68
V447	166	38	72	625	206	186	211	291	296	287	130
V448	4	23	303	139	384	150	19	65	226	420	34
V449	54	14	64	74	302	462	157	45	137	213	46
V450	291	388	242	444	64	60	158	474	38	4	323
V451	309	18	128	28	458	63	17	107	31	106	175
V452	59	15	358	374	172	501	117	73	381	9	58
V453	200	55	181	10	229	764	66	119	60	334	136
V454	13	136	170	109	23	399	390	146	273	241	68
V455	319	162	6	381	14	58	113	162	241	473	254
V456	322	276	102	141	46	7	76	182	120	165	280
V457	50	295	259	798	88	169	51	181	271	16	169
V458	16	45	11	245	142	281	188	96	295	337	48
V459	82	298	186	20	351	59	169	303	43	143	173
V460	218	75	74	159	193	139	101	315	116	23	159
V461	217	172	126	259	75	23	314	417	39	44	184
V462	8	63	46	242	815	389	0	1003	430	313	55
V463	252	60	157	0	233	114	64	417	18	109	158
V464	64	150	3	358	110	15	83	224	143	133	107
V465	250	274	392	41	34	281	70	477	796	209	263
V466	40	237	229	63	525	96	1094	167	80	120	132
V467	471	87	37	418	49	21	13	44	14	169	302
V468	3	7	232	342	106	137	390	100	472	485	37
V469	187	617	289	37	248	13	261	39	389	14	341
V470	152	164	800	7	34	8	343	153	390	1	138
V471	149	135	154	414	125	117	700	2	61	59	143
V472	131	136	225	197	378	313	109	125	167	100	138
V473	298	272	25	28	44	114	480	445	58	8	258
V474	670	436	117	252	64	465	128	66	1	460	569
V475	120	14	253	470	429	61	90	223	270	358	118
V476	78	863	188	225	42	266	280	9	384	112	384
V477	440	402	410	564	213	142	321	254	56	26	411
V478	312	17	462	487	127	61	143	147	209	105	203
V479	447	43	73	461	0	118	486	197	14	109	260
V480	577	211	644	3	411	52	61	801	26	817	382
V481	84	4	162	20	85	538	104	399	212	313	63
V482	168	382	150	85	57	224	498	151	324	397	231
V483	122	103	93	172	326	622	148	96	61	293	117
V484	226	28	72	15	113	199	48	152	125	306	131
V485	461	284	18	154	707	1526	14	109	83	327	380
V486	89	63	135	93	498	227	200	17	16	174	84
V487	57	158	313	41	95	139	97	14	50	60	91
V488	70	120	1029	169	162	1044	129	165	87	177	98
V489	505	288	22	242	37	112	427	431	124	279	381
V490	309	72	144	446	364	36	12	511	575	318	216
V491	0	262	34	294	265	373	133	405	2	64	118
V492	402	362	202	90	373	238	462	22	93	2	358
V493	526	52	40	65	85	459	520	19	26	95	316
V494	124	543	109	133	137	48	74	292	2	18	277
V495	14	34	124	348	47	41	364	715	354	329	53
V496	123	157	385	102	905	413	5	38	395	114	167
V497	191	187	180	60	520	693	227	12	50	25	174
V498	444	6	2	264	251	219	99	5	570	187	235
V499	31	366	148	142	123	81	262	156	153	271	182
V500	115	124	121	1	144	89	139	349	401	64	128
