Source001	Source002	Source003	Source004	Source005	Source006	Source007	Source008	Source009	Source010	Sink
V1	420	25	464	21	78	19	192	946	403	24	296
V2	813	49	2	91	473	161	286	231	2	139	563
V3	237	340	216	51	194	99	98	86	393	20	250
V4	306	120	240	9	704	363	107	219	119	33	234
V5	729	507	81	439	194	10	115	161	21	48	626
V6	113	64	22	192	301	295	154	163	711	62	130
V7	887	165	199	363	288	61	249	362	83	299	657
V8	264	575	12	25	96	58	218	706	59	431	299
V9	449	157	1105	53	202	40	74	470	384	110	370
V10	67	0	43	473	25	125	41	172	369	129	70
V11	281	924	181	197	427	67	124	41	52	119	389
V12	390	118	360	69	231	6	65	1	33	11	291
V13	60	59	16	35	102	8	681	95	179	240	48
V14	12	90	41	14	116	116	214	12	695	69	46
V15	211	152	31	105	119	159	28	104	11	588	186
V16	91	833	170	7	71	278	202	200	126	345	250
V17	54	52	184	97	401	188	696	97	79	37	78
V18	158	519	56	113	114	115	186	198	500	4	234
V19	235	380	319	165	57	356	259	111	78	157	246
V20	273	88	24	91	247	178	97	72	210	401	246
V21	512	170	413	310	28	230	116	121	349	942	393
V22	154	576	110	424	551	50	377	1118	113	411	266
V23	36	5	59	39	215	9	30	121	509	28	44
V24	37	777	499	32	430	242	58	79	44	422	171
V25	18	68	61	128	561	48	515	179	27	269	48
V26	281	330	325	140	1034	655	117	320	95	128	324
V27	345	45	146	7	175	232	75	74	335	254	276
V28	201	172	313	213	135	65	579	261	46	105	204
V29	65	350	53	122	142	70	317	522	43	266	142
V30	118	113	86	129	185	138	57	1	370	31	121
V31	66	261	58	504	108	648	312	118	75	3	158
V32	1274	452	439	196	12	52	416	197	41	255	982
V33	633	166	194	22	109	70	326	4	93	178	447
V34	172	27	245	8	341	8	64	106	52	148	159
V35	1168	101	494	40	234	0	559	124	505	56	823
V36	211	192	323	81	315	21	188	523	400	350	203
V37	262	101	381	199	57	178	90	73	56	225	209
V38	57	15	342	136	32	117	53	151	261	16	66
V39	82	243	54	50	349	377	892	0	68	86	146
V40	139	22	106	141	99	170	155	394	58	347	102
V41	526	6	174	130	153	116	244	205	99	150	382
V42	36	97	643	203	3	108	233	141	86	23	74
V43	9	65	0	19	67	361	334	148	145	265	40
V44	18	333	273	13	73	172	324	63	688	429	124
V45	58	64	75	57	256	293	182	31	426	290	74
V46	63	79	117	198	105	236	59	61	842	347	86
V47	34	183	2	274	44	63	479	144	72	15	69
V48	128	686	266	254	359	456	248	203	26	135	212
V49	294	192	302	266	462	134	4	392	419	234	262
V50	140	48	227	278	159	64	198	218	411	153	136
V51	74	104	90	79	61	725	78	86	39	141	77
V52	246	93	378	264	504	165	39	59	62	68	226
V53	206	221	95	787	190	214	29	60	192	339	229
V54	258	14	181	106	0	11	300	406	101	14	212
V55	32	226	3	225	57	301	155	226	145	278	78
V56	550	322	237	30	143	146	124	158	154	33	420
V57	19	52	36	85	72	39	267	11	177	105	32
V58	31	192	50	86	194	247	89	363	24	109	65
V59	3	3	25	134	118	1285	20	319	217	94	35
V60	117	156	41	69	303	913	0	18	68	29	124
V61	32	256	30	16	89	26	47	46	469	310	81
V62	229	100	484	94	148	192	175	47	10	97	190
V63	119	30	18	105	17	91	510	118	35	53	101
V64	186	33	76	164	68	253	655	125	52	313	141
V65	23	38	83	517	70	27	42	765	597	64	55
V66	70	848	262	247	1002	659	607	522	703	13	265
V67	18	58	72	268	24	223	132	41	123	441	49
V68	172	228	464	125	11	189	896	190	240	2	182
V69	75	206	198	66	114	32	7	783	272	623	107
V70	2	103	63	71	172	117	139	15	0	63	22
V71	377	348	270	336	27	83	261	32	397	112	336
V72	110	19	152	46	245	78	599	162	11	17	112
V73	111	484	523	15	91	67	131	516	191	77	212
V74	18	270	404	4	444	60	348	64	344	124	80
V75	43	62	454	21	9	130	8	193	191	324	69
V76	206	70	233	535	432	144	171	14	336	12	186
V77	87	33	237	3	0	153	299	89	47	13	70
V78	223	176	51	420	295	7	35	193	251	111	209
V79	5	29	17	330	1071	69	18	263	77	2	56
V80	765	51	198	132	520	66	621	146	50	7	506
V81	308	903	13	45	59	15	58	161	109	21	422
V82	177	29	3	1444	9	39	167	64	18	16	171
V83	124	89	114	387	51	15	394	216	178	300	137
V84	31	817	13	151	17	130	77	15	452	55	214
V85	23	105	138	31	39	110	25	101	464	88	56
V86	104	262	567	218	11	198	24	134	230	45	127
V87	5	73	109	33	9	107	465	745	427	180	61
V88	61	77	254	346	165	67	879	80	90	588	77
V89	45	38	217	53	498	276	95	122	182	434	63
V90	101	671	51	692	135	306	9	97	365	243	238
V91	502	30	145	484	490	10	4	200	304	500	404
V92	194	229	30	63	0	152	148	512	3	415	203
V93	403	180	4	153	220	17	213	165	369	49	298
V94	470	241	27	341	143	45	56	86	503	109	383
V95	113	151	332	9	94	170	199	428	167	104	127
V96	130	53	35	746	314	319	461	163	347	111	150
V97	142	26	25	118	52	16	625	24	26	53	132
V98	319	349	137	23	190	139	80	43	30	20	300
V99	31	409	12	246	244	95	471	353	132	139	123
V100	184	210	351	15	298	166	52	187	47	728	182
V101	269	284	809	163	53	164	6	578	83	367	282
V102	62	16	248	176	142	47	148	157	384	81	62
V103	158	36	177	3	7	5	156	11	196	2	131
V104	196	318	277	6	155	157	35	207	99	234	212
V105	14	74	189	167	257	716	319	208	50	147	43
V106	182	316	27	423	38	248	71	622	507	101	220
V107	57	57	123	7	89	155	148	23	23	48	60
V108	1084	31	52	199	217	219	128	519	105	126	789
V109	27	98	443	200	214	524	97	285	42	215	57
V110	139	402	439	187	182	266	329	64	94	4	183
V111	30	53	112	377	42	69	79	125	303	268	48
V112	127	117	218	25	46	28	131	119	18	154	105
V113	121	243	12	229	577	552	191	400	94	9	147
V114	94	151	141	0	106	775	155	100	798	102	124
V115	155	77	162	242	25	209	264	18	146	201	138
V116	407	202	29	92	116	153	145	224	534	224	344
V117	482	784	143	96	526	271	46	347	96	42	516
V118	180	109	54	73	25	199	10	144	425	314	180
V119	150	64	133	173	270	351	61	329	76	116	158
V120	937	388	235	127	9	13	37	62	0	16	740
V121	108	490	7	17	303	266	171	241	339	674	196
V122	102	229	85	23	36	21	21	97	1	7	114
V123	214	6	457	1497	42	104	154	44	137	239	179
V124	289	73	448	65	0	208	20	376	391	231	252
V125	237	294	70	269	483	224	2	715	118	39	261
V126	134	157	252	28	148	169	477	194	376	288	146
V127	63	43	65	722	20	438	493	77	14	269	68
V128	250	69	238	600	116	460	37	70	108	113	220
V129	5	89	9	189	289	105	16	25	351	218	41
V130	668	267	812	469	151	192	1	367	146	90	508
V131	281	31	59	43	127	232	537	235	333	175	220
V132	291	70	64	197	724	539	312	1	436	120	241
V133	245	67	389	45	86	349	275	146	34	124	224
V134	172	149	419	104	1034	4	473	6	201	197	205
V135	83	82	63	240	8	308	638	200	21	47	68
V136	601	386	146	74	501	90	469	79	595	91	563
V137	625	141	44	190	314	96	210	94	494	319	459
V138	102	490	280	171	29	34	350	143	8	774	182
V139	58	197	176	173	244	61	152	62	70	70	106
V140	462	81	319	666	293	150	40	87	218	310	387
V141	105	107	275	33	99	41	6	225	14	32	108
V142	139	25	692	108	130	443	38	231	124	53	119
V143	466	17	553	421	331	186	45	222	138	47	328
V144	328	199	54	38	112	12	16	319	232	478	300
V145	78	38	38	243	224	289	28	126	11	353	70
V146	28	779	12	2	551	308	96	157	62	7	205
V147	213	172	144	50	220	120	352	20	586	211	224
V148	105	159	76	243	144	103	158	587	486	92	136
V149	47	148	275	306	108	327	9	280	4	172	79
V150	101	32	197	252	92	133	385	286	195	1273	124
V151	685	38	123	32	374	230	72	177	166	425	459
V152	90	763	6	344	5	66	26	106	0	253	205
V153	64	4	555	101	223	30	69	256	37	79	73
V154	306	66	325	72	26	654	477	107	932	92	239
V155	45	148	90	207	206	647	8	194	305	208	86
V156	180	238	18	178	147	260	473	36	238	62	214
V157	181	262	396	335	23	92	188	7	186	539	197
V158	202	748	128	90	5	558	129	4	704	81	336
V159	320	3	42	471	30	128	234	327	44	101	231
V160	83	96	404	37	124	91	475	313	89	443	102
V161	46	70	484	113	19	151	373	324	16	88	70
V162	136	108	118	184	397	65	8	161	13	23	115
V163	294	350	21	443	59	816	65	54	31	97	295
V164	760	34	210	213	313	487	57	244	134	385	583
V165	118	207	372	445	1	19	154	3	29	146	144
V166	448	62	303	423	28	92	226	319	152	302	332
V167	165	5	11	153	86	161	161	141	257	6	128
V168	56	109	3	180	154	117	45	63	632	13	83
V169	303	396	120	198	36	475	45	103	832	80	326
V170	235	4	79	73	9	183	115	69	106	220	176
V171	131	95	58	34	128	460	113	76	140	27	129
V172	433	113	324	180	301	101	142	37	535	25	338
V173	24	74	109	163	108	156	561	17	363	107	61
V174	144	6	382	508	647	133	176	839	162	370	148
V175	10	123	226	161	203	303	33	180	1100	568	85
V176	121	59	565	25	220	170	67	90	329	90	131
V177	1174	973	171	366	181	116	189	577	370	16	1048
V178	450	61	462	126	256	805	455	113	59	25	362
V179	379	217	217	417	111	262	3	297	729	134	313
V180	25	127	772	14	68	105	507	209	12	32	66
V181	135	250	58	34	384	288	74	147	341	9	178
V182	281	15	137	41	345	148	368	288	94	366	214
V183	248	215	840	234	245	84	125	279	35	63	237
V184	372	224	142	63	34	1075	36	302	116	94	311
V185	175	54	163	126	33	72	607	320	2	151	151
V186	24	95	505	409	346	349	144	532	304	422	69
V187	20	269	31	165	332	414	49	658	17	238	94
V188	198	190	126	127	370	152	314	346	32	35	195
V189	743	244	289	82	28	163	17	380	442	131	595
V190	115	46	378	15	373	203	30	276	285	661	130
V191	106	270	19	11	180	77	115	520	189	149	137
V192	10	50	589	20	90	505	37	269	67	137	32
V193	156	21	147	329	89	182	577	469	337	210	145
V194	76	21	127	202	105	43	61	791	364	161	98
V195	230	47	246	269	81	90	82	217	20	197	190
V196	88	35	1	82	58	70	1107	118	78	322	102
V197	13	56	24	99	23	317	207	184	827	67	40
V198	249	6	47	31	68	419	54	115	589	52	196
V199	75	252	15	17	241	4	185	21	223	344	118
V200	85	374	303	120	10	41	122	42	105	133	135
V201	66	475	36	0	447	337	120	185	59	24	163
V202	277	230	16	4	52	18	369	73	190	404	259
V203	322	277	16	186	196	549	381	7	284	124	305
V204	16	12	27	350	82	311	219	197	332	136	42
V205	290	699	183	42	78	111	237	1	148	135	365
V206	88	112	179	154	93	101	176	105	132	295	90
V207	118	30	23	55	207	293	207	24	135	270	106
V208	110	18	52	370	493	117	491	965	51	249	109
V209	274	407	211	148	435	4	4	267	187	98	267
V210	661	77	373	335	412	98	253	76	74	17	457
V211	212	222	33	105	4	266	8	6	147	137	216
V212	138	101	1	458	35	63	9	340	373	502	123
V213	181	123	147	184	294	87	153	0	394	246	145
V214	14	88	333	240	196	93	16	165	196	128	61
V215	118	108	26	4	440	225	174	259	194	24	144
V216	99	634	844	81	748	77	249	191	223	141	255
V217	425	278	10	40	87	251	44	4	9	84	355
V218	507	229	639	28	262	269	24	88	109	308	413
V219	56	285	369	6	47	116	553	55	43	54	109
V220	201	10	36	21	55	152	203	270	69	118	167
V221	9	38	169	131	191	5	156	229	9	39	27
V222	654	424	23	6	97	10	144	78	60	45	546
V223	307	51	178	9	16	26	394	417	278	68	222
V224	104	226	124	42	5	235	88	299	430	66	131
V225	187	51	23	39	200	107	118	148	155	1053	137
V226	523	58	354	31	384	45	553	232	54	293	418
V227	242	61	32	6	72	34	407	73	1066	309	232
V228	0	98	485	96	74	2	3	302	41	75	34
V229	74	11	660	74	722	268	75	83	356	390	87
V230	121	59	92	583	571	301	143	489	255	50	128
V231	419	341	60	126	174	231	329	255	479	106	390
V232	219	177	176	672	290	673	440	183	69	13	232
V233	60	116	125	288	449	163	305	4	9	467	83
V234	200	20	71	447	375	362	5	263	98	143	183
V235	22	12	48	688	193	99	207	134	628	178	47
V236	115	471	35	138	140	489	40	280	14	133	187
V237	147	236	122	130	2	444	145	96	154	77	173
V238	45	411	300	165	289	125	259	328	242	163	117
V239	27	167	108	622	215	128	356	1092	133	95	85
V240	129	357	787	36	138	9	132	721	197	62	201
V241	98	108	256	135	285	66	417	347	55	371	96
V242	130	26	112	237	144	26	519	153	88	217	100
V243	341	43	85	71	378	271	264	226	190	83	269
V244	17	102	504	58	468	20	80	149	18	537	62
V245	96	211	25	156	115	104	647	52	105	312	135
V246	61	81	163	46	781	105	764	371	48	217	109
V247	251	92	286	497	78	420	44	212	136	151	213
V248	120	304	9	406	742	119	107	71	4	270	160
V249	119	191	72	78	207	147	15	17	328	316	160
V250	65	264	0	441	206	28	150	177	164	135	119
V251	153	67	42	542	115	34	217	67	61	98	141
V252	815	472	18	2	216	23	130	91	101	231	676
V253	78	336	545	69	113	78	217	63	112	138	140
V254	31	37	50	383	64	24	76	207	22	137	42
V255	510	587	62	321	391	97	88	15	1276	108	521
V256	330	66	15	203	182	208	64	10	277	252	265
V257	43	82	498	410	131	934	136	487	268	234	87
V258	49	234	8	264	67	122	51	5	232	228	108
V259	237	530	752	15	112	181	427	383	417	170	278
V260	157	138	296	109	252	5	312	96	45	27	139
V261	155	354	29	489	206	12	18	163	350	334	203
V262	556	38	201	62	24	351	39	10	406	172	402
V263	18	19	153	563	276	5	25	338	45	109	46
V264	43	231	109	222	47	233	134	157	80	57	91
V265	163	142	186	237	480	157	177	16	17	159	149
V266	275	300	808	172	293	138	119	131	36	32	275
V267	3	68	83	979	88	290	104	226	292	153	37
V268	43	98	472	39	361	645	55	33	325	276	74
V269	207	192	378	47	392	10	497	170	44	179	198
V270	28	427	658	145	44	432	86	86	199	46	123
V271	92	552	399	550	28	330	18	306	454	32	201
V272	183	1567	45	1494	271	0	52	131	95	100	498
V273	563	908	58	123	24	482	43	295	43	203	558
V274	593	369	3	361	119	5	57	199	84	85	512
V275	135	102	260	0	29	721	180	107	262	17	132
V276	117	224	151	61	200	74	175	60	176	555	155
V277	54	104	452	59	15	68	3	623	70	175	69
V278	286	163	100	11	151	70	108	93	9	108	246
V279	24	5	208	9	124	10	26	353	808	203	51
V280	432	186	5	279	44	115	147	173	26	433	343
V281	35	23	282	87	141	282	379	57	255	285	47
V282	310	91	35	143	128	93	108	24	158	9	256
V283	233	1025	169	345	149	102	744	12	42	132	383
V284	165	379	173	337	214	49	90	788	118	588	198
V285	235	120	347	170	197	293	0	348	82	77	208
V286	0	25	195	359	41	99	187	71	15	166	10
V287	8	120	117	180	70	172	38	59	23	108	39
V288	11	113	180	113	827	574	13	407	797	200	82
V289	231	136	247	281	87	117	717	305	60	184	208
V290	8	36	999	269	257	947	180	84	89	127	38
V291	211	136	229	458	613	1272	213	156	310	5	210
V292	250	52	358	14	761	103	34	537	0	232	225
V293	273	212	81	51	3	270	3	227	108	491	240
V294	465	163	200	340	681	97	44	47	80	39	381
V295	87	311	346	92	132	192	0	533	17	40	152
V296	266	75	114	338	47	50	146	143	322	129	238
V297	85	36	257	198	41	396	26	75	232	314	79
V298	362	182	19	10	555	30	51	198	11	239	325
V299	72	68	254	109	99	22	195	87	114	41	82
V300	355	79	23	789	214	11	11	303	58	193	281
V301	6	283	1	178	160	35	235	42	360	225	72
V302	319	115	399	28	340	735	169	73	107	291	250
V303	50	325	245	33	126	375	400	4	355	47	122
V304	102	6	51	19	230	154	254	180	179	26	79
V305	78	20	95	155	81	55	190	121	123	54	82
V306	450	57	113	117	42	92	42	101	191	36	336
V307	298	601	24	159	224	168	487	17	149	16	381
V308	26	686	120	199	9	104	195	192	10	388	169
V309	283	135	379	45	5	35	108	282	267	150	231
V310	196	443	238	152	349	16	55	297	12	42	244
V311	190	46	124	12	171	133	174	148	174	109	155
V312	190	501	117	540	74	18	77	192	296	468	254
V313	3	96	206	219	64	212	130	350	296	2	43
V314	106	311	82	170	164	0	86	150	282	135	165
V315	381	44	42	124	96	73	648	195	240	838	288
V316	458	308	163	6	16	307	40	324	219	37	392
V317	45	55	156	599	57	170	32	809	184	393	84
V318	634	108	488	56	194	208	199	13	4	260	488
V319	33	16	95	440	70	23	193	145	449	292	54
V320	0	117	31	818	11	84	41	369	162	313	50
V321	98	657	3	94	193	350	6	78	53	118	201
V322	22	68	248	98	130	525	130	164	140	478	49
V323	101	10	119	149	72	294	39	103	358	48	99
V324	1	414	190	309	195	43	338	154	21	237	89
V325	180	159	274	467	258	3	79	171	165	343	177
V326	43	251	713	171	156	415	7	568	70	138	101
V327	98	308	116	30	104	127	221	228	15	61	169
V328	106	8	764	313	2	284	160	42	46	362	96
V329	45	3	63	11	139	46	52	23	207	388	47
V330	61	391	605	20	47	2	124	1	202	130	125
V331	100	517	88	125	70	31	295	374	424	574	183
V332	121	8	329	243	63	167	39	55	25	69	85
V333	1	452	157	41	199	44	110	12	626	22	109
V334	521	526	166	579	3	109	374	831	208	38	474
V335	704	281	202	48	290	140	23	36	175	269	567
V336	678	159	99	84	151	158	146	158	101	298	544
V337	99	436	53	37	72	271	35	91	128	345	186
V338	544	167	56	26	412	200	123	374	174	53	461
V339	231	17	148	48	195	4	139	40	279	342	198
V340	15	124	84	202	311	215	104	30	683	265	66
V341	55	327	4	124	36	163	67	12	241	228	144
V342	35	104	107	521	3	403	35	221	106	252	67
V343	33	385	35	225	89	155	125	91	12	29	105
V344	148	38	176	0	289	384	81	342	241	320	143
V345	127	81	220	44	237	99	92	141	47	298	113
V346	0	558	117	143	48	67	223	190	186	24	127
V347	268	218	277	854	920	11	254	252	213	16	276
V348	7	48	206	109	76	22	112	27	10	394	25
V349	621	112	98	19	79	59	265	222	171	155	476
V350	6	93	49	109	903	88	265	1074	228	14	47
V351	762	184	87	137	24	61	235	86	540	96	632
V352	58	524	35	534	106	96	572	110	423	87	188
V353	123	121	448	614	26	84	577	32	5	298	143
V354	92	600	106	42	242	1283	58	59	209	37	182
V355	38	31	194	16	309	70	76	109	1	148	48
V356	45	43	241	77	148	74	100	66	34	297	56
V357	101	16	5	458	97	210	69	208	230	94	107
V358	165	25	74	123	85	143	62	425	78	963	159
V359	466	238	197	34	291	433	164	130	110	40	407
V360	384	72	155	130	2	91	26	183	185	299	348
V361	302	207	80	738	236	652	53	70	209	347	270
V362	375	124	45	1	485	535	61	908	45	73	289
V363	61	165	362	99	79	44	85	743	278	74	112
V364	310	191	12	577	597	46	334	19	22	11	263
V365	109	141	66	27	643	221	24	53	40	245	116
V366	526	481	99	327	119	620	98	53	96	288	465
V367	232	80	16	234	273	293	551	130	182	144	208
V368	97	92	115	162	66	19	16	30	282	44	101
V369	165	517	333	38	392	270	131	1555	589	134	287
V370	206	4	191	89	414	779	12	865	218	414	182
V371	107	57	668	172	180	166	126	126	137	154	112
V372	69	34	105	328	164	433	216	22	42	17	78
V373	112	798	320	64	252	411	132	39	247	146	256
V374	61	27	4	135	124	24	148	79	254	244	70
V375	28	104	338	173	517	153	281	251	52	164	56
V376	19	414	26	42	163	269	307	275	440	12	113
V377	180	395	730	23	0	97	300	91	110	170	224
V378	31	508	278	388	168	193	186	67	131	382	153
V379	142	67	2	115	44	348	364	179	11	125	112
V380	35	4	430	228	204	188	37	341	99	149	46
V381	25	649	272	166	206	10	56	31	792	364	178
V382	9	272	283	369	27	168	18	158	297	114	79
V383	271	79	161	140	57	236	361	23	146	238	211
V384	570	324	618	80	145	131	174	39	68	221	515
V385	132	86	568	78	10	200	123	173	153	64	136
V386	181	334	146	252	129	156	50	186	225	137	231
V387	111	665	101	58	273	124	18	1068	5	35	235
V388	149	159	285	449	324	13	192	161	110	297	170
V389	26	68	105	97	353	365	42	91	270	358	59
V390	5	29	215	213	110	301	25	4	90	301	23
V391	98	21	31	535	37	16	19	199	260	41	97
V392	7	15	497	393	225	145	584	146	7	192	21
V393	181	60	31	187	483	200	238	199	203	326	159
V394	107	35	118	350	143	57	42	20	299	393	97
V395	459	8	31	190	119	4	158	73	6	1652	348
V396	10	56	199	316	32	48	262	95	10	17	27
V397	352	15	123	150	38	132	100	4	59	319	286
V398	30	60	13	45	16	93	604	100	23	243	50
V399	188	101	230	12	235	17	46	114	26	63	149
V400	411	3	132	81	86	236	197	197	63	64	288
V401	56	430	44	290	207	250	238	63	21	56	140
V402	66	90	544	457	38	164	602	389	128	447	94
V403	213	238	15	144	464	322	577	16	217	27	217
V404	49	388	35	28	211	12	316	651	243	149	135
V405	136	154	174	58	239	146	91	20	29	17	156
V406	41	22	234	548	59	4	573	53	511	389	61
V407	11	23	226	280	310	91	1020	63	22	185	14
V408	58	139	18	483	20	53	206	138	344	172	86
V409	65	127	275	272	387	303	149	0	113	32	89
V410	98	35	32	236	224	74	488	291	213	325	107
V411	190	598	217	295	78	493	1336	1019	69	158	269
V412	176	400	184	440	480	21	115	605	41	261	245
V413	140	377	27	117	179	64	462	165	192	560	188
V414	143	58	274	358	237	9	327	28	9	303	131
V415	335	5	275	72	11	261	435	48	269	34	236
V416	25	4	81	634	148	288	81	23	79	86	43
V417	1061	43	48	98	20	83	47	317	481	30	817
V418	14	216	490	225	300	81	173	136	293	473	88
V419	101	444	42	329	33	757	407	31	217	73	171
V420	16	115	63	33	622	189	122	381	30	58	57
V421	552	412	309	180	39	102	30	5	512	51	506
V422	312	194	145	2	187	207	13	269	186	414	259
V423	9	173	14	8	19	563	108	114	137	104	63
V424	115	104	553	63	146	171	163	22	237	36	104
V425	86	263	231	90	198	22	333	101	47	70	109
V426	25	391	248	301	486	275	9	43	3	16	126
V427	115	96	6	178	198	779	519	518	67	26	121
V428	37	6	206	92	9	172	359	341	128	237	28
V429	23	32	144	50	8	346	130	119	202	455	39
V430	280	235	11	50	49	60	67	137	52	331	269
V431	110	8	607	12	365	116	153	70	118	119	102
V432	841	2	381	217	423	9	7	46	92	133	624
V433	215	10	75	50	1358	269	78	5	325	204	195
V434	53	84	209	321	362	363	587	73	233	496	75
V435	279	211	114	16	279	138	25	197	278	523	251
V436	47	61	369	157	294	242	51	199	66	422	57
V437	129	404	33	220	54	203	48	504	27	136	210
V438	162	495	180	225	100	276	111	381	73	183	251
V439	170	34	163	175	188	54	94	10	53	322	169
V440	321	369	15	46	121	46	4	765	8	436	305
V441	424	115	117	25	50	10	443	26	113	84	336
V442	154	99	257	40	34	193	223	216	387	171	154
V443	19	56	101	215	395	230	94	329	237	263	38
V444	248	41	24	767	168	424	439	90	161	19	220
V445	174	353	7	3	25	279	135	261	140	290	196
V446	140	27	61	50	87	279	6	75	209	317	131
V447	62	33	59	195	5	40	169	297	2	78	57
V448	207	59	98	177	55	824	395	138	514	134	190
V449	372	41	20	135	137	439	11	134	5	249	300
V450	268	240	366	79	118	125	164	62	120	44	254
V451	1234	184	989	224	733	316	80	134	93	137	887
V452	201	315	75	592	105	173	350	209	161	58	238
V453	66	126	466	285	160	46	62	44	103	68	90
V454	78	28	147	284	23	66	38	120	16	295	88
V455	225	109	694	238	547	286	523	49	0	32	192
V456	115	712	173	357	539	175	77	74	226	32	246
V457	18	278	42	87	58	152	90	55	853	64	109
V458	185	17	30	409	114	346	67	269	570	46	161
V459	307	44	380	37	465	135	53	300	7	48	209
V460	40	623	102	76	142	79	78	258	92	136	168
V461	140	154	20	94	204	402	228	7	250	185	145
V462	348	356	8	232	66	228	57	15	102	129	343
V463	321	165	536	76	3	251	166	164	52	483	272
V464	142	437	128	56	412	106	174	8	5	55	198
V465	151	100	483	466	89	58	346	90	179	463	154
V466	447	18	299	146	61	245	119	106	122	168	332
V467	89	110	196	264	75	458	304	390	52	99	95
V468	25	246	281	59	111	163	489	36	10	751	80
V469	137	5	19	68	232	170	105	14	13	298	106
V470	215	153	102	279	192	65	16	326	17	275	189
V471	439	40	301	159	279	409	364	52	164	274	325
V472	59	147	301	156	150	11	59	66	58	96	83
V473	441	204	59	480	198	506	128	70	144	443	380
V474	520	332	172	243	317	263	532	46	4	96	423
V475	120	116	609	114	107	48	143	577	37	431	105
V476	207	18	1182	126	12	82	254	337	291	51	178
V477	18	102	246	11	5	12	276	49	325	2	52
V478	39	462	102	404	179	198	335	23	136	93	149
V479	56	2	12	2	223	11	605	121	101	121	58
V480	306	124	35	295	109	91	3	191	280	64	272
V481	599	476	122	302	211	47	155	324	613	111	541
V482	150	470	75	97	76	3	62	21	712	13	206
V483	208	60	99	154	161	453	11	171	353	74	191
V484	126	330	165	109	146	207	442	44	162	331	196
V485	516	113	13	187	175	136	304	41	27	243	380
V486	38	230	301	77	32	51	529	31	13	485	93
V487	166	8	234	102	545	743	574	108	37	719	147
V488	177	250	64	82	242	14	111	12	131	166	170
V489	89	113	63	163	833	31	36	88	2	275	99
V490	114	1270	23	1020	190	51	144	81	355	1359	381
V491	135	88	206	31	113	23	139	30	440	247	141
V492	139	117	140	8	39	160	222	29	289	231	143
V493	223	119	370	311	173	343	581	174	302	260	201
V494	83	362	96	46	535	132	364	76	128	206	160
V495	298	237	370	611	335	90	165	89	579	914	311
V496	24	45	20	150	239	834	243	295	8	229	37
V497	113	142	233	284	90	254	256	108	72	184	112
V498	92	89	38	795	78	3	83	226	712	97	143
V499	427	540	180	25	31	174	193	108	508	729	452
V500	117	587	201	171	137	121	104	259	60	166	219
