Source001	Source002	Source003	Source004	Source005	Source006	Source007	Source008	Source009	Source010	Sink
V1	380	387	121	159	259	71	139	53	372	181	361
V2	79	43	343	70	174	152	146	1145	89	151	88
V3	57	87	385	3	91	138	11	1051	71	16	73
V4	33	203	53	98	111	292	121	102	103	362	83
V5	293	2	21	247	9	14	180	1	195	16	212
V6	22	173	38	463	414	19	336	53	333	186	69
V7	191	129	343	260	201	46	143	144	250	7	168
V8	22	288	260	272	150	37	305	172	17	54	87
V9	92	287	129	230	106	105	247	60	158	404	162
V10	145	572	55	198	120	21	151	152	254	152	257
V11	175	133	16	326	137	57	577	72	78	380	199
V12	36	449	248	254	332	334	62	138	74	18	126
V13	112	3	318	252	477	517	92	695	76	175	95
V14	117	375	286	37	270	57	35	33	103	153	159
V15	253	378	161	59	449	0	38	190	63	107	298
V16	343	66	258	644	499	413	206	151	556	418	323
V17	310	399	4	181	25	228	172	9	264	34	294
V18	35	1	271	516	1	157	349	99	50	206	52
V19	79	377	8	172	548	15	173	63	111	384	172
V20	1	253	105	297	23	124	54	331	5	434	73
V21	429	107	236	340	334	448	96	258	65	104	353
V22	143	17	278	293	411	214	1425	161	54	228	151
V23	127	146	271	348	199	35	13	0	369	85	130
V24	115	91	17	31	256	22	107	172	26	2	104
V25	377	276	95	18	490	202	843	40	553	116	334
V26	263	128	131	36	196	180	169	206	16	27	211
V27	158	59	160	129	7	390	552	559	166	51	158
V28	113	239	218	74	20	389	37	328	293	90	127
V29	325	69	265	572	252	5	1	47	113	784	281
V30	15	104	168	361	106	923	202	872	79	71	41
V31	261	7	553	61	210	121	454	355	6	103	214
V32	194	155	212	183	49	316	78	355	157	10	176
V33	330	19	303	556	22	148	95	132	469	254	260
V34	4	78	23	88	168	10	328	749	38	93	25
V35	28	119	228	207	350	71	214	41	41	0	63
V36	454	207	81	4	238	67	44	257	7	83	386
V37	111	61	209	130	198	176	120	91	4	417	109
V38	99	92	50	212	149	122	3	93	402	28	99
V39	696	23	201	773	219	238	116	322	336	92	492
V40	22	310	135	13	53	310	130	33	176	65	89
V41	385	248	289	28	12	83	180	275	239	46	309
V42	863	23	178	493	62	50	163	97	441	164	625
V43	33	117	456	374	152	200	55	165	699	166	68
V44	309	92	22	34	18	22	46	55	43	258	245
V45	83	93	60	160	383	131	322	887	74	343	107
V46	100	271	82	57	86	155	259	381	593	338	165
V47	149	14	13	368	59	447	118	32	438	146	117
V48	179	45	295	25	9	91	273	503	265	17	128
V49	26	53	17	52	667	268	84	124	187	148	57
V50	86	301	168	205	192	298	202	543	179	90	157
V51	7	39	155	323	8	56	108	476	269	39	20
V52	232	215	51	35	60	212	443	254	664	133	211
V53	61	246	101	66	141	118	170	193	80	12	93
V54	260	72	108	63	489	200	282	55	56	32	188
V55	436	81	225	131	37	22	196	76	225	117	317
V56	433	334	366	405	123	207	49	196	225	174	360
V57	314	87	175	187	121	169	54	172	237	92	251
V58	59	228	305	212	22	165	180	439	379	144	112
V59	1084	8	128	88	225	160	334	192	13	87	755
V60	25	797	59	79	83	37	110	40	27	301	199
V61	105	251	522	42	47	216	190	44	2	288	161
V62	1	38	181	557	1286	399	78	186	1085	129	49
V63	157	57	462	32	14	51	503	206	517	156	135
V64	1	242	923	523	82	152	631	115	17	213	74
V65	263	64	64	167	652	142	7	203	195	191	190
V66	151	461	568	31	13	15	97	118	168	51	225
V67	208	30	151	50	13	173	90	25	422	4	158
V68	749	483	76	316	103	281	98	100	125	469	664
V69	130	60	63	2	51	81	110	22	7	47	115
V70	217	40	89	260	6	198	55	334	198	96	161
V71	23	300	94	22	103	531	51	82	174	408	105
V72	13	38	338	610	5	293	170	6	25	250	52
V73	298	17	11	182	239	52	376	839	52	1745	292
V74	55	51	266	166	214	530	30	77	66	273	68
V75	505	47	39	91	402	53	171	169	268	71	380
V76	180	108	158	254	243	78	380	209	89	34	155
V77	45	73	44	528	225	206	133	256	288	124	75
V78	365	181	527	157	360	91	30	191	11	90	310
V79	219	273	257	28	36	201	277	23	180	287	216
V80	69	211	368	390	143	111	11	123	212	67	97
V81	175	29	65	6	214	60	101	105	204	12	125
V82	161	315	8	953	243	66	131	242	446	146	193
V83	403	186	398	234	135	621	426	78	10	26	373
V84	258	248	43	83	214	368	401	792	100	73	237
V85	61	397	30	85	367	423	180	9	423	84	148
V86	336	7	134	220	38	202	288	89	327	58	249
V87	205	434	139	130	86	426	35	505	32	422	247
V88	37	1	47	169	62	12	133	148	52	387	60
V89	88	39	365	56	126	432	202	34	319	148	104
V90	260	135	157	43	159	218	554	13	218	42	206
V91	203	50	14	296	17	380	304	154	21	77	167
V92	4	5	133	65	802	452	669	52	27	15	22
V93	195	336	154	465	62	64	142	95	32	323	219
V94	243	34	286	360	85	534	18	190	1	43	184
V95	59	110	73	187	102	442	148	464	44	340	99
V96	77	219	188	67	194	222	167	253	390	75	110
V97	661	189	263	211	128	4	73	541	13	21	515
V98	26	205	788	812	456	214	898	223	125	361	113
V99	238	21	295	158	8	197	129	256	367	6	189
V100	304	320	94	86	12	288	58	271	125	694	296
V101	22	49	5	244	432	530	51	195	22	428	61
V102	406	37	226	60	377	112	163	44	285	352	303
V103	300	148	79	59	159	219	20	657	183	226	252
V104	71	139	35	359	440	299	20	722	87	194	90
V105	1	63	258	173	549	122	30	343	198	157	36
V106	317	372	32	316	117	198	286	260	9	43	295
V107	7	65	101	87	144	253	94	275	320	83	33
V108	242	35	304	212	394	11	365	19	209	519	199
V109	106	76	628	316	453	106	116	49	218	171	115
V110	653	3	16	98	11	76	421	79	215	378	472
V111	149	58	467	81	438	209	4	57	5	199	151
V112	601	73	60	184	138	922	40	294	120	85	433
V113	22	117	473	25	360	44	151	159	149	257	73
V114	20	26	158	81	229	10	236	182	17	599	42
V115	276	547	31	376	17	204	3	374	270	327	326
V116	154	215	119	257	143	146	77	194	44	40	166
V117	217	180	171	11	28	115	132	551	228	295	226
V118	40	226	31	130	45	213	15	318	282	11	73
V119	62	103	240	229	239	340	337	253	11	28	58
V120	230	30	160	472	155	60	149	252	157	462	178
V121	37	144	177	373	120	75	256	208	22	83	76
V122	2	225	63	231	15	416	533	27	123	104	58
V123	574	37	69	12	3	48	101	11	358	43	409
V124	151	532	312	310	736	10	163	189	635	505	246
V125	270	212	34	259	42	70	49	572	58	326	260
V126	286	275	254	10	360	33	20	143	784	119	308
V127	294	139	541	67	37	39	239	251	307	236	249
V128	167	512	128	463	67	73	150	37	23	134	239
V129	17	328	154	184	130	443	251	92	112	276	96
V130	73	268	368	309	43	2	243	322	61	227	116
V131	196	296	163	63	117	103	606	630	260	204	211
V132	311	143	1	484	91	439	186	52	145	187	281
V133	20	497	10	6	161	265	146	11	635	318	122
V134	301	427	180	154	565	65	84	17	120	20	348
V135	182	169	242	293	24	1051	70	173	22	175	178
V136	2	228	423	150	76	93	528	34	19	220	81
V137	75	539	112	66	259	43	90	22	437	14	193
V138	480	770	86	39	179	144	12	656	310	218	494
V139	137	51	112	94	121	12	15	197	456	66	112
V140	165	130	145	217	149	151	27	600	269	52	155
V141	35	30	290	70	102	86	92	1066	305	98	45
V142	100	2	210	507	148	446	559	240	737	82	92
V143	180	500	500	275	518	234	101	100	9	24	238
V144	409	65	411	18	133	339	485	371	27	119	329
V145	1	318	21	85	144	112	108	306	411	13	73
V146	119	167	37	306	209	113	208	20	42	89	121
V147	32	625	73	99	281	37	123	4	27	121	158
V148	73	37	71	14	68	597	14	308	243	174	82
V149	334	59	113	278	70	1128	131	309	32	223	292
V150	323	2	63	223	291	223	23	206	4	40	218
V151	17	417	582	82	92	162	36	21	230	223	117
V152	115	155	88	154	19	254	18	21	182	20	138
V153	244	426	476	30	62	372	603	526	37	138	276
V154	335	28	149	108	202	200	145	842	189	282	265
V155	398	202	7	332	84	215	1006	66	87	33	326
V156	387	61	106	169	72	588	58	335	613	13	302
V157	152	269	1	192	88	226	107	145	151	423	168
V158	306	439	312	354	200	289	353	102	48	66	294
V159	23	18	6	73	115	689	593	308	4	160	27
V160	135	11	467	755	260	312	14	165	103	35	112
V161	5	18	102	125	188	261	57	332	25	98	26
V162	32	313	132	63	438	339	589	99	105	385	126
V163	94	4	156	136	316	69	18	653	74	185	95
V164	48	8	23	11	335	87	138	40	74	98	43
V165	57	119	247	77	240	337	119	503	152	415	88
V166	119	62	110	97	14	260	9	79	314	164	107
V167	144	343	472	406	193	30	25	62	299	43	194
V168	28	13	85	288	293	47	21	53	154	9	40
V169	109	87	76	527	117	31	334	273	114	188	113
V170	127	21	75	701	217	50	643	50	79	134	86
V171	407	51	315	66	175	149	73	305	263	23	341
V172	15	183	81	88	55	158	5	176	46	18	59
V173	83	456	194	8	22	126	322	7	41	60	144
V174	118	277	210	599	96	171	407	113	155	11	148
V175	109	481	178	34	46	331	184	83	55	42	173
V176	37	855	293	363	402	49	815	84	58	76	212
V177	95	340	376	20	410	307	55	20	185	34	147
V178	235	55	97	207	34	5	362	557	37	56	179
V179	17	43	90	44	302	193	3	19	3	92	40
V180	54	397	167	202	53	11	142	282	268	244	127
V181	604	130	156	127	51	95	132	64	116	236	493
V182	159	588	63	387	627	0	29	25	333	265	246
V183	134	166	100	20	160	480	180	130	68	240	142
V184	194	182	62	55	41	190	12	318	178	18	177
V185	117	31	14	25	280	312	96	308	364	421	107
V186	83	40	242	28	58	43	233	197	125	27	75
V187	255	166	79	20	545	80	65	256	54	76	248
V188	344	745	141	331	36	403	102	250	284	853	453
V189	27	243	26	729	158	13	433	372	148	2	81
V190	100	117	487	30	256	382	404	385	39	127	121
V191	7	147	406	180	82	222	218	86	38	299	60
V192	84	65	763	181	123	259	636	209	124	167	103
V193	88	121	186	508	96	174	146	76	332	148	105
V194	111	514	251	276	189	270	618	44	17	42	191
V195	31	166	25	106	73	259	192	34	571	213	69
V196	365	115	165	127	5	20	140	95	142	19	271
V197	50	117	181	4	34	299	547	128	51	5	81
V198	137	277	647	191	87	25	75	394	68	162	179
V199	232	14	137	144	481	238	332	84	334	72	189
V200	4	91	189	88	32	231	29	45	370	218	35
V201	1063	47	202	29	250	219	58	460	22	122	753
V202	92	350	326	271	117	49	231	179	31	496	180
V203	398	193	478	90	1158	51	25	123	220	452	398
V204	207	40	69	546	164	119	528	130	47	261	176
V205	461	123	616	27	316	246	0	349	91	51	369
V206	220	386	188	198	128	248	419	68	195	660	257
V207	126	116	95	25	469	190	202	280	517	113	128
V208	379	195	98	157	1185	149	82	315	156	601	349
V209	864	253	594	193	27	124	15	434	379	23	677
V210	175	0	13	51	292	290	207	171	21	92	144
V211	241	417	132	547	129	605	2	1	333	243	263
V212	410	118	141	40	446	388	140	135	118	34	339
V213	93	597	677	44	484	10	193	180	163	418	248
V214	39	592	2	220	419	39	271	880	169	1109	173
V215	1	186	467	213	3	336	21	82	311	303	58
V216	538	50	254	43	4	89	37	124	65	308	415
V217	29	80	10	18	144	189	9	70	120	226	49
V218	310	176	78	170	79	11	211	80	324	49	239
V219	142	9	632	9	197	353	110	26	8	20	134
V220	103	362	163	93	451	57	136	112	75	54	158
V221	87	139	216	247	107	107	293	196	103	9	85
V222	15	312	97	19	36	197	85	23	53	1142	143
V223	451	325	301	240	71	460	67	362	364	173	443
V224	81	57	196	44	54	425	44	385	218	456	103
V225	73	125	171	198	276	197	464	212	132	93	112
V226	467	84	52	283	81	70	208	132	105	71	381
V227	693	490	181	46	131	228	98	208	114	127	578
V228	19	114	163	13	194	84	20	119	64	162	46
V229	233	212	6	356	80	707	41	2	288	223	222
V230	18	51	326	295	225	275	155	57	903	306	54
V231	111	123	828	46	112	290	198	75	96	10	130
V232	227	72	306	167	48	11	173	464	373	223	210
V233	143	217	145	378	406	253	34	157	74	167	165
V234	278	90	447	8	7	299	128	37	276	55	216
V235	17	575	73	39	512	167	362	36	132	132	176
V236	5	196	86	333	172	11	161	52	102	590	75
V237	90	274	797	124	180	118	28	16	308	130	174
V238	62	9	692	3	73	69	12	52	5	258	68
V239	95	64	152	492	280	272	23	31	189	34	96
V240	167	527	365	12	441	804	45	11	152	136	236
V241	4	291	108	234	147	91	13	105	99	107	61
V242	358	103	110	166	30	746	95	103	42	312	296
V243	211	391	98	294	503	96	35	298	204	308	234
V244	220	25	70	167	153	104	275	429	45	501	196
V245	240	82	94	211	130	33	246	61	102	78	212
V246	203	474	60	145	76	25	103	843	114	34	216
V247	44	523	554	599	26	186	691	97	260	293	148
V248	151	17	112	126	19	53	92	28	144	79	110
V249	699	89	122	85	262	531	558	96	130	157	535
V250	66	36	204	177	74	129	229	8	93	31	69
V251	165	141	179	101	11	9	19	339	226	533	183
V252	33	48	102	39	57	33	477	476	502	33	34
V253	375	45	174	10	76	34	282	98	5	425	302
V254	223	87	304	295	541	245	91	202	13	360	202
V255	989	10	339	73	829	192	25	195	590	287	778
V256	361	22	132	64	234	51	359	234	129	116	278
V257	33	876	186	453	344	136	15	124	61	4	201
V258	12	81	185	88	367	72	52	149	91	240	50
V259	371	66	98	795	149	224	371	324	247	95	276
V260	278	288	631	179	98	496	20	197	317	52	288
V261	181	518	153	256	205	256	559	154	773	40	224
V262	0	58	76	170	449	691	270	157	357	130	31
V263	151	514	214	234	149	332	90	150	233	143	211
V264	8	163	813	42	199	122	89	36	173	123	63
V265	144	66	549	403	49	132	156	9	64	73	152
V266	552	38	147	2	211	2	216	413	181	106	368
V267	178	33	413	133	109	103	507	523	90	199	166
V268	218	57	27	1	109	57	486	434	172	308	188
V269	170	216	660	294	46	497	254	87	33	166	187
V270	34	125	302	102	668	143	407	4	322	39	60
V271	138	55	93	20	252	0	0	27	334	252	137
V272	7	62	150	102	184	588	546	21	853	342	54
V273	187	98	344	103	16	59	102	373	86	393	166
V274	681	132	96	225	120	0	350	416	107	317	508
V275	139	141	411	8	183	160	361	360	190	11	142
V276	28	98	184	40	231	134	60	104	302	272	44
V277	853	72	69	577	13	38	252	24	267	58	639
V278	103	950	50	77	401	61	121	22	241	5	283
V279	191	185	568	55	211	26	159	111	196	26	199
V280	18	270	122	123	215	114	41	54	252	223	94
V281	118	322	10	577	589	142	107	172	229	75	141
V282	3	70	222	283	50	209	349	537	117	19	30
V283	23	737	320	512	561	677	71	3	46	127	200
V284	213	326	102	24	197	335	294	123	108	154	216
V285	205	283	113	217	49	123	292	0	258	575	227
V286	117	62	36	436	143	130	14	278	70	8	109
V287	105	109	200	65	25	51	64	177	310	168	114
V288	119	80	162	156	146	227	23	117	258	150	116
V289	389	89	265	1	84	181	42	181	150	438	309
V290	72	47	309	75	784	336	284	40	155	290	97
V291	9	155	326	8	49	110	0	350	270	277	56
V292	419	287	26	298	282	192	117	2	4	385	356
V293	133	92	217	431	152	114	221	119	89	26	113
V294	285	81	516	2	224	308	60	301	277	145	228
V295	219	235	16	50	276	56	393	202	286	758	265
V296	689	441	1	166	66	138	246	112	72	730	608
V297	377	150	332	81	23	35	25	600	94	117	291
V298	18	344	134	91	165	8	425	291	21	27	81
V299	342	280	191	210	176	55	113	142	22	309	328
V300	138	446	453	255	151	355	33	81	235	259	248
V301	168	236	957	110	209	190	65	21	188	301	197
V302	115	43	17	84	91	78	37	50	366	238	101
V303	298	310	13	12	48	2	37	39	363	151	290
V304	33	145	93	115	176	118	387	556	77	100	58
V305	125	223	342	197	105	128	237	85	164	0	126
V306	29	56	179	129	394	74	56	16	231	106	47
V307	208	0	49	138	195	31	50	63	46	138	179
V308	204	28	16	142	117	40	406	344	9	291	153
V309	226	288	58	79	181	134	136	650	562	496	227
V310	425	158	102	483	134	246	142	514	244	31	332
V311	18	312	123	702	120	68	315	295	467	70	91
V312	271	47	15	616	121	11	2	45	98	440	193
V313	56	15	149	430	46	267	949	18	126	440	70
V314	382	230	35	452	219	67	34	363	198	10	360
V315	365	154	5	140	714	8	113	619	249	286	275
V316	153	22	463	54	166	46	507	172	122	1	123
V317	431	580	658	158	352	294	68	120	141	174	477
V318	59	347	64	152	3	130	708	238	191	205	129
V319	715	72	240	174	54	5	80	135	106	244	557
V320	320	172	604	65	147	182	64	80	129	216	289
V321	117	33	274	130	286	13	94	31	119	128	101
V322	28	568	52	280	280	362	159	77	64	468	141
V323	582	26	369	111	532	236	17	22	47	117	451
V324	57	49	460	379	58	11	22	137	74	258	57
V325	29	19	218	190	289	824	73	114	51	648	47
V326	82	192	38	47	14	97	474	452	8	866	142
V327	350	530	12	241	97	362	104	102	211	264	369
V328	522	560	192	584	264	228	30	97	440	13	496
V329	195	93	556	270	61	12	823	38	65	194	176
V330	83	126	72	129	83	473	475	91	290	119	109
V331	115	141	90	59	211	89	198	0	544	316	155
V332	242	100	31	52	20	0	43	12	67	725	226
V333	300	50	160	36	348	853	219	80	286	57	287
V334	311	64	377	512	68	303	177	22	10	62	213
V335	51	59	220	277	212	218	33	43	496	99	69
V336	382	22	454	156	22	667	20	110	43	262	319
V337	173	31	203	11	154	1113	9	195	39	46	170
V338	10	144	144	234	8	126	630	536	64	256	45
V339	253	38	73	186	544	26	24	220	209	43	205
V340	138	220	110	359	276	115	34	216	7	336	195
V341	21	208	74	514	44	37	222	179	60	529	80
V342	70	51	23	9	24	29	126	212	263	122	73
V343	124	114	32	16	0	441	238	23	187	215	141
V344	31	707	173	244	9	517	181	5	471	99	166
V345	212	49	98	70	81	447	64	1	366	275	163
V346	355	380	87	676	21	216	2	300	148	86	363
V347	212	377	149	6	311	38	59	160	51	0	235
V348	168	183	58	199	916	23	480	165	429	145	205
V349	508	34	415	373	102	552	196	56	306	68	397
V350	283	298	243	213	16	231	50	208	321	428	278
V351	767	129	24	80	65	2	43	93	55	368	586
V352	2	56	154	121	824	194	70	51	489	41	36
V353	144	59	26	2	561	21	91	24	209	186	133
V354	311	23	109	356	8	171	6	195	189	45	197
V355	35	154	393	216	497	89	33	1	178	11	79
V356	125	38	213	82	175	874	51	291	160	24	125
V357	7	39	105	31	272	52	613	18	326	667	46
V358	49	665	189	7	284	211	323	191	253	109	191
V359	24	150	670	29	75	374	213	389	50	7	68
V360	619	539	153	123	224	384	328	29	165	193	588
V361	53	98	803	292	35	24	369	105	89	211	82
V362	276	75	261	424	128	64	25	0	17	139	219
V363	273	462	39	273	21	163	484	135	85	127	293
V364	104	120	15	77	17	85	284	68	154	82	97
V365	88	413	58	480	54	9	29	26	160	248	155
V366	80	51	319	403	141	132	7	161	109	55	81
V367	278	357	210	9	101	230	304	305	25	85	332
V368	131	234	454	318	19	32	623	235	82	15	149
V369	86	16	3	233	137	277	602	101	49	56	86
V370	561	508	52	246	628	425	299	275	61	238	495
V371	73	70	169	77	49	242	139	107	103	53	80
V372	34	86	101	134	320	19	144	416	10	533	91
V373	66	14	57	442	360	630	18	10	84	8	53
V374	153	521	17	203	212	151	591	431	62	7	223
V375	1349	212	531	272	119	3	732	132	588	41	1039
V376	150	30	68	406	314	37	39	101	120	160	125
V377	53	201	204	130	74	98	86	892	238	5	91
V378	558	381	107	77	30	304	992	39	147	231	501
V379	154	149	27	88	127	97	26	329	31	434	160
V380	121	290	1359	113	55	61	85	262	174	105	212
V381	270	3	1077	294	102	71	196	1030	467	227	234
V382	329	143	80	118	21	9	800	258	492	413	230
V383	499	493	220	1196	599	35	18	242	442	61	464
V384	275	196	92	60	57	324	904	18	166	98	228
V385	247	361	320	215	152	277	438	28	342	121	265
V386	12	250	104	520	46	436	95	170	740	158	62
V387	12	119	39	188	664	42	167	177	68	21	39
V388	350	526	285	22	239	314	364	62	32	240	373
V389	673	132	121	143	13	97	412	109	97	62	479
V390	33	561	432	520	154	517	237	356	42	290	186
V391	0	110	633	98	56	144	371	78	364	116	37
V392	53	29	281	481	963	105	136	7	102	35	66
V393	128	90	119	119	616	54	171	121	42	727	134
V394	216	127	21	5	131	50	20	55	243	349	179
V395	43	39	139	145	68	19	181	58	15	49	69
V396	109	14	135	84	5	28	480	42	306	101	88
V397	147	113	489	186	197	186	60	110	160	218	152
V398	72	185	50	25	283	276	158	211	249	348	120
V399	41	658	81	229	213	62	32	33	347	206	167
V400	11	173	104	144	117	84	61	632	67	604	68
V401	62	132	43	66	68	122	33	97	43	135	75
V402	1099	42	224	17	514	13	84	486	112	81	816
V403	555	174	162	121	27	310	121	150	128	10	428
V404	114	950	78	203	93	122	36	19	17	243	263
V405	388	27	66	385	29	10	72	475	884	1383	360
V406	249	546	95	68	435	55	126	15	188	535	320
V407	838	509	32	396	465	43	648	15	369	96	714
V408	39	714	105	19	222	124	142	18	178	632	208
V409	70	338	366	58	292	179	338	591	79	9	121
V410	73	982	48	650	111	277	10	460	667	605	264
V411	35	275	71	97	45	26	48	321	207	106	76
V412	1104	625	379	141	217	138	45	54	187	369	979
V413	15	12	6	16	41	207	411	286	136	3	13
V414	295	163	115	60	86	136	236	129	292	151	231
V415	446	81	384	272	40	368	392	235	6	18	335
V416	131	17	56	83	115	87	250	1	30	173	108
V417	32	533	70	123	87	362	297	126	12	72	141
V418	219	1087	63	226	329	187	179	131	454	133	424
V419	146	80	375	181	1416	767	197	234	114	125	151
V420	167	12	6	162	102	3	230	339	278	185	127
V421	226	199	440	497	229	161	1253	309	184	57	240
V422	155	61	4	113	26	221	5	196	262	296	131
V423	75	146	138	23	19	54	56	56	50	222	99
V424	86	6	7	27	426	668	42	176	591	23	86
V425	162	148	122	251	507	145	334	434	51	274	185
V426	138	395	16	314	624	351	80	25	321	62	178
V427	65	304	37	84	346	346	43	277	5	53	111
V428	120	123	145	15	54	195	88	375	1824	424	139
V429	303	176	133	8	156	16	621	36	155	240	217
V430	246	59	5	280	297	79	11	260	221	237	199
V431	211	368	0	239	48	51	101	94	701	332	277
V432	395	140	48	209	127	44	262	46	433	18	308
V433	282	19	36	115	169	220	268	331	18	286	214
V434	24	194	163	13	123	4	167	168	263	276	81
V435	87	155	111	36	74	331	187	17	438	151	99
V436	86	109	125	110	46	273	199	153	484	21	96
V437	168	35	2	429	46	59	99	185	246	106	120
V438	660	220	212	32	325	415	79	13	256	99	485
V439	490	5	118	169	158	108	459	43	113	155	343
V440	57	93	58	574	446	54	137	13	43	363	101
V441	71	176	6	281	30	3	663	126	54	620	145
V442	266	262	428	344	1	55	91	107	169	25	236
V443	57	452	179	41	93	206	271	78	393	87	175
V444	208	43	83	85	58	225	127	26	561	372	177
V445	329	567	798	94	83	52	100	220	42	420	405
V446	315	178	16	15	202	37	18	15	329	261	287
V447	97	269	39	69	468	3	10	316	215	137	140
V448	203	106	138	5	47	167	84	192	66	205	170
V449	131	166	33	326	160	13	96	193	137	83	130
V450	16	7	376	614	411	41	32	130	66	1374	71
V451	81	203	289	185	283	300	238	36	565	79	125
V452	22	54	89	66	216	567	140	12	33	99	40
V453	258	31	14	224	283	15	1247	193	16	3	201
V454	134	94	515	348	122	220	3	10	424	130	134
V455	366	5	347	50	17	37	213	463	51	138	295
V456	189	156	43	169	635	50	101	78	180	254	193
V457	356	1039	66	97	516	230	8	102	512	67	480
V458	15	165	45	58	188	625	78	147	135	193	57
V459	50	35	383	91	56	707	384	422	626	281	75
V460	329	473	18	250	57	496	113	352	126	210	304
V461	144	111	227	24	267	53	55	521	16	295	136
V462	119	29	475	82	425	73	28	27	341	87	119
V463	255	227	90	42	300	128	22	633	527	355	228
V464	18	100	162	516	1	3	31	165	151	209	60
V465	57	463	113	334	208	439	494	245	26	128	142
V466	52	57	46	288	117	99	486	116	48	32	54
V467	39	502	3	331	665	62	403	315	294	584	169
V468	85	473	194	101	247	113	206	147	166	122	176
V469	151	303	247	29	853	228	351	160	143	228	219
V470	421	179	20	481	238	57	178	151	19	11	320
V471	144	30	330	33	235	10	91	385	312	444	149
V472	649	43	19	291	118	106	40	116	787	66	492
V473	167	137	212	248	9	60	53	479	19	474	151
V474	138	631	29	8	77	36	41	18	101	472	252
V475	249	20	68	254	112	189	186	217	129	466	215
V476	57	244	437	263	153	271	66	13	52	190	136
V477	123	173	334	252	72	95	35	368	125	178	151
V478	84	11	55	871	242	126	13	144	197	174	71
V479	185	114	94	394	127	32	329	48	18	329	162
V480	9	207	111	43	35	216	191	43	364	106	67
V481	110	5	36	9	124	375	66	222	451	72	80
V482	267	282	188	280	93	106	102	73	295	37	234
V483	121	321	33	334	236	107	38	9	148	54	163
V484	38	123	546	862	23	252	28	136	428	214	75
V485	9	29	99	28	51	795	403	298	183	0	25
V486	105	300	253	321	128	38	281	41	15	106	175
V487	101	72	3	18	6	103	35	7	20	453	106
V488	11	127	184	260	202	399	337	140	941	469	68
V489	61	171	41	216	15	155	195	379	98	306	92
V490	1033	21	247	416	589	150	0	430	115	455	735
V491	440	261	145	25	67	54	240	178	295	40	396
V492	154	49	139	66	435	761	31	51	424	98	143
V493	2	179	394	274	20	20	145	130	323	31	56
V494	80	441	97	50	178	22	205	406	322	222	159
V495	500	54	260	69	4	89	133	226	115	392	399
V496	245	371	543	35	9	362	196	636	223	171	271
V497	27	298	11	339	378	1463	205	73	63	144	114
V498	226	516	89	431	97	243	26	168	158	20	254
V499	52	113	686	385	79	152	42	82	37	109	76
V500	1	270	141	149	65	227	5	21	105	585	91
