Source001	Source002	Source003	Source004	Source005	Source006	Source007	Source008	Source009	Source010	Sink
V1	95	165	842	1	311	890	148	210	28	55	156
V2	38	135	205	398	114	428	55	585	242	293	70
V3	217	539	116	511	216	185	39	49	12	813	269
V4	191	30	279	1145	326	212	1035	821	32	432	205
V5	390	11	32	145	43	12	524	44	176	63	310
V6	340	77	190	28	38	566	202	15	9	32	296
V7	464	516	266	15	270	136	313	174	336	144	431
V8	274	489	356	475	336	529	102	30	628	43	310
V9	34	316	71	122	183	37	124	38	37	57	71
V10	387	68	237	36	85	3	93	138	197	20	296
V11	363	31	3	46	298	40	74	128	35	115	282
V12	30	132	243	85	21	72	59	154	59	266	51
V13	140	30	95	278	78	191	42	39	58	411	121
V14	2	279	269	34	33	554	112	139	83	111	61
V15	6	112	204	104	248	156	374	108	225	35	34
V16	251	32	143	21	21	501	67	12	239	79	202
V17	827	217	25	33	94	1191	146	313	492	94	668
V18	198	21	253	46	43	125	266	44	111	320	196
V19	131	12	71	85	601	16	605	403	69	30	97
V20	132	37	78	20	29	30	30	116	453	212	132
V21	167	238	390	255	665	178	19	107	15	126	186
V22	45	172	36	65	205	8	292	271	45	18	79
V23	13	435	325	318	143	109	147	391	123	141	105
V24	185	104	29	57	372	105	116	91	267	1172	182
V25	104	396	380	36	293	128	64	221	73	136	183
V26	111	81	47	43	111	203	509	579	214	230	103
V27	597	51	191	225	14	241	5	89	144	20	493
V28	65	63	337	587	115	73	317	458	316	233	89
V29	36	126	123	88	122	245	247	41	50	850	66
V30	366	511	53	159	158	647	70	1	244	115	403
V31	421	294	65	50	265	28	74	285	298	79	380
V32	89	243	103	266	10	26	80	54	113	85	112
V33	376	31	47	62	33	295	24	166	14	118	299
V34	197	7	231	198	99	42	401	135	221	139	153
V35	414	261	242	81	82	430	210	33	170	91	343
V36	128	662	48	108	5	173	362	154	57	127	214
V37	485	232	40	173	146	191	355	128	47	195	404
V38	100	1217	241	30	41	226	15	7	380	189	276
V39	78	1	27	59	173	101	160	100	161	147	71
V40	252	38	382	261	88	435	89	64	157	5	209
V41	41	363	127	490	98	19	285	51	140	39	82
V42	123	485	303	58	428	72	757	297	52	76	173
V43	24	195	230	100	32	269	519	336	922	34	71
V44	544	63	19	1	87	27	663	1070	133	26	454
V45	106	86	289	4	9	204	4	370	19	116	114
V46	433	43	61	204	346	145	441	776	137	23	356
V47	77	35	670	15	782	17	355	145	77	296	87
V48	133	376	324	92	20	285	69	52	60	137	165
V49	2	71	4	353	223	46	230	23	487	11	32
V50	39	494	11	77	133	102	90	288	17	42	106
V51	709	465	189	14	115	50	95	185	348	59	646
V52	295	143	290	25	68	184	8	91	430	158	282
V53	313	93	64	318	23	3	674	28	426	22	259
V54	96	408	212	384	91	59	254	81	76	267	154
V55	73	244	194	42	273	3	35	34	24	98	105
V56	29	130	205	235	153	10	42	364	256	190	59
V57	67	181	30	384	155	223	186	425	471	1	108
V58	379	88	107	66	147	535	626	326	290	79	303
V59	36	149	19	56	112	391	61	155	83	6	69
V60	59	613	674	59	159	69	187	308	304	131	173
V61	576	3	286	771	497	35	244	37	127	61	435
V62	13	9	233	394	356	37	393	213	469	80	36
V63	621	21	60	497	119	217	131	240	14	304	490
V64	249	33	511	209	196	111	88	280	137	305	236
V65	128	117	26	143	97	297	155	10	22	99	127
V66	261	275	550	556	82	32	39	423	50	86	273
V67	269	147	128	315	547	109	16	182	661	0	272
V68	351	164	522	691	11	87	33	44	29	37	294
V69	135	32	613	365	141	32	129	3	38	52	138
V70	64	1280	379	158	108	152	38	15	6	340	265
V71	287	117	65	126	662	170	519	0	5	115	242
V72	110	115	7	106	15	99	106	38	10	55	127
V73	65	156	78	39	105	110	527	299	163	224	86
V74	57	115	89	167	10	122	236	154	327	1	80
V75	204	0	107	29	43	346	5	2	56	179	164
V76	75	232	534	176	171	256	654	59	73	19	148
V77	299	47	131	423	20	26	450	110	428	643	259
V78	161	55	80	268	205	47	31	175	11	62	154
V79	121	978	86	409	288	301	640	19	62	634	246
V80	197	379	127	732	76	7	229	89	124	47	235
V81	91	493	28	140	1	390	315	522	293	151	172
V82	297	606	208	60	76	18	90	95	34	360	308
V83	262	423	226	148	178	275	256	16	390	3	311
V84	270	117	243	127	13	10	253	44	1	43	260
V85	34	240	379	135	116	506	362	88	108	368	79
V86	536	221	65	38	406	131	341	24	451	247	449
V87	111	29	92	739	76	43	189	20	86	61	123
V88	163	322	74	515	156	277	297	332	13	281	186
V89	17	283	444	276	239	15	126	58	83	240	80
V90	462	142	279	134	442	121	232	40	226	179	384
V91	0	31	142	12	5	149	77	124	81	404	22
V92	116	424	12	235	14	207	151	710	55	141	148
V93	42	103	20	469	894	65	379	21	51	275	84
V94	366	108	93	137	81	383	167	219	148	172	300
V95	123	158	572	507	91	304	79	267	99	190	152
V96	697	283	302	271	183	524	641	251	82	24	604
V97	183	315	256	89	748	67	164	247	57	607	204
V98	241	64	152	20	662	245	20	184	235	616	231
V99	261	183	76	204	9	374	288	276	372	608	255
V100	74	454	75	60	842	2	254	32	140	309	130
V101	341	33	18	415	206	198	24	27	127	93	252
V102	68	8	38	5	476	190	457	314	387	3	62
V103	101	49	51	14	80	314	50	243	3	25	100
V104	377	421	156	614	393	119	30	54	845	152	402
V105	375	709	140	6	429	321	100	143	2	333	380
V106	156	43	33	275	252	216	165	143	163	14	148
V107	101	15	54	177	3	1	142	251	84	563	98
V108	413	315	167	91	266	8	194	276	732	84	381
V109	42	228	217	149	136	165	179	22	216	143	81
V110	440	28	100	276	137	243	382	327	30	495	340
V111	232	50	17	136	136	361	64	236	245	2	185
V112	400	158	835	227	118	97	50	17	262	165	370
V113	220	387	85	74	166	427	130	58	473	412	251
V114	127	25	42	431	61	368	93	21	98	133	121
V115	233	499	132	44	82	270	384	65	0	62	283
V116	225	14	298	95	61	198	519	190	737	38	209
V117	141	42	226	79	32	4	236	120	4	181	133
V118	32	70	640	384	111	168	275	61	326	84	64
V119	348	241	12	40	5	222	31	101	157	38	346
V120	426	11	179	445	440	198	188	199	257	35	345
V121	46	281	120	27	91	528	353	82	181	1	103
V122	160	118	149	20	53	129	42	477	160	57	147
V123	258	304	7	351	127	537	562	20	512	67	256
V124	291	86	46	74	181	619	176	89	463	178	245
V125	607	25	142	4	38	162	548	22	262	607	495
V126	281	58	171	2	80	24	68	334	55	343	209
V127	13	60	116	131	78	42	293	217	18	172	32
V128	221	483	178	44	244	158	85	74	394	408	249
V129	8	127	266	44	10	52	208	490	441	526	47
V130	114	186	103	36	30	209	115	207	92	48	133
V131	275	16	313	30	193	40	155	303	488	219	216
V132	19	51	28	445	163	39	210	306	4	25	33
V133	214	235	26	89	9	305	116	213	179	39	219
V134	61	145	208	261	141	170	3	89	234	38	86
V135	178	35	47	26	120	370	153	69	270	1101	136
V136	32	38	40	36	248	138	1	71	75	50	40
V137	45	556	266	10	317	148	67	129	97	418	114
V138	299	238	61	509	5	238	90	779	111	353	279
V139	502	816	65	45	329	196	101	55	248	463	517
V140	66	52	78	287	221	121	74	247	552	5	71
V141	311	399	65	377	297	41	19	30	125	188	320
V142	16	749	144	820	32	187	52	66	50	34	136
V143	358	295	119	22	48	76	186	144	378	179	352
V144	287	106	304	151	50	171	33	40	2	388	270
V145	301	137	28	114	328	303	31	120	68	155	237
V146	31	152	178	303	158	181	158	235	172	75	60
V147	1303	149	613	57	133	193	68	18	206	152	1047
V148	382	223	363	517	300	16	96	277	76	5	330
V149	134	368	100	24	6	20	63	108	245	76	166
V150	656	6	122	90	83	380	156	73	25	55	510
V151	13	177	541	399	582	103	1014	174	46	275	72
V152	271	202	509	200	63	32	146	136	217	21	253
V153	56	108	508	107	381	144	79	255	65	438	87
V154	29	225	30	169	81	75	131	128	200	219	72
V155	521	44	43	112	48	144	119	542	328	295	387
V156	204	16	39	633	153	134	479	140	29	65	172
V157	244	124	216	18	625	430	38	262	268	1	223
V158	34	116	96	319	254	127	180	8	36	67	56
V159	198	23	158	55	143	31	458	87	71	508	159
V160	40	124	185	516	144	2	269	60	167	175	75
V161	237	133	305	117	210	47	95	431	3	101	214
V162	151	71	305	219	833	192	56	324	343	20	167
V163	48	142	400	3	889	268	8	119	34	380	84
V164	352	1301	104	42	103	569	88	11	561	838	498
V165	198	47	194	396	37	125	236	453	515	174	178
V166	74	114	5	144	40	44	106	281	54	297	79
V167	253	16	73	146	204	209	69	169	980	209	221
V168	241	281	540	97	53	654	163	0	78	139	270
V169	170	268	74	21	170	56	1	14	81	11	174
V170	251	54	7	146	42	174	146	134	55	443	209
V171	31	132	49	860	214	76	24	112	297	68	75
V172	25	359	91	49	4	262	290	182	452	398	93
V173	331	769	35	161	425	393	77	128	34	141	405
V174	87	171	14	339	91	51	264	744	80	933	119
V175	36	630	381	235	573	8	24	256	105	122	157
V176	62	88	90	149	189	97	13	136	381	471	70
V177	110	217	82	247	362	18	24	373	150	58	142
V178	164	15	72	14	32	38	40	215	287	31	139
V179	10	467	248	16	16	145	286	447	329	41	88
V180	84	10	347	462	11	985	324	68	440	59	108
V181	232	209	108	361	472	502	452	32	161	414	221
V182	55	288	151	355	0	1204	282	749	83	81	121
V183	163	37	249	28	42	231	19	26	11	440	133
V184	387	162	130	30	29	168	120	155	57	40	346
V185	93	125	285	286	192	289	59	572	2	68	92
V186	223	176	190	116	20	12	189	85	24	326	201
V187	628	228	141	43	43	521	72	169	324	421	539
V188	52	127	446	212	349	17	190	964	339	3	101
V189	213	75	73	199	41	71	157	501	6	26	181
V190	8	0	37	215	252	8	4	398	87	67	14
V191	59	271	197	21	264	59	12	79	325	46	93
V192	8	162	323	433	0	111	196	216	495	122	54
V193	124	65	9	40	153	501	705	190	101	70	109
V194	257	22	161	208	49	170	488	28	47	188	228
V195	124	294	220	27	167	22	144	231	235	25	134
V196	203	44	0	461	165	27	304	212	597	118	181
V197	44	19	215	101	32	276	16	37	76	260	47
V198	24	226	421	79	132	298	239	103	200	69	83
V199	185	130	23	292	231	322	87	98	106	105	160
V200	279	119	377	12	58	48	43	18	211	143	237
V201	14	275	52	242	72	767	50	330	6	433	99
V202	58	27	7	88	318	694	94	16	178	96	52
V203	2	93	160	165	83	61	149	158	769	21	43
V204	115	242	334	416	5	68	528	16	76	236	160
V205	15	64	65	215	365	44	49	117	347	191	37
V206	541	88	210	4	481	73	85	91	51	47	445
V207	121	193	371	213	196	1	145	402	185	3	154
V208	136	67	156	158	779	117	9	397	46	7	126
V209	127	256	9	15	330	391	35	158	159	18	147
V210	37	57	246	176	90	16	105	124	108	443	44
V211	21	10	22	353	98	93	525	27	43	4	43
V212	238	103	16	15	157	323	77	322	12	15	202
V213	381	143	642	259	73	44	285	130	240	68	293
V214	140	153	753	255	98	371	69	58	23	131	139
V215	222	134	88	124	34	29	36	175	178	159	187
V216	847	167	14	49	153	317	227	150	86	292	700
V217	85	211	380	320	93	40	4	80	221	175	139
V218	439	54	45	212	13	308	364	221	41	6	358
V219	242	71	305	95	714	28	343	81	201	23	204
V220	244	90	364	439	796	354	560	5	235	19	220
V221	1209	71	386	101	150	142	356	280	180	421	908
V222	19	27	73	157	134	221	288	111	497	86	35
V223	22	231	0	1201	17	97	753	272	29	414	104
V224	165	245	102	864	561	121	52	13	138	388	176
V225	320	35	28	654	50	101	133	11	488	46	254
V226	61	151	91	181	71	90	93	65	217	112	81
V227	111	747	44	41	689	331	413	473	31	2	200
V228	559	205	175	52	5	61	110	8	185	132	472
V229	636	538	100	248	140	462	287	279	157	409	602
V230	56	1126	119	82	324	218	19	150	110	224	229
V231	12	34	173	31	308	60	355	494	277	209	44
V232	432	298	382	147	120	657	101	190	265	259	411
V233	43	135	140	25	100	603	125	257	379	5	72
V234	75	45	550	149	29	14	70	57	33	217	107
V235	13	339	24	78	248	235	102	251	16	79	79
V236	286	133	242	641	43	1020	41	364	192	38	264
V237	12	1	94	162	29	91	306	456	219	133	21
V238	118	19	236	117	388	733	182	35	112	103	104
V239	70	468	57	32	182	512	169	61	424	80	149
V240	25	130	34	149	345	349	100	73	194	169	57
V241	278	36	80	38	403	0	61	192	428	96	242
V242	8	16	48	76	19	307	277	43	222	346	28
V243	63	160	154	137	139	148	409	63	48	269	81
V244	282	95	50	189	112	80	263	18	452	74	228
V245	80	86	116	406	12	156	215	31	63	71	88
V246	41	33	35	89	394	73	38	49	14	106	53
V247	401	23	38	383	246	137	145	329	290	279	344
V248	22	141	181	96	244	7	70	220	21	271	44
V249	3	485	149	72	44	209	451	805	155	726	98
V250	117	197	9	212	9	223	293	146	36	679	141
V251	80	166	379	6	259	49	149	202	161	398	109
V252	143	38	503	561	40	470	122	153	101	331	166
V253	58	170	865	289	385	64	43	79	285	141	102
V254	123	38	677	147	137	90	352	579	183	17	138
V255	684	115	14	11	462	529	360	37	1	146	532
V256	526	58	13	174	257	45	80	40	521	46	407
V257	33	12	630	240	1000	67	175	48	262	313	62
V258	25	293	189	180	135	480	0	216	16	195	79
V259	167	345	96	228	5	42	98	78	103	293	175
V260	146	342	602	209	227	42	142	330	318	32	187
V261	131	140	218	65	71	101	82	73	228	55	126
V262	225	40	253	318	112	116	117	29	499	638	205
V263	106	331	146	175	518	98	331	255	153	37	147
V264	97	27	119	46	155	47	277	231	534	179	89
V265	16	265	72	130	3	44	156	96	36	37	67
V266	444	84	688	573	345	68	96	267	96	348	376
V267	309	38	508	101	793	106	199	70	328	158	277
V268	60	6	492	35	60	37	2	1	96	98	64
V269	48	109	37	118	61	50	150	229	255	96	68
V270	497	389	25	307	114	336	359	156	339	254	433
V271	92	147	190	336	282	83	40	139	280	216	107
V272	136	2	251	66	77	74	59	53	54	578	117
V273	147	6	487	38	606	83	70	18	81	58	127
V274	8	199	128	219	5	191	136	187	42	279	54
V275	234	627	39	110	97	193	198	84	422	412	301
V276	434	55	306	241	13	251	39	55	115	89	326
V277	84	34	311	175	830	419	158	251	117	296	102
V278	36	147	132	873	300	818	141	326	445	94	83
V279	22	434	28	138	68	510	38	672	0	66	107
V280	144	208	93	57	722	57	2	164	62	37	148
V281	35	46	341	98	10	389	102	102	230	226	66
V282	370	45	360	66	529	76	184	18	858	428	316
V283	29	458	885	225	295	6	226	288	209	500	140
V284	448	136	148	32	174	365	429	77	112	38	416
V285	253	188	220	794	361	510	160	90	62	490	244
V286	214	544	381	103	9	446	36	24	40	48	227
V287	288	50	306	90	670	10	595	379	171	1006	289
V288	230	193	173	74	206	25	47	165	8	55	197
V289	31	6	726	280	400	58	65	265	240	460	66
V290	22	124	117	85	112	252	541	20	301	105	48
V291	258	56	51	78	76	46	211	19	87	48	196
V292	493	33	276	36	365	23	348	45	0	430	400
V293	157	140	2	133	41	151	176	131	126	1001	157
V294	205	129	168	193	188	564	278	218	46	50	209
V295	20	179	399	133	324	138	0	131	34	36	56
V296	65	175	217	239	92	65	12	336	465	10	105
V297	14	3	113	55	94	114	14	537	3	107	25
V298	173	204	12	116	208	31	502	14	91	79	175
V299	377	1200	466	43	94	402	236	177	32	5	467
V300	23	96	648	49	372	169	387	4	80	137	47
V301	378	33	242	104	82	181	5	44	39	73	273
V302	42	139	475	57	6	245	75	365	370	181	80
V303	148	238	644	88	66	294	142	278	750	78	189
V304	871	422	94	226	58	116	273	99	5	551	755
V305	81	56	612	379	349	11	125	103	203	125	108
V306	11	41	57	296	172	82	49	293	9	346	36
V307	156	135	142	137	30	216	40	697	5	394	152
V308	50	48	216	13	33	140	59	55	22	258	59
V309	12	37	78	253	29	644	36	615	130	94	34
V310	32	155	16	105	30	15	228	153	42	2	52
V311	1140	473	586	22	115	72	118	368	290	182	947
V312	237	448	676	620	552	95	39	166	554	92	281
V313	46	268	304	218	103	262	159	41	18	64	96
V314	42	144	303	233	59	121	223	247	578	140	69
V315	865	184	81	167	49	122	349	112	233	128	697
V316	57	344	169	197	538	172	186	325	461	326	111
V317	23	25	224	403	342	53	119	247	160	1230	71
V318	139	222	14	218	181	414	497	161	644	125	153
V319	424	16	2	80	163	844	39	127	416	127	331
V320	80	39	327	346	178	243	260	242	319	238	88
V321	307	118	274	182	11	79	186	375	54	518	275
V322	197	91	223	161	37	479	46	280	201	878	172
V323	152	796	352	5	79	135	411	68	21	481	268
V324	201	289	106	57	33	353	400	133	660	44	194
V325	46	41	283	193	40	5	105	1356	271	172	66
V326	386	75	573	78	405	85	9	276	696	141	314
V327	55	884	297	61	413	8	908	146	23	57	194
V328	16	45	486	67	165	48	232	302	984	82	44
V329	95	60	4	57	131	182	128	215	609	135	91
V330	447	352	162	63	9	197	137	525	6	135	415
V331	479	158	692	349	93	48	59	37	223	445	409
V332	3	334	6	5	254	29	1157	112	210	148	57
V333	232	292	87	26	18	267	151	194	234	42	216
V334	221	88	7	324	43	445	129	29	107	173	203
V335	52	267	169	426	405	78	3	374	30	191	100
V336	164	500	152	64	147	43	305	29	125	119	197
V337	60	103	57	121	219	218	82	120	188	76	71
V338	101	29	61	96	137	29	567	252	54	48	72
V339	125	97	144	663	193	375	246	58	74	39	126
V340	53	505	22	238	17	128	194	110	465	456	128
V341	204	71	73	144	111	180	182	129	86	189	196
V342	36	13	93	95	85	60	77	293	327	71	41
V343	365	260	256	411	437	295	95	187	468	421	353
V344	170	363	254	244	283	890	31	218	93	320	229
V345	230	86	363	48	459	176	140	55	71	26	157
V346	426	2	221	324	5	114	126	45	224	141	343
V347	0	33	20	167	203	631	236	98	51	13	18
V348	12	244	185	311	177	78	895	83	116	433	53
V349	10	4	74	498	240	85	242	155	3	122	28
V350	206	79	18	15	304	288	161	1	121	222	176
V351	32	202	122	35	118	152	683	90	21	249	66
V352	226	400	41	6	475	223	326	308	109	35	248
V353	301	95	639	17	0	292	165	37	214	160	283
V354	1095	262	465	60	17	243	79	295	139	28	874
V355	593	131	284	50	114	164	599	308	69	16	466
V356	15	41	172	83	440	374	546	95	80	59	40
V357	97	184	8	186	34	879	130	147	71	318	114
V358	377	239	478	73	366	19	23	40	8	140	357
V359	245	3	121	126	68	6	131	207	51	188	202
V360	78	34	76	106	155	188	206	759	441	337	89
V361	387	30	88	33	884	224	136	187	113	820	290
V362	41	262	237	146	50	42	106	600	627	142	103
V363	455	179	263	78	312	136	702	336	42	40	395
V364	16	287	152	56	64	349	138	90	710	54	75
V365	13	35	611	86	15	187	25	39	4	693	44
V366	14	49	232	187	371	8	245	5	754	255	49
V367	695	883	320	240	138	19	318	559	76	129	644
V368	403	258	19	17	141	35	83	260	224	32	331
V369	210	227	110	114	290	11	332	157	429	271	213
V370	110	59	186	129	265	21	202	345	39	74	113
V371	2	13	27	605	150	227	47	62	662	114	30
V372	30	155	75	542	369	167	79	178	479	8	63
V373	51	10	146	241	266	7	690	555	746	22	62
V374	103	392	218	12	24	38	375	176	149	13	150
V375	258	33	214	5	104	219	148	57	353	279	215
V376	151	372	139	522	18	166	364	348	46	170	188
V377	68	9	91	160	90	54	121	339	216	116	64
V378	113	158	25	114	250	75	52	22	3	66	115
V379	28	605	10	900	265	198	298	115	157	262	136
V380	27	101	147	379	261	195	91	176	4	409	69
V381	205	761	315	91	55	483	53	464	108	165	285
V382	147	74	291	495	92	279	132	27	134	312	142
V383	146	188	285	257	155	194	373	107	80	759	170
V384	26	70	208	323	102	31	579	208	238	365	57
V385	102	109	140	288	60	540	216	629	51	40	126
V386	33	91	194	228	180	244	51	2	350	52	52
V387	131	196	29	82	158	345	382	127	26	623	133
V388	499	53	2	270	356	441	27	90	38	691	429
V389	75	5	359	55	245	217	366	193	94	546	94
V390	317	10	103	149	31	34	38	371	14	221	236
V391	255	405	221	1146	266	592	303	268	95	517	288
V392	283	58	78	154	84	88	293	821	151	199	253
V393	42	19	156	615	77	368	169	55	28	123	57
V394	11	134	72	78	191	125	20	119	336	51	37
V395	88	120	21	309	281	82	159	331	458	222	92
V396	222	654	503	142	334	161	175	112	0	8	293
V397	15	844	53	9	31	156	369	505	462	97	157
V398	127	11	116	15	266	52	146	300	30	6	106
V399	506	35	110	361	362	311	918	8	116	495	414
V400	147	248	17	102	693	15	15	29	2	316	169
V401	15	124	236	98	33	695	197	13	422	596	55
V402	483	27	56	907	18	243	332	436	433	51	391
V403	319	485	65	160	110	143	37	190	45	77	291
V404	131	42	69	386	446	146	159	281	881	450	129
V405	273	301	39	186	102	72	59	490	433	519	260
V406	132	83	96	35	797	229	4	201	563	42	130
V407	338	487	256	337	103	57	98	176	115	143	314
V408	128	263	105	187	315	1	14	100	661	142	172
V409	166	127	161	333	199	212	100	402	221	59	172
V410	9	193	345	236	661	137	303	447	467	418	61
V411	83	87	136	201	279	136	816	207	90	4	101
V412	236	121	224	70	16	146	127	787	24	307	202
V413	90	498	497	48	123	219	230	120	248	174	149
V414	92	22	270	88	589	2	28	205	218	105	90
V415	41	179	441	536	498	18	123	262	80	11	86
V416	228	315	696	424	38	205	42	162	60	294	284
V417	444	157	248	122	114	16	221	793	14	62	391
V418	441	58	152	125	77	83	509	42	386	296	342
V419	38	53	58	102	155	115	457	96	48	5	52
V420	117	22	22	3	131	82	77	160	117	323	98
V421	34	502	9	23	48	226	200	111	98	761	113
V422	280	49	81	176	173	290	182	384	91	169	241
V423	5	491	0	29	411	103	219	253	215	83	80
V424	73	389	0	250	271	742	30	63	169	680	147
V425	100	106	484	37	56	250	22	66	61	47	118
V426	99	22	235	2	254	488	242	301	17	352	86
V427	130	32	31	16	182	590	130	284	77	14	101
V428	6	70	604	153	16	13	589	338	460	284	46
V429	344	148	14	39	811	9	83	16	109	62	284
V430	235	49	341	296	432	204	259	183	206	136	202
V431	786	77	385	990	17	108	252	6	44	522	662
V432	105	178	305	551	656	272	76	408	506	15	148
V433	26	94	37	817	1102	273	95	98	332	264	59
V434	107	103	291	56	255	365	353	28	196	86	103
V435	527	23	5	68	65	49	50	143	412	126	437
V436	257	174	76	562	222	616	119	271	56	777	258
V437	413	215	240	232	110	736	353	2	27	217	387
V438	171	609	319	173	48	35	64	391	135	130	238
V439	34	4	229	17	78	6	465	33	1	207	36
V440	177	262	273	134	565	58	188	289	415	14	196
V441	76	204	146	336	143	245	416	41	58	236	113
V442	107	542	210	45	6	36	89	95	353	68	168
V443	60	227	174	618	92	275	195	102	149	290	110
V444	530	121	242	85	66	357	406	378	100	155	435
V445	329	182	268	286	55	235	8	110	1	620	311
V446	458	158	11	124	85	7	144	265	399	446	396
V447	6	710	13	212	260	64	46	306	227	45	123
V448	99	331	35	291	762	208	474	149	287	64	134
V449	84	98	206	74	2	81	520	105	36	143	87
V450	162	84	188	288	249	26	308	126	231	126	135
V451	241	31	25	148	43	58	2	146	14	25	204
V452	205	157	106	193	436	109	62	20	212	166	204
V453	303	68	290	598	334	577	82	151	34	10	269
V454	458	259	67	360	37	33	58	146	112	30	397
V455	523	161	24	155	26	126	238	135	358	56	466
V456	285	191	218	112	342	179	420	181	372	214	253
V457	316	207	31	14	201	26	162	64	111	646	274
V458	11	346	320	150	54	48	67	198	25	83	67
V459	387	927	280	7	364	178	49	377	73	43	471
V460	171	6	120	166	268	330	58	102	235	131	159
V461	351	410	185	17	163	136	27	47	285	720	320
V462	91	32	63	154	43	13	7	649	55	73	93
V463	48	229	166	56	28	32	45	314	27	136	84
V464	43	182	2	380	253	36	196	429	80	199	86
V465	57	167	125	287	234	174	150	116	405	0	85
V466	169	1043	29	8	41	79	89	306	160	254	274
V467	47	64	58	401	46	73	25	264	391	502	69
V468	327	208	1217	167	39	166	12	3	250	258	304
V469	275	299	1	185	139	538	60	560	689	290	271
V470	90	75	184	413	251	27	332	290	264	190	107
V471	46	356	181	5	42	136	184	382	54	155	105
V472	332	418	185	15	474	103	97	156	806	57	332
V473	36	56	386	322	62	152	416	40	45	35	64
V474	97	229	331	281	58	19	94	348	273	194	166
V475	46	23	261	173	65	30	79	448	61	145	61
V476	17	668	166	6	396	220	265	235	193	263	117
V477	74	132	107	172	10	399	94	346	96	268	103
V478	20	400	170	24	132	374	324	210	224	182	95
V479	800	431	43	66	296	203	547	300	201	433	654
V480	232	32	162	26	208	372	18	139	342	55	179
V481	73	84	187	210	8	186	86	68	351	102	79
V482	165	121	687	657	120	151	57	434	146	106	193
V483	67	263	399	228	29	340	186	148	13	117	109
V484	74	48	251	274	190	129	49	102	55	293	74
V485	596	340	13	81	247	206	287	182	301	39	530
V486	32	78	5	102	277	38	268	126	230	252	48
V487	99	7	27	212	14	179	76	63	65	119	99
V488	254	52	74	119	65	46	318	386	58	1	211
V489	572	124	146	67	318	18	438	399	166	19	480
V490	447	284	444	234	445	371	51	18	184	77	391
V491	59	56	208	242	165	102	641	235	39	126	84
V492	67	178	448	44	106	1	121	272	134	219	97
V493	28	225	1607	680	29	288	82	142	6	37	110
V494	231	329	35	81	441	3	45	13	228	373	239
V495	564	215	32	20	263	92	77	118	53	137	452
V496	385	198	84	79	122	441	408	155	502	74	321
V497	33	413	32	73	432	694	44	243	114	251	116
V498	408	151	95	76	98	552	123	207	139	41	367
V499	379	20	3	219	289	117	34	534	107	35	311
V500	424	227	141	132	710	340	73	421	418	85	409
