Source001	Source002	Source003	Source004	Source005	Source006	Source007	Source008	Source009	Source010	Sink
V1	34	27	82	153	61	295	13	27	307	338	42
V2	180	20	270	25	11	348	41	32	464	766	123
V3	127	348	14	511	143	505	48	51	133	64	199
V4	251	11	47	606	358	409	266	285	23	26	205
V5	41	71	8	40	158	749	280	264	16	273	77
V6	254	260	49	15	88	34	88	347	55	51	248
V7	150	97	105	23	419	116	401	218	112	8	144
V8	289	405	75	10	91	133	272	150	571	247	346
V9	85	871	280	70	409	208	10	94	420	46	293
V10	11	95	246	69	45	168	89	265	1067	813	54
V11	87	54	92	491	18	251	5	140	53	120	103
V12	430	165	214	398	152	13	104	80	240	37	328
V13	43	369	19	253	133	55	138	46	311	33	135
V14	123	194	37	181	41	245	213	104	612	181	140
V15	6	59	23	288	307	261	252	287	509	28	47
V16	16	57	289	16	179	166	94	195	59	105	40
V17	124	59	131	59	402	203	105	250	65	442	140
V18	55	347	16	526	86	157	305	65	51	138	129
V19	368	227	235	125	75	26	632	102	195	228	323
V20	224	198	8	246	465	277	38	288	80	161	218
V21	74	55	83	76	30	26	401	543	135	306	89
V22	147	231	305	27	393	348	770	31	38	195	190
V23	287	150	378	0	539	94	48	15	9	25	249
V24	585	150	389	45	61	117	144	312	307	44	430
V25	199	90	250	327	60	225	96	308	65	282	164
V26	298	413	248	919	91	81	18	178	43	44	301
V27	41	147	118	508	406	242	13	94	28	30	73
V28	119	431	543	72	741	206	206	4	165	178	212
V29	96	88	324	62	259	4	332	18	76	355	86
V30	82	345	7	64	103	30	389	263	98	14	156
V31	338	96	77	300	127	215	215	21	77	66	240
V32	193	88	299	353	85	227	313	364	52	104	160
V33	1045	758	233	73	70	280	63	298	87	23	836
V34	55	379	274	382	85	108	1357	559	44	251	184
V35	39	119	146	530	52	435	16	79	96	175	86
V36	262	935	384	299	141	603	209	217	7	307	415
V37	71	449	122	245	59	207	72	165	494	24	175
V38	9	311	366	247	75	595	235	141	199	71	98
V39	256	10	30	30	35	176	167	71	7	171	218
V40	479	317	201	1	562	66	40	130	101	62	390
V41	228	234	398	657	8	143	93	150	153	22	223
V42	189	54	86	241	141	293	42	269	98	12	162
V43	340	167	1	239	54	13	26	403	903	168	263
V44	70	915	156	207	142	99	219	8	293	75	277
V45	400	34	159	32	148	154	36	51	102	171	298
V46	1189	549	335	21	177	415	74	207	76	115	914
V47	64	95	71	1	49	121	275	276	887	47	92
V48	2	5	102	78	212	25	18	189	53	56	12
V49	260	32	241	21	104	495	368	154	180	591	225
V50	82	97	129	418	346	3	176	291	28	5	67
V51	82	352	96	92	444	180	382	223	459	205	137
V52	139	296	376	113	158	568	81	49	17	314	213
V53	88	56	147	62	5	188	40	238	473	13	76
V54	82	271	175	28	336	657	510	182	178	90	136
V55	38	321	61	242	280	605	124	278	69	31	129
V56	257	452	20	0	207	240	645	903	398	65	329
V57	134	4	215	170	290	356	112	677	853	105	93
V58	44	29	8	157	33	139	22	2	157	272	50
V59	44	304	58	320	80	61	35	23	328	147	106
V60	69	77	99	99	322	54	166	429	65	488	83
V61	548	39	657	825	260	83	21	59	38	478	382
V62	190	847	725	167	257	71	291	157	151	14	347
V63	196	90	47	484	35	6	96	372	209	54	146
V64	316	14	62	114	505	78	702	245	19	80	205
V65	14	71	44	274	287	104	377	66	47	195	62
V66	9	168	52	186	1	125	103	64	38	5	54
V67	228	33	60	54	165	56	114	2	183	114	157
V68	39	362	72	89	1	333	151	294	510	43	124
V69	81	22	695	141	211	176	75	217	260	382	78
V70	32	96	40	52	115	42	50	24	223	42	53
V71	106	401	465	381	55	72	40	92	171	241	202
V72	512	64	39	790	534	125	207	227	194	947	411
V73	109	102	198	69	198	214	213	698	32	951	132
V74	160	221	15	118	489	28	73	47	502	261	206
V75	1	105	413	89	512	450	157	7	288	207	67
V76	55	75	47	192	32	27	167	186	73	39	64
V77	577	282	301	140	38	58	13	103	135	287	438
V78	143	103	342	22	51	211	914	142	111	133	148
V79	438	9	177	106	22	372	472	21	241	447	300
V80	188	319	377	421	76	249	30	155	19	302	217
V81	15	460	134	102	431	25	154	3	382	281	136
V82	202	788	108	251	231	309	128	381	375	340	397
V83	252	74	300	133	325	200	48	5	32	117	187
V84	421	73	353	167	87	178	630	268	108	192	337
V85	143	45	437	40	41	96	426	114	241	109	122
V86	183	657	65	34	16	1	309	23	51	10	306
V87	327	51	83	22	19	117	260	124	89	124	250
V88	148	98	100	78	392	82	95	369	0	72	135
V89	51	235	84	115	341	25	304	897	499	90	132
V90	8	349	227	50	130	295	123	441	148	20	120
V91	35	73	230	178	43	12	15	508	22	285	61
V92	99	42	546	53	189	50	798	301	245	251	104
V93	235	100	43	366	173	83	277	240	80	60	211
V94	133	12	49	2	4	222	152	500	189	819	122
V95	317	139	4	184	233	36	149	424	26	17	246
V96	322	25	1273	290	37	388	505	92	272	242	255
V97	97	93	186	53	79	60	358	96	162	106	102
V98	639	1	17	62	61	130	93	106	159	60	405
V99	577	202	169	112	184	58	26	58	335	10	447
V100	170	221	15	77	369	319	78	26	136	22	178
V101	426	202	223	136	70	100	215	251	307	319	359
V102	106	41	39	267	75	267	25	31	60	29	82
V103	27	281	189	621	263	41	163	203	156	151	109
V104	296	418	379	401	411	38	168	254	235	40	293
V105	167	256	94	22	33	9	246	87	414	21	175
V106	105	149	122	82	90	241	137	281	182	173	141
V107	37	65	329	26	227	1	68	83	102	430	64
V108	143	630	198	289	21	448	4	85	76	819	271
V109	379	406	236	99	44	664	213	591	28	255	393
V110	676	389	35	23	37	824	143	221	20	367	594
V111	66	32	88	126	344	445	49	198	57	132	82
V112	4	55	138	249	250	75	149	202	45	211	32
V113	340	362	24	581	11	241	172	68	37	77	322
V114	302	269	8	44	151	214	242	47	35	1	278
V115	682	370	23	145	12	75	124	605	10	10	507
V116	421	242	188	247	253	0	230	117	193	219	352
V117	241	784	869	5	186	125	103	185	66	147	346
V118	91	551	170	326	563	36	263	488	254	237	199
V119	263	96	77	179	53	442	579	99	13	21	207
V120	67	90	381	1054	60	21	421	702	134	257	91
V121	699	784	309	96	525	71	191	820	156	270	687
V122	76	241	92	186	435	377	148	241	246	281	150
V123	89	84	22	170	145	41	216	254	468	496	98
V124	546	667	403	198	25	144	96	104	325	272	534
V125	91	324	1	444	5	254	524	668	42	397	181
V126	765	251	126	338	181	40	398	328	306	37	580
V127	508	146	589	67	572	233	58	214	183	98	391
V128	456	80	176	1359	223	316	138	39	465	37	353
V129	188	394	116	90	281	176	40	125	194	68	239
V130	77	24	278	11	69	392	291	116	23	64	66
V131	294	384	299	44	478	10	465	186	19	338	321
V132	65	208	271	429	55	363	38	118	35	276	114
V133	114	77	52	23	399	205	137	617	179	260	122
V134	105	155	89	410	286	133	68	341	86	23	116
V135	111	166	198	121	89	190	445	51	304	637	160
V136	92	10	57	260	297	80	176	181	457	141	86
V137	23	144	382	32	111	197	276	367	80	60	71
V138	1	410	165	161	100	264	387	334	269	74	151
V139	285	75	591	231	902	185	1209	79	36	203	268
V140	4	218	298	175	63	175	7	810	575	58	92
V141	519	141	184	14	124	54	120	70	194	34	408
V142	328	171	52	37	241	137	134	523	183	330	258
V143	164	138	35	212	150	160	188	9	142	993	192
V144	8	393	1415	2	42	183	14	254	92	162	130
V145	3	219	298	143	96	713	9	66	72	103	92
V146	489	13	0	4	678	166	34	36	359	107	328
V147	119	234	62	103	154	237	437	193	75	146	155
V148	119	9	19	99	90	127	648	56	25	6	97
V149	47	225	38	546	2	67	13	145	146	711	105
V150	171	797	199	230	24	25	86	524	317	58	343
V151	772	14	244	16	50	111	73	100	10	60	502
V152	18	394	390	70	482	524	65	123	143	7	157
V153	57	100	59	103	205	269	117	31	208	378	79
V154	164	518	155	400	87	743	113	320	685	68	261
V155	119	40	246	105	235	123	196	46	95	27	92
V156	69	198	46	176	304	85	120	95	360	617	114
V157	11	70	118	323	97	619	24	46	3	131	50
V158	582	57	493	64	29	136	77	159	116	20	409
V159	0	184	66	113	442	4	59	222	197	171	50
V160	113	689	46	13	268	144	134	84	69	41	271
V161	83	54	321	76	19	62	272	2	417	133	88
V162	109	127	134	200	79	194	203	200	65	366	128
V163	4	324	53	0	91	254	24	358	93	86	113
V164	238	47	168	243	248	558	19	706	49	495	209
V165	229	1044	136	8	401	94	185	33	13	209	416
V166	6	9	186	45	21	70	18	498	385	734	38
V167	141	56	67	21	320	264	178	38	148	797	143
V168	12	160	25	149	305	99	282	60	7	302	66
V169	76	127	89	175	149	331	383	13	3	553	123
V170	374	26	132	186	712	23	120	417	86	9	287
V171	302	256	100	78	110	326	24	215	116	105	264
V172	336	43	161	597	134	138	6	604	164	24	262
V173	61	241	3	368	162	112	678	137	10	67	124
V174	412	9	116	97	206	61	22	5	291	6	273
V175	104	563	112	489	243	397	512	428	371	7	244
V176	18	49	109	95	160	474	316	250	346	407	57
V177	280	70	470	375	236	248	113	335	99	326	246
V178	5	1	392	9	86	320	44	204	293	187	25
V179	334	29	79	505	3	29	236	85	537	90	236
V180	64	25	42	82	63	569	182	545	82	263	87
V181	252	5	7	9	178	20	2	95	314	79	158
V182	253	514	99	533	128	225	315	385	103	304	305
V183	239	90	100	98	63	1178	90	335	94	188	223
V184	105	71	232	236	0	557	52	110	64	191	100
V185	544	298	357	105	349	59	359	30	192	204	477
V186	109	101	370	67	231	17	142	3	296	318	115
V187	181	2	76	122	23	48	435	149	104	154	136
V188	25	144	143	205	305	182	127	108	125	36	67
V189	309	1042	115	35	106	41	94	530	174	13	495
V190	28	86	774	34	71	221	103	86	278	10	56
V191	2	361	83	289	285	483	283	98	25	2	100
V192	41	47	221	11	193	43	76	232	92	529	55
V193	53	61	163	38	623	34	124	31	414	603	64
V194	30	51	155	244	139	11	67	160	934	150	47
V195	167	11	414	78	119	162	188	134	291	106	145
V196	187	197	35	236	31	217	379	8	956	596	199
V197	108	122	284	20	35	307	143	658	130	2	117
V198	103	79	602	93	452	546	65	0	97	205	116
V199	113	128	10	213	344	39	230	223	78	5	117
V200	203	41	82	39	240	102	94	253	0	71	171
V201	56	102	139	133	182	417	57	163	118	87	80
V202	5	60	363	9	159	365	592	49	24	336	45
V203	177	290	12	203	160	114	300	105	306	179	217
V204	9	78	92	300	461	365	88	0	2	232	51
V205	349	128	330	391	269	52	24	406	181	213	286
V206	228	155	8	159	23	200	254	365	27	138	213
V207	524	212	175	169	126	958	623	323	369	203	409
V208	577	237	467	106	166	94	83	68	127	384	413
V209	482	137	206	10	290	229	547	198	14	37	373
V210	65	326	364	123	429	233	183	24	52	49	154
V211	31	226	264	578	270	335	129	15	201	168	109
V212	195	185	129	478	103	21	56	102	173	40	167
V213	71	411	260	199	624	102	169	152	437	264	174
V214	643	67	121	311	565	253	82	93	47	231	439
V215	213	274	145	98	9	181	164	150	14	94	230
V216	210	262	180	545	114	75	129	19	224	47	213
V217	102	70	217	112	66	190	474	276	25	423	102
V218	72	189	16	211	5	138	201	154	127	144	108
V219	80	148	70	1	292	23	64	28	124	10	97
V220	954	283	504	180	505	34	85	24	9	137	685
V221	321	238	20	451	47	110	48	214	22	196	261
V222	254	165	99	168	104	181	20	522	141	93	232
V223	59	23	233	7	42	38	255	242	147	336	56
V224	53	230	273	153	45	474	411	76	294	468	120
V225	283	75	22	145	46	565	504	6	117	73	236
V226	531	536	46	276	290	422	51	87	2	295	527
V227	269	59	197	55	18	180	664	132	27	322	221
V228	45	502	83	36	371	444	238	67	105	439	166
V229	338	573	282	163	367	171	158	405	62	45	356
V230	245	284	103	45	121	55	190	491	26	9	270
V231	295	231	84	15	6	371	39	46	350	165	275
V232	113	146	9	42	506	267	338	206	290	22	140
V233	52	329	29	634	81	166	7	247	1311	20	121
V234	321	8	97	68	108	843	34	276	328	347	266
V235	235	200	154	65	111	46	255	56	367	59	210
V236	90	535	51	444	190	49	195	109	224	134	189
V237	286	9	193	336	65	92	382	83	16	12	192
V238	62	798	358	144	367	279	30	81	149	32	271
V239	114	90	209	144	104	30	143	416	75	32	124
V240	108	187	124	148	8	22	249	46	150	251	116
V241	43	227	72	114	19	220	28	18	38	9	92
V242	186	62	237	13	270	210	22	294	168	622	158
V243	3	53	566	313	46	334	19	647	263	339	48
V244	99	969	23	223	241	82	333	137	158	23	347
V245	177	346	556	171	10	522	467	210	302	75	223
V246	174	348	113	601	61	342	90	36	8	34	197
V247	17	319	196	472	6	198	314	371	266	279	118
V248	12	204	37	658	719	30	10	128	82	389	83
V249	89	185	58	10	635	242	374	41	222	42	135
V250	31	26	108	88	114	54	89	90	88	19	42
V251	233	573	251	555	131	305	409	278	4	145	317
V252	43	92	255	1	45	16	177	13	15	303	56
V253	170	282	245	6	77	141	2	154	189	47	173
V254	222	77	115	18	60	256	371	24	291	385	165
V255	178	161	178	0	84	24	31	114	57	385	167
V256	327	345	314	244	33	14	24	257	57	69	297
V257	49	11	410	0	124	63	54	161	648	89	41
V258	132	246	532	533	166	80	68	130	11	115	133
V259	367	199	527	350	334	140	50	193	128	47	314
V260	422	185	118	84	118	302	113	338	87	58	368
V261	28	128	57	219	145	266	231	26	173	620	80
V262	301	103	127	13	20	197	6	405	89	419	279
V263	183	746	8	111	35	76	178	146	26	100	316
V264	147	182	278	86	249	123	476	4	250	86	186
V265	381	6	68	3	828	44	243	47	252	44	272
V266	273	27	444	29	221	171	15	163	20	376	211
V267	165	98	27	199	24	67	301	116	220	529	158
V268	29	531	118	183	53	337	305	23	319	38	158
V269	63	313	39	426	727	148	9	60	257	110	154
V270	365	33	24	165	317	1115	71	378	262	186	287
V271	26	315	299	20	18	494	214	116	464	83	109
V272	235	134	3	12	19	443	92	568	592	134	223
V273	383	162	917	124	373	17	431	80	407	31	318
V274	664	0	45	219	39	9	160	401	670	767	467
V275	218	29	281	568	1	72	178	70	69	56	177
V276	166	31	143	0	52	192	41	318	14	40	155
V277	527	180	339	58	302	775	120	17	64	218	383
V278	23	35	119	171	109	200	32	307	293	115	39
V279	89	103	82	191	719	55	8	211	736	167	98
V280	867	855	113	93	60	47	187	56	73	337	761
V281	396	17	69	121	151	114	7	607	22	7	289
V282	40	97	55	9	259	154	244	49	38	154	73
V283	573	27	275	62	103	81	496	12	70	229	420
V284	65	54	38	217	174	574	172	311	310	123	66
V285	47	260	131	127	90	364	319	6	366	283	110
V286	104	26	82	113	202	57	366	21	174	626	97
V287	124	33	22	257	65	131	122	32	43	66	102
V288	108	27	216	130	167	177	156	413	567	344	112
V289	373	30	91	272	205	13	59	0	74	21	231
V290	683	565	221	109	115	165	94	23	138	263	630
V291	130	230	222	6	215	176	197	120	61	163	149
V292	144	266	129	288	12	27	2	197	40	521	155
V293	11	104	86	99	134	124	3	127	126	8	34
V294	339	281	235	158	211	33	318	58	224	101	310
V295	154	153	61	74	219	239	120	71	165	160	145
V296	35	1	39	542	169	33	452	66	298	2	41
V297	162	118	113	90	169	428	386	11	101	41	166
V298	397	45	163	42	494	241	31	56	130	13	270
V299	95	23	285	79	38	67	646	45	109	79	89
V300	15	343	39	40	144	32	260	139	400	490	110
V301	53	213	182	190	71	186	240	147	36	9	94
V302	311	284	155	130	266	99	173	102	62	255	256
V303	474	82	274	807	0	204	83	113	156	2	320
V304	972	229	172	1	330	633	40	101	30	494	744
V305	457	169	202	16	259	307	161	21	342	375	383
V306	5	307	222	13	110	482	115	689	79	47	108
V307	33	17	220	89	328	16	62	436	173	77	39
V308	600	325	287	376	133	203	321	180	412	143	458
V309	43	34	77	4	272	109	97	49	47	128	62
V310	264	54	66	350	15	21	9	49	112	71	193
V311	249	124	4	43	875	33	23	77	256	51	220
V312	9	12	9	435	281	428	98	497	366	272	39
V313	245	19	1	18	149	768	607	242	3	144	213
V314	285	37	201	301	5	1488	255	208	156	564	261
V315	135	276	577	134	68	242	25	94	115	466	149
V316	104	107	238	22	80	119	318	330	440	209	130
V317	224	190	73	304	531	45	92	403	71	360	217
V318	33	686	68	127	155	26	482	13	158	13	224
V319	31	269	158	178	25	40	158	156	305	134	109
V320	195	168	259	362	307	154	325	64	200	275	196
V321	414	240	90	463	144	41	534	7	197	252	341
V322	119	123	219	62	40	228	357	70	432	7	134
V323	329	317	74	25	8	38	52	287	560	459	316
V324	159	259	48	69	378	99	71	135	79	134	174
V325	58	332	36	590	155	354	1001	95	370	169	165
V326	183	40	20	273	187	217	383	117	74	251	145
V327	140	22	106	500	83	336	365	142	161	15	119
V328	21	217	59	86	29	86	295	134	261	345	76
V329	104	167	31	767	336	76	148	20	217	100	113
V330	275	90	179	571	200	386	397	80	96	316	215
V331	825	74	100	29	338	388	18	207	2	74	572
V332	11	162	255	119	298	388	312	30	79	510	66
V333	257	168	621	45	34	89	20	47	417	69	219
V334	224	25	206	567	13	36	4	394	386	386	192
V335	24	192	772	95	6	122	193	498	298	0	87
V336	281	586	56	188	86	64	6	49	151	389	328
V337	22	65	49	370	189	6	27	61	252	219	45
V338	239	178	53	517	420	113	310	573	284	158	232
V339	344	139	277	284	79	43	29	103	78	342	281
V340	12	224	60	83	225	174	7	17	20	134	84
V341	98	270	344	233	1045	99	44	185	600	629	152
V342	203	88	105	308	153	634	98	176	134	354	182
V343	531	458	461	75	113	57	46	11	154	178	444
V344	397	15	82	78	647	85	107	420	560	1	303
V345	1345	21	19	212	89	2	121	483	516	288	911
V346	56	111	163	45	114	3	148	27	133	24	79
V347	101	513	76	83	92	262	5	32	41	534	217
V348	156	130	233	514	617	107	222	840	166	47	173
V349	588	73	627	157	90	54	11	302	87	27	429
V350	47	35	263	278	28	9	20	216	67	72	42
V351	93	14	622	97	39	87	275	123	369	148	84
V352	55	268	416	137	74	141	37	79	294	77	100
V353	297	414	421	125	95	40	72	148	352	489	282
V354	140	204	25	66	350	68	132	202	23	702	192
V355	15	130	285	9	187	0	22	40	56	289	44
V356	26	23	13	87	285	110	2	75	40	209	36
V357	213	188	545	1	310	27	443	30	35	331	218
V358	170	8	905	30	78	226	350	113	145	126	133
V359	100	150	140	144	168	204	34	231	128	76	120
V360	173	10	207	88	41	113	34	638	486	150	135
V361	38	88	93	16	416	78	140	106	69	347	63
V362	51	328	218	23	7	288	32	248	369	289	129
V363	19	96	114	83	47	45	449	32	132	5	46
V364	24	50	23	402	1594	99	118	337	190	330	71
V365	218	9	501	98	144	234	201	343	11	43	170
V366	120	106	424	241	301	147	124	75	104	81	137
V367	104	387	140	80	202	124	230	60	608	97	168
V368	745	201	27	589	4	161	625	237	564	11	536
V369	85	37	177	142	1122	281	10	251	125	381	107
V370	233	140	1118	108	11	42	488	2	67	301	191
V371	798	108	341	97	451	580	1138	111	555	104	589
V372	16	161	30	146	155	58	7	182	140	650	62
V373	80	19	13	636	171	203	77	39	70	47	73
V374	568	64	174	116	118	139	379	121	519	149	397
V375	98	196	86	92	510	300	1008	84	757	55	152
V376	196	20	291	151	103	26	528	67	519	113	138
V377	6	96	277	208	92	327	261	226	7	66	55
V378	217	137	211	181	29	3	231	99	316	396	192
V379	191	17	1014	235	19	109	120	488	156	155	135
V380	50	83	38	219	28	588	1344	197	59	120	102
V381	4	142	121	126	713	646	66	111	156	275	70
V382	90	792	24	143	76	575	95	568	173	55	311
V383	772	100	312	393	146	142	110	205	165	12	513
V384	141	1	152	62	138	102	310	10	2	0	122
V385	277	462	345	45	225	228	23	66	149	564	306
V386	266	283	484	949	98	34	126	355	150	42	247
V387	147	236	78	91	265	103	353	15	270	96	164
V388	485	89	468	519	73	278	151	159	327	20	358
V389	123	99	335	381	155	29	24	96	46	172	116
V390	30	189	11	72	295	376	19	155	96	902	90
V391	262	99	213	126	67	49	127	353	463	7	201
V392	241	85	27	398	454	50	27	525	182	192	193
V393	167	97	212	260	35	31	131	285	399	29	144
V394	29	254	201	139	145	30	13	271	210	253	114
V395	242	325	14	310	163	200	40	28	43	341	244
V396	312	158	39	18	164	200	170	154	254	130	247
V397	40	106	108	178	11	57	117	253	486	20	52
V398	438	27	22	229	107	19	418	77	50	77	280
V399	249	289	132	613	548	86	53	235	62	335	247
V400	14	19	204	357	74	51	217	67	47	163	31
V401	114	157	72	158	79	278	74	169	108	338	129
V402	330	322	584	254	82	11	166	189	137	651	290
V403	303	76	66	40	236	423	13	1392	76	347	270
V404	169	84	228	942	93	462	223	113	112	0	114
V405	73	72	379	44	192	217	71	405	380	24	94
V406	88	116	214	113	44	89	635	245	170	118	133
V407	630	86	66	54	101	174	114	21	84	20	427
V408	264	401	117	97	223	98	259	134	394	204	298
V409	19	35	264	208	104	533	53	70	450	457	50
V410	396	138	329	90	7	138	190	18	28	130	272
V411	106	360	30	552	183	24	461	20	366	148	180
V412	188	26	1562	437	119	829	161	116	757	1000	160
V413	137	480	46	656	100	48	73	72	487	9	211
V414	84	114	16	307	332	21	10	56	0	256	106
V415	14	59	161	161	90	161	314	84	109	254	48
V416	244	285	62	286	349	26	78	235	78	174	259
V417	93	143	214	151	243	440	113	85	63	183	99
V418	750	131	33	23	285	238	191	107	498	467	566
V419	323	196	160	259	3	100	83	25	166	218	273
V420	14	789	16	185	42	74	60	37	177	333	206
V421	154	247	124	135	70	414	73	263	165	15	182
V422	34	420	191	732	79	173	246	61	166	161	148
V423	48	183	220	176	50	72	247	79	146	12	82
V424	142	452	71	47	630	110	157	524	538	32	236
V425	62	219	448	91	69	26	269	808	307	220	114
V426	245	197	42	78	43	74	67	16	5	301	232
V427	39	60	337	20	451	6	93	339	130	24	67
V428	46	159	154	77	25	296	4	442	188	720	98
V429	135	132	99	97	19	301	22	22	92	542	134
V430	235	540	398	131	272	52	123	10	708	38	293
V431	90	170	19	440	146	103	227	466	175	374	132
V432	91	70	247	344	35	68	125	110	47	188	87
V433	475	479	39	368	10	81	257	33	311	240	437
V434	128	174	81	274	148	107	9	415	55	124	151
V435	114	84	259	86	96	291	285	26	431	65	132
V436	113	265	29	0	284	265	54	219	105	158	161
V437	834	44	409	265	321	113	15	71	219	553	582
V438	3	422	121	23	400	261	452	346	98	114	140
V439	121	90	121	24	79	102	252	34	32	93	136
V440	264	162	534	750	89	187	724	339	59	727	266
V441	21	107	437	54	120	120	41	899	256	160	52
V442	43	66	147	283	215	55	556	13	294	673	80
V443	581	29	11	68	1	31	44	154	89	106	391
V444	12	14	246	335	365	22	204	186	98	54	24
V445	768	108	59	53	74	53	236	228	315	522	559
V446	263	169	18	54	224	9	98	154	296	10	250
V447	63	73	32	53	368	53	99	358	31	164	91
V448	122	64	627	145	325	24	246	94	136	15	110
V449	25	73	649	256	68	599	133	112	364	44	68
V450	150	36	90	449	21	412	294	216	201	160	120
V451	810	148	374	93	75	197	72	172	142	52	590
V452	115	357	212	67	512	202	261	22	78	91	181
V453	37	569	287	106	13	89	9	130	146	34	170
V454	52	19	43	322	167	400	510	80	3	55	53
V455	12	152	15	80	78	336	9	47	52	227	49
V456	14	156	208	326	380	711	78	525	25	1	77
V457	235	187	78	335	170	186	624	527	237	207	227
V458	133	496	14	140	115	46	417	96	27	110	248
V459	126	169	269	19	140	62	26	728	957	20	127
V460	208	281	35	166	122	88	51	180	248	40	217
V461	91	191	330	396	174	1142	305	131	109	437	168
V462	100	48	27	275	401	924	190	321	110	442	112
V463	147	132	141	512	35	29	96	112	3	415	149
V464	150	153	21	140	718	96	242	107	205	169	185
V465	5	576	301	316	6	82	818	123	560	269	181
V466	123	200	141	147	298	45	548	366	130	4	169
V467	124	202	107	28	389	213	18	66	263	53	150
V468	859	20	122	312	6	467	808	304	200	100	600
V469	172	62	413	405	579	103	455	29	293	123	168
V470	25	211	27	19	725	83	218	49	116	324	83
V471	96	50	9	98	86	96	208	409	1098	51	90
V472	242	87	212	268	630	99	44	508	196	219	220
V473	50	80	101	40	50	215	50	80	253	324	48
V474	106	304	186	254	142	355	106	31	395	104	156
V475	496	170	945	349	230	59	61	810	44	783	422
V476	61	95	486	460	29	98	269	126	628	184	99
V477	2	189	11	31	133	48	181	423	737	12	70
V478	195	130	371	527	477	370	540	365	265	125	198
V479	12	21	350	76	156	104	30	262	156	135	19
V480	425	907	235	61	396	125	124	325	95	39	496
V481	15	264	121	12	390	931	174	35	214	170	115
V482	67	341	137	281	43	11	316	80	112	376	152
V483	150	14	2	258	272	25	396	676	20	161	141
V484	15	22	140	409	135	80	108	185	58	323	29
V485	10	41	7	161	10	35	285	130	93	23	31
V486	48	133	424	138	379	593	79	137	0	649	95
V487	143	203	627	225	194	261	5	43	44	620	171
V488	44	5	262	292	27	32	173	300	5	15	39
V489	113	48	180	62	264	239	65	198	52	252	92
V490	28	110	29	263	153	426	49	71	69	164	62
V491	106	398	265	78	216	42	376	327	93	1	189
V492	242	433	303	361	368	42	86	356	5	278	291
V493	93	251	115	443	48	149	719	453	714	233	156
V494	13	328	509	500	1569	5	202	143	126	154	145
V495	902	104	320	183	135	206	202	279	41	79	615
V496	228	353	162	591	501	120	18	42	352	210	250
V497	46	17	106	101	50	164	92	282	62	331	50
V498	232	223	436	256	464	33	89	184	59	51	233
V499	56	245	263	36	100	27	104	29	154	179	97
V500	23	413	223	153	403	42	4	80	87	21	130
