Source001	Source002	Source003	Source004	Source005	Source006	Source007	Source008	Source009	Source010	Sink
V1	33	868	443	53	40	97	396	13	490	216	213
V2	50	287	121	68	123	96	21	404	294	61	103
V3	154	1007	43	18	170	654	7	51	808	1021	348
V4	2	51	99	101	121	69	186	71	18	30	21
V5	83	287	367	19	6	381	177	368	15	21	129
V6	515	50	118	123	39	100	125	45	44	124	403
V7	220	157	48	457	343	46	335	408	769	771	222
V8	77	178	193	168	148	117	565	240	336	20	127
V9	252	144	195	19	207	260	190	35	109	151	234
V10	16	112	127	21	522	3	191	363	92	312	42
V11	237	346	368	25	34	411	10	100	535	79	270
V12	133	16	50	330	516	126	118	80	185	208	112
V13	29	79	101	60	372	69	11	147	184	90	50
V14	42	288	135	84	53	161	547	464	66	122	98
V15	296	8	4	676	16	114	776	5	58	101	225
V16	78	389	161	34	19	66	26	588	669	154	171
V17	432	20	775	291	58	18	96	222	18	129	332
V18	618	229	466	432	304	175	205	106	258	313	516
V19	427	186	271	12	75	47	220	0	1	98	374
V20	15	346	105	34	322	95	245	18	174	209	69
V21	32	583	84	196	493	105	814	37	275	128	148
V22	3	518	10	659	102	232	610	105	19	134	116
V23	192	12	87	0	69	159	92	284	553	40	134
V24	100	24	54	79	305	219	28	157	128	255	87
V25	354	119	217	349	109	16	166	216	92	551	303
V26	398	152	2	33	418	161	29	17	163	573	341
V27	287	52	103	215	86	39	253	3	458	113	230
V28	22	69	55	60	62	192	485	180	57	102	36
V29	45	137	265	337	28	135	60	208	733	45	58
V30	459	250	102	339	38	147	16	109	50	71	378
V31	226	26	74	35	81	311	157	228	454	211	171
V32	232	500	71	95	47	309	2	36	120	633	294
V33	637	55	2	300	2	704	70	94	51	179	476
V34	6	399	67	170	167	49	514	28	19	321	101
V35	440	265	133	46	42	62	113	669	118	42	324
V36	81	102	146	269	103	162	112	35	45	514	97
V37	51	143	56	165	56	293	149	26	221	69	70
V38	109	170	198	44	84	193	59	276	5	522	124
V39	14	29	271	1	174	301	305	10	10	352	31
V40	300	104	31	5	495	65	157	108	207	261	240
V41	63	217	38	93	131	305	47	793	33	534	120
V42	431	238	82	16	7	68	118	123	55	336	347
V43	30	34	100	15	53	29	72	287	70	37	37
V44	121	4	57	457	43	14	6	66	19	70	114
V45	294	14	80	137	106	97	53	712	258	266	221
V46	279	180	31	515	394	247	157	75	102	162	264
V47	9	235	33	143	252	57	27	69	364	73	66
V48	1270	19	498	26	10	15	2	17	136	105	927
V49	724	1	237	138	19	101	96	82	268	94	526
V50	36	271	15	717	56	98	37	1110	836	12	109
V51	169	25	426	329	708	123	540	214	66	49	149
V52	58	35	179	43	222	420	17	303	273	5	55
V53	18	549	740	221	60	79	441	18	317	124	126
V54	268	347	32	441	220	48	136	18	53	179	301
V55	519	50	225	149	413	288	137	79	248	12	412
V56	11	120	155	19	622	487	221	140	61	339	58
V57	99	280	233	201	59	291	103	38	17	34	136
V58	329	620	86	422	276	19	48	15	237	263	367
V59	185	541	194	23	318	288	258	12	136	103	231
V60	564	215	36	236	110	182	315	609	229	192	473
V61	33	49	237	51	85	59	200	46	671	7	47
V62	133	159	247	351	20	114	708	159	321	35	129
V63	154	412	272	802	105	308	253	378	96	354	211
V64	164	29	151	35	277	79	4	392	116	97	123
V65	77	10	138	450	741	150	33	92	97	161	78
V66	119	121	283	244	132	398	338	277	282	377	145
V67	145	105	109	0	44	41	214	90	69	25	117
V68	885	88	28	206	33	171	220	35	88	11	664
V69	47	41	106	217	587	607	319	99	163	91	70
V70	174	131	26	584	214	332	94	88	100	27	161
V71	375	674	1	17	93	218	8	261	5	586	416
V72	169	279	87	416	202	172	50	285	339	158	215
V73	102	259	110	109	297	119	185	59	69	107	130
V74	17	91	56	234	434	4	12	111	280	260	55
V75	968	188	95	444	89	165	61	354	390	27	717
V76	358	200	59	783	264	55	350	38	55	74	315
V77	207	60	15	31	640	174	333	108	586	69	157
V78	87	1	26	158	238	268	162	61	32	302	64
V79	156	25	217	217	38	315	44	480	401	237	131
V80	295	39	47	41	284	216	0	75	325	173	240
V81	14	448	91	266	27	61	703	119	148	84	125
V82	186	457	22	668	393	180	288	232	334	417	246
V83	100	103	49	76	330	828	108	364	235	161	123
V84	48	180	526	56	7	539	234	124	59	96	97
V85	140	98	16	336	208	41	315	1	209	236	131
V86	282	316	1	122	0	53	335	126	77	64	254
V87	186	37	50	334	546	6	102	12	176	257	157
V88	68	36	261	177	568	603	26	649	130	169	78
V89	240	839	265	43	86	75	693	94	22	227	369
V90	33	149	190	24	109	87	417	679	32	27	53
V91	98	75	182	836	110	182	400	55	237	34	102
V92	177	714	51	90	131	218	219	38	43	20	269
V93	364	17	84	77	27	56	55	67	82	514	268
V94	115	358	146	49	125	27	212	144	33	73	166
V95	261	94	278	380	250	693	389	676	223	98	229
V96	235	586	4	1	24	137	71	85	116	519	293
V97	274	459	156	7	216	57	88	49	296	178	323
V98	172	53	72	257	106	283	463	256	276	102	159
V99	165	11	9	523	479	74	981	49	273	86	148
V100	230	11	294	166	283	70	82	172	19	126	185
V101	385	8	110	24	265	218	11	457	166	458	279
V102	574	17	274	7	100	29	23	225	252	214	391
V103	282	7	435	23	294	414	10	39	39	119	224
V104	151	15	10	607	73	192	273	123	73	427	120
V105	192	599	57	44	422	36	140	120	11	6	251
V106	108	389	244	94	173	96	250	657	225	214	172
V107	21	144	207	75	166	476	335	546	39	123	74
V108	282	382	89	184	130	172	337	5	266	294	298
V109	35	246	197	11	160	192	86	3	345	83	81
V110	22	130	402	223	331	531	5	251	30	466	84
V111	346	12	49	13	470	128	216	34	78	617	262
V112	24	154	16	182	383	592	154	342	445	23	62
V113	914	303	228	499	9	40	470	84	113	143	762
V114	604	231	147	10	145	271	458	198	107	407	449
V115	118	28	5	123	232	29	418	35	19	287	118
V116	465	177	10	79	119	28	108	102	194	12	348
V117	532	218	6	127	110	1	17	30	617	95	411
V118	82	538	326	182	125	69	460	218	53	365	189
V119	49	59	298	56	79	409	90	228	314	628	69
V120	148	31	155	208	180	244	376	1006	243	201	145
V121	420	248	110	252	41	264	55	281	414	31	354
V122	169	161	96	86	288	160	394	50	134	44	156
V123	265	420	58	81	693	14	43	149	64	35	254
V124	186	166	169	192	83	63	31	265	12	74	183
V125	316	17	1050	139	67	34	257	2	10	75	267
V126	30	40	67	420	102	304	642	633	213	129	52
V127	48	5	53	67	1703	435	328	58	202	17	67
V128	49	33	275	241	28	6	54	315	42	192	62
V129	185	19	190	104	209	59	27	148	1	16	157
V130	414	89	116	5	99	108	146	508	34	19	306
V131	238	148	46	91	10	405	108	5	193	34	238
V132	338	45	768	163	103	88	612	168	347	100	302
V133	58	179	495	527	87	369	116	10	222	110	113
V134	652	401	16	401	487	107	311	600	7	6	592
V135	255	145	226	155	198	62	101	64	169	310	200
V136	43	514	277	130	378	59	80	23	217	1097	154
V137	123	149	2	228	59	225	447	1150	88	274	128
V138	324	99	53	421	42	3	29	37	192	151	293
V139	695	222	519	456	41	96	72	229	342	783	539
V140	37	87	629	319	102	55	84	389	61	116	82
V141	32	298	2	19	208	146	28	121	144	124	106
V142	163	141	11	28	194	164	29	2	9	180	163
V143	347	357	396	297	323	48	15	155	47	11	331
V144	61	189	75	246	75	280	32	138	54	81	97
V145	488	250	281	115	431	15	162	507	896	337	421
V146	176	22	520	325	323	62	6	189	130	591	166
V147	59	31	233	125	53	412	143	320	36	15	80
V148	610	66	104	17	33	143	22	256	975	518	448
V149	577	94	38	112	46	59	200	386	57	250	425
V150	336	41	50	245	339	10	149	1	13	369	278
V151	30	58	136	152	82	307	214	13	133	68	56
V152	16	172	309	450	169	60	2	31	186	92	111
V153	71	727	111	286	651	193	15	593	124	561	213
V154	116	344	573	205	573	41	13	165	316	165	187
V155	226	87	154	29	193	559	412	4	737	224	187
V156	155	258	637	9	19	104	86	51	39	93	172
V157	24	133	84	237	34	383	401	146	21	268	58
V158	276	244	6	81	419	204	300	285	162	268	259
V159	635	48	600	156	11	208	95	115	7	455	493
V160	85	674	1060	741	67	361	55	604	118	7	218
V161	13	102	449	55	54	329	121	220	161	117	55
V162	203	22	263	101	289	189	27	103	442	38	175
V163	237	276	72	17	271	35	28	79	380	316	230
V164	89	19	372	43	346	32	362	177	45	164	78
V165	96	57	122	28	137	71	44	545	78	89	78
V166	95	6	159	178	219	16	471	109	152	294	98
V167	198	44	389	206	3	1	118	8	38	327	172
V168	314	265	130	158	5	58	77	625	14	167	280
V169	31	111	141	501	84	36	116	121	647	108	53
V170	144	79	569	310	98	53	320	55	92	261	160
V171	54	323	1	66	25	336	12	590	119	26	119
V172	54	85	429	187	877	136	308	33	74	431	76
V173	20	210	162	85	159	144	287	157	119	252	63
V174	172	33	316	225	41	195	4	35	60	28	160
V175	214	279	210	71	2	69	236	180	181	346	217
V176	79	118	33	180	71	7	21	630	427	310	93
V177	186	118	1	354	47	553	247	1077	188	390	169
V178	263	209	561	146	72	59	142	306	189	171	241
V179	66	48	628	233	233	480	9	579	250	40	87
V180	5	74	48	46	28	635	18	45	84	476	28
V181	298	258	97	247	195	78	176	484	48	106	259
V182	0	248	46	91	405	119	169	258	154	570	61
V183	55	211	554	264	83	138	4	97	414	530	98
V184	108	25	51	264	139	135	1030	163	145	184	98
V185	38	250	243	41	404	273	169	141	91	183	117
V186	119	182	270	71	169	27	121	411	284	32	125
V187	52	218	18	157	755	69	2	177	36	216	95
V188	161	213	96	401	175	99	74	615	56	40	169
V189	340	269	146	52	472	261	13	46	279	399	310
V190	53	124	397	102	319	88	26	451	477	5	96
V191	199	108	104	112	85	224	54	46	21	0	178
V192	20	32	50	394	339	94	293	68	439	154	44
V193	491	279	140	176	464	270	940	29	218	75	451
V194	239	33	360	69	141	407	9	75	66	172	213
V195	371	36	497	99	264	384	153	428	148	41	276
V196	13	321	150	132	209	90	246	21	184	192	91
V197	247	247	48	330	780	256	103	65	383	1	245
V198	347	124	91	209	46	49	55	74	191	196	276
V199	300	114	412	639	185	60	146	19	25	20	273
V200	47	166	525	537	150	42	450	119	144	230	110
V201	172	445	7	4	453	817	3	303	52	229	210
V202	136	169	30	34	317	187	160	141	130	35	145
V203	5	139	36	112	236	155	42	17	49	226	42
V204	233	22	35	89	88	274	71	46	33	374	152
V205	115	384	150	54	125	0	32	118	83	375	177
V206	151	308	499	184	256	98	143	16	176	182	208
V207	218	60	188	488	166	85	211	153	16	11	173
V208	84	79	199	395	338	89	1015	70	195	79	110
V209	142	52	57	159	117	30	201	30	89	63	121
V210	143	732	437	59	23	131	320	8	264	7	252
V211	51	205	206	169	442	114	33	226	66	81	95
V212	24	53	252	241	7	231	427	503	96	15	45
V213	294	123	339	212	31	810	342	479	45	114	271
V214	331	11	169	346	140	1121	29	74	323	415	275
V215	164	53	363	191	297	72	585	76	109	604	153
V216	313	4	94	349	350	216	45	554	17	287	233
V217	23	301	21	252	248	166	69	220	97	230	82
V218	448	416	182	116	20	130	62	262	57	155	398
V219	76	323	115	242	119	344	133	310	109	23	124
V220	148	161	177	202	103	520	121	148	42	48	154
V221	230	159	10	889	111	323	223	115	552	3	202
V222	143	736	236	153	306	207	957	156	76	183	261
V223	128	124	620	97	40	30	392	68	257	255	141
V224	56	146	1441	71	306	689	170	302	41	140	125
V225	177	109	296	304	121	538	232	251	28	25	174
V226	60	151	135	23	3	19	84	37	389	101	77
V227	199	152	59	60	3	565	37	180	755	32	175
V228	138	184	32	53	144	181	112	53	48	211	159
V229	247	387	4	94	89	249	818	138	560	59	288
V230	91	193	285	151	348	205	439	858	73	67	118
V231	124	218	112	86	69	778	71	625	2	267	149
V232	16	817	99	41	82	84	184	181	30	200	153
V233	192	9	422	132	178	153	248	200	5	185	194
V234	71	10	290	388	68	9	59	60	27	913	85
V235	50	228	431	87	66	45	341	101	35	105	102
V236	137	19	509	211	52	88	282	122	37	49	128
V237	267	243	46	265	275	203	151	343	113	506	222
V238	213	306	218	33	70	260	113	90	448	48	220
V239	185	159	44	456	69	187	149	132	92	132	174
V240	591	154	262	505	51	2	14	48	56	37	456
V241	250	79	355	20	14	56	64	131	176	295	221
V242	180	183	131	130	154	48	123	605	124	450	166
V243	74	611	28	279	523	95	36	435	39	125	178
V244	14	68	8	832	230	256	765	19	117	80	48
V245	193	124	462	108	120	113	298	117	403	12	191
V246	320	220	131	138	24	498	5	276	154	25	295
V247	6	212	68	196	378	74	333	0	428	111	56
V248	43	216	127	490	763	150	182	113	288	19	97
V249	38	3	378	310	408	385	207	323	436	256	61
V250	240	77	68	68	56	495	281	417	89	57	202
V251	173	6	73	494	267	261	115	48	156	523	139
V252	222	231	864	328	24	28	29	114	31	77	234
V253	71	195	185	363	447	554	211	7	51	137	102
V254	229	495	287	51	67	175	63	164	140	88	275
V255	14	89	39	93	269	94	20	499	500	72	28
V256	118	3	53	375	180	96	76	63	70	100	109
V257	86	132	394	215	0	294	59	129	155	506	107
V258	177	164	235	71	98	85	4	71	56	144	154
V259	51	372	92	307	12	173	32	295	184	549	131
V260	21	85	508	609	269	56	352	208	317	191	67
V261	128	586	167	343	11	362	132	185	194	492	220
V262	898	239	204	4	62	64	19	285	146	51	671
V263	122	11	594	78	422	351	1	81	101	300	135
V264	145	44	515	377	244	135	107	123	50	49	151
V265	207	605	391	4	104	389	73	42	26	15	258
V266	734	68	168	145	94	202	444	32	437	173	592
V267	122	139	26	175	730	168	85	155	714	360	142
V268	184	102	343	221	122	504	234	371	198	144	176
V269	494	326	8	281	72	188	100	31	168	371	442
V270	206	17	59	183	243	91	80	275	167	14	137
V271	173	442	28	639	290	104	86	5	281	150	222
V272	124	276	207	252	177	99	99	105	260	52	165
V273	10	10	130	167	187	778	515	132	33	115	47
V274	18	4	142	12	702	258	188	115	10	38	32
V275	21	380	29	35	198	52	163	112	337	165	100
V276	466	17	85	46	28	656	137	119	11	150	347
V277	290	116	19	51	22	223	34	249	57	19	215
V278	9	370	60	117	249	27	188	588	720	17	102
V279	8	100	1470	201	115	144	288	105	438	44	62
V280	112	761	151	161	184	234	307	67	153	371	263
V281	15	161	4	172	450	85	21	133	17	96	61
V282	127	76	167	178	672	278	640	361	426	0	149
V283	150	686	70	324	249	30	111	495	244	136	255
V284	96	321	219	92	134	80	643	76	51	19	135
V285	135	275	528	0	230	57	45	84	53	551	175
V286	136	26	13	118	232	34	190	70	194	353	111
V287	140	74	28	158	41	81	164	513	131	271	119
V288	204	311	229	490	140	136	3	130	222	95	216
V289	7	182	49	244	394	15	166	253	23	43	55
V290	78	58	69	11	37	301	274	115	34	13	78
V291	248	4	141	34	135	106	680	191	178	491	204
V292	175	19	220	785	122	48	7	448	302	35	142
V293	512	349	329	63	428	551	95	95	20	23	441
V294	356	107	27	32	30	8	187	127	11	541	302
V295	128	60	17	13	207	701	92	39	57	173	102
V296	259	130	216	159	6	36	493	546	31	19	246
V297	82	56	152	190	203	128	49	177	172	708	96
V298	161	180	252	42	64	147	25	498	371	579	188
V299	125	303	52	21	30	89	73	197	242	85	177
V300	369	110	140	20	222	92	532	76	113	44	271
V301	136	126	79	102	145	1	233	158	245	205	143
V302	28	116	9	162	20	280	112	5	422	257	76
V303	24	184	462	341	103	446	21	372	340	218	111
V304	6	173	237	470	222	26	8	29	165	195	61
V305	85	752	25	121	343	210	81	147	81	124	216
V306	285	109	3	451	313	139	268	58	26	11	250
V307	332	24	336	52	279	898	51	219	8	34	264
V308	321	122	48	218	333	110	519	2	52	224	275
V309	259	50	1	59	62	105	216	193	227	3	207
V310	109	351	423	289	75	69	315	28	151	185	196
V311	322	149	10	381	103	198	173	97	93	101	267
V312	55	21	217	146	214	37	78	68	124	3	49
V313	12	41	247	183	211	432	27	194	0	5	30
V314	12	135	29	58	40	280	233	140	101	141	34
V315	148	388	400	224	877	289	203	172	158	37	192
V316	202	49	95	24	81	19	0	281	160	24	179
V317	71	652	334	78	454	176	46	170	63	82	208
V318	68	6	24	551	87	87	219	262	234	108	85
V319	27	283	16	281	401	64	296	28	81	249	96
V320	499	355	361	264	26	18	263	471	590	64	453
V321	202	114	515	377	4	240	573	255	139	36	195
V322	143	54	175	328	88	403	60	76	5	47	136
V323	123	277	43	13	259	563	99	439	471	22	185
V324	51	100	6	15	29	243	31	35	183	300	58
V325	88	111	440	230	524	474	478	93	81	424	115
V326	282	187	169	60	35	179	287	106	246	131	225
V327	5	240	326	104	70	212	110	67	68	19	68
V328	312	973	237	441	804	215	278	17	96	31	411
V329	176	541	9	92	116	368	814	615	14	63	240
V330	219	17	70	39	118	292	164	65	7	511	179
V331	290	106	116	80	152	12	185	199	96	2	256
V332	502	18	41	88	199	16	166	77	152	12	361
V333	7	232	409	66	437	755	24	180	136	264	94
V334	188	160	178	235	888	59	753	29	87	276	187
V335	171	160	404	144	18	689	94	49	36	119	164
V336	60	171	857	285	34	36	138	609	481	18	97
V337	58	342	245	197	71	181	103	743	109	67	130
V338	394	49	163	151	496	26	12	21	397	300	312
V339	123	116	23	21	80	279	169	362	176	36	118
V340	114	347	151	86	68	183	177	156	889	60	203
V341	117	404	531	227	78	27	585	114	51	315	206
V342	269	322	253	56	274	61	159	2	71	426	284
V343	371	151	97	83	342	32	240	29	183	549	341
V344	34	100	51	293	182	636	138	233	646	419	64
V345	188	202	152	559	44	493	58	47	254	95	187
V346	13	259	46	182	79	216	188	3	17	12	65
V347	164	72	29	235	235	575	188	35	1	350	173
V348	299	359	102	319	62	40	548	119	369	116	285
V349	531	893	183	51	5	91	7	97	115	157	603
V350	354	47	217	413	65	272	144	138	79	440	299
V351	14	51	82	305	295	90	32	510	125	92	41
V352	113	3	10	329	84	99	45	702	57	75	108
V353	654	61	52	22	69	223	688	28	74	191	499
V354	78	16	140	465	861	42	156	198	14	338	87
V355	90	508	41	81	364	112	147	118	576	343	200
V356	49	5	154	46	57	419	371	191	27	101	37
V357	16	174	202	727	303	225	319	189	31	143	73
V358	145	287	399	149	289	1115	40	362	324	63	177
V359	407	330	197	98	132	636	5	50	275	174	363
V360	13	777	93	290	149	22	100	150	312	61	168
V361	50	53	203	87	21	125	44	351	133	241	66
V362	412	120	383	121	93	44	264	397	576	227	327
V363	507	428	54	36	173	44	46	753	430	103	439
V364	151	185	1106	225	115	8	135	3	192	6	167
V365	119	82	255	103	307	69	508	129	40	42	94
V366	830	5	162	298	61	90	74	117	23	187	612
V367	476	594	19	45	41	13	254	89	490	111	448
V368	57	90	96	187	467	353	5	175	233	612	74
V369	182	62	243	206	430	271	682	20	40	152	138
V370	83	233	24	82	364	60	521	18	120	321	131
V371	476	78	274	279	264	62	462	133	157	395	356
V372	70	315	214	368	213	81	921	235	251	21	142
V373	117	175	98	270	222	322	236	97	96	189	130
V374	765	850	576	257	110	22	31	141	39	547	750
V375	443	41	288	15	337	7	619	127	339	174	373
V376	273	112	1379	17	246	110	241	23	277	362	263
V377	28	201	110	112	75	79	72	151	345	71	56
V378	591	9	487	639	108	85	73	228	260	259	402
V379	391	11	443	224	131	129	136	8	512	353	318
V380	84	26	96	725	459	495	29	80	73	228	103
V381	220	481	278	224	109	347	200	232	238	56	291
V382	903	126	505	2	282	399	18	26	139	25	720
V383	6	76	180	338	660	2	584	214	3	7	37
V384	132	17	21	4	355	126	96	349	82	628	124
V385	184	105	17	52	347	58	291	334	154	53	141
V386	126	380	172	7	37	111	21	232	90	438	173
V387	495	68	269	149	4	132	66	35	256	48	407
V388	300	94	391	19	107	91	310	3	580	230	254
V389	104	412	86	32	88	318	131	142	1018	8	181
V390	454	139	27	141	475	607	73	264	200	245	355
V391	143	165	8	23	215	78	563	446	22	658	160
V392	67	36	652	145	169	465	247	499	137	607	93
V393	26	935	57	123	112	105	92	270	108	22	211
V394	112	133	244	59	95	719	227	384	349	797	147
V395	74	4	601	204	149	80	643	203	53	75	86
V396	59	672	38	276	189	15	19	407	157	502	203
V397	192	9	25	664	167	20	2	55	395	154	166
V398	38	99	193	40	83	89	86	197	413	354	82
V399	253	650	19	37	323	7	560	2	185	18	326
V400	184	504	137	517	361	0	120	113	325	220	260
V401	72	244	20	146	61	291	20	8	394	265	103
V402	294	228	46	133	324	389	630	264	0	21	256
V403	144	153	74	388	81	36	33	67	33	51	146
V404	97	143	72	19	232	304	64	137	221	8	90
V405	127	80	53	243	227	99	12	202	642	328	130
V406	39	435	272	217	304	22	278	381	273	38	145
V407	309	112	378	211	89	39	287	165	372	20	281
V408	17	87	153	367	199	474	37	393	15	17	53
V409	25	228	66	9	27	57	194	119	357	272	91
V410	38	235	98	2	173	339	58	277	507	4	93
V411	34	617	153	354	36	38	339	107	216	214	151
V412	159	286	143	730	77	421	19	109	440	330	204
V413	680	54	7	70	34	152	11	244	57	250	550
V414	227	6	253	601	193	31	306	18	0	505	207
V415	191	161	129	42	52	84	20	7	61	227	171
V416	149	76	133	419	233	117	30	148	90	158	133
V417	239	854	256	146	457	819	323	716	355	143	354
V418	398	115	186	39	75	360	46	122	266	21	318
V419	235	51	41	477	221	95	189	78	140	72	188
V420	29	142	60	13	220	169	10	25	261	57	69
V421	70	152	40	242	82	84	81	87	2	259	84
V422	106	129	3	127	82	40	114	56	185	65	99
V423	449	365	15	465	344	64	618	217	185	802	416
V424	418	99	63	41	66	520	307	21	241	233	299
V425	111	344	20	176	26	64	35	57	162	233	153
V426	196	289	96	306	152	376	65	413	46	354	220
V427	11	55	859	54	891	302	151	807	679	64	54
V428	300	1	30	14	357	221	45	543	260	122	208
V429	103	713	248	7	47	263	445	41	669	299	227
V430	496	241	307	501	322	85	433	43	11	393	410
V431	181	71	23	58	13	479	88	49	13	120	168
V432	210	50	82	111	117	715	281	119	136	227	190
V433	39	236	52	567	29	452	222	372	15	78	106
V434	382	529	247	11	3	113	715	57	128	800	414
V435	107	91	435	106	619	59	23	159	188	43	124
V436	116	200	62	334	55	0	276	279	56	443	123
V437	26	400	475	433	47	60	124	39	149	200	139
V438	165	5	70	12	45	153	381	159	2247	486	130
V439	387	64	665	54	37	111	140	81	32	168	311
V440	286	143	25	38	583	29	59	286	339	25	256
V441	240	134	441	44	126	10	135	121	595	130	221
V442	202	244	215	203	54	156	14	568	55	896	242
V443	51	228	141	9	24	592	851	113	108	362	100
V444	1	160	7	78	45	31	488	152	155	219	49
V445	397	33	178	231	198	128	1153	599	594	138	298
V446	721	173	226	104	26	316	12	167	308	131	607
V447	377	391	645	218	152	41	135	14	217	33	343
V448	216	567	216	61	335	314	15	29	212	50	289
V449	144	4	445	99	568	51	148	61	277	55	123
V450	550	131	653	483	22	146	199	298	12	85	432
V451	356	46	148	202	414	133	253	350	709	41	293
V452	199	14	324	3	26	35	156	62	165	127	169
V453	80	274	109	116	127	43	22	9	917	49	125
V454	109	844	13	24	75	91	119	16	20	256	250
V455	234	71	472	66	51	35	383	22	93	167	220
V456	2	79	6	118	76	19	118	84	201	188	20
V457	145	206	43	241	349	62	333	395	304	106	146
V458	246	216	310	439	34	31	227	31	61	156	237
V459	258	0	344	186	182	84	35	173	35	7	206
V460	613	9	464	7	447	159	233	132	268	36	456
V461	40	294	529	38	133	175	49	252	123	31	102
V462	67	28	575	103	10	185	29	221	164	518	101
V463	220	188	234	175	28	207	181	92	66	72	219
V464	635	319	19	161	84	95	11	141	145	598	560
V465	0	78	79	273	288	92	255	123	220	343	25
V466	327	1257	99	260	411	145	49	311	485	67	526
V467	26	60	360	56	213	207	459	22	5	23	51
V468	409	4	107	1269	41	231	133	108	12	47	304
V469	17	70	245	158	88	244	46	65	122	450	45
V470	108	630	108	578	121	34	77	556	19	203	206
V471	275	219	99	72	122	35	21	195	910	92	247
V472	164	427	411	263	168	334	370	575	106	81	229
V473	155	23	26	119	328	113	61	2	238	281	113
V474	48	245	199	30	555	238	166	723	69	234	97
V475	45	133	388	555	119	456	282	339	28	268	92
V476	349	53	111	209	599	457	114	271	123	34	236
V477	401	3	145	20	44	227	0	240	227	57	287
V478	19	288	33	331	11	396	346	172	430	315	90
V479	199	114	304	174	69	215	18	303	255	153	186
V480	240	12	39	416	41	1337	70	508	367	213	206
V481	128	199	60	438	116	472	206	128	32	81	150
V482	114	160	96	39	492	136	115	62	36	265	125
V483	184	486	76	195	160	399	8	176	56	606	256
V484	142	30	1	139	160	25	134	13	127	358	109
V485	515	88	117	195	132	239	56	177	288	919	438
V486	243	60	76	52	30	183	0	9	203	37	202
V487	159	37	479	95	94	5	216	254	211	567	153
V488	36	263	334	319	16	51	88	897	90	440	91
V489	16	16	450	50	457	440	169	204	251	143	44
V490	28	45	85	4	39	30	315	3	27	249	43
V491	115	434	260	129	347	50	33	170	37	236	173
V492	31	48	119	304	15	110	62	196	697	16	37
V493	340	39	523	110	441	800	182	134	198	440	272
V494	340	256	92	274	267	62	172	69	498	79	307
V495	308	147	7	191	871	295	359	182	224	484	271
V496	300	120	62	55	1	67	589	350	706	197	237
V497	50	117	56	608	11	142	16	401	268	504	103
V498	221	110	22	75	88	44	257	123	9	69	174
V499	2	44	143	740	161	459	9	13	26	543	50
V500	330	91	96	28	238	28	421	23	85	152	284
