Source001	Source002	Source003	Source004	Source005	Source006	Source007	Source008	Source009	Source010	Sink
V1	78	209	244	219	170	155	16	142	187	437	193
V2	71	9	54	37	23	422	96	16	39	355	27
V3	143	508	164	222	266	323	439	229	15	2	417
V4	77	91	127	205	449	129	73	32	182	91	111
V5	160	54	117	1108	68	209	220	108	71	5	103
V6	26	246	323	19	58	17	76	544	127	14	208
V7	267	249	44	174	281	353	136	8	331	173	247
V8	518	166	175	7	319	310	53	230	131	99	196
V9	79	1040	25	93	124	232	87	361	299	164	860
V10	251	144	176	98	241	240	34	15	326	164	143
V11	95	59	1	463	381	21	39	49	138	2	94
V12	595	12	22	34	118	460	333	219	19	200	100
V13	201	2	80	4	128	125	529	0	166	45	49
V14	411	141	61	429	197	61	309	153	118	160	155
V15	483	48	105	180	89	234	511	56	193	416	122
V16	694	4	966	231	420	1114	50	6	81	630	122
V17	1157	112	266	182	6	643	59	507	566	2	255
V18	13	148	283	85	232	139	157	196	915	3	137
V19	1043	84	215	242	80	139	171	52	378	86	211
V20	248	321	10	27	110	13	249	64	168	66	287
V21	309	52	41	172	365	285	733	298	239	125	101
V22	112	46	206	499	380	108	102	4	709	15	79
V23	67	198	59	28	238	115	429	101	438	61	197
V24	75	217	19	318	175	204	203	694	332	260	202
V25	93	119	204	154	219	875	241	146	296	245	137
V26	340	116	216	194	266	12	264	212	15	112	155
V27	27	430	150	249	326	400	20	125	266	69	342
V28	158	82	111	296	152	1074	55	54	57	117	100
V29	151	372	44	308	97	243	103	165	567	262	323
V30	125	229	809	18	56	14	18	285	77	1964	210
V31	115	35	11	186	64	53	49	266	65	452	63
V32	53	272	173	482	11	432	204	107	68	31	267
V33	334	38	175	312	408	320	89	288	440	37	75
V34	236	118	143	496	86	1	289	62	129	159	145
V35	190	789	61	54	67	184	188	172	101	107	645
V36	25	420	35	61	76	363	4	258	162	226	330
V37	181	223	415	182	393	56	252	168	216	516	219
V38	73	289	17	30	35	49	23	363	115	39	246
V39	510	159	179	529	260	125	232	228	20	25	218
V40	123	3	207	90	35	0	6	19	281	312	30
V41	49	314	209	82	226	143	65	35	162	246	271
V42	97	318	10	185	71	155	290	218	1139	602	290
V43	64	192	270	318	123	21	156	8	415	22	185
V44	120	430	774	15	114	243	285	74	111	124	402
V45	173	347	196	61	500	139	28	197	721	282	310
V46	313	176	536	162	135	191	700	134	0	77	208
V47	532	219	159	21	264	336	77	118	729	139	250
V48	406	80	378	449	304	272	187	86	147	146	148
V49	550	5	734	18	43	372	212	545	3	64	88
V50	183	16	60	54	337	108	181	171	25	407	48
V51	236	337	22	268	314	134	54	43	65	17	306
V52	70	219	285	285	10	37	2	77	21	109	191
V53	252	143	246	183	432	72	611	324	572	120	184
V54	149	789	125	414	65	226	444	31	53	20	644
V55	594	108	215	114	204	97	55	434	183	138	166
V56	4	45	5	67	359	55	6	343	255	104	46
V57	25	418	303	177	97	58	101	460	13	178	372
V58	153	48	763	588	102	252	64	104	201	50	100
V59	225	72	174	16	559	31	3	129	61	52	97
V60	72	368	161	149	45	38	173	7	43	146	322
V61	105	13	318	12	31	19	179	323	13	211	28
V62	15	138	329	268	25	95	7	5	342	103	140
V63	60	80	649	35	57	48	869	189	71	53	73
V64	24	74	233	11	370	285	116	42	478	150	75
V65	95	44	95	25	65	68	305	175	190	33	63
V66	73	321	29	72	401	21	534	174	187	908	307
V67	146	2	233	372	164	238	13	41	286	105	41
V68	31	11	64	61	83	46	215	230	384	102	41
V69	25	96	53	120	350	43	465	65	240	52	84
V70	307	227	34	13	82	76	267	153	1	248	225
V71	47	121	5	54	261	342	166	220	87	51	124
V72	28	47	397	19	27	144	108	87	104	58	44
V73	8	198	221	57	18	195	36	44	169	146	162
V74	202	102	179	268	41	6	132	67	250	310	130
V75	575	53	23	1	34	0	134	165	45	218	118
V76	91	40	105	244	83	208	156	297	31	115	73
V77	87	58	65	17	167	1031	85	7	75	387	68
V78	99	142	111	285	497	191	219	116	28	64	143
V79	205	167	292	38	269	1128	421	999	114	264	171
V80	37	371	169	26	317	73	243	206	194	22	322
V81	113	165	469	39	262	5	49	245	74	239	143
V82	94	660	172	117	620	37	215	262	206	111	530
V83	224	299	205	20	101	136	543	314	303	1	252
V84	9	51	60	277	331	309	143	101	108	80	67
V85	527	235	198	107	73	33	231	51	10	285	278
V86	461	222	423	59	6	27	178	310	62	82	244
V87	24	182	126	165	507	116	118	111	297	595	161
V88	14	950	307	971	86	88	223	145	475	134	793
V89	167	84	19	34	311	15	452	34	81	28	98
V90	255	160	0	275	271	90	34	430	621	202	168
V91	152	142	266	151	462	500	60	217	94	250	154
V92	140	13	121	447	194	11	149	163	59	398	54
V93	10	409	205	43	63	85	47	196	235	0	316
V94	5	428	164	49	215	172	933	500	111	156	358
V95	448	77	44	483	251	32	138	162	126	168	153
V96	4	57	149	48	249	31	52	390	60	148	55
V97	284	106	503	16	245	32	331	32	12	154	154
V98	183	119	62	141	338	97	497	16	0	287	140
V99	33	276	24	511	327	223	352	411	153	21	221
V100	127	37	413	64	296	125	81	29	154	313	60
V101	109	162	101	445	18	487	239	271	239	143	171
V102	40	300	168	23	188	123	0	258	92	41	249
V103	284	1011	206	215	73	33	1	207	33	366	830
V104	125	156	211	28	104	323	43	66	133	301	124
V105	10	71	103	82	56	46	103	255	74	40	65
V106	15	244	285	358	152	25	48	8	312	17	212
V107	820	21	68	27	205	3	217	92	58	8	114
V108	8	52	80	162	160	71	298	51	855	69	81
V109	204	30	22	23	38	136	298	16	441	173	70
V110	6	723	128	136	23	69	249	402	15	101	553
V111	469	270	55	107	3	56	3	48	593	57	277
V112	306	170	11	14	292	179	172	199	44	523	179
V113	321	606	108	63	11	362	45	620	63	59	487
V114	93	300	223	250	76	79	133	91	92	47	243
V115	65	354	124	70	87	84	301	105	192	5	305
V116	71	3	176	394	102	277	27	1	129	37	23
V117	42	103	62	115	21	89	459	133	281	78	82
V118	121	805	376	88	441	611	460	89	661	31	717
V119	14	606	133	9	200	203	133	509	225	182	497
V120	1000	247	149	205	207	72	99	91	39	209	326
V121	468	278	15	176	163	825	137	548	375	362	294
V122	111	62	121	266	622	255	521	159	626	264	102
V123	81	129	17	331	316	730	3	37	136	7	150
V124	199	101	347	58	95	175	40	27	122	188	121
V125	5	98	208	524	14	32	58	159	28	361	112
V126	236	56	545	7	25	374	313	95	305	0	99
V127	92	596	326	438	349	61	219	14	134	99	471
V128	81	52	564	320	67	270	3	302	602	98	69
V129	106	349	98	1086	22	50	39	73	466	61	316
V130	731	285	106	69	45	459	618	56	178	29	327
V131	191	674	369	345	37	165	93	89	934	309	582
V132	9	25	45	1	57	342	264	152	20	216	29
V133	43	27	283	358	18	178	12	199	174	265	56
V134	180	286	192	213	199	282	149	293	1	40	283
V135	682	135	109	246	63	3	154	171	91	286	211
V136	24	260	336	107	80	213	21	401	220	27	243
V137	325	7	42	75	159	7	120	239	171	728	67
V138	1	240	181	323	61	314	323	658	81	177	213
V139	99	174	162	62	11	376	101	2	142	67	158
V140	57	62	223	85	21	50	11	363	7	679	81
V141	239	9	109	213	136	371	399	83	12	166	42
V142	33	47	194	420	287	42	164	174	110	208	58
V143	22	462	43	251	26	246	274	84	28	125	384
V144	39	79	283	216	184	84	557	331	393	189	98
V145	1040	11	488	678	107	15	9	5	367	14	180
V146	584	24	145	37	207	74	68	118	79	753	103
V147	158	46	111	324	74	178	1131	755	243	522	112
V148	43	1	458	260	128	296	23	259	56	124	27
V149	117	288	135	97	86	20	105	48	31	591	274
V150	48	18	35	185	51	8	89	522	126	156	35
V151	40	252	87	241	38	256	576	903	30	3	226
V152	300	337	560	50	181	73	241	701	35	329	316
V153	606	67	181	29	53	164	41	191	431	7	130
V154	314	121	972	48	5	94	194	797	155	328	170
V155	20	194	52	40	886	20	165	41	14	112	194
V156	39	314	73	228	319	275	127	121	513	111	252
V157	139	108	7	19	867	128	90	342	418	13	107
V158	40	84	172	83	256	14	123	231	50	540	92
V159	440	214	439	196	552	471	178	38	269	790	279
V160	44	7	23	224	136	56	138	169	298	335	37
V161	0	187	324	126	306	14	151	606	281	261	152
V162	74	11	274	46	30	97	101	264	114	108	24
V163	119	115	45	291	93	455	362	41	247	176	118
V164	38	48	341	74	280	322	46	37	100	466	54
V165	696	193	200	553	87	90	817	67	453	32	299
V166	309	115	1054	476	222	147	27	74	40	420	155
V167	67	36	439	85	344	48	135	54	227	39	49
V168	24	8	90	181	143	174	95	13	591	34	31
V169	35	409	116	38	299	122	225	88	36	29	324
V170	172	26	198	174	108	268	132	281	166	218	69
V171	47	108	31	489	81	145	364	477	127	493	125
V172	46	124	104	500	173	337	59	95	3	33	114
V173	47	27	14	265	118	386	203	590	78	58	46
V174	424	27	173	336	460	298	37	608	387	442	99
V175	310	481	513	154	4	77	365	136	87	140	431
V176	110	301	49	62	16	44	303	102	198	348	287
V177	156	248	361	355	258	120	122	111	39	331	245
V178	256	66	136	98	124	100	199	26	122	127	98
V179	148	98	120	8	22	259	73	12	214	479	122
V180	139	55	821	10	230	448	42	395	371	9	80
V181	2	71	181	580	141	76	30	42	143	398	71
V182	634	562	73	31	27	6	383	80	26	132	549
V183	13	399	425	114	596	374	151	380	198	274	353
V184	3	122	919	665	49	5	62	227	218	135	131
V185	552	314	105	35	10	73	146	425	229	37	340
V186	51	74	102	102	119	88	97	308	855	360	86
V187	282	160	351	369	147	410	416	57	152	351	202
V188	322	1	82	19	1395	16	474	147	48	450	59
V189	543	127	69	16	418	81	504	139	98	184	166
V190	31	154	340	257	225	56	67	369	70	86	125
V191	289	67	16	243	174	596	12	172	46	406	111
V192	122	249	3	7	339	110	352	130	281	23	213
V193	137	26	291	179	887	375	259	85	62	398	58
V194	45	13	57	552	127	205	91	184	31	837	59
V195	56	21	27	328	203	147	126	64	141	110	35
V196	165	49	446	31	619	267	60	257	55	21	50
V197	425	140	77	9	183	37	277	86	51	403	166
V198	34	373	424	149	151	157	59	356	56	112	302
V199	7	288	77	281	431	190	23	173	216	202	240
V200	142	544	180	35	462	355	115	75	46	46	421
V201	475	121	289	90	136	214	10	763	224	276	175
V202	28	229	251	612	104	186	95	220	626	128	218
V203	137	47	230	173	225	349	55	52	69	221	70
V204	57	15	168	257	104	652	10	62	52	221	30
V205	35	646	266	487	137	452	191	385	1	212	544
V206	5	708	201	212	106	66	154	640	47	95	583
V207	189	890	60	151	121	271	152	165	184	44	690
V208	354	139	15	51	174	189	208	388	58	26	172
V209	4	234	13	78	37	300	98	141	43	94	205
V210	60	22	180	193	35	319	393	76	16	195	44
V211	108	8	25	230	11	339	271	11	7	73	30
V212	38	217	247	203	164	59	63	62	562	226	204
V213	209	164	202	128	154	22	45	473	91	79	198
V214	130	229	35	109	223	75	382	869	127	27	212
V215	174	38	26	247	36	261	156	294	196	184	73
V216	221	339	242	107	846	297	125	310	77	155	321
V217	2	78	316	177	376	251	143	5	207	151	84
V218	105	10	158	0	76	6	198	214	142	354	35
V219	237	298	612	301	347	12	215	297	628	4	296
V220	29	125	151	24	244	641	48	18	207	552	93
V221	932	251	271	675	285	158	67	571	237	521	367
V222	37	70	3	375	97	358	848	180	285	65	108
V223	303	253	64	231	379	198	262	525	170	166	251
V224	51	918	372	321	157	37	201	14	307	36	792
V225	618	18	125	105	103	235	263	74	210	96	102
V226	82	698	341	95	220	281	365	307	130	26	585
V227	47	145	393	1005	204	110	393	278	52	111	167
V228	707	12	714	808	262	60	360	14	264	410	157
V229	51	30	24	204	236	336	8	389	26	359	36
V230	423	100	109	119	144	29	0	59	202	647	142
V231	162	108	111	49	87	80	39	13	281	3	98
V232	126	55	85	9	32	109	51	60	597	99	69
V233	13	315	59	47	30	18	116	109	18	172	231
V234	33	197	315	173	334	106	194	236	336	21	176
V235	161	97	165	345	160	188	1314	247	178	155	129
V236	101	160	191	82	524	704	178	120	268	237	182
V237	21	94	129	37	76	77	133	310	10	60	79
V238	378	30	529	140	238	481	108	81	45	84	97
V239	134	18	81	77	47	72	119	49	113	43	28
V240	126	14	88	145	20	5	297	110	14	286	39
V241	528	161	63	97	66	53	15	38	387	24	217
V242	17	6	107	57	14	168	13	227	119	221	16
V243	432	29	5	165	32	163	82	116	94	51	88
V244	342	53	101	101	149	127	72	54	763	118	120
V245	28	126	94	22	608	10	153	174	376	145	126
V246	273	8	243	265	440	222	11	213	110	95	51
V247	315	168	175	95	178	84	22	87	74	617	188
V248	41	236	36	623	90	67	175	226	491	605	263
V249	26	30	536	162	430	76	81	533	469	137	53
V250	1280	381	786	92	214	2	57	108	48	105	439
V251	85	137	14	9	167	86	178	30	266	57	141
V252	461	171	180	40	75	0	164	4	46	230	193
V253	38	122	192	145	0	74	140	698	755	771	124
V254	162	102	219	210	42	5	431	348	578	566	120
V255	96	35	241	373	306	21	187	38	403	194	83
V256	144	10	36	32	217	490	46	987	89	44	40
V257	34	403	458	28	47	36	46	65	19	103	328
V258	307	25	430	81	95	152	253	527	47	2	74
V259	328	426	6	398	290	345	261	134	434	116	394
V260	108	115	86	270	304	236	24	279	56	23	131
V261	4	597	300	7	136	497	85	180	317	105	467
V262	228	90	472	346	341	350	3	398	99	333	143
V263	292	640	117	192	350	368	141	68	207	94	612
V264	455	8	140	757	16	104	23	136	230	1091	106
V265	37	229	215	205	288	545	37	99	185	75	173
V266	289	81	154	14	54	6	56	224	60	185	124
V267	537	660	62	375	137	155	486	312	102	33	602
V268	484	139	0	218	37	9	6	431	58	229	196
V269	557	203	142	147	158	72	425	118	123	82	254
V270	33	205	254	350	67	85	201	1326	115	177	168
V271	132	429	134	25	217	590	265	35	24	41	376
V272	215	78	1	329	87	129	106	159	83	696	117
V273	108	182	25	126	507	120	368	373	122	76	164
V274	446	59	160	170	190	72	220	203	534	58	149
V275	8	33	7	498	130	33	722	78	150	119	61
V276	152	5	382	139	76	221	508	274	592	182	49
V277	301	37	88	244	412	133	90	34	107	45	83
V278	36	58	74	101	152	159	713	109	521	9	72
V279	93	201	206	88	306	134	155	315	16	47	169
V280	6	313	33	19	99	397	375	247	394	74	291
V281	33	257	264	16	396	32	153	230	191	12	216
V282	8	190	133	222	485	108	67	283	29	424	167
V283	488	582	48	87	179	331	136	220	220	160	521
V284	49	18	238	147	290	351	425	143	9	21	35
V285	94	93	676	481	71	58	26	201	100	128	113
V286	826	90	209	100	58	309	323	250	254	203	195
V287	956	58	198	580	97	286	132	303	24	439	168
V288	856	324	65	10	218	70	425	95	23	20	370
V289	393	48	19	16	34	639	325	390	355	331	104
V290	18	90	133	3	43	26	458	46	41	275	81
V291	23	67	158	678	85	613	0	689	235	247	92
V292	524	22	847	123	60	643	12	103	116	752	117
V293	88	548	700	461	239	59	57	1	158	164	457
V294	236	718	78	50	201	597	333	324	205	43	617
V295	363	211	194	2	52	649	102	478	62	189	219
V296	140	224	157	147	56	131	27	108	95	455	220
V297	159	73	277	428	132	55	23	2	17	605	93
V298	214	14	4	97	172	146	207	81	174	82	53
V299	44	83	503	469	71	58	49	8	8	123	84
V300	186	8	108	49	363	17	159	50	127	348	52
V301	155	893	477	35	433	3	391	531	191	174	732
V302	138	4	461	224	117	370	233	237	366	594	51
V303	456	808	91	23	63	199	275	146	42	676	693
V304	52	33	196	2	2	111	103	616	122	3	39
V305	149	566	80	82	280	475	583	59	87	104	465
V306	281	195	218	288	476	16	13	54	36	644	226
V307	283	20	11	21	20	74	148	365	202	832	66
V308	277	50	34	668	80	350	216	208	223	522	124
V309	286	25	95	33	667	26	229	273	169	111	67
V310	11	116	82	27	337	96	32	148	27	230	86
V311	19	190	50	253	36	237	85	216	113	367	164
V312	9	126	144	208	732	610	200	246	85	472	131
V313	81	342	352	6	154	125	34	443	83	16	282
V314	257	423	150	719	193	152	68	347	88	249	371
V315	447	37	398	131	16	45	10	87	457	50	103
V316	8	15	287	96	200	858	293	432	77	52	30
V317	585	211	20	201	18	42	148	26	38	5	257
V318	33	32	63	100	92	355	43	146	422	335	49
V319	133	69	276	66	18	105	385	62	12	603	89
V320	315	355	364	256	296	63	148	11	262	221	344
V321	181	393	217	688	223	373	213	142	76	300	354
V322	86	146	164	85	156	559	452	137	444	459	138
V323	43	83	36	49	118	342	76	181	63	205	74
V324	142	57	248	117	66	471	5	64	49	97	73
V325	62	424	30	114	77	108	458	38	709	127	367
V326	287	135	54	167	90	679	452	732	430	159	162
V327	543	623	33	11	171	42	479	54	130	67	564
V328	896	157	157	284	623	126	15	99	157	278	257
V329	18	4	404	333	876	191	617	539	14	24	49
V330	549	458	184	237	198	114	302	15	75	79	443
V331	21	216	97	167	155	237	158	190	53	396	201
V332	122	33	2	30	374	450	243	95	372	144	68
V333	225	322	300	70	334	51	98	31	85	204	284
V334	419	196	368	471	10	204	166	461	781	51	215
V335	239	152	267	448	563	27	38	474	61	142	172
V336	92	123	55	7	364	515	73	328	17	386	122
V337	62	192	281	573	149	523	67	155	43	297	190
V338	265	5	17	310	192	194	3	66	345	344	62
V339	127	6	702	57	242	106	401	65	97	164	44
V340	104	109	106	268	101	110	27	73	134	99	91
V341	75	639	418	18	29	94	16	369	0	64	561
V342	697	301	977	103	27	28	694	267	650	134	377
V343	214	368	335	11	36	12	216	269	199	2	347
V344	5	546	145	9	83	91	477	564	34	338	429
V345	74	459	119	62	191	68	91	13	17	150	378
V346	211	4	146	252	79	157	278	319	73	393	54
V347	341	73	76	132	238	79	63	281	126	75	110
V348	358	266	228	27	209	262	43	79	716	25	260
V349	29	99	632	5	159	166	374	95	39	364	114
V350	0	192	25	58	774	97	190	58	125	139	155
V351	53	106	59	451	271	75	5	158	62	974	107
V352	518	5	312	49	463	38	20	330	183	88	76
V353	242	311	335	378	64	173	224	67	541	496	308
V354	55	68	157	165	255	79	82	493	46	11	83
V355	190	274	70	188	240	115	30	80	83	22	216
V356	16	27	167	1011	13	164	365	27	59	549	87
V357	52	239	4	45	141	103	241	796	32	57	213
V358	147	137	202	123	162	287	76	214	85	121	136
V359	401	189	14	198	800	340	48	8	304	122	209
V360	27	119	239	10	154	100	696	33	75	417	122
V361	122	195	142	80	210	641	131	1	156	306	178
V362	52	93	318	187	54	765	405	113	295	174	99
V363	123	296	103	32	643	359	123	165	13	45	305
V364	237	25	104	116	244	161	250	230	257	167	57
V365	4	166	23	121	78	143	226	488	131	13	129
V366	5	532	296	128	48	493	81	186	38	18	415
V367	40	136	74	229	159	528	197	425	66	204	138
V368	21	68	186	7	108	589	78	4	541	1198	86
V369	578	13	8	173	243	16	178	55	55	203	101
V370	63	1129	6	112	246	16	53	540	144	469	879
V371	111	53	37	39	288	114	45	196	462	239	66
V372	389	469	190	58	229	5	31	509	173	101	405
V373	68	312	771	297	355	80	771	237	131	39	330
V374	163	21	337	692	336	19	42	223	5	194	71
V375	179	138	83	286	406	168	935	264	160	381	183
V376	154	38	32	36	243	701	20	59	289	86	63
V377	346	101	24	24	219	38	201	25	69	33	122
V378	133	641	102	376	14	147	404	184	69	59	539
V379	34	581	3	395	6	3	28	39	528	37	493
V380	183	5	266	181	151	126	34	41	73	698	53
V381	138	188	146	293	30	32	200	109	242	76	185
V382	33	7	749	103	45	92	90	257	339	236	30
V383	57	270	104	243	349	37	115	144	96	191	221
V384	99	138	332	284	25	256	536	167	94	585	157
V385	14	105	395	161	268	310	292	61	336	108	109
V386	751	726	169	221	19	11	22	86	133	635	652
V387	4	43	25	57	123	303	18	171	118	275	48
V388	226	329	327	115	638	275	133	507	73	448	311
V389	12	188	19	14	789	41	335	173	208	108	162
V390	6	203	42	627	163	59	30	1137	243	239	176
V391	380	1217	47	527	329	17	233	5	467	179	1013
V392	34	127	82	409	131	230	199	66	426	73	122
V393	65	425	89	31	125	284	259	273	591	138	383
V394	173	38	433	169	258	100	20	13	785	28	81
V395	3	519	84	98	419	90	136	234	99	146	448
V396	2	199	152	628	20	156	325	134	49	521	183
V397	225	12	297	251	62	45	494	171	503	135	52
V398	552	414	149	133	203	40	54	60	209	98	401
V399	180	266	168	34	108	45	542	169	162	72	249
V400	9	102	201	139	71	173	738	277	48	49	92
V401	178	209	166	246	179	256	56	100	25	96	163
V402	180	41	394	544	581	239	418	105	586	117	83
V403	138	312	73	23	27	126	111	138	600	244	228
V404	78	189	8	96	240	24	33	164	305	285	183
V405	244	155	176	156	21	407	262	88	24	5	162
V406	484	32	56	168	555	39	56	491	506	4	103
V407	9	227	427	55	298	221	407	74	343	17	196
V408	187	118	27	341	203	204	611	229	869	407	147
V409	375	294	229	192	558	218	196	8	34	301	296
V410	74	77	168	91	25	173	258	260	152	53	99
V411	105	234	387	550	48	331	181	79	68	165	232
V412	62	23	124	48	141	140	200	7	248	90	37
V413	11	70	111	14	333	42	123	185	211	256	76
V414	173	60	362	121	24	142	97	23	35	225	89
V415	129	16	210	140	43	116	298	326	467	94	64
V416	68	42	10	213	67	184	712	496	337	65	55
V417	46	307	197	103	87	115	581	166	124	535	284
V418	20	85	805	350	10	199	413	26	264	489	114
V419	200	236	15	707	658	324	134	89	88	145	284
V420	367	136	274	268	96	763	97	45	161	75	187
V421	52	137	397	42	156	11	382	244	113	0	136
V422	39	157	107	324	133	83	71	59	107	8	136
V423	28	436	798	309	230	62	25	41	257	231	354
V424	43	231	240	88	47	204	452	13	212	8	194
V425	77	10	14	64	27	315	57	142	49	487	25
V426	95	77	223	72	105	427	13	395	177	27	78
V427	290	48	407	113	215	698	379	37	225	108	100
V428	59	57	4	82	251	59	250	146	85	346	69
V429	6	90	13	81	194	252	170	113	335	143	68
V430	72	1106	250	121	520	287	140	162	494	164	889
V431	48	70	126	36	187	211	195	106	312	91	66
V432	483	138	294	39	111	114	1	5	15	330	175
V433	176	134	165	234	1043	732	41	22	8	101	140
V434	317	123	27	107	24	84	180	451	432	163	143
V435	306	20	788	181	534	362	87	215	629	112	69
V436	256	362	60	288	123	19	8	76	384	36	320
V437	136	510	264	103	2	326	177	293	8	15	422
V438	483	177	84	245	177	790	123	130	152	152	209
V439	442	199	37	439	209	62	88	89	8	225	221
V440	821	98	113	154	26	416	448	124	147	214	183
V441	201	291	267	331	102	212	140	250	115	79	287
V442	137	42	295	135	7	200	231	31	115	63	62
V443	252	488	217	56	20	35	348	1290	290	43	408
V444	189	262	392	4	199	411	68	4	223	102	233
V445	165	19	4	42	154	167	71	67	39	109	50
V446	1	254	274	106	69	374	182	19	257	94	232
V447	161	344	278	132	181	559	269	255	221	113	268
V448	85	64	23	32	51	23	345	472	6	11	82
V449	326	173	602	3	128	542	263	12	78	10	203
V450	405	9	354	189	208	596	42	293	102	42	79
V451	304	203	132	104	255	23	234	46	40	11	191
V452	319	46	18	30	102	52	213	58	8	57	80
V453	106	162	62	57	50	44	243	2	308	66	135
V454	168	128	98	44	150	265	444	21	34	381	110
V455	1412	3	186	165	217	336	55	74	114	995	204
V456	162	103	12	24	64	98	270	84	276	37	104
V457	483	15	22	21	395	275	254	149	626	302	82
V458	221	113	113	50	79	411	349	137	67	33	129
V459	8	433	66	143	169	51	39	93	471	5	376
V460	647	47	290	260	99	321	11	937	58	474	143
V461	148	99	130	369	5	0	143	346	157	519	109
V462	177	64	47	6	185	731	109	119	99	51	66
V463	144	591	16	205	253	6	272	382	75	395	484
V464	63	103	450	142	53	185	52	127	231	67	104
V465	425	36	62	939	24	51	21	375	5	68	115
V466	445	20	81	556	410	26	224	71	323	2	95
V467	86	177	198	439	216	3	53	73	98	14	168
V468	20	364	64	228	44	17	45	12	105	673	312
V469	154	50	383	335	19	294	210	33	89	412	93
V470	85	393	528	249	337	407	563	5	450	314	385
V471	336	113	21	50	137	438	383	12	715	116	140
V472	249	160	119	825	6	245	159	110	315	192	201
V473	28	339	146	143	120	50	66	26	131	137	235
V474	402	249	22	271	169	470	156	91	137	138	246
V475	37	135	295	266	175	21	146	47	1	148	120
V476	584	53	115	61	488	143	40	154	65	140	141
V477	635	584	521	145	64	351	125	320	88	97	551
V478	36	77	186	1	113	30	17	282	190	72	88
V479	170	133	75	569	163	64	46	39	304	32	154
V480	187	166	139	77	21	26	106	175	10	116	164
V481	174	23	4	206	13	86	621	3	336	37	56
V482	9	174	40	33	83	319	111	8	206	142	156
V483	287	492	141	555	37	16	59	9	129	64	438
V484	31	393	322	680	54	287	429	172	80	211	342
V485	97	778	137	447	54	133	121	395	189	74	644
V486	412	405	174	46	311	32	362	15	90	323	364
V487	207	40	65	135	100	36	261	102	74	310	67
V488	169	3	460	103	317	13	552	41	114	123	51
V489	85	231	123	121	13	33	328	364	517	84	206
V490	11	142	73	444	1640	0	111	35	418	28	139
V491	32	162	58	243	269	138	181	2	45	2	142
V492	369	1	18	551	1	565	132	61	6	28	76
V493	48	541	71	1108	507	446	159	16	219	322	468
V494	136	81	89	56	78	29	76	250	355	89	96
V495	280	317	303	61	0	2	205	225	133	62	287
V496	32	16	1	238	16	27	175	64	197	22	27
V497	97	266	350	461	199	53	143	399	185	253	267
V498	116	103	294	237	166	25	194	142	182	367	120
V499	49	20	518	28	1049	228	416	234	188	14	46
V500	279	542	213	241	490	9	79	95	47	186	477
