Source001	Source002	Source003	Source004	Source005	Source006	Source007	Source008	Source009	Source010	Sink
V1	64	122	256	1039	268	30	709	750	221	55	116
V2	47	383	25	128	447	190	287	49	128	318	249
V3	110	221	40	50	8	33	66	43	319	439	167
V4	159	283	54	481	322	2	107	175	12	113	230
V5	280	236	714	164	9	52	236	168	32	20	225
V6	170	6	596	191	494	179	74	61	88	184	88
V7	329	193	288	98	100	222	87	216	57	73	249
V8	381	183	183	125	16	664	137	237	93	39	282
V9	281	29	301	283	121	60	26	351	905	136	136
V10	11	508	41	61	99	120	22	29	40	74	305
V11	312	42	289	81	60	35	8	104	221	290	167
V12	0	427	761	295	648	62	481	352	336	4	275
V13	19	6	244	159	16	113	219	193	69	261	29
V14	166	123	92	190	258	111	87	388	127	271	126
V15	327	75	43	198	182	130	183	267	143	16	157
V16	202	371	185	873	100	195	71	332	138	315	296
V17	993	77	281	606	161	33	2	82	50	52	350
V18	498	382	306	277	23	49	194	83	474	15	408
V19	349	68	170	54	59	216	148	137	211	266	187
V20	273	160	589	96	242	388	137	487	190	145	183
V21	32	7	216	150	282	3	745	74	199	252	26
V22	13	151	90	53	304	11	295	324	156	4	113
V23	74	95	110	349	609	170	12	64	407	383	93
V24	596	45	22	48	241	191	113	63	65	668	254
V25	109	30	124	308	31	2	49	57	303	167	68
V26	22	84	55	1	224	171	114	235	27	138	72
V27	299	24	118	63	33	301	453	152	161	2	143
V28	112	727	5	176	6	88	300	185	39	115	466
V29	328	147	904	444	16	45	9	132	1061	81	185
V30	5	798	76	642	35	437	181	134	216	172	502
V31	475	20	119	278	15	152	17	113	96	160	187
V32	116	276	53	105	127	308	58	147	113	88	204
V33	0	442	166	758	11	273	74	0	4	19	291
V34	192	313	255	184	100	28	293	65	112	54	257
V35	266	314	851	93	44	258	22	31	69	230	300
V36	195	20	265	80	234	106	54	65	393	34	79
V37	507	32	347	153	385	10	505	58	304	142	208
V38	88	138	0	655	42	63	171	525	125	105	128
V39	271	27	74	510	135	213	99	41	273	224	115
V40	239	246	31	302	222	312	16	493	61	358	238
V41	59	138	262	5	29	532	320	97	66	389	132
V42	547	92	528	234	156	298	98	597	140	109	267
V43	274	19	189	95	283	291	152	216	9	139	136
V44	383	85	223	191	113	173	192	774	161	182	192
V45	413	850	140	10	3	252	93	832	189	87	624
V46	156	3	126	161	472	23	11	83	44	0	46
V47	69	284	433	104	781	71	378	756	229	345	217
V48	40	143	232	244	6	40	8	88	151	166	94
V49	25	85	67	14	51	2	18	172	881	209	77
V50	651	80	76	153	178	12	374	296	741	693	270
V51	61	12	43	183	27	148	155	576	111	662	59
V52	61	337	355	415	404	278	451	138	78	312	241
V53	23	254	277	127	86	115	4	41	368	305	170
V54	233	6	61	234	41	26	649	47	29	46	91
V55	65	247	150	182	66	28	62	243	69	475	175
V56	17	176	329	48	81	246	459	69	101	214	138
V57	40	209	657	184	175	283	80	79	69	269	149
V58	253	19	94	18	97	331	193	88	189	172	101
V59	55	12	825	189	58	200	28	175	311	281	62
V60	40	5	137	103	347	42	15	418	22	373	34
V61	161	61	134	41	9	236	308	359	36	328	111
V62	168	122	205	214	144	138	33	459	68	143	160
V63	353	375	4	68	4	148	75	424	509	473	371
V64	301	299	648	157	489	239	59	412	169	42	303
V65	290	370	110	56	269	912	70	878	29	85	370
V66	130	25	90	48	318	201	189	85	217	23	78
V67	110	154	918	127	99	304	165	763	139	83	165
V68	40	422	109	396	310	42	471	359	285	15	258
V69	192	106	277	324	113	12	105	63	245	108	138
V70	311	165	86	561	84	350	219	118	9	37	241
V71	141	276	647	323	10	26	114	80	29	1	209
V72	234	26	350	550	153	259	194	303	384	120	118
V73	350	20	377	59	126	29	171	174	54	248	142
V74	60	463	7	25	721	479	2	183	297	172	307
V75	280	557	494	4	71	53	159	223	512	201	443
V76	372	24	183	117	743	128	336	339	951	354	162
V77	197	443	99	106	28	265	135	234	22	12	347
V78	26	252	57	52	3	159	113	246	11	196	156
V79	549	43	114	352	475	77	14	180	127	95	220
V80	241	182	149	431	121	50	7	129	46	72	192
V81	76	63	247	50	58	10	120	103	24	67	67
V82	308	310	404	152	2	200	12	758	29	395	276
V83	427	15	153	160	125	292	245	221	13	1	173
V84	570	11	82	17	488	95	36	141	125	269	185
V85	204	305	511	561	179	77	13	514	278	78	257
V86	231	191	5	1	286	334	79	92	290	338	215
V87	357	540	338	360	87	539	80	195	44	5	464
V88	150	39	20	77	67	154	417	45	568	424	87
V89	83	931	170	200	501	3	218	323	189	22	587
V90	364	584	175	209	10	127	96	77	82	341	462
V91	108	123	119	18	1179	5	418	341	46	289	121
V92	316	203	17	360	23	377	452	392	37	20	256
V93	255	531	93	19	361	36	638	86	1	15	430
V94	68	74	133	93	5	48	214	152	160	270	89
V95	86	145	90	96	247	254	82	4	201	34	113
V96	245	417	61	354	415	1	119	6	192	360	332
V97	485	262	260	468	799	1	73	218	296	3	316
V98	61	39	23	45	98	315	1	232	34	101	54
V99	634	68	159	69	122	251	219	157	208	67	256
V100	35	90	41	62	348	87	53	131	368	209	71
V101	2	70	317	630	457	181	69	91	103	106	71
V102	155	2	47	1	229	650	103	131	961	161	89
V103	187	33	126	471	101	110	160	254	267	156	97
V104	48	165	161	168	190	21	298	201	16	78	128
V105	23	158	369	148	32	694	1279	178	110	299	125
V106	17	70	4	288	393	411	79	51	52	29	80
V107	85	773	21	149	182	88	448	203	271	2	503
V108	131	238	284	341	258	181	153	24	832	197	200
V109	88	30	420	206	991	31	13	385	1084	189	70
V110	16	189	97	66	7	390	63	39	107	431	169
V111	47	18	198	192	164	62	39	162	35	256	29
V112	105	170	51	230	78	271	321	91	146	92	147
V113	221	148	102	101	92	251	183	114	48	124	175
V114	17	51	59	76	47	302	73	45	94	219	59
V115	298	340	271	87	283	314	234	213	539	372	292
V116	322	46	71	121	13	304	377	1137	4	47	167
V117	142	18	119	375	49	152	118	346	958	3	63
V118	32	162	195	65	721	190	121	68	82	35	126
V119	107	71	18	101	28	105	95	166	395	241	77
V120	308	481	115	23	54	298	102	91	103	172	396
V121	144	530	15	518	392	58	78	153	526	54	361
V122	56	196	42	237	274	5	97	38	198	19	138
V123	116	232	101	8	288	142	32	244	416	683	186
V124	232	383	20	209	18	292	214	152	31	161	330
V125	307	100	379	200	124	28	143	79	682	439	181
V126	253	289	262	131	207	66	82	182	1	266	268
V127	337	39	94	3	121	346	55	55	424	74	155
V128	109	298	25	434	102	140	290	95	117	260	234
V129	162	42	195	384	70	166	396	423	45	120	96
V130	205	585	450	104	74	180	211	129	5	132	456
V131	243	52	190	233	105	109	30	177	313	20	123
V132	732	222	1006	290	218	141	61	103	76	309	406
V133	40	125	48	74	41	71	20	57	267	202	111
V134	75	183	30	120	51	2	78	68	386	335	144
V135	50	25	409	148	223	465	24	185	130	273	65
V136	163	232	160	98	110	191	5	337	107	18	193
V137	65	415	8	5	253	540	221	127	3	600	342
V138	323	0	83	201	49	108	125	24	294	154	113
V139	50	104	323	61	191	16	163	300	36	85	96
V140	301	155	284	189	122	364	973	42	431	472	243
V141	598	342	131	147	87	131	359	29	181	115	394
V142	84	10	118	328	158	15	125	212	161	571	51
V143	102	106	415	36	50	152	325	270	136	253	127
V144	123	102	98	49	63	152	78	8	63	574	109
V145	214	209	244	619	542	71	168	197	309	405	205
V146	150	39	7	350	468	523	423	339	129	372	99
V147	48	79	685	628	91	143	340	407	249	96	93
V148	21	72	430	1105	142	317	3	845	29	89	76
V149	247	5	62	454	57	161	413	150	558	123	132
V150	28	110	28	665	148	366	211	140	110	121	114
V151	187	231	205	162	63	55	511	149	137	120	205
V152	313	458	42	174	47	285	241	7	61	135	380
V153	46	441	22	243	16	489	22	242	75	340	308
V154	109	315	116	265	83	611	195	181	154	119	233
V155	447	4	86	330	744	91	30	185	117	101	161
V156	199	245	7	79	128	57	194	450	119	39	199
V157	85	409	77	347	32	14	125	255	105	1429	298
V158	319	112	69	51	196	125	146	27	518	98	206
V159	321	376	75	211	39	111	217	84	39	111	344
V160	187	611	135	345	323	136	17	484	450	707	449
V161	154	0	28	50	82	411	44	578	211	28	79
V162	432	163	126	15	80	236	125	286	79	3	242
V163	99	23	329	181	10	14	185	144	411	135	57
V164	19	324	400	289	17	75	10	29	106	333	213
V165	57	99	6	374	143	0	9	150	33	217	81
V166	62	166	242	755	113	515	278	37	797	15	143
V167	60	84	4	271	244	337	206	199	479	245	83
V168	254	164	7	153	174	148	877	65	174	468	212
V169	83	18	194	230	90	64	87	419	128	35	40
V170	10	321	575	153	800	109	5	50	130	21	195
V171	319	101	38	282	384	267	178	419	39	271	194
V172	25	29	123	779	324	617	117	107	361	201	84
V173	68	1411	110	239	32	190	371	89	96	32	800
V174	300	0	108	156	273	132	145	216	204	303	128
V175	339	22	8	5	107	134	281	158	270	385	137
V176	669	229	377	154	167	238	257	516	21	33	364
V177	477	44	62	333	53	558	116	242	169	86	198
V178	66	23	80	11	35	386	406	429	601	78	70
V179	157	59	159	106	594	59	175	233	49	158	118
V180	144	15	46	212	546	28	181	186	552	3	69
V181	688	50	100	67	552	116	143	190	109	112	265
V182	546	131	267	86	299	472	210	29	138	162	269
V183	215	246	908	57	142	22	38	99	215	176	226
V184	308	16	56	66	15	234	339	67	691	353	135
V185	171	468	105	44	289	502	32	38	175	48	352
V186	157	238	288	264	249	147	89	130	77	557	230
V187	39	131	301	161	159	218	63	44	382	289	82
V188	215	20	265	57	553	13	295	26	267	183	75
V189	93	117	5	43	371	305	154	30	456	141	131
V190	13	157	520	583	140	50	0	338	12	55	114
V191	64	119	445	244	60	69	82	40	440	60	104
V192	110	54	111	124	242	206	2	62	131	124	91
V193	573	36	121	15	232	368	265	243	472	836	252
V194	256	561	358	63	5	54	497	379	192	118	407
V195	0	209	30	299	31	75	101	306	565	127	142
V196	25	510	136	44	32	145	220	109	465	290	299
V197	117	4	34	612	64	557	213	322	133	334	84
V198	151	39	31	830	35	160	14	305	164	639	108
V199	83	34	95	139	41	17	352	211	186	474	86
V200	642	309	294	67	0	13	41	145	282	3	416
V201	69	153	260	6	227	74	28	179	113	80	105
V202	624	155	198	363	119	5	55	243	64	102	315
V203	294	119	223	32	34	258	546	924	34	293	190
V204	29	115	451	264	49	31	85	186	95	21	96
V205	176	235	104	70	842	490	119	112	157	33	212
V206	12	428	245	218	57	380	44	701	275	371	265
V207	81	53	234	149	790	934	161	64	256	87	112
V208	13	110	101	21	98	40	510	222	421	29	74
V209	341	97	55	19	520	78	72	160	200	12	196
V210	106	30	176	482	250	418	336	486	250	235	82
V211	0	40	54	237	349	110	305	146	128	134	30
V212	396	12	235	103	146	982	9	21	21	265	181
V213	217	100	193	171	836	450	2	215	80	77	161
V214	95	365	31	481	32	90	477	178	314	385	260
V215	206	146	61	481	512	141	493	155	71	400	171
V216	130	308	25	749	276	201	37	24	293	46	234
V217	950	623	41	67	36	23	406	42	211	59	678
V218	154	81	229	70	195	76	148	23	105	355	109
V219	451	430	165	124	604	541	27	222	2	62	419
V220	35	334	198	116	234	363	125	170	182	18	208
V221	219	435	23	150	46	34	282	249	217	30	329
V222	298	289	75	64	19	44	315	278	348	59	263
V223	829	435	326	108	20	430	370	166	279	139	605
V224	183	172	1693	410	320	128	45	184	46	537	195
V225	112	177	223	59	52	132	30	12	9	283	147
V226	251	76	169	191	216	516	241	274	4	49	167
V227	18	83	639	16	114	1	91	149	142	367	57
V228	163	220	357	53	262	60	67	63	71	582	178
V229	134	122	5	643	79	1310	55	79	314	43	186
V230	91	219	74	23	9	210	91	384	322	13	160
V231	255	452	480	617	38	211	36	17	146	192	374
V232	152	23	145	237	572	143	352	178	55	526	103
V233	39	117	252	232	95	37	126	557	39	53	77
V234	260	31	177	203	242	379	435	52	52	771	132
V235	177	41	142	195	25	470	31	56	126	334	127
V236	166	596	39	156	110	520	224	33	673	370	441
V237	300	111	39	450	129	624	94	216	180	53	201
V238	338	220	12	230	3	667	565	148	422	90	255
V239	6	60	217	68	27	59	306	261	67	146	72
V240	195	306	15	31	484	357	950	57	14	25	272
V241	70	113	54	72	336	321	108	410	2	194	136
V242	374	366	174	416	789	422	458	44	210	1150	387
V243	469	135	149	37	183	431	150	204	130	191	275
V244	419	64	841	3	73	63	124	165	9	215	199
V245	160	3	825	16	80	153	38	6	168	254	80
V246	1	62	125	351	196	288	10	92	364	60	72
V247	85	145	31	89	73	173	280	18	220	419	116
V248	292	66	8	11	208	540	36	9	52	207	171
V249	35	335	214	235	17	235	280	258	41	48	204
V250	35	89	84	308	6	185	155	262	283	176	73
V251	627	7	455	843	79	50	652	147	113	115	209
V252	176	41	201	166	196	186	188	195	18	71	95
V253	684	454	26	159	30	119	234	191	249	108	493
V254	57	89	443	203	2	159	82	55	39	0	75
V255	337	238	83	381	547	189	137	4	4	74	220
V256	55	36	29	284	214	111	41	36	41	52	78
V257	269	210	1	157	345	334	23	69	82	49	223
V258	144	571	357	371	343	652	247	222	235	346	428
V259	48	19	35	326	19	35	51	51	205	164	42
V260	221	60	71	113	84	109	8	20	416	282	133
V261	315	208	514	75	81	254	604	214	34	435	245
V262	120	609	124	82	262	66	18	12	32	20	374
V263	60	118	179	421	394	61	120	111	135	185	101
V264	490	62	201	279	281	38	54	93	24	342	225
V265	188	57	114	4	301	180	241	45	189	953	113
V266	24	292	518	231	122	178	191	845	13	353	185
V267	43	965	20	360	78	30	3	47	53	11	592
V268	117	32	15	3	41	642	598	33	390	244	104
V269	305	521	84	125	133	81	53	470	106	137	435
V270	65	384	38	24	534	17	206	50	570	131	251
V271	264	120	96	703	108	128	250	653	117	291	184
V272	39	394	35	71	127	209	29	258	44	76	260
V273	405	102	25	275	228	18	297	206	180	222	224
V274	255	114	29	8	193	12	58	6	440	207	149
V275	132	196	119	129	14	99	24	58	100	246	159
V276	211	286	74	71	144	741	310	53	57	9	293
V277	18	208	68	73	133	31	395	26	165	165	126
V278	165	3	33	15	154	259	152	104	38	10	80
V279	149	235	6	325	1	59	5	73	130	40	179
V280	311	211	405	20	140	41	102	15	313	36	234
V281	92	76	59	419	508	258	183	260	15	478	101
V282	506	40	70	164	103	236	489	195	276	73	210
V283	44	1055	31	393	66	10	620	10	127	543	606
V284	375	657	291	10	414	104	331	217	6	5	526
V285	251	91	301	160	422	46	346	53	13	226	140
V286	186	23	362	47	170	705	97	57	1143	205	128
V287	20	184	4	0	54	474	21	12	129	5	109
V288	129	25	814	19	86	7	18	674	60	1	60
V289	211	158	245	136	12	607	740	135	91	433	225
V290	196	36	700	181	91	103	279	1	19	262	101
V291	292	98	442	275	77	50	398	134	17	228	174
V292	163	112	177	63	302	62	434	88	407	370	101
V293	105	251	82	274	113	16	145	173	236	243	195
V294	437	76	89	74	251	53	84	59	175	58	175
V295	176	299	435	659	44	195	68	97	36	30	220
V296	295	109	141	77	442	475	63	51	222	485	196
V297	107	299	943	0	226	170	397	245	186	182	241
V298	151	126	197	401	1	236	143	274	168	46	146
V299	21	148	141	28	117	67	176	42	71	261	113
V300	209	21	65	50	172	233	220	41	93	88	103
V301	14	52	19	447	54	28	94	324	45	13	38
V302	229	60	3	198	70	75	89	998	87	15	138
V303	113	50	11	8	40	160	19	8	22	463	76
V304	62	432	516	50	191	51	31	364	189	187	311
V305	35	1173	446	18	554	59	419	289	263	281	704
V306	111	9	106	233	152	69	768	272	302	47	69
V307	814	813	23	501	210	329	243	520	275	112	761
V308	127	22	53	150	442	17	13	138	106	93	64
V309	64	727	34	32	313	49	352	187	97	216	451
V310	175	356	218	254	73	241	365	53	279	429	287
V311	73	183	18	93	224	326	51	1170	63	153	138
V312	88	110	372	148	24	175	103	25	15	56	119
V313	22	142	1098	176	80	131	628	25	353	565	107
V314	65	27	178	37	298	242	13	771	585	180	60
V315	158	456	188	484	404	174	60	135	4	109	334
V316	122	1108	67	82	72	728	69	159	1053	64	686
V317	197	0	69	178	40	74	595	193	226	232	78
V318	31	25	138	134	461	23	151	69	183	247	42
V319	292	147	13	16	48	6	173	161	241	78	179
V320	80	128	536	158	290	181	197	210	120	7	121
V321	44	218	726	268	378	285	286	526	595	104	180
V322	40	15	12	16	427	417	456	50	471	290	48
V323	93	24	126	62	941	186	478	102	302	97	86
V324	233	63	432	579	34	345	201	10	17	20	145
V325	9	72	82	427	196	425	104	8	198	68	89
V326	587	40	12	458	222	363	145	174	30	50	257
V327	194	48	76	74	45	20	22	83	138	560	96
V328	148	229	94	299	185	222	72	170	143	172	212
V329	27	870	135	338	356	139	84	368	18	17	484
V330	908	211	7	208	139	48	83	71	72	21	408
V331	223	0	22	177	995	460	15	216	195	145	95
V332	749	174	434	98	216	164	480	43	83	80	324
V333	72	84	301	269	646	139	285	699	68	8	101
V334	27	453	20	27	40	125	580	60	24	125	282
V335	59	158	214	38	103	740	197	185	252	272	146
V336	301	80	219	778	0	135	83	220	237	366	180
V337	243	189	264	212	16	23	96	241	112	30	203
V338	259	297	145	85	126	168	350	139	322	163	266
V339	185	67	484	25	126	126	156	206	337	0	92
V340	111	241	14	102	230	138	205	293	329	494	178
V341	88	141	419	144	714	140	43	128	204	353	119
V342	10	35	4	29	20	51	372	266	1	545	44
V343	73	5	78	157	159	317	156	111	36	208	56
V344	269	11	164	62	37	218	160	78	76	96	116
V345	146	201	63	52	576	255	253	358	61	420	212
V346	52	60	116	164	163	272	326	460	32	51	73
V347	22	285	448	4	304	116	202	249	70	388	182
V348	446	78	315	455	142	29	171	223	267	124	183
V349	177	422	212	163	96	32	497	152	119	258	316
V350	62	464	263	530	114	12	403	159	393	518	305
V351	240	42	288	72	172	169	130	2	26	140	116
V352	55	482	39	113	20	91	810	6	6	62	341
V353	82	99	53	370	47	59	927	28	84	205	96
V354	174	17	339	30	107	36	87	155	142	264	86
V355	12	453	19	265	57	108	16	82	720	24	279
V356	263	524	108	490	38	42	456	59	83	609	391
V357	47	24	232	489	132	457	141	110	258	44	46
V358	227	288	9	726	128	141	202	80	574	103	267
V359	127	69	319	19	156	37	40	47	203	123	93
V360	296	270	67	45	541	594	121	156	386	76	301
V361	165	105	195	301	333	226	18	627	1068	156	144
V362	459	911	139	340	653	176	73	86	122	223	657
V363	112	46	195	65	21	423	93	372	294	198	94
V364	346	137	393	141	111	2	19	105	249	9	198
V365	323	148	156	628	421	15	170	103	154	271	209
V366	140	44	6	173	502	433	473	130	295	352	114
V367	63	76	15	495	179	501	91	335	432	138	112
V368	574	102	421	16	279	148	41	85	63	108	265
V369	25	241	93	133	68	113	21	557	22	178	141
V370	93	315	169	164	704	25	123	52	149	2	212
V371	103	103	213	358	61	197	47	46	102	38	101
V372	248	36	250	43	23	186	301	77	129	2	105
V373	543	191	19	52	433	70	205	113	328	122	285
V374	22	276	543	135	503	479	88	55	92	242	195
V375	71	189	274	105	131	192	30	182	179	23	155
V376	417	60	12	50	101	158	104	223	18	265	195
V377	389	179	103	350	156	145	237	104	19	86	258
V378	48	123	481	159	75	173	20	210	70	72	82
V379	489	381	18	147	70	298	102	136	417	158	406
V380	158	16	146	304	321	352	38	91	174	34	103
V381	241	676	226	254	209	221	300	88	486	167	507
V382	13	183	68	17	220	29	357	198	402	72	143
V383	71	318	24	295	353	280	55	304	2	31	242
V384	226	330	132	41	400	237	55	134	42	12	265
V385	143	192	138	8	484	83	102	83	539	56	167
V386	25	376	78	65	67	79	686	167	124	63	212
V387	484	21	111	115	54	82	338	18	528	131	178
V388	22	236	48	99	21	426	370	110	7	34	162
V389	77	537	19	85	269	109	40	57	256	332	355
V390	267	47	23	53	270	289	681	80	3	136	136
V391	763	321	154	102	188	136	970	71	137	474	426
V392	88	43	2	250	69	1005	118	47	94	388	102
V393	244	148	4	493	3	82	257	333	93	0	171
V394	166	482	17	141	48	176	151	257	175	38	370
V395	155	65	39	47	560	165	228	16	606	2	98
V396	27	245	449	281	62	139	273	543	26	35	150
V397	168	419	551	54	299	258	321	157	19	56	286
V398	13	79	168	105	67	134	278	104	184	19	47
V399	129	215	256	10	419	5	100	260	43	186	203
V400	706	33	570	185	70	35	601	23	266	104	295
V401	222	276	232	23	533	4	233	231	105	61	253
V402	413	941	666	112	105	384	57	443	353	165	702
V403	193	282	15	86	111	115	72	106	650	29	239
V404	70	22	586	24	257	32	2	307	11	96	50
V405	37	228	0	193	141	513	371	396	56	99	201
V406	13	59	427	233	266	132	104	390	49	495	58
V407	84	223	115	138	164	622	71	75	40	77	175
V408	113	129	159	199	31	187	365	398	1	266	124
V409	92	250	118	765	125	182	520	139	25	102	211
V410	222	35	10	277	1	231	282	53	35	170	135
V411	681	275	4	2	265	26	102	437	98	313	372
V412	110	316	8	207	92	192	162	637	178	59	241
V413	153	64	251	108	29	6	183	449	28	16	77
V414	102	61	137	174	134	964	5	325	178	756	140
V415	842	296	88	1089	44	191	483	282	242	440	478
V416	133	219	304	393	165	166	53	199	59	221	201
V417	558	24	152	278	98	32	156	46	58	129	179
V418	68	126	39	335	71	59	3	11	138	103	89
V419	488	136	22	16	40	59	293	1240	59	370	259
V420	77	369	31	1025	230	319	311	13	89	92	245
V421	13	218	428	362	198	152	3	205	213	245	155
V422	139	305	461	243	67	363	153	60	169	31	230
V423	130	224	0	8	322	14	192	194	111	80	187
V424	12	272	201	303	581	23	312	120	312	282	174
V425	208	240	507	281	34	9	18	709	35	163	213
V426	6	176	352	130	95	235	317	22	320	269	104
V427	108	249	50	59	358	17	357	70	434	227	203
V428	89	0	61	43	215	41	52	216	848	35	44
V429	105	11	31	250	47	204	36	154	23	167	49
V430	131	72	370	25	19	91	65	89	142	43	112
V431	616	5	96	229	277	116	141	238	32	179	219
V432	193	101	226	69	65	61	316	684	302	69	151
V433	78	102	4	7	735	126	31	151	74	5	118
V434	165	90	66	77	37	113	571	759	154	49	118
V435	73	99	61	106	197	306	21	27	260	26	104
V436	176	178	302	49	394	393	252	1061	121	229	188
V437	227	374	17	589	343	101	35	362	215	37	293
V438	72	325	128	6	161	264	222	229	745	290	220
V439	113	43	150	156	259	84	441	183	413	470	74
V440	206	116	106	49	24	66	448	246	13	1441	155
V441	183	196	422	181	446	1443	853	211	89	142	237
V442	121	679	163	55	592	75	228	257	446	244	441
V443	105	69	377	119	1028	68	366	349	110	72	67
V444	35	22	62	216	396	474	39	348	63	125	54
V445	84	294	833	54	545	2	142	45	19	351	240
V446	30	151	100	51	142	16	342	73	160	406	111
V447	97	139	11	304	63	319	217	307	267	793	134
V448	247	313	823	60	207	118	56	372	13	471	281
V449	4	623	227	59	68	44	310	114	102	560	371
V450	269	56	144	26	2	155	4	13	28	226	141
V451	284	146	222	122	185	43	72	13	77	27	178
V452	175	273	303	288	556	49	125	210	663	188	222
V453	385	16	217	330	0	172	39	12	47	72	159
V454	54	130	118	52	79	120	378	297	182	68	104
V455	145	142	341	101	35	202	16	166	170	427	149
V456	599	410	74	226	242	29	184	98	938	34	458
V457	556	187	12	123	313	71	16	113	134	82	313
V458	48	229	95	169	101	73	87	153	43	215	160
V459	65	62	371	121	237	218	311	0	184	101	77
V460	42	78	86	43	57	66	496	39	111	199	89
V461	62	116	146	313	380	579	689	81	142	116	116
V462	125	747	122	50	51	334	76	183	250	230	478
V463	21	98	154	151	44	204	86	157	85	211	68
V464	203	126	74	103	714	13	26	22	54	443	144
V465	548	288	162	94	73	57	81	7	128	41	344
V466	179	43	177	19	514	96	437	57	296	162	108
V467	204	280	251	90	132	159	202	42	63	325	263
V468	29	222	272	27	98	1112	142	386	203	133	197
V469	17	307	165	351	25	29	99	16	82	589	190
V470	182	637	8	204	83	120	70	121	17	1421	466
V471	28	238	60	72	199	39	86	135	231	304	175
V472	29	114	2	75	36	398	405	72	192	182	108
V473	169	10	88	91	152	187	412	196	56	80	80
V474	75	124	258	43	33	115	86	199	97	167	101
V475	74	25	201	269	64	138	73	160	197	86	59
V476	145	246	93	0	549	208	509	726	160	137	206
V477	61	419	374	99	173	247	41	1	117	94	266
V478	250	6	373	263	45	84	251	607	87	181	103
V479	367	70	549	96	329	139	65	36	1218	395	191
V480	337	180	266	297	198	90	449	10	286	75	256
V481	678	304	255	49	86	595	269	253	167	412	410
V482	425	169	155	56	47	142	128	266	77	592	265
V483	643	2	139	106	38	8	51	46	79	220	208
V484	165	14	50	352	288	89	391	6	323	463	90
V485	647	47	238	39	129	24	85	271	72	103	252
V486	1	251	200	310	84	32	81	98	210	17	136
V487	262	26	29	325	174	261	216	38	120	678	103
V488	92	77	0	138	50	19	387	158	39	8	80
V489	1	24	643	13	48	129	114	54	150	144	33
V490	132	57	2	571	28	498	233	113	137	576	102
V491	542	16	137	100	36	6	65	201	503	184	208
V492	331	151	298	85	165	20	124	168	785	184	207
V493	518	85	104	224	301	330	104	230	14	38	235
V494	19	66	45	60	82	272	215	17	95	130	64
V495	42	87	179	53	230	91	49	175	108	107	78
V496	49	322	44	160	80	218	120	39	53	299	214
V497	240	58	1385	193	119	98	95	212	20	213	106
V498	391	15	127	200	62	233	328	59	416	212	155
V499	21	718	104	1	14	250	96	0	67	14	467
V500	208	157	147	20	155	410	264	139	46	125	215
