Source001	Source002	Source003	Source004	Source005	Source006	Source007	Source008	Source009	Source010	Sink
V1	110	252	202	23	27	60	243	94	269	123	130
V2	139	67	337	520	121	225	165	599	666	549	148
V3	112	316	1056	971	129	78	480	488	56	64	192
V4	290	24	228	169	140	42	351	12	47	177	219
V5	473	109	212	122	12	419	174	371	91	229	412
V6	120	313	85	338	329	372	94	23	325	135	163
V7	352	78	162	199	754	57	81	522	61	536	267
V8	237	440	155	427	218	266	257	11	144	254	275
V9	11	613	3	62	256	3	126	24	85	183	133
V10	113	410	156	30	51	30	562	174	405	41	155
V11	157	1236	213	216	91	151	212	62	23	176	363
V12	432	297	1	49	316	85	96	233	396	78	348
V13	258	199	186	548	51	235	91	44	451	260	244
V14	326	76	262	28	390	398	45	271	326	20	263
V15	122	279	59	236	199	21	189	200	345	12	158
V16	171	37	61	102	326	514	57	373	27	799	163
V17	1	29	153	341	151	137	4	169	74	327	36
V18	202	201	114	27	414	235	37	124	87	6	186
V19	124	67	543	142	374	142	30	242	133	296	136
V20	102	266	255	27	263	6	75	341	5	278	130
V21	36	700	265	10	3	434	579	53	92	1	154
V22	115	128	80	181	42	122	373	454	193	114	125
V23	400	79	297	24	80	157	138	233	840	225	333
V24	93	543	15	117	316	170	213	229	24	163	180
V25	693	100	24	1	93	371	253	653	476	307	503
V26	19	105	177	156	34	44	95	206	24	156	56
V27	362	382	128	131	400	51	294	206	122	167	348
V28	877	517	148	46	280	275	181	142	945	270	756
V29	365	10	258	390	129	92	343	97	99	517	310
V30	224	307	54	18	158	700	58	44	72	94	231
V31	1046	529	303	92	295	203	69	47	102	265	867
V32	91	130	533	19	302	37	38	49	98	40	107
V33	65	194	755	335	126	365	66	473	234	29	109
V34	368	139	14	249	59	75	216	76	280	33	323
V35	35	124	126	270	415	95	148	272	251	706	66
V36	60	189	102	108	72	110	354	43	110	89	87
V37	56	168	271	111	191	405	575	327	40	5	78
V38	108	125	86	44	140	312	466	294	1093	398	117
V39	25	69	117	213	10	561	232	20	109	121	44
V40	44	264	163	21	112	99	621	51	167	2	96
V41	45	120	29	352	543	829	137	33	17	170	82
V42	319	45	166	47	485	110	575	391	81	71	265
V43	149	771	132	31	51	405	84	137	114	66	271
V44	30	74	165	274	28	38	1498	233	36	404	58
V45	76	371	36	53	61	15	198	855	303	51	129
V46	213	19	218	333	353	178	726	808	76	40	201
V47	17	96	673	169	30	78	94	19	409	113	61
V48	70	371	72	64	108	62	454	138	1032	167	109
V49	2	688	20	66	37	163	67	201	27	407	121
V50	257	46	141	349	176	259	543	321	319	58	214
V51	277	105	237	82	208	162	6	303	17	159	227
V52	241	201	6	31	122	455	23	124	614	280	224
V53	255	124	166	396	41	5	77	22	65	86	233
V54	584	3	94	200	30	29	472	358	51	161	426
V55	606	211	85	146	175	601	6	84	9	466	497
V56	286	153	121	57	584	59	481	31	386	328	265
V57	108	151	249	42	43	86	284	30	506	10	107
V58	28	269	229	5	7	53	138	31	476	362	81
V59	97	115	135	21	454	99	316	7	665	536	115
V60	108	628	30	13	185	440	315	1124	368	78	216
V61	214	173	165	0	63	115	351	233	340	342	217
V62	25	1116	22	212	1	59	377	19	578	261	231
V63	418	28	11	283	248	54	298	125	222	214	361
V64	572	15	80	71	367	32	212	335	105	162	430
V65	520	190	22	3	556	21	562	70	342	763	408
V66	7	448	77	111	657	126	329	97	167	180	83
V67	215	715	31	25	224	195	117	84	61	537	273
V68	150	126	416	282	429	375	232	3	191	264	164
V69	168	132	418	128	52	41	5	79	336	489	207
V70	89	250	285	160	153	10	24	496	54	828	136
V71	474	84	78	102	258	74	146	375	0	25	374
V72	42	374	120	87	807	18	139	442	233	102	106
V73	85	31	135	81	7	59	177	123	117	417	77
V74	68	87	0	338	29	21	54	79	108	29	70
V75	328	102	40	335	58	85	319	4	416	551	281
V76	8	159	202	35	403	138	135	249	36	275	49
V77	152	82	475	235	10	4	26	58	31	463	184
V78	70	47	146	184	315	26	362	49	227	398	87
V79	54	25	431	102	37	95	127	447	93	285	74
V80	485	468	231	186	41	858	34	120	124	1099	451
V81	28	207	36	520	427	363	256	8	485	74	103
V82	60	10	10	168	175	390	78	144	9	80	62
V83	109	141	100	579	276	38	192	211	469	549	138
V84	120	256	325	180	198	185	458	497	74	53	161
V85	165	186	10	253	517	132	83	0	149	178	167
V86	155	140	160	369	570	160	346	0	173	637	157
V87	268	84	40	112	35	60	67	223	104	178	220
V88	534	125	225	79	24	99	1	446	155	107	440
V89	1	551	140	153	553	14	122	42	59	221	130
V90	460	626	519	146	533	200	200	189	235	122	447
V91	153	362	112	72	133	215	648	79	216	475	193
V92	533	73	30	125	454	40	30	67	169	1	360
V93	208	437	182	121	313	272	528	31	174	34	246
V94	419	448	200	45	470	452	611	115	144	159	375
V95	108	227	98	1383	136	181	47	53	173	7	145
V96	212	498	47	4	26	573	6	190	10	708	267
V97	386	153	383	266	149	37	607	140	363	322	339
V98	153	121	16	127	63	170	555	22	13	159	157
V99	70	50	56	165	591	24	553	16	49	225	74
V100	330	253	907	174	2	140	94	75	308	298	329
V101	276	335	486	200	258	297	221	153	90	159	299
V102	360	48	678	379	45	63	112	2	4	234	305
V103	223	130	27	97	86	33	10	17	248	321	207
V104	93	1	330	335	80	946	202	149	76	232	97
V105	93	191	262	76	417	294	32	429	44	363	139
V106	270	724	189	684	38	43	544	236	69	175	367
V107	202	209	149	227	192	112	211	946	153	362	175
V108	150	148	190	12	503	320	209	776	373	128	122
V109	55	31	38	64	449	30	74	271	718	168	52
V110	20	32	251	316	49	91	140	286	99	454	45
V111	105	499	9	189	92	50	57	127	551	280	168
V112	262	143	90	10	132	374	45	139	14	216	208
V113	598	413	26	238	134	456	320	46	450	47	486
V114	70	322	328	197	89	107	28	248	16	659	146
V115	297	118	190	126	34	56	97	1294	126	124	239
V116	1033	202	227	18	21	626	349	54	167	666	813
V117	50	9	13	37	281	56	540	79	483	139	58
V118	45	21	391	12	57	146	247	43	101	115	52
V119	280	404	90	99	40	55	108	20	3	282	283
V120	53	9	349	64	7	201	19	104	107	18	65
V121	148	5	60	197	78	353	80	49	64	262	121
V122	224	385	763	1227	61	214	175	16	147	182	271
V123	44	96	413	14	3	296	126	276	180	168	72
V124	31	487	119	72	12	87	51	63	42	22	127
V125	399	57	35	584	102	494	208	200	47	24	305
V126	153	483	192	298	57	20	6	108	86	35	227
V127	889	219	73	178	279	607	59	404	123	236	697
V128	21	114	236	457	128	1	160	4	35	170	66
V129	222	265	80	206	308	17	63	509	262	128	221
V130	170	193	50	129	129	247	188	61	165	109	163
V131	581	455	53	895	461	164	171	13	121	23	550
V132	486	208	254	242	302	272	0	825	45	114	392
V133	84	138	98	108	188	15	57	20	154	2	85
V134	272	54	456	85	540	457	430	122	101	26	244
V135	66	72	422	118	368	60	126	110	126	229	91
V136	53	76	392	359	310	123	6	23	85	93	63
V137	340	159	67	62	273	111	2	154	27	294	257
V138	286	164	564	90	12	0	103	69	202	1	275
V139	217	66	1	305	95	86	56	197	145	377	198
V140	240	418	192	206	351	503	156	211	5	155	268
V141	14	139	65	520	221	165	335	293	76	157	52
V142	251	17	159	476	29	134	148	746	40	151	211
V143	269	46	279	82	145	333	9	206	23	316	211
V144	71	172	0	310	148	45	362	86	158	55	91
V145	93	48	158	201	49	7	83	795	166	195	93
V146	234	605	44	213	90	1301	46	83	364	13	293
V147	628	150	514	11	750	18	50	1126	582	453	529
V148	1068	342	133	76	100	209	362	10	190	21	822
V149	18	343	3	25	172	67	260	236	296	354	85
V150	66	35	101	26	11	75	158	111	167	170	68
V151	1	36	200	408	38	194	7	280	178	124	33
V152	226	2	278	265	51	298	35	502	207	98	165
V153	167	0	191	69	53	103	189	570	151	323	157
V154	33	408	220	1106	34	195	79	8	41	47	138
V155	320	409	134	287	51	50	182	88	66	270	317
V156	68	14	112	216	573	299	129	178	139	124	61
V157	21	11	270	291	56	185	102	178	113	65	49
V158	65	77	307	224	79	9	144	193	507	482	75
V159	145	33	924	45	140	180	28	418	155	186	140
V160	351	106	499	29	309	2	515	108	199	16	316
V161	60	296	320	602	423	214	8	417	48	408	142
V162	312	259	30	164	353	258	1	287	398	420	324
V163	1	46	92	70	242	235	112	241	61	193	32
V164	35	148	81	198	77	310	729	233	45	54	49
V165	253	287	349	41	187	238	595	43	557	611	286
V166	69	42	56	42	9	285	33	162	239	124	82
V167	144	124	51	10	102	14	182	93	422	354	131
V168	55	55	153	28	183	49	235	487	7	75	88
V169	10	4	56	49	18	60	449	135	45	66	12
V170	138	235	4	254	693	88	147	4	22	39	156
V171	483	663	124	86	19	25	54	505	18	151	437
V172	157	165	99	477	122	247	38	51	415	232	162
V173	34	429	84	238	68	17	226	110	250	249	100
V174	364	299	89	103	190	5	2	14	93	68	340
V175	55	7	57	660	446	93	155	544	177	173	61
V176	441	126	7	316	276	103	4	80	114	4	367
V177	86	34	31	199	196	50	134	67	613	5	87
V178	191	455	337	285	6	112	33	141	239	39	243
V179	284	67	113	16	3	480	61	34	361	813	248
V180	103	397	143	165	276	885	112	273	101	843	181
V181	6	15	607	215	87	338	117	38	404	1	45
V182	129	112	177	50	108	181	100	174	65	97	143
V183	42	102	10	163	159	43	295	82	18	73	64
V184	58	135	678	36	314	13	541	208	296	305	107
V185	316	274	332	106	575	814	248	158	57	155	331
V186	38	49	120	90	240	436	42	126	157	192	43
V187	307	282	24	183	39	622	288	645	67	35	303
V188	222	470	447	161	9	6	228	193	422	383	255
V189	27	418	303	322	207	419	132	205	75	362	120
V190	125	232	57	425	197	92	132	33	4	342	146
V191	511	81	79	122	224	105	35	295	313	21	409
V192	171	18	250	65	37	138	143	292	70	97	134
V193	35	218	34	307	272	8	445	391	246	5	69
V194	79	372	99	172	58	21	167	95	232	307	154
V195	247	0	35	152	1041	156	144	213	99	756	195
V196	500	20	332	40	621	6	413	107	394	168	424
V197	907	331	71	143	422	189	20	176	552	336	732
V198	357	214	175	244	284	56	295	0	86	90	323
V199	17	224	99	169	23	101	131	46	253	243	63
V200	315	11	41	32	208	245	68	171	596	680	266
V201	87	250	299	600	3	79	152	273	45	5	135
V202	290	279	204	75	307	37	744	398	65	231	247
V203	77	334	12	157	209	87	71	46	85	10	124
V204	407	143	4	24	96	427	221	75	83	59	345
V205	90	186	31	105	5	662	162	120	122	80	112
V206	46	12	103	40	165	678	98	66	15	9	53
V207	92	130	126	132	94	307	106	171	136	73	106
V208	375	89	42	281	95	150	395	572	78	367	308
V209	244	217	379	114	466	120	2	286	224	72	221
V210	430	208	227	4	468	101	121	6	133	50	386
V211	27	53	19	114	153	103	37	76	237	144	41
V212	457	18	416	203	126	68	390	192	377	89	351
V213	9	241	12	132	15	101	110	226	205	156	42
V214	159	134	148	138	29	129	614	186	141	19	144
V215	134	105	94	13	92	103	364	291	15	483	131
V216	10	164	141	387	37	50	344	81	100	62	63
V217	185	414	150	22	68	80	379	341	34	109	198
V218	777	22	884	89	24	153	537	43	326	75	582
V219	535	456	67	638	128	107	699	107	436	262	530
V220	80	255	1281	50	54	38	157	31	750	267	142
V221	67	206	192	38	672	252	38	48	117	186	119
V222	33	90	19	2	534	48	73	285	312	74	60
V223	536	83	3	2	85	194	230	39	36	78	418
V224	182	104	154	58	264	93	229	73	252	46	169
V225	17	79	26	115	197	64	42	190	99	278	37
V226	54	234	64	67	466	54	243	29	129	202	102
V227	185	63	51	180	330	553	17	92	179	32	158
V228	72	77	38	121	314	17	12	19	15	58	68
V229	162	189	67	638	641	20	27	592	60	122	197
V230	100	34	298	33	306	99	131	273	555	1083	113
V231	37	465	549	38	2	30	75	180	45	197	116
V232	427	152	18	132	129	478	156	141	170	165	331
V233	144	9	150	160	403	1135	111	11	132	285	155
V234	14	38	7	282	1	69	53	102	105	249	33
V235	327	427	105	168	635	423	127	616	76	80	323
V236	402	43	69	163	117	255	189	214	149	514	356
V237	145	82	21	141	189	91	194	16	225	54	136
V238	52	17	31	188	87	21	8	168	244	647	52
V239	152	285	6	21	19	226	143	355	189	160	172
V240	1035	74	96	94	324	66	144	180	63	316	801
V241	6	169	283	53	28	10	55	870	270	105	59
V242	28	6	544	640	50	119	358	28	288	419	80
V243	23	134	316	337	569	808	15	64	408	388	73
V244	336	107	403	80	335	93	271	554	238	1	275
V245	55	258	140	18	471	177	305	4	182	48	105
V246	296	108	457	65	160	104	86	27	181	132	259
V247	554	698	714	238	58	110	393	212	314	9	553
V248	162	366	666	92	151	257	73	859	31	32	219
V249	97	116	102	51	45	187	68	20	309	22	107
V250	38	53	57	325	95	195	74	459	27	56	54
V251	194	270	66	416	344	175	442	788	13	271	195
V252	169	11	358	490	10	199	27	15	118	98	147
V253	140	33	165	114	111	275	450	105	358	9	124
V254	293	58	244	19	291	271	146	14	36	99	236
V255	136	81	100	184	5	269	29	110	413	193	139
V256	747	155	206	61	105	27	28	784	55	220	578
V257	1	545	117	139	40	1	116	74	100	280	123
V258	224	94	61	51	49	182	241	56	5	141	191
V259	253	99	9	145	267	5	193	65	299	236	210
V260	142	165	487	131	68	693	38	211	144	32	156
V261	40	648	67	45	338	55	366	32	56	86	186
V262	235	9	165	664	281	6	69	3	33	251	181
V263	56	47	152	80	87	473	181	76	15	113	70
V264	50	71	20	532	413	290	182	48	230	100	70
V265	444	1061	182	335	7	135	199	249	81	176	523
V266	102	116	219	60	94	72	353	211	614	294	108
V267	226	192	83	146	113	22	95	105	227	237	196
V268	170	168	200	130	159	309	344	145	216	110	157
V269	26	172	39	49	112	9	247	124	103	95	62
V270	408	57	308	55	430	382	311	426	184	216	346
V271	1643	198	466	30	184	412	200	79	259	286	1236
V272	116	111	170	44	197	87	633	887	47	29	105
V273	338	278	126	590	160	94	79	96	156	135	306
V274	136	61	105	394	2	11	216	47	35	115	122
V275	117	70	352	5	167	315	86	291	187	0	110
V276	57	399	198	166	478	185	415	348	976	25	137
V277	474	49	15	479	35	7	100	328	612	579	355
V278	34	281	25	86	14	91	45	66	92	61	91
V279	130	421	599	1002	373	119	160	31	158	60	207
V280	216	93	41	125	273	121	40	306	105	51	168
V281	78	317	357	241	62	356	261	86	175	93	143
V282	78	3	29	799	13	62	20	197	152	63	77
V283	45	131	16	64	37	19	151	39	72	504	71
V284	110	16	163	12	788	88	311	19	437	161	117
V285	331	211	173	21	10	55	404	253	615	378	290
V286	3	43	223	474	143	679	23	241	19	330	37
V287	162	65	376	166	15	36	135	558	141	41	154
V288	66	40	175	212	85	357	32	16	170	342	84
V289	227	293	72	36	53	671	788	324	69	136	239
V290	25	298	49	70	42	467	61	74	198	75	90
V291	186	2	257	95	310	19	122	103	223	5	164
V292	140	182	22	313	96	73	103	148	82	108	152
V293	76	155	423	11	288	33	70	80	178	392	117
V294	244	135	15	231	152	16	18	9	702	19	186
V295	40	68	251	387	68	240	19	190	264	727	76
V296	159	66	465	656	36	341	117	204	242	197	152
V297	213	54	547	112	107	4	411	144	823	9	163
V298	261	35	22	213	138	169	382	118	974	181	228
V299	109	312	90	83	18	35	87	494	117	216	162
V300	246	18	40	24	317	85	692	29	306	100	176
V301	83	61	41	860	631	169	184	249	610	122	113
V302	591	19	96	145	376	5	352	81	68	199	469
V303	42	67	1361	230	3	178	410	263	769	145	72
V304	156	249	84	68	52	5	79	142	16	28	159
V305	205	190	243	346	372	222	291	29	78	129	205
V306	56	87	224	348	328	72	755	214	155	39	63
V307	142	109	113	171	116	397	12	6	43	313	142
V308	87	851	64	25	251	72	499	1	67	74	224
V309	304	23	108	0	82	205	130	51	86	563	246
V310	188	98	94	165	204	89	41	69	94	416	164
V311	49	114	265	8	314	12	108	206	462	36	63
V312	202	70	14	20	12	47	44	147	68	62	182
V313	82	35	22	121	0	158	48	271	62	88	55
V314	461	235	23	74	213	55	3	68	98	140	390
V315	18	354	15	168	6	33	62	100	14	85	87
V316	657	21	343	347	179	93	190	138	78	37	470
V317	418	168	211	238	215	285	231	162	378	81	351
V318	194	89	15	202	447	47	318	117	179	96	164
V319	127	859	137	107	99	517	196	279	89	65	258
V320	134	37	5	198	46	622	81	90	28	691	139
V321	168	152	131	44	277	86	97	247	146	141	170
V322	179	60	98	4	153	172	185	41	213	119	135
V323	317	270	27	35	376	179	50	524	94	92	299
V324	311	41	170	561	93	73	16	75	91	400	254
V325	48	467	196	420	102	2	265	336	0	115	156
V326	87	3	282	176	376	57	84	294	204	652	80
V327	69	69	168	39	133	4	95	79	146	38	41
V328	419	352	91	336	25	318	238	45	353	252	343
V329	11	308	618	177	3	50	69	97	51	351	92
V330	84	13	272	507	39	139	98	59	39	279	100
V331	232	139	45	382	83	905	106	169	36	677	196
V332	300	68	123	23	64	33	149	274	225	45	237
V333	29	262	271	139	14	208	11	400	439	184	103
V334	83	162	48	99	170	1055	21	6	82	103	113
V335	0	202	663	79	194	223	170	126	371	22	68
V336	38	210	101	196	44	68	368	63	184	169	73
V337	44	900	231	82	295	90	720	4	216	575	231
V338	105	60	383	265	310	468	8	937	208	219	123
V339	311	313	28	558	533	17	80	239	20	149	306
V340	142	48	694	85	271	0	111	77	251	12	132
V341	15	86	419	2	266	531	15	346	5	121	60
V342	76	69	53	545	22	315	60	15	0	41	80
V343	108	31	20	934	266	100	48	256	53	112	127
V344	120	277	19	212	312	89	378	165	166	186	161
V345	57	191	28	265	346	158	1243	7	390	253	81
V346	11	315	603	12	106	0	76	491	381	24	88
V347	753	171	92	144	166	56	172	138	144	4	624
V348	200	653	132	572	86	67	197	162	58	118	287
V349	32	37	12	33	205	240	35	165	110	90	35
V350	135	10	147	314	645	10	532	89	21	518	126
V351	301	177	77	175	23	19	407	152	280	1	274
V352	458	388	341	844	445	24	231	429	157	50	469
V353	85	442	537	47	286	154	46	153	48	299	176
V354	415	36	562	143	116	586	142	57	53	137	351
V355	169	219	30	262	17	46	366	32	85	23	166
V356	25	663	164	120	80	51	12	1	38	28	156
V357	1	65	74	47	19	39	356	579	529	252	27
V358	66	195	15	69	74	332	143	64	2	13	97
V359	129	205	665	23	139	23	73	48	84	19	151
V360	155	39	51	25	564	248	93	60	218	239	126
V361	56	73	138	115	204	501	83	191	63	240	64
V362	98	284	1056	166	157	101	216	41	219	364	170
V363	184	20	191	23	242	120	478	142	19	85	167
V364	407	551	25	145	124	35	58	6	179	104	396
V365	225	136	386	44	48	168	71	397	482	83	217
V366	21	68	27	205	76	312	69	145	12	226	36
V367	278	192	319	343	207	228	2	44	21	95	254
V368	68	111	775	418	227	320	39	1116	37	742	122
V369	245	218	246	578	280	210	116	66	341	81	251
V370	150	156	417	128	7	152	527	165	593	3	159
V371	41	358	67	80	88	47	169	174	15	413	114
V372	78	95	11	740	77	14	25	213	140	121	123
V373	76	111	83	638	326	122	28	20	49	87	86
V374	83	5	112	515	66	29	253	5	11	358	93
V375	7	31	299	257	481	119	41	386	668	206	32
V376	356	567	153	32	39	109	315	829	36	143	403
V377	37	166	806	148	323	607	45	41	68	154	107
V378	147	47	469	162	63	117	6	4	207	50	142
V379	25	61	383	329	62	111	495	89	224	41	62
V380	319	18	471	89	41	195	34	96	60	92	252
V381	16	155	141	175	619	1	151	138	115	2	59
V382	515	64	395	214	11	920	265	209	84	776	423
V383	200	16	538	158	361	419	81	345	210	128	144
V384	368	103	492	24	3	148	246	44	73	119	319
V385	199	120	68	14	479	208	23	829	64	130	195
V386	469	124	266	100	216	30	636	220	441	499	396
V387	171	110	400	334	6	197	119	242	1	100	178
V388	569	443	23	17	307	15	342	231	491	77	486
V389	575	33	54	177	145	462	364	67	48	68	461
V390	238	33	11	66	173	145	191	1	14	142	181
V391	154	510	34	107	773	27	14	66	78	26	214
V392	117	33	118	14	80	266	207	152	92	53	92
V393	242	505	408	237	47	37	212	77	40	103	288
V394	294	167	62	378	993	492	978	239	187	225	267
V395	349	26	102	222	349	130	25	98	72	148	257
V396	369	155	16	167	599	321	146	74	62	728	331
V397	66	242	365	227	177	277	16	55	215	190	123
V398	293	78	58	305	50	373	31	126	386	168	227
V399	47	99	1	276	4	75	244	48	227	105	66
V400	40	6	372	126	248	164	19	181	887	520	55
V401	80	65	50	154	57	153	130	31	556	264	102
V402	173	91	0	46	108	601	56	210	61	140	149
V403	61	353	105	7	284	544	243	128	10	51	117
V404	84	7	248	519	145	72	139	11	260	117	93
V405	106	26	137	163	202	11	115	524	570	45	100
V406	25	905	126	95	40	58	1	610	828	61	225
V407	162	104	350	226	460	511	353	72	105	70	155
V408	487	129	73	29	99	11	16	7	421	35	356
V409	85	309	245	18	98	45	73	143	78	179	121
V410	459	91	43	93	213	379	25	127	592	159	329
V411	194	129	233	87	250	2	585	99	646	281	184
V412	135	178	233	263	36	442	215	150	77	25	160
V413	99	177	27	144	179	321	42	9	117	191	133
V414	37	32	85	33	20	66	383	243	96	51	52
V415	232	602	69	237	63	253	270	69	85	43	295
V416	36	33	77	369	99	339	264	291	206	242	51
V417	455	100	268	172	435	110	645	98	36	161	364
V418	319	42	4	37	525	618	85	718	21	105	255
V419	102	13	154	18	377	7	2	34	30	364	82
V420	60	134	158	46	5	192	391	180	4	6	84
V421	126	798	308	282	163	52	534	80	25	406	249
V422	203	432	81	153	13	30	639	42	76	149	218
V423	131	16	181	33	240	505	111	389	2	373	127
V424	134	565	508	218	355	361	109	136	437	95	223
V425	380	37	81	89	49	379	41	10	490	90	316
V426	180	293	27	80	195	56	46	11	106	53	212
V427	47	255	355	1	245	142	37	8	169	238	92
V428	19	1153	444	795	8	299	210	227	139	153	273
V429	105	144	636	364	56	47	31	40	32	50	134
V430	158	132	164	89	384	49	135	15	493	175	147
V431	88	677	296	273	127	81	10	252	141	342	227
V432	364	84	166	1475	75	248	37	172	119	369	304
V433	280	539	248	96	254	89	24	78	312	122	319
V434	270	71	94	52	251	511	81	807	14	308	224
V435	27	55	153	22	27	50	45	181	182	409	65
V436	253	29	614	270	105	129	44	302	167	57	204
V437	31	62	35	55	195	483	248	35	138	338	64
V438	66	366	47	123	154	188	87	83	244	26	123
V439	222	93	149	141	213	1043	66	1	256	294	225
V440	25	532	31	10	696	308	113	84	205	200	142
V441	287	35	293	14	706	499	654	49	176	201	226
V442	145	84	80	247	243	226	3	458	104	239	137
V443	162	39	7	107	160	233	125	612	139	291	138
V444	202	12	52	187	184	675	123	168	11	213	169
V445	254	288	118	258	58	677	235	343	165	83	269
V446	336	534	268	77	575	99	63	108	296	76	368
V447	411	348	426	182	226	145	156	112	20	220	367
V448	587	31	37	347	62	412	17	168	385	40	469
V449	26	337	1	197	60	47	1016	36	128	137	86
V450	246	104	122	595	131	306	662	58	30	59	228
V451	36	24	162	248	99	357	462	415	448	227	48
V452	367	128	100	187	12	205	347	167	245	192	299
V453	71	289	145	159	38	735	588	186	264	65	128
V454	232	51	55	797	73	41	60	300	212	208	188
V455	126	93	607	410	347	223	348	2	44	33	139
V456	42	22	185	87	67	2	162	25	125	46	43
V457	293	180	239	552	25	201	6	39	347	234	329
V458	208	137	758	32	92	572	401	347	142	150	193
V459	59	348	11	538	45	246	68	156	41	185	130
V460	24	51	637	13	134	716	10	30	281	147	63
V461	83	55	8	49	377	4	406	3	545	105	64
V462	262	121	387	716	44	103	133	198	18	111	211
V463	269	81	95	339	111	27	129	200	265	6	258
V464	78	741	290	360	455	706	13	42	243	151	205
V465	51	2	189	145	410	128	14	775	180	147	49
V466	355	34	7	116	51	168	192	4	161	503	250
V467	33	418	53	165	84	32	19	207	59	45	118
V468	180	138	24	720	746	635	116	351	184	40	176
V469	240	70	55	136	78	47	219	159	2	190	187
V470	222	169	756	331	32	92	253	390	104	86	220
V471	72	64	21	85	161	115	224	95	184	21	65
V472	12	19	110	151	207	13	121	789	10	717	36
V473	437	67	301	1	292	58	431	390	1009	158	346
V474	727	994	34	174	142	14	101	103	3	601	711
V475	365	78	6	37	4	74	95	233	98	319	271
V476	334	0	488	76	1102	200	101	12	27	107	256
V477	390	105	255	51	47	12	60	136	820	45	306
V478	103	246	865	42	35	17	31	203	147	236	169
V479	164	37	32	98	1	91	831	529	91	193	159
V480	16	171	1	354	1093	359	68	213	205	564	76
V481	33	100	513	91	38	7	161	871	281	133	62
V482	91	298	198	541	774	77	338	177	81	128	163
V483	31	114	397	183	17	186	74	257	874	238	79
V484	172	27	194	104	436	87	504	545	350	255	135
V485	133	210	87	259	172	342	36	160	208	272	139
V486	364	130	307	74	240	25	152	182	86	93	297
V487	11	486	396	19	201	340	57	89	42	189	128
V488	142	1215	4	242	96	542	82	315	96	224	332
V489	74	499	156	221	105	347	164	59	28	6	146
V490	209	41	5	62	9	27	634	159	135	105	145
V491	252	230	44	122	182	37	101	339	117	24	225
V492	173	56	244	322	394	66	337	47	79	108	145
V493	51	85	285	16	39	177	103	204	52	92	73
V494	5	59	52	417	92	190	20	273	193	127	39
V495	149	355	82	48	19	410	73	60	81	51	196
V496	19	213	253	46	291	321	484	5	578	1003	93
V497	182	26	564	230	138	203	27	192	477	172	145
V498	434	134	14	8	196	282	17	56	81	665	345
V499	414	172	412	555	5	10	293	75	619	145	371
V500	198	279	27	124	117	474	498	339	261	124	216
