Source001	Source002	Source003	Source004	Source005	Source006	Source007	Source008	Source009	Source010	Sink
V1	126	253	139	96	141	476	286	75	261	401	213
V2	338	561	303	216	153	277	32	1469	172	12	506
V3	60	56	45	23	158	7	216	174	16	368	56
V4	365	178	30	10	91	32	13	278	225	1	184
V5	4	50	224	19	31	321	69	725	130	60	39
V6	907	328	162	50	231	3	0	456	411	206	388
V7	116	3	178	477	51	232	747	40	31	292	62
V8	488	19	17	166	502	13	193	112	212	406	94
V9	101	258	214	256	14	66	413	40	13	50	214
V10	203	150	477	62	16	109	321	116	718	276	174
V11	181	86	147	55	26	75	169	98	286	103	100
V12	144	50	408	155	29	2	39	2	191	5	69
V13	169	1138	532	82	37	195	217	329	358	979	897
V14	28	89	131	545	23	36	73	137	219	90	89
V15	158	44	188	54	173	21	146	335	27	113	72
V16	69	41	453	231	68	1120	499	60	79	249	77
V17	162	302	553	250	240	147	56	588	289	82	290
V18	97	293	26	57	255	221	468	46	15	38	263
V19	360	675	504	444	27	64	317	85	205	185	546
V20	404	80	142	135	809	47	380	167	110	62	145
V21	37	115	610	328	140	47	226	4	371	334	110
V22	154	300	256	38	283	42	69	133	30	150	262
V23	142	143	70	257	152	64	96	17	186	12	148
V24	69	10	95	17	30	118	335	256	404	138	25
V25	305	821	47	473	684	260	457	388	64	17	705
V26	69	133	40	53	225	868	229	238	71	659	142
V27	31	80	95	211	243	103	90	748	8	60	70
V28	139	520	151	1161	270	498	129	75	4	313	505
V29	151	219	376	220	481	226	407	24	153	150	225
V30	28	431	68	604	4	224	260	457	105	38	362
V31	204	126	92	269	48	184	68	169	145	50	124
V32	223	118	285	211	638	534	72	119	235	46	147
V33	140	41	24	164	124	23	55	50	264	167	64
V34	190	276	634	454	45	498	26	140	316	156	252
V35	165	173	218	1	87	570	194	502	122	635	166
V36	129	96	45	57	281	102	79	325	228	271	124
V37	40	172	92	95	36	128	377	182	341	9	164
V38	131	94	17	313	283	255	62	561	187	491	139
V39	106	599	264	19	90	402	521	479	129	103	482
V40	841	190	143	37	428	42	109	98	19	235	272
V41	132	354	219	478	69	31	104	154	41	888	315
V42	200	522	226	303	80	82	306	54	172	124	454
V43	575	86	13	413	145	31	47	26	132	117	171
V44	195	74	56	106	171	3	82	119	191	224	95
V45	5	48	23	251	47	9	153	159	111	1	63
V46	111	2	45	130	707	1027	152	319	265	253	55
V47	259	231	69	335	645	42	10	153	251	256	251
V48	129	256	820	597	187	17	302	21	243	375	229
V49	425	182	2	186	262	244	60	91	110	183	208
V50	596	478	257	376	88	6	197	22	862	61	473
V51	8	177	2	240	55	126	85	43	235	558	156
V52	410	99	165	23	1	418	232	96	55	386	129
V53	96	39	40	160	162	282	283	188	357	281	61
V54	154	166	690	197	343	249	781	1	97	208	174
V55	1074	105	172	85	322	120	318	153	197	484	279
V56	235	434	21	63	53	129	7	234	201	166	391
V57	284	28	245	521	215	24	240	23	205	614	114
V58	296	28	159	14	314	12	411	52	180	488	82
V59	202	22	82	93	124	178	78	8	147	206	55
V60	501	142	193	157	189	201	193	43	181	304	209
V61	150	254	88	20	81	24	298	315	577	9	227
V62	69	280	245	109	440	349	173	128	171	179	228
V63	38	436	170	64	361	82	88	7	225	240	362
V64	77	421	497	180	233	188	470	654	451	941	384
V65	3	338	118	83	15	386	10	359	607	189	275
V66	39	159	246	115	287	351	169	120	698	80	124
V67	30	41	282	89	3	2	182	217	260	350	47
V68	359	301	17	103	309	141	1022	239	742	28	312
V69	46	684	192	72	120	383	744	496	12	226	532
V70	399	184	115	14	24	65	545	88	495	41	210
V71	85	204	34	121	55	0	142	268	818	371	177
V72	78	204	984	211	35	8	205	400	97	175	194
V73	160	10	419	175	243	8	87	25	274	270	51
V74	803	49	150	103	69	81	40	95	67	364	185
V75	140	185	139	59	38	99	60	23	248	139	182
V76	193	437	74	327	68	36	8	332	177	302	394
V77	129	94	204	163	78	181	291	121	74	165	95
V78	59	171	414	172	22	146	372	78	187	268	156
V79	13	220	281	0	168	120	112	237	139	152	168
V80	41	83	205	376	39	274	539	81	139	44	97
V81	239	505	343	301	30	145	159	304	79	121	451
V82	79	273	61	219	54	229	225	207	485	58	239
V83	49	126	235	338	379	468	362	49	443	163	130
V84	46	354	87	156	220	169	59	214	99	27	294
V85	19	109	157	94	9	18	213	868	379	11	108
V86	188	152	216	123	45	701	168	489	192	125	145
V87	452	278	375	43	292	168	170	560	12	26	276
V88	72	153	21	309	20	20	118	197	177	68	143
V89	3	50	533	72	382	678	33	186	347	112	49
V90	425	553	134	252	200	90	265	21	185	100	523
V91	1026	124	283	841	322	176	205	277	233	102	298
V92	43	520	47	50	62	61	20	547	166	22	371
V93	217	138	4	61	24	258	2	587	14	401	154
V94	530	201	230	382	1039	488	165	1127	121	633	266
V95	155	302	8	210	77	362	140	451	18	0	266
V96	23	131	33	356	31	362	263	90	1133	93	107
V97	45	19	111	87	259	118	17	164	76	183	20
V98	13	26	347	168	361	516	40	504	317	98	53
V99	63	195	194	201	235	29	102	107	30	373	188
V100	100	764	64	225	125	475	135	400	538	120	653
V101	52	228	30	132	33	20	28	67	89	105	203
V102	248	143	113	88	13	230	143	159	270	198	150
V103	527	559	68	175	103	86	285	102	552	22	538
V104	13	8	164	7	404	3	86	58	231	359	18
V105	72	92	272	252	397	13	80	23	61	256	123
V106	35	388	12	15	30	603	263	164	27	30	321
V107	200	230	187	88	420	213	13	34	584	57	205
V108	188	59	47	272	283	109	45	117	109	307	76
V109	234	123	108	109	142	230	42	105	513	146	146
V110	59	12	42	696	71	37	21	486	84	53	54
V111	62	606	139	276	70	18	116	128	57	313	504
V112	1138	8	22	88	86	342	292	65	146	394	177
V113	104	16	559	603	267	62	718	81	158	220	70
V114	661	273	59	76	85	274	101	56	131	188	324
V115	300	387	454	11	182	20	96	146	82	57	340
V116	44	196	497	1069	184	28	386	83	113	353	206
V117	93	355	32	73	204	274	560	305	350	166	301
V118	293	322	264	243	117	9	270	213	335	358	327
V119	98	285	80	49	152	731	9	98	106	270	244
V120	324	348	1058	20	135	228	3	14	426	47	319
V121	939	147	102	194	212	197	72	417	32	165	266
V122	267	137	315	12	192	31	97	451	59	32	146
V123	113	42	179	380	459	261	38	180	11	272	71
V124	240	78	8	362	74	212	89	146	236	54	118
V125	3	23	382	235	35	193	77	385	76	67	37
V126	115	326	178	75	55	101	139	376	218	48	283
V127	159	347	138	195	62	38	156	21	61	98	288
V128	153	23	137	280	251	84	40	449	209	144	65
V129	137	124	246	390	54	38	175	74	326	191	148
V130	159	25	140	103	348	304	36	294	31	178	71
V131	141	200	82	226	175	262	253	131	174	181	188
V132	524	159	342	180	149	480	20	43	492	41	222
V133	671	0	453	323	25	177	254	104	13	418	99
V134	196	91	92	227	150	53	290	19	125	14	135
V135	8	331	159	184	424	43	80	226	320	10	277
V136	40	142	242	75	279	25	32	55	282	13	123
V137	847	142	616	267	137	415	647	200	108	354	252
V138	101	58	341	84	30	155	52	326	191	112	52
V139	71	58	327	115	224	216	21	191	151	18	63
V140	201	256	39	96	324	373	512	127	64	77	230
V141	316	442	27	25	150	910	323	65	609	199	381
V142	238	91	89	57	45	45	271	545	9	26	110
V143	846	202	172	88	32	116	353	50	45	16	276
V144	297	283	307	61	28	119	36	1029	163	64	274
V145	69	512	289	95	190	303	91	277	64	74	421
V146	141	273	261	58	95	79	356	815	36	399	262
V147	539	354	405	188	149	133	283	283	91	78	347
V148	117	103	152	179	39	49	28	165	604	35	115
V149	77	77	615	503	207	420	393	104	369	135	114
V150	276	332	55	336	48	4	203	15	296	150	338
V151	134	167	37	11	106	55	24	157	20	48	159
V152	3	480	144	8	898	310	325	95	64	397	372
V153	13	139	241	5	102	5	71	342	73	22	109
V154	153	179	1174	77	15	709	3	52	103	259	183
V155	542	243	11	176	211	49	186	61	409	109	267
V156	24	53	247	259	30	132	524	18	99	2	53
V157	184	124	136	43	6	375	36	244	197	259	135
V158	395	432	42	31	59	18	243	263	62	141	372
V159	242	45	225	225	349	134	40	491	52	553	77
V160	50	23	18	589	276	30	263	183	428	47	61
V161	107	239	53	106	131	170	0	194	120	307	218
V162	445	1313	14	745	374	2	155	72	0	99	1097
V163	11	146	187	42	287	104	124	33	118	34	122
V164	136	1054	110	361	175	6	190	416	6	641	832
V165	227	194	54	336	390	70	31	3	441	131	183
V166	94	59	52	321	100	165	95	71	37	112	84
V167	184	218	245	95	214	131	110	75	54	1075	242
V168	25	124	273	22	432	291	97	98	86	322	118
V169	231	92	89	37	362	11	41	2	45	28	110
V170	258	144	60	221	73	66	349	205	36	12	169
V171	188	55	107	154	102	7	1	52	167	14	82
V172	366	8	126	274	266	171	115	95	34	333	84
V173	283	7	723	61	331	457	55	220	421	50	67
V174	153	172	190	286	35	48	70	55	208	8	162
V175	88	92	247	36	489	17	13	58	137	18	88
V176	81	73	793	519	8	154	104	335	51	218	87
V177	211	122	606	70	180	147	405	24	48	158	123
V178	198	41	47	307	38	29	0	121	589	85	80
V179	218	242	62	187	72	213	420	21	38	281	232
V180	58	62	20	543	123	40	17	4	187	347	78
V181	9	7	71	409	69	103	503	342	185	234	27
V182	126	111	2	6	46	63	500	78	151	360	134
V183	40	2	105	8	16	149	20	271	13	166	9
V184	190	71	112	202	116	605	39	92	139	1020	111
V185	176	81	275	84	54	161	49	80	391	248	80
V186	184	171	3	302	23	109	6	423	148	62	173
V187	107	242	141	228	17	39	70	33	135	53	202
V188	106	76	48	129	90	151	470	27	129	200	90
V189	197	25	195	202	21	70	28	347	92	166	54
V190	1	60	84	26	44	932	422	199	228	96	54
V191	99	433	73	0	79	79	27	272	59	25	365
V192	344	32	54	325	122	67	297	413	139	110	90
V193	94	135	435	54	51	40	309	172	433	12	121
V194	144	10	15	73	433	438	178	124	374	159	42
V195	195	72	55	434	795	542	572	146	192	53	110
V196	297	165	282	235	52	13	744	56	82	136	200
V197	129	43	72	262	664	305	67	297	70	133	67
V198	124	4	86	333	0	30	332	64	100	90	44
V199	158	158	52	7	360	42	278	214	102	277	157
V200	200	18	86	100	14	41	130	100	30	8	56
V201	50	24	823	113	266	611	69	62	178	276	47
V202	329	101	350	836	466	109	417	342	57	226	174
V203	184	28	74	34	358	42	132	3	136	21	49
V204	262	16	0	120	553	129	2	641	95	169	69
V205	42	43	96	78	796	359	186	79	116	27	54
V206	332	260	77	156	168	62	63	383	355	281	263
V207	85	245	433	14	500	529	55	924	253	372	213
V208	161	77	5	4	441	1	45	5	265	513	94
V209	198	55	4	324	184	46	159	58	205	163	95
V210	78	60	101	219	36	99	760	124	86	21	86
V211	22	497	223	35	29	510	23	239	307	42	387
V212	52	155	77	0	42	124	155	57	287	1	158
V213	109	163	608	563	82	26	5	96	55	29	175
V214	3	202	24	194	12	213	513	33	148	220	183
V215	73	547	369	91	1059	138	86	256	48	178	477
V216	117	28	6	61	654	88	497	129	257	365	64
V217	427	193	49	50	324	1	173	674	86	834	252
V218	24	215	330	23	108	157	241	273	20	654	176
V219	438	197	152	890	469	347	194	83	14	165	256
V220	275	7	189	241	408	133	13	768	133	348	65
V221	456	741	435	116	30	520	142	383	29	188	686
V222	472	206	295	286	158	95	492	75	89	17	234
V223	92	5	4	38	159	12	182	253	181	62	23
V224	206	1060	60	165	39	151	538	250	113	72	875
V225	25	147	193	453	49	58	129	65	47	486	149
V226	22	145	245	219	65	184	279	147	37	114	134
V227	15	1269	277	335	88	109	52	38	251	835	949
V228	18	601	222	86	372	11	385	230	259	606	459
V229	198	145	273	220	227	50	293	226	104	41	154
V230	644	27	81	560	28	175	30	548	82	563	157
V231	79	289	6	27	853	917	70	232	184	190	254
V232	106	70	42	91	199	59	25	648	169	195	86
V233	600	541	12	225	164	216	551	226	294	95	522
V234	307	450	196	453	13	391	49	211	133	503	418
V235	113	11	450	217	286	556	22	24	64	133	43
V236	30	44	456	124	423	484	84	113	32	37	58
V237	383	111	89	689	131	127	686	175	7	432	184
V238	272	310	180	54	174	117	117	261	11	255	254
V239	135	53	28	0	132	115	197	40	46	183	72
V240	571	16	180	7	429	52	326	616	37	842	140
V241	401	117	393	71	79	263	77	69	77	211	155
V242	68	432	25	63	188	84	152	1	104	127	344
V243	15	405	312	55	73	10	62	84	6	64	327
V244	112	365	168	54	257	701	127	34	168	130	329
V245	23	171	330	25	350	28	82	434	53	30	130
V246	38	13	84	166	583	22	25	102	133	254	27
V247	111	38	78	170	366	394	118	70	95	111	57
V248	3	167	250	360	29	102	89	459	113	37	156
V249	0	64	12	334	146	16	131	475	89	62	84
V250	300	185	31	265	26	9	6	51	130	502	218
V251	72	469	35	167	174	734	202	35	174	591	404
V252	191	246	49	311	185	955	157	181	361	44	244
V253	346	85	235	42	195	254	198	589	151	38	118
V254	400	8	6	835	270	137	314	34	290	226	112
V255	325	35	46	3	45	199	340	0	225	239	84
V256	336	705	47	280	105	128	59	119	149	410	638
V257	524	131	61	211	48	517	36	12	35	65	172
V258	176	8	49	155	276	680	288	444	101	329	59
V259	4	5	133	1110	180	2	27	121	33	100	63
V260	110	24	202	28	59	278	138	637	19	82	52
V261	216	463	128	15	170	410	152	52	691	331	386
V262	173	73	104	7	55	85	201	3	818	117	84
V263	403	110	327	60	108	267	1	78	205	300	162
V264	38	34	160	127	135	96	90	170	115	617	58
V265	49	300	57	295	80	445	53	4	502	208	252
V266	114	87	625	118	91	10	394	415	58	291	107
V267	439	41	226	54	202	375	156	642	37	18	108
V268	306	155	165	32	230	15	110	104	135	380	187
V269	930	99	199	318	40	206	27	62	185	27	230
V270	238	266	156	33	13	12	163	35	520	1	215
V271	142	23	575	98	68	307	37	108	123	76	49
V272	535	41	95	180	265	162	25	77	662	160	127
V273	297	130	452	302	5	577	306	356	849	200	169
V274	40	22	63	520	104	378	286	42	49	400	64
V275	347	5	220	86	539	385	6	423	193	8	66
V276	412	127	41	262	570	180	99	312	35	486	193
V277	94	97	64	79	386	405	166	146	36	0	77
V278	75	42	37	170	172	33	211	33	12	128	55
V279	53	27	82	54	66	23	171	13	195	88	48
V280	357	4	278	9	416	264	106	56	775	100	63
V281	309	380	344	2	219	724	167	225	497	196	341
V282	155	24	787	346	436	145	49	361	458	713	66
V283	23	196	366	115	245	30	490	298	177	142	188
V284	22	45	186	514	146	279	33	390	341	57	67
V285	236	442	4	177	5	28	125	280	99	741	414
V286	15	238	24	668	142	140	56	649	261	49	197
V287	131	269	26	14	37	176	77	257	174	202	244
V288	44	292	51	25	174	262	288	238	424	98	245
V289	729	151	259	25	7	675	43	74	272	169	218
V290	32	93	55	158	155	119	228	516	113	40	78
V291	1573	35	24	92	404	106	72	138	208	88	308
V292	131	363	55	0	218	17	55	59	99	480	287
V293	48	13	179	13	53	62	61	19	136	407	32
V294	586	3	49	1407	968	91	105	200	167	427	173
V295	130	163	179	715	140	76	135	336	536	711	186
V296	14	104	473	206	11	39	86	314	180	7	86
V297	0	126	23	14	36	161	158	354	74	367	94
V298	111	108	837	271	39	117	237	38	105	81	112
V299	930	350	288	8	39	349	625	31	124	25	414
V300	53	60	68	139	103	321	112	377	116	84	62
V301	69	290	351	5	442	16	234	1	88	141	243
V302	91	61	132	295	578	29	8	19	74	2	71
V303	118	316	487	80	191	160	33	45	291	91	300
V304	27	66	46	291	583	1045	368	269	116	83	94
V305	539	15	7	236	574	683	1213	123	313	685	134
V306	64	74	115	126	108	68	298	269	237	160	72
V307	515	163	476	70	2	262	52	150	251	25	206
V308	62	290	110	904	40	111	53	75	31	1060	325
V309	38	24	16	97	61	43	40	167	33	116	34
V310	15	189	48	1065	435	36	424	159	24	213	202
V311	153	209	87	116	427	46	272	124	343	56	185
V312	768	56	107	44	57	79	535	310	149	25	163
V313	172	9	14	104	18	228	691	130	297	245	63
V314	243	14	145	391	356	12	241	81	150	388	80
V315	49	57	303	114	14	11	275	205	208	11	60
V316	230	49	48	361	66	44	846	879	93	72	103
V317	79	484	167	94	398	134	11	29	151	252	377
V318	38	523	217	134	74	86	271	270	35	48	435
V319	279	59	333	492	160	0	211	64	114	56	106
V320	94	70	228	40	141	365	259	112	126	124	73
V321	1296	291	189	65	493	144	11	257	72	94	428
V322	150	306	10	282	95	460	45	77	94	177	286
V323	183	607	174	98	116	171	392	122	426	112	482
V324	216	133	122	271	270	148	459	198	167	10	150
V325	31	196	455	6	23	173	30	15	605	430	162
V326	425	11	262	162	85	129	293	613	48	2	89
V327	165	362	498	246	328	159	108	87	273	94	325
V328	100	326	5	215	183	23	18	217	215	1024	277
V329	41	96	68	15	288	51	213	15	359	966	124
V330	29	264	45	47	9	82	120	128	81	29	234
V331	803	19	616	190	32	588	59	38	151	333	145
V332	237	464	119	32	221	30	48	4	102	73	381
V333	26	310	86	21	39	34	138	53	269	222	229
V334	81	14	180	370	318	171	20	304	36	30	52
V335	16	53	17	164	59	203	57	267	327	14	80
V336	319	463	21	144	12	478	67	163	453	276	430
V337	39	62	278	8	2	57	74	75	54	75	40
V338	15	340	468	253	38	216	87	324	548	103	280
V339	16	387	132	795	19	542	297	110	220	3	344
V340	506	9	21	378	23	118	237	161	183	470	108
V341	61	122	1005	406	209	268	444	140	27	272	135
V342	226	163	752	127	707	321	186	116	224	45	182
V343	277	170	207	20	205	39	252	64	299	44	187
V344	610	242	125	103	19	8	55	3	14	16	255
V345	351	121	219	474	103	0	346	293	271	65	181
V346	210	64	59	141	199	790	352	538	32	197	116
V347	86	228	144	85	14	113	63	91	375	14	180
V348	7	385	124	229	27	503	459	297	43	63	293
V349	365	687	37	395	175	565	287	106	0	522	630
V350	135	178	199	52	39	297	0	54	2	283	145
V351	186	174	239	189	162	19	822	59	53	4	184
V352	239	249	43	282	87	345	86	45	69	232	251
V353	143	86	71	120	99	602	827	44	51	93	112
V354	332	266	130	187	404	562	5	351	374	382	269
V355	90	139	130	4	62	114	191	172	115	0	104
V356	120	254	124	260	29	39	652	79	128	1	222
V357	15	193	457	325	653	114	160	127	145	90	174
V358	10	218	10	512	106	52	144	43	164	387	177
V359	22	172	217	192	47	49	82	215	43	340	130
V360	351	3	527	519	166	204	194	118	155	42	81
V361	310	73	792	118	8	6	64	129	608	132	100
V362	97	118	153	348	333	2	85	535	1143	81	117
V363	19	207	134	68	101	770	306	271	61	28	163
V364	115	59	136	8	482	67	168	506	287	0	64
V365	210	83	9	216	34	265	69	71	239	39	122
V366	26	139	326	150	209	282	303	25	173	1	113
V367	3	90	170	172	687	68	59	259	65	21	99
V368	58	32	302	38	41	792	259	235	310	72	46
V369	21	664	526	18	149	141	167	538	240	56	541
V370	120	183	77	104	339	194	0	141	98	165	177
V371	70	303	37	79	195	296	108	401	597	309	244
V372	148	652	9	148	171	310	275	17	83	247	498
V373	176	63	147	150	159	35	138	8	14	223	88
V374	382	164	3	581	1	368	1	251	399	108	206
V375	29	156	647	485	361	208	278	736	92	712	170
V376	83	154	330	51	89	7	589	138	386	115	152
V377	386	141	261	198	510	104	137	160	176	21	173
V378	12	527	263	138	40	354	66	389	12	61	406
V379	250	71	66	49	264	50	14	578	217	7	119
V380	17	184	109	492	10	412	468	52	158	371	160
V381	81	53	49	54	292	156	313	275	159	19	64
V382	43	91	315	75	606	145	23	2	35	75	96
V383	176	89	3	204	513	215	282	42	6	191	112
V384	233	177	37	234	364	194	186	59	572	296	202
V385	527	241	50	217	228	191	135	37	244	20	295
V386	19	47	422	133	36	108	189	59	374	81	64
V387	299	241	17	466	226	98	357	90	222	51	246
V388	440	302	28	152	301	122	107	413	269	573	333
V389	271	23	426	72	331	100	49	211	201	283	63
V390	116	208	71	67	90	77	66	297	14	374	206
V391	46	328	91	316	376	438	61	285	633	1	303
V392	4	99	18	607	180	340	424	106	852	99	106
V393	58	143	462	102	136	69	13	155	190	701	119
V394	287	191	241	58	76	113	553	93	43	103	194
V395	56	14	181	306	54	374	277	254	329	581	45
V396	159	68	58	76	18	95	133	250	68	327	85
V397	44	50	164	2	14	130	295	82	17	173	71
V398	82	51	60	90	74	117	79	117	569	205	59
V399	41	89	288	61	51	92	441	480	57	529	105
V400	592	72	138	10	136	253	19	116	332	630	166
V401	60	115	453	140	266	85	180	177	212	355	119
V402	136	377	154	160	426	266	56	4	372	137	315
V403	74	205	174	39	290	206	508	107	261	271	202
V404	352	380	8	132	319	107	0	182	137	17	335
V405	66	64	279	377	505	89	60	17	401	99	75
V406	3	294	359	35	165	342	607	3	248	23	248
V407	46	399	340	175	235	67	88	182	50	91	327
V408	632	44	995	164	47	663	277	185	308	129	128
V409	124	343	15	42	44	184	211	157	131	114	295
V410	20	64	14	102	232	51	32	187	530	328	78
V411	62	319	547	3	96	134	19	231	114	142	270
V412	4	505	688	279	144	120	35	8	231	102	415
V413	44	185	122	42	216	95	173	328	41	322	167
V414	2	10	276	101	252	78	791	351	38	19	35
V415	54	75	216	391	67	67	38	41	205	98	93
V416	301	52	174	245	212	254	185	17	169	480	124
V417	156	66	35	170	120	349	64	302	49	99	72
V418	47	144	145	51	358	167	13	334	98	26	120
V419	83	19	215	67	223	61	640	91	53	105	42
V420	26	249	577	157	508	86	210	184	318	313	232
V421	73	472	20	6	230	49	41	131	29	99	361
V422	24	34	39	369	40	446	439	281	100	386	61
V423	522	181	324	77	96	354	20	50	206	16	204
V424	571	129	115	533	419	387	72	121	123	159	227
V425	21	19	119	31	475	189	291	87	104	97	41
V426	53	125	104	211	112	3	24	264	261	36	128
V427	363	94	789	330	458	119	11	248	83	102	149
V428	8	35	534	2	137	201	2	77	199	446	48
V429	186	61	166	419	120	245	213	772	51	24	104
V430	36	1193	16	232	76	66	669	167	913	39	925
V431	150	76	137	102	11	264	56	119	675	308	107
V432	112	211	168	117	121	331	662	63	70	48	205
V433	112	233	178	152	777	3	0	27	187	191	212
V434	165	61	38	47	361	496	36	18	123	435	82
V435	60	198	24	114	313	148	260	228	391	102	155
V436	164	274	163	233	530	300	100	159	318	130	253
V437	324	94	22	38	290	205	214	531	63	331	142
V438	243	434	0	435	78	5	420	243	432	344	386
V439	28	250	245	318	700	110	41	145	60	9	216
V440	162	287	290	65	58	162	180	4	39	55	240
V441	11	495	143	385	53	269	193	134	250	132	371
V442	115	114	527	203	519	289	198	78	198	263	130
V443	351	74	734	310	3	687	27	53	52	330	133
V444	287	189	172	534	7	1	131	81	686	27	182
V445	189	143	56	271	227	416	104	86	71	85	150
V446	45	65	1058	534	159	217	248	101	14	350	98
V447	14	31	429	617	83	78	341	26	23	55	69
V448	48	26	78	847	315	129	132	417	152	254	72
V449	21	154	191	54	235	35	16	94	39	56	131
V450	10	305	42	331	389	281	500	59	196	78	242
V451	866	704	73	197	62	241	1114	4	123	366	716
V452	673	5	25	11	431	88	70	232	185	2	95
V453	90	30	121	0	134	73	630	8	577	33	40
V454	170	264	189	29	42	54	34	36	4	102	226
V455	49	575	24	41	210	89	590	239	22	25	459
V456	1	99	208	20	11	162	635	205	225	514	99
V457	7	83	116	293	76	215	71	3	145	18	93
V458	5	546	353	454	28	181	66	278	313	43	436
V459	16	558	237	167	85	17	111	65	84	6	454
V460	91	311	231	116	105	366	72	56	7	214	273
V461	2	705	351	211	203	132	277	187	71	376	581
V462	27	307	86	122	305	482	82	80	221	358	235
V463	382	473	136	35	440	145	42	98	27	53	460
V464	605	369	135	181	185	326	329	86	720	170	424
V465	404	196	379	122	292	235	117	280	146	865	229
V466	107	377	766	298	109	3	216	89	148	314	328
V467	25	117	20	283	104	86	128	244	139	159	106
V468	45	45	94	27	654	512	165	123	115	96	60
V469	62	560	79	102	122	229	89	157	114	2	454
V470	332	73	229	47	91	251	507	554	133	52	112
V471	523	41	127	227	517	7	309	371	40	272	125
V472	4	62	57	352	297	195	467	20	95	429	77
V473	456	67	24	183	63	119	76	170	242	502	133
V474	293	53	83	37	34	57	419	247	184	318	114
V475	44	127	264	53	526	321	62	44	464	59	142
V476	147	29	64	141	287	75	130	10	63	14	62
V477	292	133	72	250	156	9	410	260	224	72	148
V478	177	41	531	38	181	302	224	495	275	62	63
V479	138	95	9	256	619	611	15	85	720	268	126
V480	432	711	92	160	231	181	29	148	310	174	624
V481	59	330	18	77	93	44	13	53	137	1087	263
V482	166	120	191	209	74	500	474	306	32	281	127
V483	24	12	1	469	43	61	140	167	224	17	38
V484	13	41	185	657	281	77	85	11	129	60	64
V485	42	649	99	85	282	44	123	476	70	176	520
V486	398	308	381	331	211	270	29	167	111	34	290
V487	233	60	67	117	603	204	129	509	115	14	103
V488	540	169	86	25	212	95	260	67	85	267	226
V489	279	258	29	13	49	317	123	36	150	105	242
V490	73	249	201	139	143	62	55	450	65	115	222
V491	109	312	103	40	120	317	30	60	62	40	255
V492	35	236	41	145	134	178	187	407	163	185	202
V493	141	275	699	150	93	224	511	71	315	16	237
V494	131	454	317	152	107	146	67	190	92	205	373
V495	300	97	34	243	809	34	103	312	32	3	135
V496	86	131	287	179	99	137	707	44	50	196	138
V497	542	91	88	170	62	328	363	72	286	232	179
V498	1029	217	0	146	354	148	118	258	169	238	320
V499	378	17	283	253	153	156	52	288	1184	136	66
V500	256	103	499	63	37	108	464	467	116	316	131
