Source001	Source002	Source003	Source004	Source005	Source006	Source007	Source008	Source009	Source010	Sink
V1	15	332	49	134	193	169	165	56	66	139	231
V2	138	147	271	106	33	501	111	92	213	127	148
V3	384	140	237	16	62	9	198	353	18	229	199
V4	609	80	22	243	40	82	90	262	78	63	181
V5	139	219	24	42	132	33	59	80	183	343	207
V6	100	185	343	270	89	77	108	60	57	261	181
V7	53	318	225	297	421	114	41	68	833	478	285
V8	112	369	64	309	373	1471	242	23	51	155	323
V9	90	108	62	12	302	317	55	33	90	44	97
V10	221	778	145	7	67	83	7	3	184	402	549
V11	149	276	23	319	31	176	113	109	100	210	273
V12	284	426	240	32	100	976	116	97	665	102	389
V13	249	166	140	51	161	13	321	219	41	139	164
V14	43	404	91	323	823	270	56	304	104	71	323
V15	77	3	233	691	82	262	10	71	352	279	32
V16	324	320	752	149	765	341	96	98	517	145	352
V17	465	213	221	437	332	27	369	75	22	69	263
V18	1	47	150	25	464	270	12	164	133	116	59
V19	106	604	261	400	105	74	431	78	125	34	424
V20	10	53	64	129	43	439	47	242	70	13	55
V21	114	102	25	84	318	211	2	530	136	142	85
V22	135	282	468	124	11	89	133	54	233	404	224
V23	289	140	466	2	133	187	197	384	521	418	185
V24	50	57	446	73	318	39	256	135	114	419	66
V25	268	29	290	184	11	634	71	666	22	102	105
V26	141	31	267	70	396	327	258	390	444	2	77
V27	283	56	4	114	305	81	388	91	42	558	118
V28	106	33	39	124	293	229	38	166	610	186	58
V29	296	342	514	511	1	83	26	4	212	44	273
V30	671	12	206	120	35	292	177	465	95	142	182
V31	1608	50	229	113	61	183	52	175	70	114	356
V32	51	21	16	2	264	299	187	103	153	128	45
V33	89	897	110	438	222	25	1168	471	696	248	707
V34	78	42	165	14	56	175	208	388	88	242	59
V35	201	251	337	87	423	2	45	23	223	268	227
V36	235	196	143	14	2	14	137	229	366	185	221
V37	687	288	23	138	38	50	44	24	32	805	346
V38	65	60	346	208	142	166	230	224	148	214	86
V39	1	264	413	316	187	114	470	32	58	44	205
V40	169	66	62	50	294	132	1014	55	329	259	107
V41	180	613	23	518	175	3	486	264	314	416	504
V42	635	3	276	367	158	0	481	48	244	65	136
V43	249	77	349	130	27	39	65	4	227	478	123
V44	43	506	272	165	392	152	141	360	27	29	368
V45	8	74	183	46	19	102	33	298	48	215	56
V46	625	112	583	547	228	423	11	383	100	209	235
V47	18	146	29	219	693	1	45	321	42	309	129
V48	120	163	286	21	116	105	30	22	208	46	173
V49	35	203	199	214	85	2	0	567	734	374	179
V50	88	520	103	100	162	10	645	106	3	21	416
V51	0	193	73	401	201	23	419	97	306	447	168
V52	132	124	205	37	247	45	49	37	185	171	142
V53	73	415	338	223	100	104	411	180	95	3	318
V54	480	111	96	9	111	16	85	398	834	295	207
V55	175	49	338	745	97	55	150	367	21	164	83
V56	65	509	59	98	27	392	62	453	160	230	391
V57	100	211	6	56	87	25	481	678	407	71	179
V58	162	485	72	291	24	244	185	133	128	40	362
V59	672	79	1	127	101	230	120	14	360	62	208
V60	166	92	55	46	5	86	9	261	137	120	113
V61	36	530	5	390	162	117	261	432	282	10	386
V62	362	34	310	667	32	26	94	449	386	83	114
V63	253	115	273	115	317	186	181	146	16	12	160
V64	25	22	55	181	344	96	57	557	342	98	38
V65	4	44	13	229	164	50	99	21	51	567	44
V66	555	84	1143	199	258	69	65	4	143	60	185
V67	24	132	167	71	90	179	92	108	13	228	122
V68	360	338	75	40	60	306	373	27	26	101	311
V69	778	172	455	112	0	11	602	34	76	24	286
V70	61	159	93	181	74	194	85	171	360	529	140
V71	77	188	287	24	722	296	19	179	69	273	169
V72	156	149	139	352	65	144	326	142	140	9	123
V73	77	381	417	80	89	199	168	16	162	12	297
V74	439	256	9	95	64	81	134	41	19	478	271
V75	197	198	1576	234	178	199	161	98	213	201	191
V76	482	205	151	21	5	255	434	318	60	227	270
V77	49	36	273	528	262	75	40	752	22	52	51
V78	140	720	71	317	411	22	29	247	201	180	558
V79	82	159	19	23	374	24	208	487	243	75	164
V80	226	19	36	173	123	573	127	389	148	47	83
V81	295	104	97	92	487	52	712	97	224	50	141
V82	308	627	8	30	335	27	3	147	14	195	518
V83	25	84	65	20	70	494	228	172	444	559	96
V84	339	79	144	56	37	116	63	237	69	10	122
V85	141	127	670	44	76	86	46	213	55	62	138
V86	103	67	4	246	105	29	56	18	94	92	73
V87	91	241	11	709	641	220	54	185	148	237	216
V88	229	300	41	192	52	87	60	433	211	165	248
V89	147	337	34	58	157	201	175	81	395	354	298
V90	219	460	883	93	169	378	210	0	444	147	387
V91	54	290	2	97	222	17	12	1	68	9	212
V92	159	52	5	175	441	195	7	744	45	67	84
V93	151	379	92	555	81	5	127	76	402	64	313
V94	149	35	291	311	41	67	218	71	327	140	80
V95	122	192	108	135	124	17	233	210	173	112	183
V96	274	3	91	121	73	82	81	410	317	291	72
V97	8	15	378	436	233	273	74	96	72	80	31
V98	235	24	105	198	160	1394	140	36	259	86	139
V99	218	20	25	14	0	515	135	148	20	164	90
V100	28	64	73	249	227	54	321	102	232	85	61
V101	2	39	732	340	337	409	226	418	121	73	52
V102	172	48	101	552	16	130	17	76	130	56	88
V103	492	261	28	17	43	18	906	56	48	544	303
V104	118	54	163	168	89	353	150	44	107	195	84
V105	126	256	135	471	17	344	989	443	104	60	244
V106	196	51	26	263	133	162	139	559	2	298	78
V107	405	96	43	373	211	183	126	296	218	364	175
V108	213	43	29	436	4	3	78	42	535	299	112
V109	624	216	94	787	84	5	140	32	71	211	313
V110	141	890	8	227	460	89	62	332	228	36	637
V111	149	51	1218	47	652	776	31	28	1217	132	135
V112	125	4	331	275	29	910	13	359	6	237	53
V113	476	99	173	163	52	237	475	50	85	918	199
V114	34	171	662	103	167	24	49	257	222	101	128
V115	118	317	421	54	145	147	622	11	147	140	258
V116	214	229	233	380	38	206	124	339	85	296	212
V117	84	341	453	309	33	632	1485	571	118	29	305
V118	91	106	20	516	17	180	207	454	8	18	101
V119	39	621	431	64	834	96	381	270	27	46	443
V120	241	369	174	465	555	154	80	260	184	686	308
V121	325	124	369	141	207	165	29	13	212	72	150
V122	396	264	189	315	64	98	17	30	169	242	287
V123	137	67	50	193	121	9	920	60	52	465	113
V124	57	3	90	566	360	412	488	461	56	22	33
V125	144	172	19	123	33	518	331	42	88	180	159
V126	149	182	150	39	218	425	161	593	130	190	174
V127	88	196	0	756	88	139	795	533	105	101	159
V128	220	68	69	319	289	250	39	586	554	424	103
V129	734	2	329	223	337	102	35	301	150	500	170
V130	204	141	146	163	105	27	388	1	96	198	143
V131	204	163	97	278	116	0	104	16	199	121	170
V132	297	290	100	270	690	3	120	56	37	88	267
V133	272	282	612	57	172	71	347	34	338	5	254
V134	467	138	275	346	510	486	535	539	215	745	197
V135	138	109	247	284	370	209	308	222	381	68	129
V136	95	390	264	761	207	259	316	78	33	24	318
V137	318	13	554	20	243	88	103	197	110	216	96
V138	123	75	94	679	29	72	352	155	11	70	106
V139	179	161	976	39	166	256	134	10	243	116	168
V140	140	991	88	147	3	39	10	181	164	170	785
V141	37	26	255	124	138	255	146	15	26	190	44
V142	183	164	383	261	210	299	43	80	47	103	175
V143	37	396	364	820	20	15	18	123	177	497	329
V144	43	133	93	18	350	190	202	65	275	189	105
V145	685	178	102	54	30	1117	529	215	543	124	304
V146	451	207	270	445	63	25	163	202	152	25	232
V147	223	10	80	66	229	193	237	102	621	274	73
V148	112	235	136	141	18	110	103	311	55	230	194
V149	229	86	205	105	315	32	52	826	70	368	128
V150	189	117	24	168	11	14	77	145	7	47	130
V151	157	14	238	255	26	73	140	58	142	177	46
V152	18	205	42	203	229	38	70	104	289	89	188
V153	463	98	181	2	125	107	280	40	253	662	176
V154	46	72	37	18	836	59	142	270	202	297	91
V155	113	400	44	13	43	56	132	839	189	17	300
V156	380	113	5	189	641	1060	37	57	584	64	234
V157	136	364	197	389	930	100	66	208	427	33	292
V158	335	65	295	80	688	80	63	59	254	90	124
V159	206	755	232	336	190	354	11	10	136	540	601
V160	97	227	12	523	30	228	1117	18	258	200	218
V161	9	31	130	16	32	137	75	138	196	50	37
V162	114	0	47	579	105	266	185	332	221	224	45
V163	21	33	2	253	86	95	219	275	206	77	45
V164	29	122	55	144	35	320	128	52	523	318	115
V165	519	620	26	103	220	427	607	7	38	680	607
V166	171	39	112	0	69	23	296	55	127	150	73
V167	223	328	44	43	16	102	72	1212	8	74	322
V168	91	150	615	9	99	167	327	62	423	143	158
V169	281	112	67	53	255	180	461	1	649	63	140
V170	374	877	323	2	346	265	104	543	309	463	726
V171	185	194	251	161	276	127	71	196	9	144	187
V172	82	166	243	102	141	448	21	26	286	566	154
V173	350	225	3	104	87	188	463	119	12	361	244
V174	14	775	280	171	125	180	271	166	9	288	583
V175	30	105	37	464	204	585	171	107	151	386	100
V176	90	276	357	68	8	106	58	9	10	208	219
V177	171	154	56	379	221	109	272	100	283	78	162
V178	49	213	110	51	121	593	271	170	169	30	163
V179	2	146	366	46	97	178	624	142	43	350	160
V180	182	88	746	128	326	142	336	47	226	182	125
V181	42	26	381	340	455	148	556	123	115	757	56
V182	101	39	10	85	355	170	48	28	579	7	62
V183	90	129	63	506	160	367	145	455	24	84	121
V184	108	636	64	20	90	60	70	33	24	1428	500
V185	162	138	338	106	283	69	7	317	137	31	168
V186	58	402	279	26	121	50	53	36	234	265	288
V187	157	52	38	280	235	149	136	333	280	128	101
V188	424	71	56	105	120	294	0	129	675	281	174
V189	118	169	50	241	94	310	191	352	37	202	152
V190	5	102	567	50	61	31	15	167	48	95	92
V191	297	934	19	183	221	3	62	242	240	4	702
V192	35	392	133	213	314	210	177	622	117	89	329
V193	311	148	90	126	7	284	126	212	96	441	177
V194	6	78	403	118	416	262	1	125	18	605	84
V195	178	100	57	802	307	38	122	335	289	42	124
V196	669	609	54	18	246	216	130	350	440	148	599
V197	230	118	17	313	47	31	108	427	116	9	146
V198	169	34	86	133	128	4	65	39	47	542	89
V199	135	55	456	87	207	688	90	204	243	12	86
V200	434	51	271	157	193	37	55	464	501	47	159
V201	288	0	85	350	95	5	139	43	55	38	58
V202	490	14	0	25	522	55	280	107	15	55	111
V203	146	136	136	138	151	71	417	579	73	1	123
V204	375	67	446	76	103	157	81	186	117	109	128
V205	237	42	29	59	947	187	105	230	342	89	104
V206	82	169	128	9	232	613	7	18	271	360	169
V207	368	397	218	1201	103	296	38	360	11	603	375
V208	439	84	355	27	450	43	100	88	132	154	156
V209	480	146	224	118	282	252	374	77	831	390	225
V210	128	151	478	87	72	27	63	371	10	7	135
V211	93	153	277	47	123	84	12	3	453	55	144
V212	29	225	290	305	144	364	1	245	249	629	220
V213	99	102	13	110	80	182	195	278	142	315	97
V214	814	385	365	256	34	62	73	83	76	97	461
V215	129	48	9	17	241	133	13	253	15	127	55
V216	196	106	136	227	42	48	57	599	455	133	140
V217	259	39	699	11	30	298	41	132	8	114	95
V218	418	116	29	46	497	191	14	38	238	111	163
V219	891	12	454	413	278	73	1	74	142	96	168
V220	205	60	52	66	74	277	49	129	870	229	99
V221	562	609	146	251	242	152	108	278	85	77	552
V222	108	98	160	239	254	14	191	96	215	9	94
V223	71	149	119	125	84	155	59	868	220	204	143
V224	43	403	456	183	28	41	32	196	258	88	314
V225	178	28	21	598	66	126	53	65	331	154	70
V226	211	216	680	230	309	434	216	145	65	460	231
V227	58	187	139	18	49	62	29	59	78	27	150
V228	20	209	201	56	77	152	150	19	46	189	159
V229	373	476	92	950	76	283	137	662	126	177	430
V230	362	220	579	216	218	74	119	19	393	375	236
V231	39	67	75	19	19	100	203	109	122	74	67
V232	116	172	28	46	146	45	357	182	105	59	149
V233	252	1	232	10	688	42	458	18	21	440	80
V234	424	199	226	310	191	69	47	515	30	27	249
V235	17	2	10	357	251	97	104	10	275	195	22
V236	142	592	188	20	145	366	48	62	17	45	444
V237	281	173	96	1213	613	101	17	316	247	0	206
V238	76	38	221	224	248	351	79	24	27	23	44
V239	123	1	391	6	400	437	33	156	48	192	57
V240	36	147	10	206	128	418	496	311	100	289	145
V241	171	160	356	107	256	271	227	71	441	149	181
V242	288	161	334	474	201	301	572	259	66	279	205
V243	99	43	104	33	42	257	418	319	13	322	69
V244	866	36	33	5	114	488	67	252	461	284	230
V245	137	18	540	100	67	4	155	259	9	100	59
V246	196	173	108	8	194	3	89	222	463	201	180
V247	50	128	34	300	137	202	35	87	91	58	107
V248	17	127	410	637	10	341	50	94	655	305	141
V249	51	258	103	66	164	661	275	316	107	966	257
V250	18	91	33	7	302	81	153	71	12	334	79
V251	31	93	141	142	51	104	106	7	166	621	100
V252	260	79	251	127	474	152	1164	329	148	446	144
V253	196	108	62	88	188	88	44	523	76	31	130
V254	274	88	115	11	253	397	36	164	312	329	146
V255	105	438	34	67	66	14	325	73	56	245	333
V256	85	55	36	50	166	377	4	408	329	403	94
V257	5	256	45	164	32	350	142	61	78	148	196
V258	129	44	224	157	251	95	524	171	1	1223	95
V259	39	27	154	240	192	206	473	438	226	349	39
V260	794	117	93	239	128	7	272	66	305	31	270
V261	74	442	86	88	115	74	225	155	111	329	345
V262	93	331	150	598	143	165	451	31	673	326	296
V263	494	182	159	161	75	25	49	49	131	112	236
V264	186	226	498	63	515	211	58	474	38	23	191
V265	333	321	22	49	272	68	231	25	290	249	337
V266	245	181	205	15	231	207	95	351	166	222	188
V267	7	498	449	325	31	36	246	33	515	356	384
V268	120	423	10	56	240	143	89	352	236	1083	350
V269	285	209	32	105	68	101	52	72	97	82	198
V270	37	65	111	199	85	263	80	418	216	77	67
V271	103	70	509	448	420	147	212	73	381	78	89
V272	152	134	450	183	940	191	316	12	11	71	145
V273	166	121	429	127	246	188	142	261	462	30	132
V274	328	156	571	3	373	287	56	149	228	53	185
V275	498	268	275	417	62	55	173	55	151	457	327
V276	178	69	100	369	355	99	374	174	136	11	106
V277	92	339	197	356	512	84	48	73	34	74	262
V278	324	125	26	86	2	24	80	129	299	31	214
V279	60	234	227	400	35	1077	227	110	273	209	239
V280	253	447	287	48	382	653	47	33	49	490	379
V281	154	201	19	180	153	243	76	563	17	117	211
V282	127	147	102	328	195	346	409	52	22	217	165
V283	22	23	8	60	280	141	26	77	234	192	34
V284	87	243	79	69	1231	2	212	399	72	23	203
V285	77	63	88	45	687	35	6	21	283	293	73
V286	268	165	152	40	43	39	307	205	37	166	180
V287	25	453	355	0	674	9	266	119	59	32	357
V288	226	222	262	6	141	136	283	22	111	90	204
V289	48	483	415	169	184	306	522	208	363	7	386
V290	354	40	58	110	87	15	151	293	54	131	102
V291	8	90	351	218	143	138	89	166	43	62	90
V292	376	20	514	3	136	219	495	226	182	136	113
V293	31	525	34	41	1	192	210	10	12	238	430
V294	290	357	179	567	180	23	24	210	112	95	315
V295	112	83	12	347	68	37	234	4	30	60	87
V296	95	821	349	44	249	144	173	230	127	430	602
V297	113	153	250	488	129	162	578	2147	24	202	170
V298	329	155	141	18	75	187	171	250	512	22	201
V299	76	262	239	242	11	132	104	222	98	44	207
V300	42	126	125	88	424	213	12	285	93	14	95
V301	245	8	478	153	529	37	372	112	30	562	64
V302	43	87	194	64	147	50	35	179	100	257	112
V303	3	256	73	31	491	190	620	38	0	4	194
V304	19	279	90	332	31	97	15	34	60	66	190
V305	10	58	656	484	126	223	244	35	193	136	79
V306	52	209	18	373	14	138	13	9	110	290	198
V307	348	182	120	237	16	118	342	86	89	64	214
V308	66	42	179	52	44	166	136	10	96	530	64
V309	33	87	126	326	42	172	65	25	433	255	91
V310	25	532	182	162	111	50	226	105	101	36	399
V311	67	698	69	415	295	178	127	106	231	173	487
V312	731	250	100	16	19	207	941	173	17	96	308
V313	528	440	130	139	137	70	191	28	111	534	433
V314	39	483	278	333	15	34	94	70	336	691	386
V315	56	341	59	494	223	40	406	199	33	120	291
V316	94	325	226	144	444	354	344	87	509	234	289
V317	312	36	97	60	275	60	221	73	412	148	103
V318	636	954	50	572	77	9	204	31	346	1060	787
V319	45	624	25	55	64	1325	44	300	128	167	489
V320	0	202	382	6	237	11	367	124	14	105	149
V321	77	229	356	178	197	490	80	277	53	25	197
V322	1082	56	75	53	126	63	409	347	50	458	268
V323	357	10	13	48	208	157	382	46	228	396	85
V324	257	21	53	5	128	116	465	415	54	312	58
V325	80	95	250	382	376	429	428	27	244	485	114
V326	336	30	28	11	165	26	331	150	623	310	116
V327	193	10	89	229	86	191	288	35	57	82	66
V328	119	520	385	93	21	125	52	52	200	307	433
V329	56	237	77	274	102	30	44	422	15	318	205
V330	60	78	736	666	685	204	271	193	24	347	79
V331	242	369	112	85	64	437	135	379	126	155	311
V332	89	11	34	191	54	250	300	420	495	117	50
V333	18	109	19	81	190	223	0	295	2	3	76
V334	287	85	47	14	74	30	171	359	47	585	154
V335	510	218	29	96	270	85	244	58	578	26	262
V336	348	0	72	55	1196	19	84	211	44	172	90
V337	505	160	107	187	40	133	220	46	3	355	218
V338	17	214	1074	18	79	375	22	252	72	15	179
V339	225	127	94	275	216	51	685	108	251	287	175
V340	69	236	3	254	22	166	93	21	284	131	186
V341	424	106	1112	374	37	310	739	17	48	118	198
V342	237	102	197	327	777	9	559	18	89	127	126
V343	61	26	292	21	1	70	156	98	7	169	47
V344	926	211	69	552	64	43	109	62	20	54	345
V345	120	50	491	22	113	307	94	75	177	102	75
V346	190	225	46	1207	24	315	139	89	18	129	224
V347	243	121	46	83	107	65	72	26	828	341	152
V348	44	146	311	52	92	109	17	63	174	269	106
V349	116	18	176	344	412	53	30	126	104	151	43
V350	69	442	344	408	251	59	11	68	382	79	310
V351	370	110	46	132	88	108	24	49	43	126	179
V352	312	190	102	17	88	136	48	249	468	128	198
V353	89	8	207	330	31	138	326	246	388	194	55
V354	22	25	656	417	11	521	196	191	34	73	63
V355	286	132	399	12	134	52	122	31	158	202	145
V356	50	110	148	125	644	355	408	154	29	4	110
V357	101	19	129	11	621	22	384	205	179	12	35
V358	29	416	337	26	20	428	5	49	80	334	323
V359	35	327	165	200	55	364	237	308	758	83	244
V360	91	61	51	203	489	0	155	80	271	494	79
V361	222	251	434	32	849	57	7	179	448	558	279
V362	93	138	194	37	224	523	65	143	182	183	147
V363	496	995	789	17	49	112	76	25	45	19	808
V364	106	155	63	482	54	197	42	39	76	250	129
V365	192	409	159	94	65	35	220	502	298	180	343
V366	271	473	50	76	127	10	369	340	173	23	399
V367	203	70	142	190	103	227	64	211	40	208	106
V368	19	289	196	182	457	416	128	61	296	142	206
V369	0	111	69	16	237	285	101	15	124	53	104
V370	72	57	228	62	297	18	244	191	102	88	65
V371	926	309	10	34	118	358	101	223	101	178	419
V372	49	291	391	13	221	208	134	82	9	63	215
V373	27	114	113	1099	325	106	118	59	580	72	109
V374	638	14	20	281	220	49	423	4	35	148	150
V375	106	99	11	59	71	80	245	43	390	41	115
V376	556	217	416	151	1	284	211	59	101	67	319
V377	414	473	633	182	127	1056	77	191	80	216	453
V378	46	467	98	488	69	21	695	236	189	43	298
V379	199	18	206	10	538	295	140	193	116	89	76
V380	146	4	8	74	408	441	366	298	65	17	64
V381	266	4	0	54	38	16	39	106	182	547	68
V382	5	144	855	291	20	33	104	604	398	376	141
V383	478	4	110	816	113	41	196	301	24	11	126
V384	212	42	21	56	20	79	409	11	388	128	74
V385	71	310	155	119	143	165	456	86	64	74	231
V386	306	159	293	210	147	372	27	218	87	35	184
V387	14	49	87	302	410	941	318	207	40	463	79
V388	86	91	159	99	250	141	348	86	16	245	88
V389	129	175	162	227	38	48	54	118	177	41	173
V390	141	83	342	114	78	334	128	17	13	120	106
V391	69	245	80	519	481	143	33	27	78	884	214
V392	23	5	103	558	67	330	0	56	18	88	30
V393	4	106	93	121	381	237	424	17	138	250	110
V394	27	107	71	160	211	18	40	6	1019	374	102
V395	81	274	312	309	21	61	187	434	107	27	227
V396	149	355	182	21	304	172	35	239	44	2	298
V397	65	59	32	507	131	125	9	138	35	755	91
V398	97	183	54	8	98	809	22	148	26	157	193
V399	11	3	135	294	70	185	253	8	122	878	29
V400	18	95	79	364	50	261	34	84	384	44	98
V401	259	250	79	345	48	53	25	96	499	412	256
V402	33	278	248	59	104	275	94	194	490	53	224
V403	604	15	23	306	196	41	147	192	678	235	170
V404	2	229	109	96	8	291	448	450	259	537	178
V405	339	58	89	283	40	37	1	349	68	17	112
V406	333	115	254	290	104	64	105	91	311	63	138
V407	754	9	358	63	195	548	968	190	227	208	219
V408	267	82	602	35	34	262	173	28	70	275	135
V409	80	150	132	59	4	447	38	605	30	44	119
V410	145	66	166	582	194	126	121	435	68	143	90
V411	26	26	337	707	83	47	69	55	404	160	39
V412	26	4	381	180	65	245	81	20	76	113	26
V413	386	139	130	87	85	102	209	46	341	714	201
V414	622	234	197	31	10	447	94	397	717	207	302
V415	135	126	33	487	179	528	47	249	221	95	138
V416	165	651	176	196	51	361	284	148	104	151	538
V417	343	259	224	1394	17	120	146	68	105	419	252
V418	513	465	555	126	266	59	51	267	35	186	406
V419	19	285	82	287	180	114	379	61	8	11	217
V420	95	210	186	120	59	182	65	588	471	156	223
V421	209	147	671	7	37	198	461	51	69	155	183
V422	247	131	302	82	699	306	87	141	487	258	171
V423	81	107	117	18	204	217	111	10	307	289	116
V424	123	858	138	68	402	233	17	181	85	17	673
V425	30	102	434	332	678	1414	186	293	248	93	130
V426	1	351	24	153	29	5	4	112	169	390	269
V427	478	69	4	41	74	409	436	243	62	48	165
V428	11	3	104	103	717	40	287	22	49	2	18
V429	195	170	36	3	252	117	660	115	20	137	160
V430	86	186	307	6	99	733	120	4	142	156	204
V431	669	9	139	170	522	121	83	93	100	24	145
V432	489	1	85	190	31	250	153	88	78	132	111
V433	71	121	329	182	89	187	170	102	662	447	136
V434	15	123	248	175	224	86	139	565	255	172	112
V435	11	204	75	239	64	144	377	341	4	152	164
V436	236	459	49	65	72	131	402	631	252	44	410
V437	24	223	47	5	34	240	193	266	681	60	171
V438	278	68	19	211	219	334	240	2	148	257	141
V439	166	133	620	48	285	18	192	81	72	89	126
V440	294	380	31	17	484	343	233	565	8	4	354
V441	626	76	92	39	307	344	75	625	78	321	197
V442	157	28	60	536	197	721	202	651	6	22	81
V443	110	109	673	13	89	216	133	104	91	75	112
V444	62	66	345	57	97	546	282	139	697	36	66
V445	22	100	98	153	134	43	200	418	70	311	77
V446	9	219	4	478	245	559	117	49	392	144	204
V447	275	127	35	251	574	128	47	184	8	782	167
V448	156	206	217	145	329	188	64	150	373	150	219
V449	86	249	33	210	147	57	256	200	134	37	214
V450	389	28	50	10	292	240	70	29	0	58	120
V451	52	783	2	240	372	355	169	279	246	374	585
V452	72	407	72	203	249	337	530	431	666	124	309
V453	70	107	31	10	188	335	230	380	206	33	105
V454	88	440	205	124	56	66	152	49	28	26	338
V455	281	326	243	76	40	141	553	310	64	469	319
V456	113	448	2	7	169	303	166	44	121	125	340
V457	16	279	169	103	20	441	521	18	27	13	224
V458	134	70	49	178	36	220	525	273	164	193	85
V459	77	21	315	24	444	360	121	51	500	24	51
V460	49	244	139	265	467	132	148	75	165	88	190
V461	117	6	200	222	226	332	25	528	59	131	78
V462	329	182	176	132	914	123	324	222	286	13	230
V463	25	6	15	130	323	223	263	865	250	179	47
V464	262	1131	20	40	36	32	209	261	136	223	836
V465	41	129	147	18	233	46	423	141	89	107	106
V466	136	341	78	59	49	270	29	85	763	269	286
V467	53	24	34	265	431	127	76	197	64	31	42
V468	153	474	461	296	24	120	385	46	110	178	389
V469	21	291	388	221	19	169	28	4	150	75	245
V470	23	369	144	139	118	258	582	1234	297	41	294
V471	190	171	63	42	165	385	10	72	30	168	163
V472	116	142	27	75	333	260	368	54	424	47	144
V473	95	661	100	317	41	69	432	232	139	22	466
V474	160	519	24	19	23	352	180	344	234	442	408
V475	23	51	282	351	690	170	522	1	107	47	63
V476	107	141	239	77	146	103	103	0	508	22	120
V477	220	306	195	85	217	232	273	391	92	7	257
V478	114	33	55	70	33	95	27	158	146	394	64
V479	444	160	460	47	323	215	534	24	1	128	203
V480	297	265	420	18	143	104	78	27	69	9	247
V481	500	179	82	306	171	57	189	353	508	310	274
V482	262	58	217	513	18	22	179	827	181	24	132
V483	530	157	4	32	87	362	13	229	110	170	246
V484	965	302	118	307	150	50	134	82	202	27	404
V485	155	82	318	161	50	115	86	55	268	279	113
V486	216	800	158	105	88	42	32	181	33	121	605
V487	32	527	241	325	45	175	46	150	371	35	408
V488	20	47	159	22	984	201	227	108	6	52	65
V489	252	124	590	228	71	202	85	283	495	163	173
V490	290	271	35	37	92	222	16	375	51	317	291
V491	262	30	175	56	182	41	106	526	848	55	104
V492	11	142	771	207	17	41	185	524	38	267	122
V493	190	186	401	100	411	173	100	24	1830	1	219
V494	127	198	156	363	6	270	257	315	840	254	194
V495	567	33	60	64	343	117	211	75	63	144	139
V496	60	56	46	214	92	148	92	222	111	167	78
V497	111	59	156	197	76	74	6	296	48	17	71
V498	138	81	56	194	16	196	854	38	379	83	96
V499	427	92	67	550	146	16	27	83	48	160	173
V500	112	66	29	163	74	244	355	466	139	365	81
