Source001	Source002	Source003	Source004	Source005	Source006	Source007	Source008	Source009	Source010	Sink
V1	210	73	220	56	12	490	48	4	73	20	166
V2	65	165	153	339	1159	188	6	43	305	34	87
V3	28	266	78	85	58	142	154	352	150	162	67
V4	230	57	101	57	127	59	119	46	16	97	179
V5	435	125	25	46	123	215	0	282	137	19	340
V6	93	1	135	312	410	147	180	294	40	44	90
V7	305	418	225	225	135	105	6	55	165	184	282
V8	308	225	374	176	523	310	86	597	189	367	289
V9	17	570	211	220	593	156	328	174	14	63	80
V10	457	86	159	187	381	112	22	74	383	59	380
V11	58	61	53	26	258	666	71	536	178	56	57
V12	46	441	23	114	208	6	86	14	189	17	104
V13	174	62	244	22	70	78	63	33	307	83	156
V14	170	125	1	72	53	1	80	42	1179	218	150
V15	209	46	80	60	26	2155	6	55	221	258	180
V16	270	76	108	102	26	96	152	435	430	211	229
V17	38	469	1327	89	84	164	427	75	523	108	127
V18	297	7	44	62	517	192	83	138	171	46	234
V19	202	1045	145	8	310	328	299	276	490	97	289
V20	296	45	741	180	37	21	663	394	496	103	277
V21	107	129	18	66	23	249	36	37	261	137	109
V22	545	479	894	9	361	48	16	103	10	41	496
V23	374	242	160	371	121	589	42	156	322	112	319
V24	88	1	1	989	271	124	329	50	117	99	120
V25	162	277	217	6	47	365	397	462	154	73	191
V26	288	73	120	0	20	738	148	62	215	63	268
V27	143	39	56	318	16	52	228	303	474	99	158
V28	43	11	7	232	208	277	134	91	103	446	52
V29	419	89	101	463	287	49	62	518	733	860	348
V30	86	224	154	501	102	20	204	49	18	79	119
V31	77	148	161	5	44	574	463	76	10	1283	122
V32	393	29	0	388	540	507	755	1	633	54	338
V33	336	176	411	82	10	174	55	33	90	556	300
V34	238	325	210	229	62	25	101	402	172	277	251
V35	212	399	189	534	100	127	614	151	415	22	258
V36	9	70	270	11	476	74	247	234	191	54	24
V37	0	52	565	224	260	32	34	272	166	225	35
V38	28	26	50	308	137	257	234	145	419	29	51
V39	395	81	235	90	244	290	169	59	47	435	342
V40	47	271	154	6	33	26	160	53	167	35	91
V41	10	367	628	0	62	608	193	535	22	182	71
V42	420	276	147	268	7	95	166	27	235	59	400
V43	315	71	292	15	63	18	297	452	223	177	265
V44	100	11	157	332	200	135	9	4	7	26	81
V45	34	184	25	22	313	356	236	480	24	243	66
V46	484	76	117	93	23	103	21	380	223	29	401
V47	181	155	185	56	180	46	202	89	7	34	148
V48	347	238	144	196	528	809	4	72	421	843	330
V49	343	43	67	88	519	183	489	89	59	41	308
V50	455	317	344	168	116	310	44	106	188	180	395
V51	118	92	123	162	278	49	72	122	67	585	109
V52	924	32	234	129	207	811	940	410	136	501	754
V53	199	412	247	150	8	606	46	179	146	61	238
V54	201	189	42	299	45	35	124	68	899	295	206
V55	395	251	308	203	89	264	20	542	74	29	351
V56	427	24	73	289	38	153	125	170	52	304	367
V57	0	148	111	179	75	114	275	137	33	69	29
V58	195	161	159	798	102	473	581	347	63	92	212
V59	3	89	113	282	171	123	67	56	226	77	31
V60	39	48	14	208	278	151	96	447	163	133	66
V61	186	21	403	210	6	75	731	548	45	95	178
V62	700	214	269	253	53	162	426	246	222	169	613
V63	35	490	1	179	211	148	260	117	40	40	95
V64	42	96	273	111	106	119	135	112	46	160	58
V65	355	48	22	178	490	401	32	176	7	0	286
V66	196	214	38	41	176	141	114	256	195	587	212
V67	210	514	397	13	8	9	180	132	80	135	250
V68	233	87	96	17	402	736	126	277	283	115	213
V69	241	734	80	101	307	362	163	134	29	323	289
V70	270	165	587	47	120	30	140	1	129	116	225
V71	37	23	330	42	115	49	327	39	306	231	62
V72	232	158	432	189	153	120	963	407	274	187	253
V73	227	198	64	1066	58	380	93	206	91	104	234
V74	35	165	102	22	58	16	43	126	10	392	55
V75	287	327	123	294	144	43	52	33	470	113	277
V76	99	159	423	222	262	281	190	199	7	141	142
V77	5	161	467	276	129	178	141	417	464	611	52
V78	4	41	125	398	254	307	43	607	255	154	21
V79	84	127	112	260	33	120	97	111	373	213	92
V80	166	69	507	169	110	159	615	61	26	257	163
V81	5	556	79	31	82	301	59	193	167	271	88
V82	249	217	34	13	142	113	327	662	49	24	266
V83	497	276	126	51	158	88	169	86	48	172	436
V84	62	60	34	250	81	85	168	105	222	61	71
V85	155	204	199	98	238	347	561	307	314	421	182
V86	454	107	37	55	48	889	1080	4	192	44	413
V87	205	224	18	104	73	47	65	557	147	17	233
V88	209	35	199	275	81	115	23	445	40	563	206
V89	8	570	65	725	21	683	74	321	52	380	102
V90	173	158	99	249	351	392	587	54	17	69	174
V91	353	754	259	68	28	47	752	647	423	280	428
V92	118	830	136	179	94	685	437	56	166	119	223
V93	3	127	179	603	48	59	332	78	6	20	38
V94	0	179	743	42	235	55	214	930	797	155	58
V95	126	638	234	34	155	248	1119	97	86	108	224
V96	703	73	48	171	78	75	627	60	18	39	584
V97	230	301	232	512	690	110	41	1	411	175	236
V98	329	39	17	86	211	381	275	116	55	282	277
V99	96	188	54	17	260	605	249	143	109	674	116
V100	34	97	349	145	682	230	52	865	165	342	64
V101	41	2	174	214	94	12	387	45	179	93	55
V102	88	276	86	201	50	240	334	483	11	370	126
V103	152	47	335	183	164	98	34	66	203	131	148
V104	230	492	34	95	215	104	275	289	57	164	236
V105	17	150	285	20	267	26	64	34	63	50	44
V106	287	13	87	168	254	84	367	2	410	250	253
V107	108	51	25	347	256	242	273	0	86	315	131
V108	29	41	148	110	324	8	30	219	246	315	42
V109	251	218	67	357	449	351	40	293	92	51	226
V110	218	19	1233	533	53	183	132	248	1	288	181
V111	72	201	484	207	134	203	350	128	711	49	104
V112	27	87	40	3	51	26	2	101	539	138	43
V113	1091	39	441	24	84	226	6	31	164	400	906
V114	263	252	92	104	161	15	39	39	144	209	254
V115	92	736	150	69	208	22	346	77	113	98	175
V116	153	1214	816	342	90	130	34	289	16	779	273
V117	20	329	669	28	543	152	307	104	2	40	71
V118	252	306	197	183	453	1	86	739	269	19	226
V119	1704	0	56	93	68	352	12	84	171	224	1353
V120	76	172	225	294	548	132	275	23	146	51	96
V121	262	187	195	334	258	124	318	19	146	194	229
V122	182	269	67	22	284	55	574	6	272	19	180
V123	23	8	489	51	174	140	220	16	518	97	40
V124	129	32	208	267	35	47	88	33	88	100	126
V125	160	194	102	121	363	66	4	94	5	18	168
V126	421	538	167	369	350	94	449	21	161	533	432
V127	181	13	59	412	950	116	53	145	4	138	158
V128	167	332	32	240	328	167	166	358	114	259	194
V129	225	96	220	91	315	128	46	418	0	125	179
V130	21	107	124	11	85	260	144	249	388	39	38
V131	104	24	218	498	461	297	31	37	341	564	111
V132	52	99	416	72	5	0	320	110	116	93	65
V133	666	33	266	39	210	6	14	85	245	349	553
V134	327	42	175	195	25	294	49	62	403	237	293
V135	428	197	1502	40	42	151	269	120	262	518	384
V136	132	30	399	140	78	232	3	81	179	164	109
V137	39	17	454	96	403	9	166	374	136	141	55
V138	890	263	150	140	75	379	254	60	48	203	778
V139	202	51	9	16	48	345	9	387	403	272	180
V140	62	86	55	343	521	72	24	547	190	22	70
V141	635	368	785	80	563	63	169	251	127	221	512
V142	199	412	202	71	44	61	34	88	1	431	202
V143	333	1064	15	100	89	359	56	12	120	54	370
V144	93	347	160	206	57	371	38	21	17	233	137
V145	4	8	0	30	93	98	13	627	267	186	23
V146	78	67	89	694	90	80	78	149	62	56	84
V147	32	10	82	143	179	123	1	417	16	44	38
V148	67	320	126	25	329	331	657	431	82	58	138
V149	85	66	4	153	181	154	132	644	57	800	111
V150	65	282	330	825	121	426	497	342	221	25	130
V151	66	133	19	6	432	432	478	5	191	95	101
V152	67	8	8	198	713	464	2	255	353	87	61
V153	5	161	165	49	48	47	274	118	247	34	41
V154	403	28	14	35	30	74	104	20	86	46	334
V155	142	120	29	437	167	108	58	34	43	139	140
V156	278	23	3	541	151	27	221	253	94	67	262
V157	229	171	162	1153	165	54	177	403	199	246	236
V158	135	4	50	42	51	604	719	496	4	80	143
V159	132	104	18	24	128	522	237	3	552	93	128
V160	274	91	142	217	370	50	83	268	38	128	236
V161	182	82	56	4	2	222	171	31	240	170	160
V162	136	90	8	204	83	894	7	70	20	225	123
V163	106	208	221	66	69	125	190	13	90	567	133
V164	204	205	175	188	270	29	295	345	218	127	216
V165	153	98	70	4	49	363	199	135	652	235	127
V166	63	27	204	966	33	74	431	72	168	39	102
V167	246	117	100	11	40	247	642	9	165	122	233
V168	422	36	632	601	20	34	10	77	566	232	348
V169	132	23	23	1015	145	713	93	389	509	168	185
V170	123	40	61	122	228	264	111	113	390	166	126
V171	93	561	375	127	916	3	4	108	192	510	162
V172	324	578	98	74	434	317	48	17	94	730	351
V173	123	201	130	361	162	111	56	18	102	90	147
V174	160	154	207	67	817	166	20	414	256	86	163
V175	201	11	234	615	35	16	335	252	187	48	157
V176	50	500	51	255	41	789	148	515	77	82	142
V177	209	150	11	197	66	164	322	707	869	186	222
V178	24	227	144	106	382	100	330	13	302	1027	84
V179	241	111	338	237	44	21	312	1	90	55	230
V180	334	719	105	59	28	128	204	8	299	354	394
V181	498	181	404	690	20	271	306	70	303	138	441
V182	288	792	40	23	95	2	85	207	42	310	308
V183	378	1495	284	25	210	42	531	83	109	333	500
V184	233	69	196	3	64	366	117	30	186	60	202
V185	230	21	718	409	79	493	124	280	418	75	213
V186	6	167	1061	52	97	209	165	388	22	138	40
V187	105	124	16	5	54	52	110	102	47	285	135
V188	20	230	156	32	51	76	25	187	94	291	48
V189	82	163	9	296	47	9	44	274	247	48	101
V190	95	194	22	979	242	95	220	68	69	20	137
V191	390	196	38	34	40	121	82	32	49	352	360
V192	71	129	500	276	205	343	224	57	231	216	89
V193	900	77	415	47	284	314	462	40	92	222	713
V194	314	598	8	84	27	23	268	63	11	116	329
V195	126	22	305	327	485	457	61	50	14	291	106
V196	39	48	467	225	274	162	364	129	10	122	64
V197	288	11	428	31	412	2	81	118	272	188	278
V198	47	52	12	141	151	94	184	26	542	140	56
V199	58	3	113	170	7	683	373	9	66	366	79
V200	46	153	408	616	557	813	127	430	106	261	98
V201	12	47	145	42	453	215	47	324	177	97	29
V202	230	109	1	73	126	26	18	177	11	206	201
V203	4	279	248	228	52	146	207	146	370	24	57
V204	222	202	23	314	25	27	115	472	136	109	202
V205	39	121	11	37	1148	312	1106	280	169	110	97
V206	53	318	11	70	4	363	55	110	5	37	81
V207	56	77	411	458	111	81	862	372	120	154	95
V208	394	125	18	465	1	212	156	127	832	5	326
V209	31	497	70	256	27	298	571	22	674	119	118
V210	93	3	7	509	48	106	109	210	59	379	104
V211	32	136	386	137	212	56	86	356	57	34	42
V212	193	115	465	1	128	276	250	13	126	663	191
V213	157	402	116	602	4	16	651	284	647	147	221
V214	500	56	22	319	69	52	196	249	3	832	435
V215	233	55	597	16	118	70	82	318	50	322	206
V216	71	174	119	157	468	471	55	76	67	520	92
V217	214	330	17	64	134	177	132	271	142	508	235
V218	36	339	132	238	625	147	129	575	255	187	87
V219	342	536	473	107	265	144	44	29	1347	40	361
V220	249	1031	159	258	726	153	113	189	160	45	324
V221	156	227	6	89	3	206	30	829	115	135	168
V222	227	44	17	118	33	488	58	303	20	90	189
V223	25	123	277	89	99	96	195	179	372	207	59
V224	169	161	254	1	452	66	509	109	234	103	162
V225	154	33	116	122	15	358	178	11	212	157	127
V226	340	109	22	233	162	203	52	249	71	90	289
V227	180	61	135	1	232	46	177	470	94	385	171
V228	533	91	67	668	171	45	245	86	18	39	456
V229	393	326	238	138	17	253	285	50	142	261	371
V230	99	413	221	613	232	714	88	15	135	19	153
V231	490	220	694	45	37	80	48	69	29	190	449
V232	432	202	103	4	71	120	162	351	3	95	363
V233	157	53	459	357	179	7	150	165	66	548	155
V234	44	107	161	5	128	79	53	8	124	59	56
V235	104	25	68	254	110	49	146	90	117	25	93
V236	311	48	37	102	1	3	48	914	187	46	273
V237	372	148	380	94	218	225	430	386	88	26	327
V238	88	74	453	224	372	220	21	373	3	117	91
V239	173	188	111	104	603	352	710	216	398	85	196
V240	239	329	24	20	136	65	62	131	122	53	223
V241	299	14	165	145	22	327	77	8	659	238	242
V242	201	74	124	46	179	47	113	123	134	26	187
V243	182	47	180	237	479	204	301	493	440	22	161
V244	4	313	113	761	184	162	16	103	61	1132	82
V245	7	30	111	73	117	270	10	437	241	21	16
V246	39	764	139	26	179	2	415	90	89	41	147
V247	18	753	118	197	309	40	234	36	558	395	122
V248	192	205	134	92	232	82	381	658	27	196	191
V249	177	0	34	74	172	105	943	98	126	388	177
V250	260	106	0	49	4	22	286	272	0	171	232
V251	10	129	173	166	13	67	226	84	226	79	43
V252	7	77	92	558	153	88	62	96	72	307	31
V253	192	102	156	91	117	41	175	479	83	76	172
V254	63	382	233	62	44	176	17	680	557	226	114
V255	213	143	54	158	61	54	224	27	275	41	208
V256	508	685	194	115	591	201	199	260	283	28	463
V257	16	105	154	16	317	21	8	291	178	153	29
V258	70	163	337	98	1281	81	168	237	156	483	87
V259	736	216	110	299	139	51	140	50	88	127	583
V260	146	448	53	4	48	867	219	160	306	392	179
V261	31	512	77	7	30	32	6	131	378	147	97
V262	163	134	556	220	158	75	19	18	260	51	143
V263	46	195	242	735	210	78	120	241	112	252	83
V264	241	248	123	134	186	124	394	62	196	11	214
V265	350	328	223	53	373	100	432	162	61	346	316
V266	79	7	69	399	433	102	93	29	85	19	66
V267	65	334	33	27	110	102	62	35	374	74	106
V268	41	22	90	316	470	931	431	268	27	39	57
V269	27	30	136	47	60	102	594	34	35	85	55
V270	85	6	281	46	107	29	290	249	25	291	81
V271	31	23	36	62	203	110	112	28	49	237	27
V272	169	222	153	16	65	305	142	627	17	358	204
V273	309	166	155	202	819	181	29	605	262	9	264
V274	135	178	21	66	14	941	21	527	108	253	125
V275	29	378	271	109	97	125	485	24	143	30	85
V276	124	76	53	215	29	19	31	9	111	42	119
V277	62	462	671	44	177	334	91	336	581	59	130
V278	172	328	36	138	10	576	151	155	152	494	216
V279	92	4	102	49	20	4	347	639	40	165	90
V280	445	371	489	227	83	50	279	110	108	374	414
V281	199	16	243	2	429	102	15	176	18	19	157
V282	238	159	10	2	61	752	132	65	286	534	229
V283	88	311	93	3	87	127	44	62	8	48	100
V284	57	117	48	111	159	5	260	399	18	88	69
V285	95	60	193	428	318	97	141	704	357	119	121
V286	3	75	363	55	689	174	115	1108	156	41	35
V287	18	63	95	61	14	412	327	567	235	63	46
V288	778	405	72	211	79	130	10	77	418	77	673
V289	8	568	388	14	91	108	72	225	129	43	85
V290	168	278	458	341	60	72	222	224	288	178	192
V291	30	11	48	211	53	410	438	457	208	185	52
V292	120	288	142	45	76	180	185	649	642	130	136
V293	99	319	143	239	399	17	594	222	434	96	163
V294	65	233	504	238	145	177	24	1	215	250	99
V295	78	33	109	34	209	457	315	0	556	20	74
V296	268	196	1	89	78	140	122	327	132	174	254
V297	126	425	94	8	134	99	561	270	104	245	179
V298	187	127	139	413	587	121	240	86	17	26	199
V299	476	49	203	298	36	226	4	78	23	0	367
V300	143	243	34	147	117	169	217	221	61	474	169
V301	55	82	303	102	615	273	479	255	15	41	80
V302	99	42	90	539	173	368	47	216	141	28	100
V303	127	430	55	33	29	53	687	150	264	38	183
V304	817	33	26	353	216	366	704	128	22	21	625
V305	91	38	195	23	103	68	11	328	339	324	96
V306	99	78	129	334	48	151	128	104	168	172	114
V307	163	0	21	44	121	39	669	15	511	110	150
V308	477	227	341	10	26	194	121	342	103	33	433
V309	56	261	234	1292	68	50	695	98	37	225	153
V310	134	10	69	221	120	40	447	0	179	443	139
V311	15	110	19	524	127	273	290	127	52	179	50
V312	86	53	324	45	204	20	58	89	220	49	89
V313	9	264	71	99	394	257	181	84	1198	1052	83
V314	74	33	79	62	57	418	17	31	23	38	66
V315	146	122	489	162	149	5	237	352	165	13	133
V316	623	66	245	189	922	893	64	7	321	32	540
V317	27	104	5	427	356	88	116	72	207	54	54
V318	72	149	28	32	33	57	538	168	148	210	105
V319	560	902	300	35	51	164	68	96	279	80	571
V320	184	20	26	52	30	65	39	140	60	94	136
V321	454	290	106	6	428	114	241	581	357	327	405
V322	34	183	323	199	2	192	228	150	291	205	60
V323	80	103	894	1066	189	159	327	119	494	99	127
V324	498	338	11	420	123	523	89	74	31	58	452
V325	114	309	42	250	37	59	125	101	96	227	131
V326	272	243	182	49	284	210	19	5	76	70	274
V327	148	318	240	51	270	165	91	501	91	99	175
V328	78	434	77	12	125	220	93	106	871	59	122
V329	94	487	229	41	181	91	140	113	163	381	130
V330	339	61	463	114	25	698	414	158	858	371	313
V331	304	9	9	97	247	438	158	131	324	70	256
V332	380	146	51	62	210	143	303	93	234	239	355
V333	97	799	163	138	86	558	296	280	21	68	214
V334	32	182	183	42	96	665	62	191	353	334	56
V335	253	34	61	336	310	521	408	163	24	104	248
V336	97	242	31	128	215	56	890	37	1040	299	172
V337	46	371	188	367	146	79	521	350	58	302	100
V338	368	0	206	139	188	109	52	78	10	11	268
V339	50	8	155	396	380	337	293	124	12	357	60
V340	40	138	90	114	95	195	88	0	283	188	59
V341	266	160	154	88	350	139	16	113	464	35	262
V342	805	9	382	42	467	96	151	435	270	83	644
V343	99	985	116	228	952	70	50	53	37	210	221
V344	110	148	413	190	407	275	131	382	369	488	126
V345	105	40	65	72	104	130	105	194	442	215	107
V346	58	24	119	231	312	1	72	191	234	357	69
V347	23	443	87	14	48	89	271	165	430	184	83
V348	73	32	99	86	235	133	232	34	113	195	74
V349	483	114	169	762	13	519	130	62	41	16	397
V350	88	9	375	87	358	172	32	220	205	669	76
V351	30	19	7	293	238	106	18	193	90	94	42
V352	201	169	104	40	466	26	4	119	266	10	184
V353	268	69	39	223	238	131	233	166	228	707	242
V354	19	28	307	143	66	104	164	89	19	605	43
V355	282	107	4	43	5	267	528	51	277	220	294
V356	106	554	218	145	109	10	45	32	182	106	153
V357	381	106	164	299	243	58	9	52	109	507	311
V358	52	582	49	72	28	168	42	32	19	17	122
V359	146	291	407	188	529	13	173	575	184	84	150
V360	152	107	258	261	308	99	31	70	85	163	138
V361	457	294	800	225	250	60	131	723	326	814	410
V362	163	222	14	50	22	125	113	173	4	61	160
V363	33	100	122	181	147	410	5	87	3	150	49
V364	79	107	119	34	41	23	197	38	282	454	90
V365	197	15	71	625	67	166	195	79	319	165	178
V366	4	193	81	133	69	38	106	108	18	845	60
V367	37	46	161	545	254	140	298	195	60	6	54
V368	526	60	410	70	732	221	1	461	442	114	449
V369	287	41	461	65	576	285	37	265	5	83	225
V370	26	496	27	604	98	141	82	137	164	243	100
V371	555	304	26	484	61	636	51	49	85	82	522
V372	52	172	7	4	323	105	97	60	357	53	66
V373	92	23	142	14	431	287	31	302	512	427	84
V374	80	197	288	302	41	465	200	172	79	72	110
V375	106	21	452	51	280	156	36	49	209	212	89
V376	79	259	189	409	61	177	929	154	21	490	148
V377	50	15	81	49	322	99	116	3	158	29	52
V378	28	21	38	169	163	912	126	64	425	287	45
V379	83	374	59	478	115	276	40	416	15	23	135
V380	393	80	466	11	471	192	199	106	264	27	306
V381	213	38	230	50	238	332	20	294	2	326	189
V382	215	110	135	174	63	0	265	45	352	192	189
V383	114	391	273	29	565	26	19	629	1	104	159
V384	398	238	253	195	92	197	100	11	0	633	341
V385	160	154	1038	82	187	5	236	156	27	48	155
V386	74	529	230	265	264	107	582	220	151	2	143
V387	225	204	398	131	393	48	16	65	180	205	206
V388	88	322	70	207	163	207	73	104	3	732	130
V389	27	63	56	388	36	2	169	607	67	180	56
V390	48	73	272	217	112	238	25	74	103	365	59
V391	392	135	37	150	69	24	370	58	0	45	352
V392	202	303	51	275	432	37	54	15	7	671	220
V393	76	3	6	4	2	46	20	7	269	78	64
V394	282	213	30	57	162	51	334	0	110	106	215
V395	55	175	403	155	363	136	5	44	229	49	86
V396	60	660	343	165	55	170	12	247	58	274	137
V397	6	326	731	43	283	320	55	49	49	280	45
V398	992	262	866	489	217	545	754	285	201	92	832
V399	625	17	188	71	65	139	160	29	216	557	487
V400	304	197	949	19	176	127	197	48	267	219	301
V401	260	114	0	149	72	450	431	576	400	206	274
V402	283	537	136	512	82	92	27	22	239	1	286
V403	177	766	65	210	251	98	137	96	113	252	256
V404	734	372	357	364	425	139	250	43	194	311	677
V405	322	98	444	295	123	93	152	10	14	0	250
V406	125	35	251	24	47	107	183	72	50	228	127
V407	75	111	100	738	78	364	5	32	41	2	67
V408	494	105	319	384	90	55	331	110	20	394	450
V409	136	61	418	487	150	14	19	144	395	105	133
V410	425	19	171	332	317	113	85	14	12	119	330
V411	86	216	400	645	349	253	331	11	112	35	123
V412	45	224	251	52	501	549	125	105	289	236	79
V413	284	417	333	418	118	117	86	273	7	44	279
V414	253	37	466	972	120	439	201	39	235	164	227
V415	89	410	257	356	26	107	573	274	39	41	138
V416	469	275	297	200	49	116	182	137	82	79	454
V417	23	195	499	151	110	17	114	171	18	136	55
V418	230	79	4	7	149	293	86	296	9	177	193
V419	313	290	293	164	630	7	363	235	27	10	317
V420	198	10	172	91	158	276	300	230	58	85	172
V421	31	132	216	601	418	186	148	186	454	210	71
V422	327	3	330	86	276	89	15	250	21	183	267
V423	10	448	20	119	59	676	183	273	345	295	87
V424	479	494	16	761	150	160	217	1240	109	0	462
V425	290	214	557	380	41	263	74	26	123	1263	260
V426	109	16	143	166	220	74	22	508	177	189	84
V427	58	49	187	114	264	24	60	7	342	274	83
V428	140	216	10	681	31	15	193	18	165	0	140
V429	122	195	118	141	41	175	13	70	140	4	132
V430	165	238	67	32	12	80	42	114	321	55	167
V431	642	396	304	67	341	173	519	234	223	157	597
V432	345	123	25	99	67	151	105	127	99	575	267
V433	24	383	662	223	80	93	29	59	271	582	80
V434	443	202	148	113	576	48	355	104	157	88	401
V435	133	544	336	540	406	88	238	343	270	138	196
V436	547	318	156	278	147	139	34	51	71	99	484
V437	82	136	218	35	301	72	418	46	400	241	106
V438	56	120	292	26	61	122	145	92	293	282	91
V439	428	675	488	264	1107	3	457	348	67	112	476
V440	209	137	140	62	87	149	1	14	276	281	213
V441	144	322	56	47	89	180	31	354	201	17	164
V442	266	274	7	36	69	51	456	236	452	238	260
V443	63	188	98	131	107	103	161	140	91	53	95
V444	165	305	207	138	132	286	60	123	608	17	200
V445	17	148	283	370	327	57	322	702	115	208	64
V446	47	296	128	96	24	147	52	38	884	155	103
V447	40	161	122	3	124	410	23	11	172	961	84
V448	257	33	356	212	11	301	93	31	8	63	205
V449	1	52	0	60	114	14	62	76	127	11	18
V450	274	55	185	197	95	434	26	14	311	59	233
V451	133	19	101	39	56	148	71	153	556	23	111
V452	972	58	48	296	795	99	108	468	209	147	787
V453	320	1	105	264	61	17	76	746	124	116	261
V454	132	210	14	98	388	17	1	105	67	277	124
V455	97	89	45	58	258	341	348	56	39	171	119
V456	660	15	8	496	253	951	197	297	35	111	555
V457	77	94	101	61	12	124	318	55	241	30	88
V458	88	144	94	763	115	39	90	60	34	22	107
V459	516	191	379	799	407	94	82	1351	176	17	445
V460	430	249	115	231	433	80	434	254	139	302	404
V461	131	137	33	311	13	53	209	238	45	13	124
V462	686	242	75	44	522	235	439	65	65	167	582
V463	191	819	116	194	6	24	248	141	655	385	243
V464	232	311	218	300	484	65	102	179	10	518	234
V465	32	272	317	134	102	493	74	25	58	298	71
V466	357	90	204	21	183	12	64	569	323	217	314
V467	195	82	76	180	144	70	70	310	304	245	177
V468	287	10	234	265	111	157	151	170	107	37	244
V469	2	261	50	72	191	2	470	168	1142	36	57
V470	112	196	85	166	194	120	447	47	493	589	162
V471	62	457	107	282	241	86	12	77	136	224	135
V472	123	130	97	41	73	186	100	15	28	1013	163
V473	321	194	463	380	255	33	265	33	358	11	293
V474	7	87	299	454	10	260	100	145	8	195	34
V475	158	25	79	27	19	82	162	87	183	353	136
V476	282	133	46	172	7	220	105	214	345	311	269
V477	13	424	117	4	5	0	325	518	105	16	86
V478	123	351	251	133	209	217	147	73	488	9	156
V479	31	253	70	17	269	210	102	21	137	125	60
V480	67	357	181	514	66	617	178	231	48	26	105
V481	156	5	344	117	475	30	536	293	89	21	154
V482	2	120	383	56	26	420	93	38	145	44	27
V483	191	494	259	283	132	241	38	617	119	239	245
V484	79	115	115	125	128	102	20	194	1085	119	99
V485	295	91	214	48	148	20	189	74	13	43	267
V486	417	455	4	10	62	185	370	201	117	275	382
V487	20	129	236	452	491	27	617	232	80	251	80
V488	379	13	54	153	179	9	348	86	605	34	316
V489	3	73	172	53	160	146	18	302	179	433	29
V490	40	115	265	13	57	4	30	46	212	150	59
V491	136	189	253	6	106	424	38	49	435	296	142
V492	489	46	145	72	207	52	115	51	27	187	436
V493	347	50	176	214	228	537	105	1044	31	87	329
V494	288	242	319	69	4	275	29	26	351	859	281
V495	228	7	514	229	77	219	148	126	66	242	203
V496	112	224	133	75	317	331	34	178	203	29	130
V497	57	62	336	106	239	389	447	492	81	237	91
V498	210	31	120	235	86	170	93	296	39	504	192
V499	76	24	318	256	21	211	90	131	19	301	80
V500	349	21	25	140	85	66	135	54	48	165	304
