Source001	Source002	Source003	Source004	Source005	Source006	Source007	Source008	Source009	Source010	Sink
V1	51	540	382	26	65	116	4	69	654	66	150
V2	853	33	128	220	185	13	108	339	0	604	622
V3	116	84	135	220	77	56	64	134	126	141	120
V4	136	350	10	6	49	619	10	57	27	49	187
V5	182	127	17	34	75	238	66	30	105	227	159
V6	30	208	514	270	338	597	93	197	799	68	102
V7	261	101	171	41	74	1	6	82	241	175	199
V8	310	329	699	214	17	120	94	178	375	129	343
V9	64	2	152	95	33	21	13	184	359	136	58
V10	619	202	150	122	16	94	162	62	28	71	497
V11	0	3	368	220	105	116	130	119	26	327	19
V12	3	160	47	184	140	97	116	508	954	988	52
V13	129	11	300	192	121	325	494	197	7	68	114
V14	298	43	226	9	4	401	141	310	55	310	218
V15	441	78	126	92	120	113	41	566	451	315	330
V16	609	156	7	174	14	151	107	154	259	122	468
V17	229	52	258	217	0	35	126	0	14	110	166
V18	175	74	338	148	82	125	128	157	89	275	151
V19	127	133	152	156	65	9	298	29	268	859	158
V20	300	372	23	44	55	64	699	223	141	78	323
V21	79	385	43	92	452	5	66	83	194	3	156
V22	282	335	232	166	58	11	144	18	155	193	260
V23	156	401	216	29	58	72	783	29	26	287	208
V24	2	103	6	173	409	57	59	11	384	172	41
V25	105	130	252	13	66	136	17	365	255	567	109
V26	5	678	98	32	520	22	55	25	681	387	170
V27	336	193	84	454	22	62	39	145	811	83	328
V28	100	31	224	68	337	81	206	3	1	178	101
V29	207	25	184	469	74	238	36	57	177	16	181
V30	357	81	467	36	18	116	592	73	534	272	254
V31	47	668	289	103	323	390	562	131	35	212	192
V32	6	380	52	22	194	180	65	4	119	137	88
V33	3	38	380	524	121	178	223	249	3	7	33
V34	364	506	374	410	111	220	297	223	14	845	373
V35	216	137	136	41	66	312	122	496	409	119	188
V36	137	183	517	320	73	342	104	190	8	69	128
V37	324	121	341	88	462	750	3	2	91	220	257
V38	77	211	63	1	323	609	311	382	11	71	108
V39	367	53	128	15	173	98	214	159	69	27	287
V40	303	68	511	35	151	1823	70	285	304	739	267
V41	58	17	549	13	103	18	653	643	71	36	77
V42	195	372	68	369	119	2	631	8	8	18	221
V43	430	33	195	183	29	303	148	409	12	344	337
V44	221	417	276	121	194	125	280	103	559	266	278
V45	816	95	120	436	59	428	152	87	394	89	621
V46	640	176	257	20	80	234	12	49	54	25	498
V47	12	109	263	453	85	20	74	218	160	76	32
V48	412	73	556	122	190	420	5	422	82	44	311
V49	1	22	570	12	120	274	85	136	243	87	37
V50	107	60	28	579	6	543	140	442	41	120	94
V51	188	22	248	30	308	98	54	137	203	44	156
V52	57	462	54	89	12	95	243	250	21	183	155
V53	258	28	780	91	183	22	581	143	12	430	243
V54	9	313	26	6	254	24	12	180	72	463	82
V55	282	60	108	178	184	365	289	434	536	270	228
V56	10	87	75	529	594	87	151	16	14	232	49
V57	50	146	78	169	126	193	88	132	229	38	62
V58	325	85	5	143	5	110	107	157	33	234	268
V59	242	683	9	274	327	117	58	428	71	162	314
V60	77	53	367	66	306	381	206	182	680	55	106
V61	398	226	117	102	333	381	171	251	93	354	344
V62	150	328	27	110	104	103	20	56	205	31	146
V63	244	335	385	160	58	226	33	232	245	259	280
V64	94	909	241	26	577	225	252	433	137	246	300
V65	146	361	264	4	94	69	112	86	166	45	193
V66	651	185	103	248	805	59	60	102	124	60	491
V67	60	665	179	232	290	22	26	52	325	180	196
V68	445	44	37	45	329	423	678	334	127	267	354
V69	112	46	8	220	170	157	222	85	315	85	112
V70	298	373	851	16	36	482	84	1003	399	217	324
V71	108	372	487	310	38	9	14	86	273	27	167
V72	199	671	38	205	829	245	187	103	58	269	289
V73	39	117	122	48	132	125	365	239	224	43	71
V74	103	27	204	165	29	88	127	144	242	312	105
V75	74	283	13	107	23	135	111	352	108	66	124
V76	25	212	96	237	392	196	24	774	69	62	62
V77	193	75	70	53	630	380	423	163	241	41	174
V78	154	162	663	267	125	32	14	1	235	379	156
V79	226	28	18	173	121	318	42	103	41	444	154
V80	4	395	165	322	26	45	89	120	61	71	97
V81	16	107	6	630	51	34	195	155	44	13	41
V82	130	102	102	176	359	212	386	9	482	65	131
V83	145	361	146	120	96	107	83	1342	61	555	189
V84	188	338	210	155	800	52	117	240	99	27	206
V85	52	853	63	89	284	28	301	545	67	18	237
V86	25	87	110	254	76	89	165	322	380	28	54
V87	80	74	75	333	55	254	72	186	97	9	82
V88	110	429	177	229	142	280	241	336	24	556	179
V89	245	217	889	767	248	294	131	17	389	13	257
V90	245	933	7	98	121	20	0	69	372	120	359
V91	99	389	64	282	119	326	241	132	22	300	186
V92	22	143	14	365	71	7	167	903	440	370	58
V93	148	223	23	136	158	30	30	112	223	6	155
V94	496	637	175	185	55	414	58	58	246	921	526
V95	38	120	79	397	210	225	473	175	356	24	69
V96	68	90	73	71	49	611	234	207	43	38	78
V97	861	89	20	52	336	15	292	124	135	53	675
V98	148	146	216	84	268	712	311	52	10	189	144
V99	15	89	71	74	5	245	392	157	185	131	44
V100	108	475	366	146	125	43	145	81	91	18	160
V101	7	130	1	475	362	79	103	239	142	336	43
V102	510	32	1	186	68	307	311	11	118	94	389
V103	83	145	63	35	20	85	23	16	327	35	90
V104	161	91	29	22	56	392	228	155	342	37	145
V105	252	28	55	310	1745	62	333	434	448	197	240
V106	366	461	20	177	166	53	50	164	190	631	384
V107	78	11	186	102	123	206	147	769	161	180	79
V108	385	20	117	562	5	333	19	145	23	27	281
V109	230	3	219	131	344	189	18	195	240	203	191
V110	18	52	79	60	87	614	479	16	50	61	45
V111	226	150	182	175	31	653	214	82	32	176	192
V112	256	79	418	1196	39	162	42	99	46	36	224
V113	5	167	147	97	24	158	73	332	344	437	63
V114	112	167	48	155	447	735	253	186	25	305	160
V115	35	108	611	30	121	15	222	50	24	291	64
V116	91	533	141	699	757	271	568	55	308	339	212
V117	13	29	179	153	700	57	159	173	92	39	27
V118	96	78	132	429	50	736	54	386	694	112	104
V119	371	240	758	44	10	475	76	182	47	314	323
V120	112	74	160	309	134	554	63	107	7	314	115
V121	106	177	502	306	26	64	491	502	80	367	154
V122	123	53	21	121	58	1449	51	66	206	188	104
V123	148	289	224	183	223	159	582	197	23	78	193
V124	254	159	350	30	170	183	112	77	223	41	236
V125	190	199	225	31	368	255	340	35	87	95	188
V126	79	40	416	169	215	114	659	70	130	183	96
V127	120	15	52	112	231	177	232	107	154	303	89
V128	230	291	636	24	579	402	311	11	91	273	260
V129	185	71	0	263	500	23	55	383	14	617	175
V130	409	322	387	41	123	863	32	429	20	42	343
V131	243	580	148	55	39	137	380	178	146	263	281
V132	39	131	9	299	206	376	371	201	165	53	64
V133	102	36	133	84	160	250	5	75	179	317	100
V134	236	49	72	88	212	404	388	274	409	704	225
V135	356	434	36	939	358	135	385	66	82	141	333
V136	216	516	43	5	78	679	36	3	498	119	253
V137	350	379	40	1	27	155	322	25	453	18	329
V138	56	147	27	292	17	107	485	27	105	107	72
V139	89	138	433	103	97	91	143	433	107	110	123
V140	412	419	167	769	288	105	218	522	240	195	423
V141	17	23	89	88	38	264	261	77	461	10	38
V142	251	649	167	284	539	27	179	39	47	32	341
V143	127	275	35	115	100	879	174	2	43	44	144
V144	489	140	225	122	190	344	160	454	270	36	415
V145	106	794	210	3	68	131	86	16	98	452	211
V146	590	69	77	3	45	89	28	84	120	123	432
V147	69	80	481	10	27	629	119	175	7	100	78
V148	138	33	285	25	151	401	100	145	295	253	116
V149	60	230	281	60	319	140	18	173	116	119	102
V150	256	52	66	7	97	233	71	55	104	290	209
V151	374	313	211	277	25	123	201	73	54	403	348
V152	65	69	40	16	372	8	1	562	108	93	74
V153	753	392	6	141	526	387	382	69	2	322	629
V154	414	269	424	255	380	123	727	298	19	132	328
V155	300	827	115	5	72	2	100	133	264	35	399
V156	119	118	339	380	12	49	688	30	72	32	135
V157	19	331	37	194	96	208	178	117	174	283	97
V158	186	4	279	278	175	75	13	159	332	233	148
V159	94	40	235	77	133	282	124	328	469	153	97
V160	66	126	700	965	161	21	115	480	288	289	110
V161	132	70	371	422	186	614	6	635	280	44	162
V162	329	6	173	597	77	18	267	72	41	148	246
V163	341	329	128	22	622	332	72	79	421	827	312
V164	51	218	237	174	599	370	465	135	82	0	120
V165	763	95	605	270	84	28	233	40	10	30	533
V166	99	16	140	162	34	40	94	106	350	428	83
V167	589	477	593	12	70	52	134	220	133	265	483
V168	133	159	11	18	457	119	137	37	82	47	146
V169	91	52	239	495	136	841	43	134	272	189	87
V170	466	30	462	289	13	166	329	314	17	89	351
V171	28	668	34	213	10	23	285	65	86	69	140
V172	15	35	810	391	66	243	255	136	190	526	51
V173	437	23	94	36	126	21	36	120	0	176	301
V174	77	31	53	11	28	104	291	395	19	20	73
V175	55	329	120	136	231	290	171	547	13	924	124
V176	162	43	677	208	177	58	26	247	161	604	145
V177	143	203	409	192	897	155	128	34	308	178	176
V178	146	121	382	168	158	208	145	165	146	45	137
V179	47	170	39	167	46	32	57	71	865	153	86
V180	253	33	44	142	30	243	134	16	23	268	196
V181	200	96	29	132	297	20	208	128	26	79	156
V182	581	83	30	158	865	4	31	227	367	403	477
V183	154	120	72	84	600	235	179	192	286	4	173
V184	241	74	472	122	605	701	155	81	441	150	226
V185	178	309	101	31	1113	291	49	51	308	25	183
V186	500	21	71	252	12	9	1740	195	70	20	406
V187	10	97	11	262	274	27	177	147	399	48	36
V188	11	204	200	95	50	283	31	247	266	8	63
V189	91	56	361	75	486	216	500	107	185	330	128
V190	120	75	45	88	109	74	93	181	101	252	109
V191	49	49	215	19	197	224	347	56	88	640	74
V192	2	31	4	337	133	12	88	592	38	209	14
V193	163	18	7	102	61	186	291	290	154	91	133
V194	39	368	0	127	18	340	365	110	24	388	106
V195	106	148	72	151	127	19	83	66	27	147	132
V196	137	38	300	30	73	565	375	30	32	187	134
V197	209	512	85	505	215	108	213	767	63	459	272
V198	62	212	460	204	11	57	177	198	9	633	116
V199	360	529	173	37	41	242	2	11	222	103	408
V200	261	10	333	21	27	369	87	21	92	18	213
V201	240	73	420	155	109	189	218	293	184	23	195
V202	6	189	27	261	110	186	57	71	263	253	47
V203	154	95	324	24	1270	184	96	43	287	422	155
V204	20	741	0	540	511	131	525	614	276	80	175
V205	37	33	163	17	180	121	172	517	70	7	41
V206	49	112	7	49	84	72	25	76	11	143	53
V207	160	192	505	42	55	37	192	19	189	369	169
V208	278	25	36	273	335	41	374	465	452	19	251
V209	614	285	177	215	70	7	207	6	89	71	535
V210	228	29	51	56	385	453	186	24	72	315	219
V211	557	98	63	2	16	184	54	117	231	2	427
V212	304	385	106	43	211	298	276	136	412	255	290
V213	39	72	231	497	19	56	2	22	747	30	57
V214	84	1035	268	82	288	67	177	119	92	56	266
V215	282	84	128	165	159	277	126	125	321	621	248
V216	451	151	174	27	15	105	0	232	278	106	366
V217	418	365	43	1074	2	10	5	184	203	36	392
V218	211	416	513	318	30	77	276	28	8	91	242
V219	31	123	312	591	14	226	46	92	49	153	64
V220	50	211	64	410	107	105	127	281	158	271	75
V221	10	178	11	165	440	56	207	297	37	478	82
V222	215	169	49	74	185	15	77	13	2	674	217
V223	64	627	200	39	227	579	80	9	70	29	177
V224	217	83	321	219	93	240	73	35	26	184	166
V225	91	562	67	252	17	138	29	98	115	50	207
V226	86	72	343	455	598	345	271	162	49	7	107
V227	266	31	166	25	101	247	173	89	648	167	233
V228	272	561	21	59	320	91	192	54	296	25	367
V229	89	86	10	56	24	62	113	189	190	47	92
V230	190	178	72	153	102	91	31	255	108	91	193
V231	459	276	27	13	54	123	324	56	155	257	369
V232	488	12	46	144	435	177	213	198	20	141	328
V233	69	27	158	44	158	34	85	38	23	37	69
V234	126	277	137	154	43	265	33	110	79	114	146
V235	5	680	56	360	74	48	56	330	950	623	173
V236	597	1248	324	23	136	118	87	248	10	599	693
V237	710	151	10	308	20	525	209	383	170	22	514
V238	123	382	60	339	340	281	8	194	59	591	183
V239	211	303	327	229	193	3	194	518	105	70	231
V240	554	201	44	646	283	302	103	16	23	34	471
V241	1323	114	149	186	33	62	837	69	278	103	969
V242	253	829	183	345	210	934	73	293	3	8	364
V243	512	222	454	76	52	963	167	460	17	192	418
V244	92	537	67	88	83	91	556	6	14	4	200
V245	54	44	181	31	69	58	414	597	472	12	63
V246	82	69	445	361	313	33	102	362	274	65	118
V247	199	100	155	356	162	95	55	6	161	212	173
V248	27	35	804	127	547	24	579	213	122	104	60
V249	58	165	1109	365	8	26	32	215	167	76	111
V250	0	125	160	73	9	163	136	140	10	110	36
V251	14	127	42	224	236	165	608	182	240	167	63
V252	146	135	213	145	253	437	59	119	43	5	140
V253	16	25	16	314	54	314	30	23	40	92	43
V254	145	175	84	115	329	418	7	182	71	273	141
V255	127	180	142	722	124	603	100	489	129	91	131
V256	640	23	1255	78	11	104	300	593	103	379	517
V257	1178	148	156	371	52	480	607	377	1501	1018	904
V258	516	131	323	221	31	43	1005	84	126	61	418
V259	202	266	26	527	25	161	113	130	186	25	179
V260	80	16	247	48	176	210	49	376	722	102	83
V261	3	65	69	342	48	102	80	34	54	173	25
V262	50	324	80	62	33	70	626	529	53	217	130
V263	158	897	188	275	81	0	7	46	172	15	306
V264	50	510	407	505	69	142	371	38	85	396	170
V265	160	23	264	164	2	1	82	185	331	1	153
V266	31	45	487	443	124	21	43	27	63	378	55
V267	821	36	25	113	132	174	171	127	87	680	618
V268	68	6	11	417	29	88	270	38	365	259	56
V269	32	543	3	116	587	12	453	63	240	506	143
V270	330	151	92	108	133	72	43	12	360	89	251
V271	79	266	107	512	113	110	7	634	134	392	132
V272	321	3	420	81	142	230	164	323	69	36	233
V273	185	196	57	129	257	351	70	267	80	70	188
V274	295	1	199	41	430	74	168	720	3	130	227
V275	136	82	20	268	15	434	44	271	398	257	121
V276	140	366	98	188	509	244	9	314	198	270	192
V277	132	62	35	38	22	276	231	156	167	120	114
V278	428	2	40	281	216	72	214	108	54	123	302
V279	161	20	124	106	456	139	457	311	85	121	133
V280	61	197	107	501	14	441	69	19	116	669	87
V281	168	279	359	101	17	356	150	51	344	276	179
V282	145	302	65	11	46	40	48	173	96	426	189
V283	179	30	76	68	124	36	3	312	498	4	138
V284	195	150	457	237	479	60	10	638	4	134	183
V285	360	467	178	13	360	263	93	62	474	14	413
V286	47	125	668	277	493	120	12	80	33	49	91
V287	252	91	236	214	367	126	470	515	29	331	225
V288	100	162	87	253	7	77	190	178	339	248	101
V289	226	115	133	428	6	9	130	101	47	199	196
V290	205	96	358	67	117	194	138	91	541	88	208
V291	68	96	133	51	16	111	180	203	428	36	71
V292	23	99	357	17	39	11	694	251	34	193	58
V293	880	56	582	188	54	462	24	275	12	65	672
V294	175	117	185	85	489	54	229	10	138	66	175
V295	16	173	82	289	128	460	2	28	88	32	52
V296	26	178	126	284	111	813	24	35	39	485	48
V297	545	59	200	430	40	34	123	70	492	396	401
V298	120	20	209	330	144	114	18	189	647	4	144
V299	5	4	299	249	246	30	5	186	670	247	26
V300	50	353	259	94	229	45	215	411	110	56	127
V301	139	6	105	319	307	0	115	248	133	42	114
V302	391	745	51	182	59	107	276	51	29	553	453
V303	27	214	0	65	25	195	432	86	12	148	81
V304	55	170	442	139	36	146	275	275	63	65	98
V305	46	112	257	684	247	299	244	13	200	9	82
V306	48	300	78	235	27	49	76	542	380	167	103
V307	125	29	237	41	320	325	218	5	56	404	115
V308	704	270	76	113	7	65	128	319	39	307	572
V309	348	8	365	106	212	315	130	258	104	63	260
V310	278	311	492	153	8	9	58	119	100	107	248
V311	116	310	249	47	36	293	144	46	17	197	157
V312	143	240	511	1026	216	112	51	335	296	99	172
V313	199	100	51	153	14	45	47	56	126	52	181
V314	384	413	234	838	74	215	44	234	59	52	348
V315	11	77	869	288	610	146	449	75	446	42	68
V316	132	354	40	685	142	4	90	316	406	248	175
V317	777	118	76	196	115	25	71	133	321	283	594
V318	146	124	229	127	168	197	323	814	153	13	148
V319	403	25	228	567	254	481	121	151	678	455	318
V320	339	18	373	22	29	435	263	562	186	5	264
V321	177	52	214	79	172	153	156	35	1296	128	158
V322	201	139	84	123	42	124	66	20	171	109	177
V323	33	122	550	648	57	89	249	66	39	203	70
V324	86	182	97	52	557	359	291	261	128	62	121
V325	28	122	76	118	18	107	199	10	1158	39	68
V326	206	256	161	65	464	248	95	40	6	198	204
V327	45	787	136	613	237	123	30	561	112	85	219
V328	145	403	127	249	118	145	109	95	177	84	192
V329	187	892	165	315	58	7	91	337	275	92	305
V330	53	630	37	362	49	15	117	61	18	11	147
V331	243	118	19	206	392	128	582	107	174	262	203
V332	75	30	18	23	537	33	94	181	46	268	75
V333	676	47	602	83	80	24	440	80	307	416	541
V334	787	348	520	163	99	57	698	34	93	258	652
V335	499	192	12	209	181	316	89	108	659	54	416
V336	42	311	310	229	91	58	334	165	21	90	121
V337	4	109	96	30	156	5	15	469	112	23	27
V338	38	68	264	420	495	152	8	166	63	225	62
V339	68	194	63	39	650	60	26	42	114	11	113
V340	360	152	784	271	450	91	249	57	22	89	284
V341	35	244	493	247	169	23	13	92	147	44	98
V342	62	52	176	90	31	290	667	105	515	63	102
V343	93	9	224	51	217	23	16	7	148	224	90
V344	14	929	84	326	213	64	323	38	215	228	199
V345	61	19	173	45	45	125	79	83	219	290	57
V346	234	356	35	192	314	377	1065	80	174	32	284
V347	77	302	182	115	509	89	556	365	129	346	142
V348	428	55	70	82	311	65	356	164	54	74	355
V349	458	85	413	31	207	148	3	826	464	59	377
V350	263	465	8	263	73	83	757	169	13	224	316
V351	296	15	53	321	171	312	183	202	106	353	232
V352	123	27	183	16	255	21	268	384	70	496	131
V353	79	759	949	382	139	50	15	5	68	47	262
V354	1	127	172	94	48	254	131	52	210	289	42
V355	63	90	284	198	96	630	210	2	260	92	62
V356	186	70	21	311	293	49	130	37	220	212	175
V357	603	317	46	494	8	337	31	114	215	253	457
V358	98	37	607	501	25	27	260	632	75	117	106
V359	19	373	14	165	180	251	117	67	25	57	93
V360	49	55	10	254	67	549	316	117	312	62	64
V361	138	104	159	75	88	69	165	106	370	2	154
V362	4	587	509	266	241	89	295	217	725	919	160
V363	168	45	165	874	1	155	471	507	26	69	152
V364	314	23	7	157	248	272	119	47	244	59	234
V365	149	88	51	372	188	63	53	190	59	778	159
V366	68	63	5	134	251	55	287	53	74	83	77
V367	50	18	148	8	239	410	32	155	241	247	63
V368	174	8	499	19	21	26	18	89	732	55	158
V369	261	20	230	56	39	152	344	3	145	105	228
V370	514	253	184	499	18	465	167	130	467	69	441
V371	534	2	829	19	430	156	31	247	13	28	404
V372	30	8	78	239	310	11	194	125	35	228	42
V373	296	212	299	182	230	25	198	439	439	298	273
V374	117	12	25	299	17	362	288	105	55	11	101
V375	7	146	37	26	284	349	121	243	39	920	56
V376	85	45	434	309	58	10	516	821	251	332	93
V377	48	248	27	6	178	359	69	11	563	145	103
V378	85	4	145	81	447	14	1	148	259	98	84
V379	48	1044	268	8	238	906	268	298	447	120	253
V380	129	204	460	135	586	141	194	404	304	612	152
V381	102	43	1030	85	60	118	232	150	145	335	105
V382	500	75	319	236	255	99	34	689	181	397	423
V383	29	275	290	64	81	91	113	739	292	127	100
V384	47	227	88	78	351	928	148	250	211	657	126
V385	52	358	76	122	151	230	49	150	112	180	113
V386	50	226	205	273	295	697	454	77	34	12	96
V387	197	11	119	374	401	160	436	19	598	122	192
V388	96	6	76	149	164	627	279	94	24	641	84
V389	552	5	340	213	56	97	572	773	52	142	421
V390	1	535	133	49	74	63	113	302	40	119	116
V391	190	165	139	94	223	136	305	79	41	288	178
V392	333	163	642	252	236	40	245	77	635	18	255
V393	318	37	60	92	129	123	307	293	192	121	263
V394	17	13	149	630	90	12	164	183	679	19	38
V395	78	51	53	86	477	139	561	1	68	114	91
V396	17	237	150	27	134	33	473	456	73	274	69
V397	45	14	34	4	40	309	403	104	194	93	50
V398	245	380	20	20	31	92	144	66	379	335	231
V399	6	27	60	941	423	22	123	27	427	137	28
V400	53	46	45	189	90	227	337	46	18	164	70
V401	35	31	75	13	782	61	0	228	5	252	50
V402	162	95	1223	351	623	503	30	463	110	278	167
V403	29	17	205	60	160	41	34	239	129	91	37
V404	531	68	6	46	48	28	16	398	47	87	382
V405	430	59	254	125	39	95	50	66	107	357	336
V406	387	87	8	124	385	459	809	176	72	719	285
V407	113	205	350	429	586	35	63	262	44	179	161
V408	134	84	110	319	296	89	560	315	145	148	127
V409	93	34	339	11	103	161	528	99	86	71	87
V410	369	504	239	77	69	31	51	28	0	64	350
V411	67	310	44	69	4	182	157	41	708	39	123
V412	578	255	289	236	305	103	24	393	59	44	478
V413	154	38	2	277	588	320	508	18	263	116	145
V414	175	2	336	384	565	137	143	544	140	474	151
V415	12	88	15	1	15	116	539	363	688	315	55
V416	464	67	123	867	52	83	218	2	112	461	374
V417	51	52	668	23	31	276	12	204	238	301	75
V418	25	98	161	70	51	147	92	161	139	97	50
V419	291	4	260	205	445	51	1085	57	91	102	242
V420	101	287	2	86	353	96	320	60	333	699	164
V421	40	92	157	376	263	587	1	488	184	278	62
V422	67	255	374	6	267	188	525	58	496	223	166
V423	123	128	202	50	297	166	519	239	37	115	152
V424	0	611	157	195	56	104	257	112	11	4	125
V425	229	204	43	77	332	17	480	76	225	184	252
V426	36	86	153	260	15	43	13	73	9	525	75
V427	282	211	223	119	55	6	103	15	45	497	274
V428	94	415	104	425	17	141	127	316	318	112	150
V429	632	1012	37	177	324	42	63	168	176	87	668
V430	347	296	79	161	288	170	82	201	140	94	323
V431	184	75	279	24	178	76	614	1249	1134	542	200
V432	173	341	187	81	55	235	58	158	34	9	199
V433	15	47	584	561	125	34	182	252	441	413	40
V434	15	18	7	228	15	218	201	331	6	44	23
V435	138	7	386	211	0	215	304	134	114	294	134
V436	14	114	27	52	718	489	177	259	118	3	51
V437	205	79	256	418	930	448	79	57	144	20	179
V438	100	47	94	275	243	48	348	139	4	268	114
V439	674	47	66	67	1	176	514	373	35	102	536
V440	62	628	85	169	582	116	372	102	23	97	183
V441	231	150	244	251	57	161	250	147	218	1	210
V442	135	77	186	23	180	137	124	274	50	266	126
V443	2	1157	64	245	405	181	71	315	105	49	259
V444	121	264	88	158	128	47	81	451	26	20	145
V445	168	321	53	203	323	143	133	396	231	154	221
V446	509	208	118	993	0	26	38	100	720	205	416
V447	8	3	224	126	107	225	388	8	280	70	24
V448	969	192	38	13	162	376	120	239	43	342	737
V449	474	59	142	285	57	85	83	50	118	364	359
V450	180	41	64	53	442	708	172	245	42	51	143
V451	34	56	19	144	136	87	487	100	158	95	61
V452	217	5	59	40	191	63	167	80	179	59	164
V453	562	42	344	106	43	38	73	22	467	37	424
V454	124	33	18	178	38	1015	61	325	281	450	101
V455	3	388	137	49	424	12	305	198	156	8	108
V456	254	756	145	115	1061	273	316	280	743	2	364
V457	98	278	8	380	529	20	318	123	80	79	140
V458	233	230	28	313	203	462	272	820	34	82	246
V459	215	29	9	309	9	58	279	86	174	19	149
V460	267	34	35	260	220	19	151	233	386	32	214
V461	8	98	15	372	362	34	285	43	18	227	56
V462	120	163	122	143	245	257	70	276	596	36	122
V463	250	213	89	199	154	205	555	4	150	171	261
V464	297	22	298	747	364	84	159	107	157	568	254
V465	148	25	566	204	75	59	11	28	338	24	130
V466	224	30	37	339	146	116	107	284	338	186	169
V467	106	44	467	201	233	138	49	402	109	515	110
V468	450	14	96	243	60	1	83	144	66	258	354
V469	391	448	5	45	15	377	17	317	897	226	403
V470	53	81	12	166	53	28	477	43	29	299	61
V471	23	2	275	15	153	250	243	229	113	266	31
V472	108	310	73	57	105	75	205	124	85	194	173
V473	500	177	43	12	45	344	96	0	186	348	383
V474	80	86	368	44	233	150	192	121	83	45	96
V475	18	76	109	253	0	180	5	205	51	58	30
V476	311	147	80	238	104	236	603	319	57	849	275
V477	29	764	310	381	521	279	4	389	252	32	181
V478	174	16	40	19	129	13	135	566	187	36	107
V479	290	39	140	549	346	14	16	266	345	202	244
V480	181	334	249	24	266	6	86	69	311	383	214
V481	380	160	60	33	220	243	41	271	487	145	304
V482	82	72	83	61	23	147	79	114	145	225	82
V483	41	319	165	38	300	159	29	155	103	504	102
V484	1	183	65	100	542	156	264	695	12	701	58
V485	96	214	228	94	59	291	283	158	91	72	105
V486	142	37	274	73	74	584	119	18	36	87	97
V487	100	442	257	104	861	750	20	49	117	80	177
V488	1092	189	310	228	340	395	130	394	98	743	864
V489	111	1	78	6	48	216	350	41	13	767	107
V490	302	10	61	424	86	70	174	263	411	169	231
V491	266	26	125	70	75	363	76	44	820	84	212
V492	18	2	514	166	125	93	320	87	21	568	35
V493	116	367	21	263	625	21	45	10	30	10	164
V494	110	85	316	118	49	494	35	457	58	159	116
V495	41	252	85	463	92	4	94	148	121	230	104
V496	23	356	49	44	89	168	247	185	3	70	103
V497	7	549	5	297	497	151	217	92	251	22	111
V498	265	110	79	20	176	46	94	31	452	26	227
V499	235	209	60	34	378	174	191	146	25	31	227
V500	402	257	217	96	91	215	35	47	369	93	352
