Source001	Source002	Source003	Source004	Source005	Source006	Source007	Source008	Source009	Source010	Sink
V1	54	27	73	229	83	162	472	484	277	53	81
V2	286	304	161	43	238	96	127	95	255	552	292
V3	142	151	36	91	326	12	23	122	248	265	144
V4	314	31	685	156	784	16	117	82	28	247	210
V5	90	34	674	245	27	19	161	94	21	79	101
V6	138	334	116	133	55	74	177	0	98	82	200
V7	399	264	177	256	76	106	115	69	37	179	339
V8	838	68	21	11	166	19	16	157	46	304	503
V9	306	242	522	18	77	81	37	168	19	139	286
V10	157	115	260	853	41	272	114	811	137	352	162
V11	110	214	504	202	216	294	52	11	11	9	123
V12	743	14	27	191	65	33	86	106	38	283	390
V13	85	571	48	33	272	751	193	51	38	160	251
V14	95	104	93	35	606	383	116	57	277	199	110
V15	284	30	45	40	15	113	684	259	259	54	171
V16	93	187	4	315	162	449	498	36	75	159	142
V17	304	199	46	14	133	477	124	68	94	203	271
V18	273	546	6	62	89	33	80	182	76	97	359
V19	63	8	28	87	29	128	214	124	80	213	48
V20	390	350	540	635	392	131	42	306	413	126	381
V21	64	386	164	454	75	33	26	146	120	4	182
V22	122	292	202	482	100	409	43	265	53	214	192
V23	328	480	59	274	351	218	208	75	76	41	337
V24	174	62	60	25	47	423	387	202	61	63	137
V25	105	82	341	10	28	153	136	763	76	298	99
V26	424	10	183	12	202	18	388	269	149	84	270
V27	79	95	200	299	131	8	286	31	177	247	86
V28	411	112	325	34	711	220	120	72	297	90	300
V29	37	224	731	57	17	14	294	46	245	405	108
V30	229	215	43	21	307	194	86	107	32	21	242
V31	210	259	146	357	220	69	163	319	279	1038	236
V32	221	520	4	301	40	96	43	342	2	350	301
V33	54	396	63	126	337	86	382	485	97	3	167
V34	129	40	129	15	391	40	110	431	9	60	116
V35	215	43	49	269	311	239	317	360	160	672	179
V36	47	646	79	529	90	89	336	154	792	158	254
V37	116	88	313	98	26	319	64	251	503	26	115
V38	58	74	244	69	20	3	253	366	40	97	61
V39	141	200	329	163	43	35	203	488	74	240	180
V40	216	357	25	280	255	366	76	174	506	59	272
V41	401	51	499	104	334	76	264	17	113	150	243
V42	96	370	137	567	286	89	88	588	123	229	181
V43	26	96	58	65	136	105	109	188	178	5	72
V44	151	276	237	137	215	268	199	59	164	330	183
V45	85	521	28	291	38	26	110	37	20	426	224
V46	297	40	65	94	109	62	66	190	103	216	200
V47	105	268	245	230	141	8	331	43	258	92	152
V48	313	219	669	12	344	130	180	46	7	30	256
V49	148	169	126	54	2	41	296	249	188	75	161
V50	71	14	11	121	46	95	135	38	594	155	58
V51	5	36	372	73	262	125	102	327	389	404	38
V52	26	401	178	25	398	418	40	503	51	188	160
V53	557	400	116	139	60	47	167	179	338	115	453
V54	285	45	532	106	435	25	233	242	98	15	197
V55	41	6	1167	14	75	40	402	838	142	4	52
V56	35	44	0	846	305	193	27	80	174	19	47
V57	16	1	295	64	81	98	56	213	278	333	30
V58	414	89	73	266	14	239	76	345	158	326	284
V59	99	1	211	24	158	201	122	96	35	236	90
V60	283	798	571	216	36	197	96	140	73	211	456
V61	39	10	150	80	202	94	212	646	221	333	54
V62	132	35	645	128	628	620	353	59	178	47	126
V63	36	158	509	276	58	77	323	309	72	307	92
V64	242	270	25	38	492	356	720	269	141	101	234
V65	166	256	147	9	96	436	123	215	367	48	201
V66	6	12	174	128	42	117	125	197	292	184	26
V67	45	207	85	297	65	17	578	56	268	49	112
V68	152	97	189	250	44	545	72	10	407	236	136
V69	202	88	47	171	334	79	515	104	340	22	148
V70	13	75	65	124	217	505	44	156	198	119	58
V71	2	169	50	723	87	9	688	209	24	18	70
V72	32	25	0	97	94	223	58	41	204	211	52
V73	22	500	45	1016	38	204	47	483	203	116	187
V74	280	9	116	23	508	380	275	154	3	117	169
V75	306	697	145	24	802	134	84	106	123	83	395
V76	195	553	109	102	436	154	136	57	132	197	289
V77	190	40	123	43	142	6	234	85	87	63	124
V78	30	76	21	227	44	116	297	182	183	106	47
V79	152	211	20	126	777	421	300	371	46	299	194
V80	2	333	15	51	206	428	63	17	528	220	132
V81	264	117	25	4	78	169	42	25	371	104	164
V82	116	97	226	111	210	173	368	316	43	104	110
V83	35	124	151	204	88	12	149	111	139	38	71
V84	2	318	466	63	740	226	120	152	3	395	126
V85	203	400	58	223	188	422	69	28	26	230	286
V86	63	459	296	13	511	104	203	132	192	343	194
V87	99	148	105	242	182	29	376	633	17	164	113
V88	128	78	100	38	6	151	280	690	37	65	118
V89	193	57	67	71	157	109	120	215	319	310	146
V90	381	124	597	113	3	353	61	129	32	54	263
V91	183	133	3	238	418	32	183	69	331	100	156
V92	114	37	171	365	80	69	47	11	99	103	95
V93	153	71	104	121	315	138	505	65	199	87	120
V94	210	46	49	53	43	142	559	235	220	167	147
V95	32	74	238	153	82	231	79	792	238	255	70
V96	539	197	124	54	234	244	137	287	205	432	392
V97	40	29	675	510	212	388	32	416	245	101	64
V98	94	72	270	240	25	100	19	150	340	30	89
V99	455	118	124	688	18	457	364	97	152	11	327
V100	65	363	259	287	510	710	174	756	48	213	203
V101	468	367	170	43	353	36	908	32	146	117	418
V102	10	51	166	31	242	0	187	364	269	590	55
V103	433	71	3	213	43	73	72	391	128	755	322
V104	39	34	308	44	23	348	18	13	128	13	56
V105	211	42	99	135	39	82	210	68	119	117	121
V106	776	416	209	564	35	473	247	156	64	374	614
V107	444	2	85	172	23	116	264	173	1	217	256
V108	213	104	127	50	10	67	35	182	120	261	156
V109	210	237	53	44	156	96	311	68	45	102	210
V110	60	127	143	193	222	39	113	792	384	381	127
V111	222	193	35	170	149	317	172	48	449	178	186
V112	229	23	188	204	31	86	37	376	602	836	184
V113	93	217	273	172	71	51	724	940	575	539	160
V114	656	348	157	61	248	38	108	119	1064	63	498
V115	282	214	0	169	51	255	827	70	237	247	255
V116	164	0	18	247	188	264	152	107	594	162	122
V117	113	224	49	93	153	111	446	144	18	114	159
V118	24	181	300	233	32	52	232	227	70	41	95
V119	21	47	105	103	163	390	72	293	327	265	50
V120	71	68	182	85	256	256	115	56	69	136	80
V121	149	55	115	135	70	267	48	196	135	116	134
V122	25	85	141	91	137	125	62	144	12	180	50
V123	16	213	513	51	943	363	253	299	48	82	119
V124	39	30	727	209	150	62	83	464	62	24	44
V125	89	54	16	288	258	163	179	310	300	102	85
V126	633	270	291	208	92	306	28	62	87	795	460
V127	19	14	32	79	280	41	287	379	184	84	24
V128	161	59	354	657	37	25	14	10	297	444	122
V129	132	116	151	420	114	128	41	272	675	74	122
V130	41	125	246	437	369	170	99	393	580	38	107
V131	36	189	32	339	242	196	146	81	180	246	107
V132	314	275	366	72	507	208	27	24	29	34	279
V133	16	379	150	25	74	411	32	2	82	105	151
V134	33	559	58	121	77	289	176	14	60	283	219
V135	73	519	180	114	54	100	331	6	355	98	216
V136	342	541	98	631	47	167	25	269	256	89	372
V137	485	4	36	91	28	11	56	45	1178	465	336
V138	230	830	130	122	168	84	176	37	7	92	382
V139	51	54	129	49	401	7	166	124	97	23	72
V140	89	85	201	160	480	76	410	33	336	373	97
V141	225	268	326	487	262	144	162	97	111	2	216
V142	472	81	251	300	105	113	1	240	529	210	315
V143	42	360	280	10	5	407	113	785	251	130	173
V144	23	752	350	115	445	36	679	220	84	47	242
V145	110	89	224	353	890	211	15	188	190	228	129
V146	160	900	177	29	815	123	12	141	118	67	397
V147	651	604	287	105	144	116	80	208	97	471	585
V148	19	7	91	136	261	272	34	189	110	52	24
V149	9	267	167	450	1	423	583	72	25	210	105
V150	529	133	16	27	314	211	254	229	214	88	381
V151	127	14	376	100	20	24	57	150	6	186	90
V152	107	91	103	212	47	354	306	188	237	644	125
V153	375	54	476	305	120	568	36	379	349	219	270
V154	13	211	22	140	177	139	744	21	3	160	102
V155	128	99	27	348	20	10	15	301	237	578	135
V156	427	228	44	30	1	307	632	445	37	70	331
V157	85	367	5	64	287	73	115	393	503	130	174
V158	567	381	199	57	8	143	85	253	21	129	444
V159	85	43	199	177	286	121	81	307	306	104	77
V160	35	350	147	106	6	169	53	17	413	179	177
V161	423	142	25	600	5	63	158	9	59	524	311
V162	98	128	97	212	27	51	810	60	74	12	106
V163	239	83	16	92	109	434	92	195	521	81	186
V164	38	18	81	37	9	78	55	263	15	833	65
V165	710	113	103	1	103	254	319	33	130	58	455
V166	20	166	83	264	118	116	629	222	513	387	88
V167	304	48	106	418	39	182	178	31	567	281	217
V168	693	141	270	265	23	103	79	180	393	335	494
V169	119	102	74	11	168	6	122	38	407	121	129
V170	271	666	3	419	274	105	91	14	29	69	392
V171	263	164	192	103	170	464	256	142	219	19	212
V172	101	226	31	161	78	250	47	82	290	223	178
V173	571	436	16	658	9	9	67	124	438	77	505
V174	95	125	2	13	209	96	92	142	189	20	97
V175	142	35	365	70	393	164	260	108	401	205	119
V176	262	204	431	145	301	153	605	13	126	135	241
V177	2	108	58	39	20	299	280	433	94	216	64
V178	784	241	283	72	362	175	300	182	179	147	536
V179	55	4	84	303	100	178	310	10	105	150	44
V180	10	268	84	170	12	6	48	127	27	369	94
V181	85	56	74	251	192	48	292	145	171	86	77
V182	629	75	327	23	384	158	55	101	176	221	416
V183	307	468	74	33	7	136	251	132	17	49	357
V184	67	209	127	179	552	172	0	203	271	256	160
V185	1	254	53	62	10	14	115	58	40	26	86
V186	262	29	171	355	383	349	41	82	148	175	172
V187	49	249	135	84	159	158	374	458	359	125	140
V188	45	833	141	24	157	217	304	478	321	119	338
V189	188	13	295	274	6	533	384	26	9	175	134
V190	162	229	203	4	109	85	41	143	33	60	180
V191	409	352	9	1134	424	271	19	650	132	73	368
V192	371	509	78	416	246	167	182	233	93	342	396
V193	229	142	78	276	354	290	100	527	38	51	190
V194	56	294	20	47	92	390	344	7	16	163	148
V195	354	248	123	252	433	147	280	283	388	152	293
V196	10	344	64	221	7	131	124	280	15	680	146
V197	25	131	175	187	72	145	239	293	622	57	81
V198	134	94	290	238	93	162	154	237	68	73	98
V199	231	21	132	0	255	1047	229	215	224	246	180
V200	407	52	25	56	162	46	281	352	148	140	259
V201	291	61	74	186	29	248	96	181	202	75	232
V202	359	35	236	136	251	56	482	156	672	53	238
V203	134	86	91	204	169	31	236	997	8	10	169
V204	706	88	54	129	150	99	38	181	112	113	447
V205	209	858	401	143	220	153	149	27	62	315	418
V206	194	254	255	409	95	88	2	356	258	46	205
V207	297	517	126	365	136	41	383	38	215	214	337
V208	55	17	137	127	475	385	526	324	45	12	64
V209	237	111	396	229	331	166	43	284	92	160	197
V210	171	197	115	95	16	119	339	60	32	46	159
V211	68	69	147	73	411	414	234	108	228	124	67
V212	383	8	122	23	71	204	322	30	20	357	236
V213	156	123	363	141	406	75	104	28	212	49	139
V214	31	155	150	9	375	320	314	359	341	34	100
V215	114	208	275	286	20	72	261	108	59	409	151
V216	446	40	53	238	162	151	124	406	633	62	301
V217	615	318	184	198	694	106	78	71	21	13	465
V218	70	188	34	101	114	69	55	24	96	320	132
V219	26	371	68	5	514	136	24	157	355	18	152
V220	211	132	191	141	81	769	505	27	302	571	194
V221	87	83	243	552	181	160	16	61	343	33	98
V222	329	874	121	66	386	97	198	76	128	58	476
V223	16	502	207	484	188	636	302	179	131	26	189
V224	123	92	619	4	104	53	35	216	1	125	120
V225	88	54	174	138	481	194	386	43	412	332	73
V226	301	89	19	62	176	9	228	55	39	219	190
V227	33	135	143	237	6	733	76	613	597	106	98
V228	55	150	32	415	198	50	340	94	179	153	107
V229	379	265	917	18	70	109	335	4	282	94	310
V230	34	97	31	253	0	477	32	167	349	250	84
V231	62	231	707	199	205	97	196	303	192	426	129
V232	193	50	218	10	153	179	67	81	210	339	137
V233	286	229	66	31	204	9	58	79	611	99	258
V234	245	129	443	229	172	257	84	12	840	33	216
V235	456	1308	34	70	8	23	10	65	175	186	661
V236	1186	182	179	399	177	74	406	171	52	2	754
V237	583	81	42	23	85	190	25	217	216	55	398
V238	204	51	33	347	86	816	40	17	29	171	167
V239	168	110	106	406	156	305	221	244	73	15	147
V240	638	206	8	59	83	26	118	17	136	31	468
V241	137	156	5	279	97	437	144	39	197	415	146
V242	619	310	140	46	13	267	21	107	111	605	486
V243	35	67	46	28	176	36	21	148	14	53	62
V244	23	59	899	65	108	219	21	105	47	102	53
V245	376	189	381	179	289	13	700	467	132	175	293
V246	42	35	86	124	228	147	555	9	85	165	44
V247	57	188	18	113	125	223	291	188	139	91	107
V248	31	521	352	102	401	194	106	97	137	437	210
V249	56	0	66	117	43	200	15	95	17	341	40
V250	111	39	50	664	130	699	97	126	235	0	106
V251	451	150	39	362	447	899	262	318	58	350	358
V252	21	248	234	433	169	331	875	282	38	144	108
V253	25	95	190	3	15	15	512	140	70	5	50
V254	198	21	278	425	1451	8	17	32	427	441	148
V255	53	250	46	379	168	51	222	106	115	368	120
V256	27	331	141	24	33	31	39	78	118	472	130
V257	113	341	571	197	70	374	186	202	10	58	206
V258	251	12	163	358	338	122	475	448	211	622	183
V259	365	117	102	58	144	16	312	169	266	314	272
V260	205	451	125	512	101	365	78	328	2	281	303
V261	240	131	255	299	199	67	336	157	197	186	200
V262	93	166	227	21	289	94	10	22	464	172	133
V263	15	71	365	14	61	158	152	148	49	169	47
V264	162	24	108	39	271	95	176	64	79	196	120
V265	223	322	586	270	11	102	598	209	78	226	271
V266	352	24	204	129	221	303	81	45	48	1130	248
V267	42	110	6	748	263	358	73	282	271	249	76
V268	114	364	110	282	7	208	55	311	15	340	182
V269	162	92	215	335	213	41	698	436	161	245	144
V270	68	51	186	508	36	227	144	68	2	14	66
V271	86	34	204	11	247	24	26	116	41	55	66
V272	222	76	96	188	88	51	65	51	44	119	146
V273	64	46	815	428	352	96	343	329	150	29	84
V274	93	390	350	259	264	195	35	101	115	107	182
V275	38	38	188	30	126	131	16	31	757	542	61
V276	146	195	551	524	130	201	11	33	102	558	185
V277	79	1062	222	200	48	124	30	110	230	866	429
V278	45	8	29	13	87	326	275	134	127	41	41
V279	324	112	201	249	205	5	6	943	265	1427	283
V280	273	100	230	854	442	645	392	283	140	306	218
V281	77	590	437	154	262	530	52	167	381	39	258
V282	439	203	275	119	266	64	428	358	236	394	338
V283	96	202	292	109	67	3	169	291	767	77	155
V284	377	9	48	69	7	137	496	295	92	120	253
V285	46	3	254	128	178	5	32	35	232	16	32
V286	190	29	289	177	4	10	172	156	129	182	135
V287	359	226	135	91	135	310	15	117	241	17	294
V288	280	273	48	293	21	132	175	132	83	125	225
V289	103	4	636	163	100	207	120	170	199	77	89
V290	37	27	150	75	279	6	22	398	290	92	58
V291	114	222	173	692	6	48	353	166	91	111	181
V292	133	35	42	297	14	67	61	29	41	494	88
V293	395	19	13	44	637	166	218	241	42	237	238
V294	495	37	293	55	103	23	129	82	13	37	320
V295	95	298	114	2	360	528	322	27	438	289	189
V296	440	156	78	27	158	8	86	872	409	302	317
V297	353	219	337	105	138	282	159	110	300	129	317
V298	34	107	262	102	71	149	853	57	100	13	73
V299	516	44	132	26	9	11	199	240	40	119	311
V300	168	60	284	1158	107	112	261	456	368	239	151
V301	341	35	660	155	37	450	68	55	540	63	235
V302	259	432	196	1191	239	260	24	388	985	109	335
V303	46	65	63	157	122	267	14	168	37	232	65
V304	120	544	98	318	57	965	226	838	53	40	290
V305	131	26	352	307	59	15	14	886	142	234	100
V306	48	75	111	187	19	111	52	20	143	7	64
V307	87	590	457	8	54	77	56	301	596	212	246
V308	295	192	824	185	341	62	141	128	414	1051	258
V309	325	410	51	32	6	826	44	85	583	142	347
V310	35	789	167	219	259	125	175	111	466	885	310
V311	803	56	1	446	29	628	133	46	51	388	541
V312	258	674	100	5	104	160	36	213	199	36	372
V313	137	134	10	79	212	330	139	188	351	52	160
V314	148	37	182	245	107	27	101	92	74	83	121
V315	314	112	45	119	19	117	23	281	154	106	215
V316	3	999	80	180	457	35	148	188	832	528	360
V317	224	307	213	68	10	444	572	85	366	30	249
V318	68	66	151	41	66	8	44	310	117	198	84
V319	112	1309	71	634	82	80	28	124	199	217	484
V320	170	142	218	66	355	222	411	795	13	158	157
V321	64	562	25	78	626	80	112	439	90	217	251
V322	0	0	344	357	30	133	304	25	155	28	9
V323	27	98	341	274	23	95	56	129	35	124	56
V324	1004	88	87	104	562	124	85	404	347	434	651
V325	73	35	305	568	27	774	71	173	291	24	81
V326	21	86	593	198	143	77	53	22	27	166	50
V327	49	80	238	21	76	145	6	85	261	46	55
V328	292	22	151	431	30	103	123	97	21	4	214
V329	233	84	274	197	47	19	265	189	574	33	193
V330	548	20	160	191	47	26	138	168	134	42	314
V331	402	74	127	21	392	538	37	529	40	201	302
V332	129	58	13	40	271	7	183	27	56	0	103
V333	252	100	91	23	288	140	144	27	7	70	179
V334	296	16	80	65	303	442	23	403	137	40	200
V335	37	380	1	365	492	10	59	177	622	29	170
V336	105	123	310	112	33	344	84	189	35	118	152
V337	15	157	888	45	34	23	57	341	371	962	88
V338	8	148	216	561	235	86	261	56	5	671	76
V339	364	60	158	289	87	134	17	130	315	481	277
V340	121	491	24	420	270	673	239	203	236	440	270
V341	25	25	465	22	402	213	126	233	9	183	43
V342	19	198	119	341	329	279	11	23	70	36	91
V343	55	28	5	40	726	240	20	237	36	12	42
V344	1278	74	48	319	65	172	505	20	137	916	768
V345	96	85	207	31	6	87	295	12	11	29	90
V346	29	103	256	49	62	416	14	9	4	37	69
V347	39	229	357	254	2	329	22	357	246	90	127
V348	158	308	758	18	98	44	312	1187	20	7	221
V349	139	139	29	76	167	82	73	273	34	58	127
V350	126	86	98	809	286	317	891	74	26	472	99
V351	91	225	79	22	11	26	335	77	73	68	126
V352	214	153	183	343	15	257	51	373	90	105	183
V353	72	87	362	375	435	162	3	27	57	434	82
V354	112	381	57	56	705	103	199	109	157	88	192
V355	14	320	78	442	651	191	284	249	168	184	149
V356	23	337	204	337	13	111	276	171	28	188	136
V357	292	356	166	480	315	147	89	25	94	100	294
V358	176	169	1038	94	13	349	150	60	760	6	193
V359	71	76	325	304	144	345	67	717	36	64	82
V360	42	568	4	176	269	121	927	231	107	179	234
V361	94	82	465	605	305	8	108	38	26	210	107
V362	506	841	160	35	144	266	260	30	0	350	581
V363	201	431	43	166	43	69	81	66	474	505	256
V364	266	18	63	227	88	420	43	4	34	127	161
V365	263	129	223	61	20	34	585	4	4	192	199
V366	450	1008	20	71	127	28	103	34	75	19	656
V367	242	224	341	151	26	115	104	92	507	95	207
V368	223	80	46	125	646	285	6	367	164	31	176
V369	106	741	28	439	96	581	312	42	293	177	311
V370	147	382	103	75	363	119	82	8	14	174	234
V371	1	96	11	351	39	149	145	218	6	140	57
V372	877	102	336	216	207	221	68	1	24	82	518
V373	235	28	325	97	45	14	198	549	103	40	142
V374	187	280	298	207	11	133	2	7	203	39	255
V375	82	122	57	119	140	287	4	337	439	581	125
V376	36	76	626	36	163	163	66	330	69	206	58
V377	153	367	21	80	162	230	669	16	177	7	232
V378	257	415	198	484	31	1380	98	4	24	195	371
V379	844	240	212	54	276	176	319	186	272	262	593
V380	352	176	2	120	139	342	126	5	247	113	309
V381	25	183	4	119	112	383	224	28	417	260	102
V382	115	514	66	78	240	44	90	131	78	104	246
V383	12	59	238	116	65	101	289	16	87	363	44
V384	21	89	414	346	124	155	351	65	219	520	58
V385	311	158	311	1	527	130	1176	277	429	92	278
V386	444	62	570	20	224	610	40	23	333	160	295
V387	96	432	360	14	32	74	622	190	22	73	207
V388	109	55	5	729	81	306	54	258	282	100	93
V389	22	94	4	273	174	732	18	195	24	185	69
V390	291	18	170	510	387	296	266	69	170	149	190
V391	74	109	76	73	415	600	278	241	394	111	106
V392	336	261	13	314	72	440	118	176	99	61	317
V393	181	243	6	14	24	510	389	564	233	32	201
V394	290	5	346	45	42	451	90	8	324	1232	213
V395	853	698	259	52	169	498	10	70	327	259	743
V396	151	53	94	58	407	46	74	507	120	42	124
V397	102	500	117	203	10	52	474	293	704	39	257
V398	390	44	236	330	222	295	71	360	320	35	262
V399	57	356	35	190	125	99	69	19	358	64	159
V400	43	273	92	31	100	118	206	119	20	99	140
V401	352	101	292	393	42	274	67	528	291	44	257
V402	333	395	15	85	567	50	14	89	183	64	326
V403	316	206	97	121	496	40	11	586	104	524	288
V404	392	149	328	35	43	116	67	347	554	73	311
V405	309	53	271	63	11	153	556	146	101	97	209
V406	274	251	62	80	52	9	9	69	745	32	263
V407	315	10	29	206	21	59	322	1	139	420	180
V408	5	15	118	123	46	361	63	121	22	174	29
V409	436	82	215	63	425	1175	19	44	279	345	320
V410	220	248	119	40	1080	39	283	443	227	134	244
V411	309	84	176	55	174	116	465	262	420	266	234
V412	108	168	334	49	66	54	36	658	69	121	130
V413	326	149	27	74	286	317	175	236	873	247	277
V414	260	96	367	115	42	17	25	36	288	579	215
V415	2	267	518	330	338	212	118	111	109	423	111
V416	357	363	576	139	24	293	403	233	36	2	363
V417	459	87	214	29	391	452	1523	0	57	231	344
V418	182	30	711	179	31	8	13	120	8	46	130
V419	93	278	500	264	166	284	183	422	36	34	173
V420	64	62	101	146	208	171	289	14	133	174	61
V421	268	188	157	221	234	42	34	158	377	95	238
V422	24	638	333	32	144	261	401	13	423	191	259
V423	441	36	131	93	46	9	462	66	90	402	267
V424	180	140	500	68	527	38	25	309	515	433	180
V425	448	315	148	140	269	97	190	49	14	163	417
V426	66	0	19	42	219	94	26	87	164	115	58
V427	149	53	655	123	151	519	358	202	347	587	164
V428	64	106	878	88	181	488	333	107	447	185	124
V429	204	6	5	145	2	102	603	64	250	233	130
V430	518	72	198	191	187	415	10	61	327	359	323
V431	407	15	166	183	26	300	229	247	163	396	260
V432	26	52	70	148	298	206	76	56	37	11	42
V433	113	109	32	276	306	1048	525	332	206	84	139
V434	47	353	155	52	124	174	544	74	385	113	169
V435	55	67	144	230	302	138	31	117	686	875	100
V436	74	359	65	212	127	852	114	243	251	54	197
V437	351	17	48	461	122	127	124	21	295	31	235
V438	200	505	15	39	111	230	70	601	368	271	313
V439	77	81	141	24	5	357	149	56	377	1	85
V440	472	83	435	347	186	200	149	8	200	86	302
V441	42	140	30	6	757	70	407	23	42	98	74
V442	67	63	185	171	332	57	99	307	212	86	66
V443	90	1	117	345	57	40	108	114	68	110	61
V444	900	311	101	18	33	14	127	266	67	42	623
V445	69	135	4	471	802	98	149	212	328	154	116
V446	437	251	470	768	38	15	98	117	4	757	342
V447	494	83	258	29	518	59	257	707	62	151	340
V448	174	94	433	79	91	28	74	59	324	73	152
V449	325	619	261	196	258	117	162	93	5	1098	445
V450	161	15	66	29	427	304	338	278	19	6	113
V451	77	51	70	275	1180	388	218	264	509	210	112
V452	190	171	231	127	64	224	18	82	88	429	184
V453	31	92	29	266	119	27	338	212	222	89	62
V454	217	293	4	511	35	529	379	176	51	376	233
V455	272	99	1	0	197	212	219	347	359	164	200
V456	203	93	65	346	253	281	339	201	22	32	189
V457	117	276	555	180	28	214	19	36	152	220	183
V458	8	241	364	541	120	81	236	43	76	65	109
V459	115	7	593	803	18	87	118	134	183	400	96
V460	167	168	36	310	9	93	594	283	48	22	144
V461	2	64	316	46	91	122	16	441	317	163	38
V462	225	84	252	236	186	119	124	73	132	74	176
V463	61	216	67	86	313	20	8	205	71	130	128
V464	99	152	103	51	228	246	104	12	261	150	117
V465	215	19	141	331	194	205	128	1	80	84	130
V466	86	111	396	441	317	50	90	306	186	39	111
V467	138	133	104	431	41	166	104	841	17	624	132
V468	372	162	203	407	496	547	648	501	159	49	311
V469	48	0	1	703	362	104	32	476	119	51	46
V470	118	234	364	271	87	416	81	41	605	161	178
V471	27	70	253	352	17	351	97	429	278	310	61
V472	93	80	301	861	753	623	142	77	108	4	100
V473	167	50	85	163	613	411	166	959	144	42	162
V474	101	114	210	358	154	108	555	353	404	245	128
V475	384	307	12	23	84	150	6	137	87	35	296
V476	195	277	75	268	32	305	152	76	282	27	224
V477	164	181	28	151	315	51	1192	301	336	76	151
V478	17	737	338	14	340	229	12	228	53	129	266
V479	103	449	62	1075	363	234	15	107	23	454	205
V480	28	107	851	134	679	155	693	144	386	57	81
V481	71	29	360	281	111	65	297	172	135	20	61
V482	142	24	158	234	131	3	139	116	6	195	96
V483	106	110	130	385	93	77	170	200	147	53	115
V484	332	469	29	351	17	543	57	177	198	22	370
V485	306	105	261	109	84	235	120	550	78	47	245
V486	350	84	206	81	73	57	267	34	131	224	261
V487	229	89	273	56	576	50	165	101	117	34	163
V488	61	184	118	6	39	215	347	22	174	116	108
V489	196	600	18	17	538	86	46	7	38	35	332
V490	52	709	436	39	314	45	38	194	332	327	264
V491	22	826	278	14	1028	94	413	385	36	316	300
V492	202	104	68	400	183	276	28	0	685	123	190
V493	229	391	147	45	524	289	61	135	21	174	278
V494	81	371	224	112	136	31	203	101	457	735	218
V495	162	22	465	72	576	87	163	237	135	23	120
V496	219	293	507	28	70	46	501	147	23	299	242
V497	170	161	86	91	107	118	248	103	222	227	190
V498	415	40	282	231	451	3	163	76	17	189	287
V499	29	45	891	50	352	238	299	60	388	154	51
V500	47	22	389	3	116	11	125	17	46	925	60
