Source001	Source002	Source003	Source004	Source005	Source006	Source007	Source008	Source009	Source010	Sink
V1	3	208	136	91	534	182	416	301	37	17	61
V2	359	82	439	164	229	94	90	287	8	153	319
V3	395	90	85	213	39	153	191	29	66	143	301
V4	54	181	85	135	349	164	236	277	116	160	105
V5	429	31	0	156	204	0	85	73	164	450	347
V6	49	155	345	36	108	13	79	98	146	197	69
V7	1006	23	204	353	43	118	10	813	15	608	820
V8	291	253	102	37	21	128	75	69	62	602	265
V9	38	54	249	552	19	198	199	233	479	502	50
V10	78	191	21	75	304	5	69	108	94	181	83
V11	208	364	109	80	413	205	89	11	130	114	212
V12	249	233	71	18	560	263	81	187	155	22	240
V13	99	82	92	259	87	332	155	145	637	1567	109
V14	106	70	609	130	394	350	132	62	217	160	105
V15	552	137	248	101	11	147	170	89	47	627	428
V16	339	126	547	372	207	102	52	37	221	218	294
V17	54	238	61	52	2	347	83	228	305	59	81
V18	3	23	17	7	410	79	102	37	46	52	41
V19	42	295	62	0	295	338	157	121	287	129	98
V20	203	162	287	97	5	218	39	209	35	78	168
V21	563	123	178	71	38	206	37	245	315	12	472
V22	92	3	161	372	26	127	17	255	663	160	88
V23	417	64	76	112	195	53	376	3	266	71	343
V24	36	191	14	43	341	55	173	122	7	181	66
V25	119	231	234	340	40	69	26	495	290	325	114
V26	30	165	788	44	144	149	194	194	197	108	66
V27	178	202	65	99	273	668	38	518	4	638	169
V28	27	247	122	323	373	54	208	193	163	156	58
V29	50	434	328	185	73	216	367	256	139	110	109
V30	4	62	377	266	183	429	292	239	130	108	37
V31	35	404	86	179	13	204	9	60	89	104	87
V32	306	295	116	12	461	134	24	15	72	97	328
V33	137	133	77	166	218	52	148	207	42	236	143
V34	592	14	70	70	571	313	66	245	1040	1	479
V35	207	216	449	50	35	206	10	150	64	240	199
V36	982	84	447	40	328	26	232	5	327	392	776
V37	70	160	229	36	168	244	388	243	39	261	95
V38	129	311	353	275	32	368	410	136	516	385	165
V39	178	609	19	14	1509	23	90	147	157	47	311
V40	26	192	92	338	531	52	82	22	40	81	81
V41	136	33	144	434	42	146	63	304	455	162	120
V42	12	108	175	37	359	186	114	7	165	191	50
V43	18	242	230	117	311	15	76	257	215	311	57
V44	291	77	68	131	65	258	243	302	502	696	260
V45	16	258	75	344	140	32	177	197	733	146	54
V46	194	436	119	176	23	93	125	177	162	126	195
V47	157	290	38	88	280	243	103	12	139	11	168
V48	216	91	72	111	313	823	1032	290	166	146	264
V49	383	13	112	265	74	532	261	249	149	62	297
V50	124	368	238	153	142	324	224	35	125	290	174
V51	69	187	373	4	316	118	62	215	252	186	108
V52	64	106	11	17	2	248	256	190	397	23	77
V53	17	98	106	147	88	155	682	38	224	83	53
V54	306	128	20	37	342	202	214	39	153	210	268
V55	26	284	827	29	67	162	217	41	47	140	56
V56	460	83	43	371	272	284	237	288	115	56	418
V57	103	254	93	6	476	436	60	216	8	314	179
V58	102	17	269	53	43	37	237	43	171	249	93
V59	959	120	25	212	176	235	115	92	136	449	785
V60	212	192	76	186	544	51	26	246	356	95	205
V61	866	311	100	60	154	24	70	361	112	77	681
V62	132	0	214	8	281	178	92	29	250	84	137
V63	154	130	322	75	389	161	172	206	41	28	172
V64	225	594	141	31	76	30	231	224	123	56	255
V65	71	168	74	20	29	174	34	35	811	267	95
V66	26	161	3	326	306	130	63	28	186	103	54
V67	74	93	43	550	96	108	631	160	18	118	93
V68	18	372	379	220	62	217	264	59	107	92	60
V69	121	1	946	158	5	148	30	21	163	476	109
V70	58	8	174	94	666	250	24	111	270	52	86
V71	27	234	188	177	26	199	50	17	602	36	68
V72	105	99	301	140	220	139	276	534	430	187	128
V73	118	119	22	9	178	394	225	260	49	213	111
V74	143	369	157	333	156	588	45	9	106	105	162
V75	324	25	6	507	12	117	289	101	43	98	249
V76	120	62	244	130	216	163	5	56	48	8	117
V77	395	105	230	94	249	3	350	47	23	205	350
V78	73	289	39	167	751	65	2	18	53	119	141
V79	11	147	39	8	421	109	98	178	46	23	43
V80	730	45	34	113	25	183	173	127	238	113	545
V81	287	50	135	68	74	179	300	109	103	77	271
V82	119	184	84	377	95	10	737	148	7	506	142
V83	29	219	12	232	69	156	79	187	60	113	64
V84	91	363	118	537	370	25	470	85	142	64	164
V85	76	177	83	145	236	756	108	75	25	159	107
V86	257	934	136	333	191	92	104	0	104	548	319
V87	273	189	7	151	433	376	317	33	8	373	275
V88	110	29	150	27	58	496	17	1462	15	79	102
V89	137	129	288	198	118	75	34	1	252	380	125
V90	143	7	12	380	34	47	144	47	34	178	130
V91	792	132	171	653	4	227	303	950	47	62	623
V92	210	59	236	875	261	72	111	47	605	143	200
V93	131	176	298	286	501	433	55	134	316	238	181
V94	84	805	212	357	229	19	14	165	447	220	166
V95	152	601	207	120	191	24	53	453	35	100	217
V96	9	3	783	223	598	177	14	3	232	127	53
V97	251	35	21	456	63	389	348	97	257	151	181
V98	235	22	61	18	173	331	289	215	193	588	185
V99	94	706	168	88	3	1	814	5	2	103	190
V100	92	33	207	120	636	170	40	184	167	181	111
V101	58	42	77	17	254	119	86	448	97	291	65
V102	159	128	31	147	36	115	77	55	81	635	154
V103	775	297	28	2	124	52	109	227	26	14	708
V104	776	11	280	1	491	313	148	124	98	151	630
V105	25	284	269	25	24	16	518	54	47	1057	67
V106	128	135	35	289	97	10	447	41	64	575	138
V107	169	8	144	44	54	47	300	188	49	174	135
V108	258	336	315	576	586	66	451	31	76	127	279
V109	171	275	189	66	362	340	41	7	127	682	207
V110	181	445	322	50	9	378	57	372	479	473	206
V111	77	170	4	272	245	309	110	625	610	227	94
V112	328	207	52	83	1	252	387	82	83	465	338
V113	17	80	187	332	887	206	74	79	135	134	79
V114	243	106	203	288	416	119	395	393	137	24	227
V115	193	292	57	1046	307	79	319	160	322	175	201
V116	184	196	494	26	45	158	16	11	22	204	173
V117	272	68	100	437	681	204	506	203	449	166	259
V118	54	60	73	148	201	252	152	298	61	289	58
V119	487	259	58	437	95	164	1	43	197	189	415
V120	149	58	668	122	228	118	66	351	30	318	123
V121	214	47	7	64	85	153	97	98	52	39	177
V122	440	333	379	99	262	455	26	54	496	17	399
V123	2	70	223	87	671	13	193	31	10	166	65
V124	180	18	609	25	496	133	170	134	496	209	188
V125	145	182	267	533	301	198	181	214	139	257	175
V126	18	306	100	371	123	10	51	299	101	329	46
V127	138	68	195	221	121	62	124	108	297	503	117
V128	476	134	456	330	295	51	33	2	27	207	415
V129	6	90	2	516	175	302	69	326	252	2	35
V130	302	245	33	252	69	196	34	128	50	806	276
V131	89	23	192	363	476	67	7	516	0	313	118
V132	419	1252	87	20	248	332	48	93	416	70	474
V133	262	233	47	14	234	204	562	250	63	116	266
V134	140	46	51	276	267	608	0	402	72	119	119
V135	74	42	130	110	19	326	797	50	136	263	94
V136	514	21	276	63	601	15	564	37	84	50	470
V137	271	61	109	99	7	124	137	345	23	63	210
V138	66	169	366	130	85	0	175	89	237	88	91
V139	244	135	169	648	18	73	119	859	93	65	210
V140	107	7	67	95	27	75	73	160	249	221	94
V141	63	84	301	359	111	391	275	193	235	129	81
V142	129	104	383	61	140	371	134	78	24	502	127
V143	440	30	169	326	103	53	683	54	170	93	362
V144	88	138	263	225	15	330	263	107	57	67	87
V145	426	273	340	49	237	15	153	46	283	145	379
V146	140	524	15	0	72	360	1000	453	189	124	229
V147	112	304	214	725	27	3	132	65	47	139	124
V148	256	193	242	47	161	286	115	239	487	254	229
V149	123	592	1	259	152	682	293	363	733	125	205
V150	201	35	208	322	65	32	488	465	306	71	204
V151	230	45	466	306	244	77	120	269	39	251	218
V152	147	253	639	801	86	164	9	74	523	35	144
V153	217	11	53	627	63	13	68	362	807	298	154
V154	339	2	24	315	127	303	75	66	449	46	308
V155	61	2	47	400	83	462	25	43	4	36	53
V156	295	391	160	218	816	194	16	1157	343	445	354
V157	13	466	18	32	231	20	782	515	213	18	87
V158	121	181	79	434	306	69	21	167	364	59	138
V159	33	12	106	182	498	262	101	12	183	133	73
V160	963	25	110	166	255	538	372	299	337	34	781
V161	220	158	16	56	102	64	89	174	9	293	207
V162	226	189	121	224	137	724	645	830	172	342	223
V163	89	426	94	28	180	703	595	273	967	362	153
V164	239	174	334	192	348	31	73	257	120	71	231
V165	148	356	444	489	184	262	646	394	179	10	187
V166	913	144	460	62	240	5	14	315	215	193	781
V167	164	115	29	178	48	277	640	217	238	639	174
V168	6	90	111	387	26	151	66	258	107	10	18
V169	575	251	337	631	95	64	68	260	568	167	529
V170	14	228	73	507	32	24	414	5	181	2	60
V171	25	60	12	29	25	112	180	201	509	13	46
V172	5	565	21	140	69	274	338	3	145	233	83
V173	153	169	125	384	18	97	80	507	447	10	149
V174	178	204	14	11	149	61	174	159	438	7	185
V175	81	237	577	5	330	17	202	81	241	27	114
V176	28	188	51	302	43	305	183	263	80	66	68
V177	226	346	625	374	261	24	342	197	43	124	233
V178	35	167	398	155	175	527	6	536	120	292	76
V179	6	442	121	102	176	295	161	494	137	467	65
V180	83	438	124	71	18	67	85	24	74	338	119
V181	109	58	170	4	94	153	11	187	64	212	105
V182	125	89	416	17	6	270	69	16	72	319	127
V183	72	79	217	19	167	44	412	126	271	33	84
V184	21	205	0	38	5	183	245	34	371	53	46
V185	716	69	346	254	40	190	20	287	137	221	580
V186	583	7	380	233	65	313	80	109	230	151	474
V187	19	201	19	1	516	193	270	108	239	41	86
V188	300	408	67	181	217	95	972	90	115	279	327
V189	92	485	56	389	414	472	119	782	265	77	167
V190	190	282	234	403	591	217	78	330	111	284	221
V191	175	121	328	122	350	91	40	239	173	127	181
V192	408	100	53	110	153	259	131	273	51	8	350
V193	145	172	437	110	446	345	221	176	472	395	169
V194	41	10	21	596	60	281	571	65	60	357	65
V195	47	29	77	224	257	11	407	120	356	86	77
V196	188	313	620	73	111	143	6	105	50	214	199
V197	292	1	72	15	23	155	117	107	20	85	246
V198	12	233	188	238	50	219	66	316	46	185	44
V199	359	497	13	123	112	199	114	69	136	41	353
V200	124	231	517	44	179	254	75	200	71	90	131
V201	92	267	43	585	245	16	356	8	158	282	112
V202	66	256	555	71	352	429	54	2	97	168	123
V203	167	557	230	59	24	763	29	379	242	103	197
V204	15	117	83	18	525	72	201	64	51	161	49
V205	19	65	192	3	37	184	10	42	332	167	23
V206	104	77	66	343	31	9	129	51	111	372	84
V207	226	1	465	181	17	79	37	129	468	328	195
V208	105	116	105	173	71	64	412	59	26	412	120
V209	203	170	137	360	19	76	166	94	118	245	175
V210	133	546	668	104	115	302	99	137	109	147	178
V211	422	11	394	183	170	161	26	286	99	11	337
V212	72	97	66	58	8	240	467	385	419	681	82
V213	813	82	392	126	33	92	49	519	99	7	645
V214	665	123	393	14	348	73	260	248	11	24	619
V215	19	95	93	137	44	127	25	94	28	451	30
V216	293	182	90	248	77	177	162	27	67	12	288
V217	35	146	592	116	399	857	146	102	187	901	90
V218	120	50	139	33	6	632	282	232	317	358	111
V219	418	145	12	280	431	121	179	14	7	387	345
V220	177	44	645	135	36	34	96	125	27	121	167
V221	151	77	823	6	231	15	436	80	18	1	152
V222	274	353	144	347	1139	539	346	480	47	314	292
V223	47	36	153	552	15	60	203	124	316	16	51
V224	465	22	247	156	398	255	81	279	201	28	391
V225	102	294	407	127	72	178	48	392	19	199	126
V226	87	17	107	227	45	45	21	201	218	76	75
V227	114	695	2	51	632	5	10	317	42	293	208
V228	206	96	133	266	255	759	78	139	50	1	175
V229	82	77	117	348	253	3	601	55	82	80	114
V230	253	27	256	103	1190	51	122	100	723	164	267
V231	852	311	643	498	166	477	0	14	154	1062	725
V232	85	299	107	55	15	194	124	99	96	470	109
V233	195	297	384	544	534	90	82	52	27	33	211
V234	10	798	251	63	31	27	151	690	56	393	124
V235	45	20	158	386	771	226	429	413	82	37	118
V236	20	31	92	15	149	9	225	171	72	87	35
V237	42	93	184	7	848	40	71	1386	13	92	84
V238	9	171	97	335	864	96	34	29	217	102	90
V239	11	26	62	325	320	416	382	169	31	389	33
V240	131	369	149	36	211	12	32	496	26	202	179
V241	40	44	29	258	141	30	513	181	591	24	52
V242	2	40	23	77	141	226	102	254	49	11	15
V243	83	111	258	43	37	496	64	48	18	331	77
V244	1	52	743	94	7	253	526	35	112	531	31
V245	111	558	24	18	273	309	146	118	66	511	166
V246	202	181	118	65	224	246	736	2	263	64	178
V247	44	25	256	601	313	83	5	205	42	306	72
V248	5	354	94	260	63	52	51	190	127	412	48
V249	129	96	32	122	257	165	368	9	792	30	133
V250	100	79	177	99	90	135	179	301	146	4	104
V251	105	210	331	1	322	592	9	297	29	28	123
V252	277	120	369	178	103	303	97	70	240	74	245
V253	161	147	289	66	306	58	361	356	242	26	186
V254	153	23	230	102	64	1070	30	238	99	175	155
V255	90	282	25	59	206	26	150	221	273	315	115
V256	88	651	162	270	284	11	121	148	82	277	168
V257	5	96	32	47	13	47	96	51	424	214	25
V258	35	39	258	184	114	0	163	99	559	249	47
V259	49	111	256	23	44	316	182	8	229	292	84
V260	33	4	107	489	517	138	487	421	307	42	68
V261	677	326	77	26	23	214	691	37	365	272	627
V262	42	86	54	379	89	134	8	118	86	252	55
V263	130	5	7	180	96	0	363	769	21	62	113
V264	124	886	102	206	28	847	48	13	483	138	171
V265	63	19	12	168	99	113	259	208	20	225	74
V266	290	16	1139	19	79	730	581	640	189	23	260
V267	1	717	488	34	171	254	47	613	116	210	109
V268	219	221	113	106	202	675	7	168	207	433	224
V269	631	235	64	130	9	509	184	73	208	35	513
V270	212	140	102	187	185	185	92	111	78	134	178
V271	258	216	83	41	46	94	7	9	226	133	243
V272	213	424	56	27	373	150	499	80	246	12	253
V273	499	2	78	10	119	132	91	129	15	437	413
V274	152	773	467	125	17	123	49	165	855	394	230
V275	493	30	97	408	24	131	70	178	131	284	379
V276	507	209	15	404	4	108	238	78	172	554	458
V277	67	206	114	351	401	77	162	125	1220	816	108
V278	338	241	46	468	44	606	53	237	303	19	287
V279	116	167	158	222	217	90	261	137	202	184	139
V280	140	149	11	127	125	144	231	291	284	49	149
V281	225	579	2	203	26	506	425	96	195	355	240
V282	751	118	104	157	414	194	28	400	13	512	660
V283	506	85	80	486	639	85	124	56	160	187	445
V284	787	0	87	2	384	111	173	349	370	103	700
V285	151	524	50	208	151	688	120	92	178	219	173
V286	492	323	100	244	107	14	9	174	170	222	425
V287	557	95	86	63	197	355	56	201	100	362	443
V288	22	649	86	83	177	153	263	199	286	624	97
V289	105	142	37	115	237	227	178	80	43	268	134
V290	178	1	235	206	155	306	606	162	174	50	177
V291	133	248	263	53	60	232	147	114	209	4	134
V292	228	71	89	241	191	126	79	427	463	6	197
V293	232	18	58	99	89	566	15	16	226	175	185
V294	228	58	199	45	88	309	303	118	50	222	214
V295	100	1	534	122	54	60	133	559	145	78	102
V296	370	694	12	45	297	286	38	10	11	277	388
V297	404	157	123	2	8	134	36	418	146	91	338
V298	32	593	35	186	46	375	171	219	360	107	117
V299	212	7	65	84	373	246	31	28	51	37	155
V300	18	302	175	146	262	48	716	182	156	60	90
V301	45	7	97	339	117	141	49	35	325	40	46
V302	510	125	263	174	319	197	86	37	162	164	424
V303	253	199	332	51	266	240	195	311	71	16	244
V304	81	137	40	19	104	341	115	38	610	217	99
V305	52	34	12	127	0	157	25	20	484	294	49
V306	752	54	427	241	43	113	137	661	67	41	612
V307	59	28	26	361	628	16	0	150	415	38	97
V308	106	40	278	460	273	49	182	1	93	220	99
V309	462	18	104	32	102	24	78	47	468	722	381
V310	241	0	124	45	181	553	293	783	25	57	232
V311	16	126	64	203	206	66	274	33	4	84	38
V312	41	211	627	21	180	188	647	490	35	421	92
V313	67	159	215	353	256	235	66	5	129	57	93
V314	58	650	196	24	20	53	144	111	277	519	137
V315	23	124	51	239	121	68	252	201	1	4	43
V316	79	384	162	877	294	171	109	99	229	174	136
V317	46	581	87	307	107	612	12	9	215	152	122
V318	90	92	40	141	207	487	0	585	107	213	101
V319	12	50	156	138	74	149	72	23	80	129	24
V320	64	79	153	318	51	89	652	221	149	477	93
V321	207	202	451	720	37	222	420	0	267	327	219
V322	93	86	566	674	123	13	169	70	558	263	84
V323	792	42	30	300	293	147	97	140	23	34	694
V324	182	221	913	16	27	415	149	334	341	10	180
V325	552	377	99	131	224	34	173	323	1	52	507
V326	24	410	11	114	369	85	70	531	110	529	87
V327	152	588	81	204	474	113	30	20	137	16	210
V328	106	32	146	67	173	40	392	212	487	11	111
V329	98	7	281	490	278	97	8	1	545	169	103
V330	73	70	61	225	136	33	102	262	288	76	81
V331	152	527	93	204	9	10	327	119	35	161	187
V332	44	83	181	20	880	46	341	70	66	273	113
V333	496	318	48	8	219	62	58	183	48	192	449
V334	75	153	317	564	286	13	2	47	239	262	95
V335	179	4	334	20	6	6	54	156	309	142	139
V336	165	496	96	44	439	224	915	7	2	109	246
V337	318	30	184	199	304	179	83	53	64	234	291
V338	48	498	201	69	155	16	151	248	56	74	120
V339	964	525	299	127	118	698	278	399	132	141	855
V340	11	19	93	101	64	44	223	554	251	57	29
V341	249	463	28	155	203	17	81	26	362	657	263
V342	146	334	122	80	99	28	284	612	91	89	161
V343	567	56	487	316	84	230	178	148	285	72	485
V344	91	117	174	387	102	55	277	179	139	646	102
V345	153	91	40	157	209	292	61	48	310	5	153
V346	5	307	329	5	54	518	636	133	185	198	63
V347	11	26	107	701	427	387	289	6	72	285	48
V348	152	410	187	766	296	148	249	429	479	50	191
V349	23	31	26	567	148	436	271	42	146	33	39
V350	36	228	535	148	32	49	12	0	0	3	60
V351	41	884	340	470	254	162	20	37	53	114	140
V352	21	44	377	239	547	1447	100	286	34	83	57
V353	87	478	66	98	175	342	878	74	557	52	158
V354	555	813	16	36	0	33	19	25	104	361	569
V355	116	136	152	7	97	371	77	183	0	112	126
V356	33	679	116	141	54	74	223	606	38	116	103
V357	50	230	275	12	348	127	15	402	404	189	86
V358	328	291	351	154	102	70	0	414	408	143	307
V359	30	69	246	100	44	18	276	19	197	26	54
V360	274	495	46	561	76	181	56	562	370	108	283
V361	167	264	27	352	44	40	162	51	46	122	180
V362	10	21	78	15	25	131	490	59	275	123	32
V363	242	863	6	72	75	149	437	267	149	113	297
V364	244	24	225	246	8	83	190	157	698	364	211
V365	115	81	179	158	663	342	27	430	26	181	160
V366	429	91	301	25	319	74	140	531	235	120	360
V367	264	242	81	286	6	203	612	309	16	47	258
V368	242	396	410	256	223	88	163	30	136	12	243
V369	46	291	105	103	103	33	367	251	218	302	98
V370	204	50	221	4	157	572	62	9	195	111	152
V371	23	83	11	397	349	308	256	349	536	71	63
V372	206	238	163	111	4	14	865	456	77	752	206
V373	146	834	114	65	2	90	32	45	60	21	205
V374	81	126	77	339	152	216	205	257	309	209	87
V375	5	41	12	582	541	587	891	97	291	57	64
V376	123	523	257	3	138	165	4	62	131	94	180
V377	156	183	159	44	286	78	77	103	682	838	174
V378	357	388	369	147	13	19	28	283	303	24	352
V379	182	72	43	285	145	21	9	128	124	219	162
V380	75	306	46	754	121	156	126	195	288	216	102
V381	649	47	132	218	0	112	352	268	120	94	507
V382	57	23	56	719	115	125	99	207	118	23	63
V383	259	96	123	177	6	44	150	204	82	14	237
V384	10	1393	27	104	196	3	59	151	17	252	181
V385	64	203	284	159	67	79	946	7	261	1007	110
V386	30	95	237	46	37	19	297	156	188	190	39
V387	58	263	184	5	460	239	108	120	153	19	113
V388	11	64	197	259	8	41	77	30	9	23	17
V389	105	406	118	501	172	167	629	197	680	52	146
V390	714	247	741	325	67	694	20	21	320	69	615
V391	10	8	807	20	244	136	45	90	74	175	39
V392	310	244	4	1506	180	98	387	22	25	137	261
V393	321	725	174	56	149	286	32	734	414	65	348
V394	33	76	11	90	4	391	357	369	243	87	42
V395	173	408	242	93	66	79	141	61	222	360	202
V396	239	50	137	307	38	20	6	537	125	14	202
V397	178	271	283	663	215	200	24	20	48	28	200
V398	271	236	125	115	627	31	438	115	122	145	279
V399	311	42	310	357	21	89	407	62	138	101	270
V400	0	60	74	226	126	105	525	20	315	53	37
V401	41	99	0	52	110	515	243	73	160	415	46
V402	362	71	1405	106	552	116	185	260	343	68	331
V403	38	6	604	181	661	233	27	499	81	36	87
V404	103	82	18	204	101	43	70	16	97	461	83
V405	95	374	638	66	82	32	134	120	194	315	136
V406	347	126	32	82	71	112	92	343	323	6	287
V407	154	39	618	188	20	230	65	2	263	337	144
V408	56	22	320	42	385	88	160	143	165	117	96
V409	141	44	12	464	6	66	82	154	1180	274	128
V410	165	177	73	51	272	248	61	125	9	174	152
V411	235	67	60	19	109	1052	138	32	424	84	204
V412	121	517	38	44	12	180	34	50	25	232	146
V413	52	343	579	34	252	283	182	53	77	138	111
V414	123	71	206	45	36	109	557	420	52	197	111
V415	454	16	117	158	13	243	329	82	581	112	381
V416	164	280	618	76	107	93	346	31	206	82	179
V417	90	23	622	76	41	622	335	103	366	187	87
V418	30	20	56	706	8	127	8	64	12	77	44
V419	301	105	147	122	108	25	255	147	137	82	256
V420	35	37	312	87	406	561	37	142	37	234	63
V421	671	138	45	317	200	82	84	380	161	67	544
V422	227	73	130	461	4	39	220	489	155	9	171
V423	4	24	125	269	373	50	38	165	599	96	36
V424	436	63	7	137	23	30	100	69	63	13	334
V425	213	130	139	213	64	82	115	51	51	117	194
V426	93	103	109	82	0	44	295	475	488	64	104
V427	466	173	10	377	9	331	325	213	286	253	403
V428	327	257	235	83	763	283	0	268	411	32	347
V429	42	19	160	28	330	114	57	28	198	182	80
V430	70	90	43	69	300	40	479	120	306	166	82
V431	89	116	149	250	100	174	230	144	55	240	90
V432	353	74	299	167	105	67	24	53	49	197	293
V433	90	602	392	19	412	352	109	205	53	66	140
V434	251	157	30	750	148	179	56	17	281	2	190
V435	86	707	248	92	88	58	390	74	31	33	167
V436	110	24	69	361	7	66	10	624	256	304	97
V437	383	151	0	158	14	93	414	12	279	78	345
V438	183	102	190	142	362	36	84	399	96	70	172
V439	358	91	75	151	52	717	551	310	53	148	322
V440	306	177	157	135	67	235	307	166	174	555	250
V441	156	290	221	361	210	572	242	108	200	291	176
V442	274	153	46	185	27	275	24	291	229	258	242
V443	44	171	142	121	651	135	311	170	77	157	110
V444	43	285	131	271	26	94	327	133	213	504	84
V445	64	99	618	38	230	203	316	109	763	34	95
V446	171	11	408	68	384	228	119	47	516	399	157
V447	793	13	124	147	78	299	186	14	322	648	600
V448	356	2	781	31	133	331	515	39	58	389	323
V449	165	121	266	59	143	55	314	61	88	456	169
V450	542	13	47	189	13	197	36	122	3	34	433
V451	1070	57	81	74	375	267	50	14	50	173	877
V452	421	191	20	228	219	95	175	23	39	2	376
V453	144	180	176	335	198	281	41	466	225	32	148
V454	16	515	235	70	197	269	132	149	99	310	95
V455	257	14	19	7	192	50	2	67	33	456	212
V456	539	544	585	182	604	323	49	50	147	183	511
V457	101	16	212	0	85	24	333	293	171	132	114
V458	283	336	281	90	60	688	118	663	149	61	310
V459	248	170	384	38	242	68	5	105	153	93	234
V460	450	81	26	336	51	381	49	12	50	1088	372
V461	83	29	8	116	35	249	66	437	571	147	61
V462	400	52	135	41	70	206	109	108	9	3	355
V463	209	202	82	289	19	71	500	371	526	6	210
V464	207	155	48	755	100	58	118	102	93	195	191
V465	158	1	88	46	66	19	689	851	372	206	140
V466	25	45	841	96	349	346	91	68	95	9	57
V467	24	157	105	101	51	77	31	141	280	297	46
V468	378	67	173	259	275	142	310	27	24	379	360
V469	464	104	600	60	566	327	85	236	164	14	421
V470	117	429	85	248	407	169	54	413	11	30	174
V471	133	1220	185	496	171	175	213	286	189	100	264
V472	174	278	249	19	246	171	114	93	28	73	189
V473	584	85	587	223	238	115	19	132	185	561	500
V474	134	880	155	119	145	31	68	162	64	301	224
V475	222	103	483	513	486	104	388	124	7	52	221
V476	431	320	125	245	93	22	134	273	114	317	399
V477	61	55	39	232	429	63	29	360	93	15	63
V478	81	79	625	357	17	200	120	79	87	21	79
V479	61	56	758	87	104	49	505	492	27	960	66
V480	356	166	26	475	9	56	142	228	31	361	305
V481	245	393	56	88	209	50	696	577	79	341	279
V482	56	9	75	475	55	93	121	324	219	780	66
V483	61	73	70	148	35	59	188	458	450	3	62
V484	152	302	602	181	69	623	239	71	68	338	177
V485	142	175	578	161	171	90	260	123	12	362	162
V486	385	190	69	121	69	23	65	339	3	197	311
V487	89	160	188	129	99	14	13	45	167	98	101
V488	205	128	167	172	246	170	59	70	306	73	193
V489	250	114	140	445	96	1083	872	77	314	72	228
V490	199	127	421	234	15	86	47	601	271	89	166
V491	266	443	157	305	538	26	12	66	233	174	309
V492	369	744	81	151	591	618	535	506	666	33	431
V493	191	242	10	268	169	252	204	1360	319	37	174
V494	45	49	437	97	75	58	249	462	378	38	72
V495	43	87	199	73	203	16	1202	79	316	298	87
V496	1	147	206	170	304	733	112	291	15	131	49
V497	23	250	223	273	18	26	290	246	354	63	64
V498	108	212	13	38	725	73	67	86	10	270	152
V499	17	100	438	520	52	544	230	28	484	174	43
V500	176	172	117	2	66	310	45	21	220	37	166
