Source001	Source002	Source003	Source004	Source005	Source006	Source007	Source008	Source009	Source010	Sink
V1	4	157	87	463	111	43	51	48	847	342	121
V2	112	14	150	252	254	35	167	338	165	8	48
V3	2	46	270	124	192	163	128	111	192	164	50
V4	1363	45	145	51	80	391	289	117	241	31	427
V5	6	24	134	156	184	59	207	109	130	93	24
V6	16	102	139	37	51	452	366	89	370	155	68
V7	302	85	89	31	117	54	694	83	214	62	160
V8	76	371	9	343	92	46	23	51	143	38	279
V9	17	107	110	95	476	579	355	13	78	495	88
V10	39	190	120	23	12	23	78	46	1022	163	150
V11	499	437	24	369	384	114	3	605	502	3	481
V12	200	751	360	5	319	17	50	147	119	261	511
V13	4	529	136	25	297	132	510	221	480	155	369
V14	3	108	76	327	181	96	9	55	388	69	83
V15	23	71	0	600	64	13	179	62	347	283	96
V16	666	36	187	138	182	102	163	977	36	110	265
V17	38	242	10	496	186	199	2	264	405	384	190
V18	91	118	1	123	207	396	146	191	139	429	118
V19	11	660	328	0	413	328	97	76	137	182	418
V20	50	499	95	157	448	32	25	11	99	6	310
V21	249	15	116	140	72	200	16	814	213	306	98
V22	114	772	46	506	15	628	208	72	134	29	557
V23	179	614	1	12	334	443	82	130	46	273	429
V24	163	105	39	112	5	221	82	70	220	133	134
V25	83	40	118	158	712	58	129	147	22	848	75
V26	45	55	910	64	145	144	147	139	499	17	67
V27	117	151	582	175	165	5	8	27	39	221	130
V28	379	358	387	233	244	146	52	54	25	65	351
V29	35	23	62	10	74	321	241	279	798	71	37
V30	27	570	219	112	121	114	43	488	408	124	381
V31	115	50	460	12	173	188	61	81	135	197	93
V32	47	481	54	147	52	96	61	558	0	132	314
V33	386	187	87	346	175	289	101	9	9	433	252
V34	220	135	101	125	252	884	26	19	9	154	171
V35	120	111	21	60	910	0	283	137	17	244	134
V36	309	278	33	209	248	172	98	248	116	170	271
V37	361	24	330	52	35	76	206	118	112	46	126
V38	639	826	21	225	127	187	434	195	16	134	695
V39	208	568	147	66	133	31	426	13	148	316	437
V40	103	80	56	45	390	13	78	117	203	67	107
V41	449	105	336	82	322	263	198	20	13	45	219
V42	63	137	120	15	38	154	89	547	16	114	101
V43	21	169	149	30	340	25	544	40	20	150	117
V44	50	90	31	333	242	84	140	346	291	180	86
V45	14	13	40	475	55	84	382	385	79	19	28
V46	3	39	283	326	199	124	244	353	318	84	48
V47	77	208	296	18	343	37	67	37	151	28	168
V48	323	36	204	338	15	16	352	279	100	76	124
V49	382	232	47	44	35	106	211	102	100	150	280
V50	626	143	211	97	164	196	316	226	558	189	312
V51	58	452	226	25	705	33	420	67	170	203	320
V52	531	226	100	469	201	593	46	654	30	87	308
V53	271	59	101	15	96	403	74	65	24	57	122
V54	243	171	168	156	41	300	30	117	44	92	198
V55	13	254	18	893	215	108	975	304	37	87	160
V56	125	84	67	558	155	258	31	81	48	973	128
V57	477	283	60	1	71	537	123	404	528	1	350
V58	258	24	144	93	391	132	244	121	554	245	108
V59	178	306	188	6	86	136	285	109	139	389	248
V60	241	18	221	95	52	135	404	120	251	5	109
V61	777	481	376	138	200	190	177	576	230	251	537
V62	135	98	57	93	236	45	73	23	18	241	96
V63	127	788	53	155	13	123	150	112	378	25	553
V64	87	106	224	146	416	284	172	739	69	173	109
V65	42	261	79	7	84	276	247	142	79	96	193
V66	7	5	155	54	37	55	94	401	76	110	22
V67	186	223	22	130	103	167	225	121	120	148	212
V68	309	407	337	91	54	291	415	246	1636	6	430
V69	80	368	59	108	98	8	111	304	27	224	280
V70	33	9	590	80	89	224	106	394	26	70	28
V71	26	185	162	13	11	26	131	132	617	264	162
V72	175	134	26	473	171	924	396	244	104	545	167
V73	120	35	76	14	80	39	108	15	151	292	73
V74	86	344	216	236	3	445	24	221	39	144	265
V75	826	114	150	473	218	11	266	274	182	57	331
V76	8	45	42	22	0	253	39	241	11	516	47
V77	631	282	19	129	49	49	364	66	19	125	353
V78	491	144	448	768	183	105	158	175	43	127	273
V79	655	237	312	13	508	673	496	34	10	134	343
V80	251	554	367	21	402	94	75	34	168	185	479
V81	12	3	102	548	14	219	62	179	78	353	33
V82	20	348	561	108	60	41	267	239	83	83	225
V83	347	576	100	109	128	74	334	403	113	71	446
V84	82	126	322	24	542	14	183	40	218	56	117
V85	95	38	341	174	512	848	322	26	24	6	86
V86	343	752	15	56	14	89	153	136	111	10	561
V87	508	104	19	148	223	53	213	162	260	623	239
V88	18	370	61	174	41	230	39	797	319	69	274
V89	531	938	483	73	235	273	82	4	132	11	696
V90	32	713	484	78	134	366	158	137	37	431	488
V91	75	212	132	195	288	43	43	483	239	83	177
V92	42	8	126	11	97	178	67	75	453	38	38
V93	507	216	337	266	100	315	420	381	46	501	280
V94	48	266	166	181	352	97	24	32	281	767	198
V95	18	74	24	114	428	277	156	78	288	222	74
V96	85	83	813	230	119	178	359	129	37	126	73
V97	22	217	8	140	324	52	602	46	343	208	178
V98	9	82	127	371	659	63	403	588	28	497	104
V99	228	21	26	159	92	251	131	228	267	12	76
V100	36	100	221	56	369	572	31	20	51	277	89
V101	283	180	45	71	26	138	286	79	41	115	209
V102	181	107	59	47	68	74	2	143	267	81	103
V103	193	38	120	1201	529	503	112	142	765	0	95
V104	14	46	98	3	7	238	243	188	6	138	50
V105	209	106	424	83	132	31	164	112	107	89	128
V106	488	123	66	63	426	157	174	28	38	100	192
V107	129	136	61	140	181	689	103	520	18	849	132
V108	193	142	49	46	125	250	114	44	140	447	174
V109	318	173	292	3	44	261	278	328	409	300	234
V110	31	227	113	612	2	162	205	58	64	206	168
V111	17	111	566	206	202	265	21	420	394	41	80
V112	192	4	4	21	290	268	150	70	98	45	54
V113	388	267	28	16	132	24	87	148	632	82	331
V114	44	46	172	206	93	441	305	243	164	93	50
V115	79	177	16	191	28	104	168	191	182	240	151
V116	331	195	29	59	367	18	46	700	130	294	249
V117	68	16	79	494	789	371	258	286	39	54	44
V118	128	13	70	44	1147	256	61	279	15	39	51
V119	53	587	107	16	194	154	119	107	22	241	357
V120	40	191	0	15	96	431	49	255	135	311	136
V121	249	558	152	170	214	85	308	271	377	103	435
V122	4	309	125	276	484	42	70	64	250	30	229
V123	299	663	163	357	337	44	218	209	6	55	531
V124	328	202	317	323	309	277	52	15	276	22	247
V125	24	213	70	66	16	31	130	29	20	34	163
V126	700	95	490	67	153	110	390	128	276	85	253
V127	569	76	7	270	59	78	27	198	136	507	209
V128	121	300	38	80	49	82	137	53	385	470	233
V129	85	16	57	233	79	129	121	174	56	219	50
V130	82	151	145	557	257	224	101	445	351	650	161
V131	70	253	110	133	38	866	97	155	134	432	203
V132	380	290	89	159	23	28	40	3	206	19	341
V133	31	29	193	52	333	6	1	136	101	152	33
V134	38	4	154	257	243	142	180	508	63	38	30
V135	178	59	205	90	348	126	716	250	284	236	105
V136	400	81	91	108	96	15	307	12	110	60	160
V137	38	157	8	390	95	119	373	375	60	56	122
V138	95	39	168	7	89	284	111	194	555	140	73
V139	116	159	115	453	203	365	63	51	751	1393	157
V140	335	163	527	520	506	176	103	284	6	46	215
V141	1021	176	212	395	235	0	147	138	62	430	441
V142	55	371	17	18	84	116	2	188	185	412	259
V143	245	198	2	172	187	683	290	419	168	713	252
V144	227	164	4	358	8	311	37	46	200	185	196
V145	176	43	871	319	753	588	122	322	201	20	104
V146	16	215	4	360	10	47	26	254	617	144	142
V147	0	97	442	57	93	446	160	109	250	35	75
V148	675	228	50	200	207	302	204	66	271	9	349
V149	226	139	278	26	329	291	74	122	57	134	192
V150	78	0	80	232	185	274	79	88	56	952	53
V151	93	405	212	1	118	349	311	159	162	1	322
V152	2	354	57	18	354	235	10	73	320	24	249
V153	151	227	25	98	7	23	78	38	367	8	209
V154	163	30	77	71	65	73	381	32	133	72	93
V155	33	355	40	86	154	153	18	7	355	116	266
V156	273	261	101	743	18	93	19	11	98	179	257
V157	147	122	151	255	379	364	82	268	135	287	109
V158	64	190	260	60	24	107	217	51	286	66	126
V159	69	129	170	16	192	75	102	38	519	314	108
V160	257	296	32	109	71	47	109	34	64	298	297
V161	77	144	40	45	71	432	571	269	2	10	115
V162	461	54	1130	473	68	575	9	41	49	191	174
V163	84	125	114	228	161	412	11	553	131	339	131
V164	300	198	295	152	214	2	7	153	296	81	217
V165	400	75	7	96	420	14	4	675	45	198	160
V166	282	160	5	303	622	221	247	392	129	190	215
V167	249	39	199	263	38	369	87	142	799	629	146
V168	46	8	43	95	18	251	280	84	159	23	51
V169	53	70	227	194	483	241	18	306	0	19	77
V170	69	91	40	254	77	46	72	144	24	100	102
V171	190	157	556	68	84	716	679	251	191	402	173
V172	169	189	64	164	174	42	195	138	165	138	198
V173	585	508	102	293	213	145	45	85	81	3	482
V174	237	572	286	47	189	183	162	105	220	30	430
V175	9	762	834	936	83	28	10	316	432	100	460
V176	116	79	193	195	43	20	267	18	422	86	108
V177	31	91	133	458	91	468	1	378	235	0	81
V178	93	328	98	194	174	136	183	172	335	153	237
V179	128	293	205	469	249	4	190	33	212	178	234
V180	255	220	387	70	114	23	89	13	188	51	222
V181	190	20	493	72	203	229	282	61	382	164	83
V182	104	242	516	49	2	59	88	34	13	169	201
V183	54	180	293	45	327	75	3	14	146	186	138
V184	209	401	432	1057	528	425	397	21	3	19	336
V185	22	37	204	73	156	155	22	550	284	98	47
V186	2	64	47	177	62	101	23	89	213	47	42
V187	260	6	51	75	36	202	44	260	87	335	77
V188	20	63	90	670	33	272	112	369	562	55	78
V189	45	39	343	110	318	35	78	14	217	590	60
V190	3	54	75	177	110	181	36	17	542	368	53
V191	123	241	299	186	34	197	47	179	119	3	236
V192	58	112	312	87	287	3	1001	90	5	584	123
V193	191	235	443	16	282	3	114	339	103	107	190
V194	217	72	192	120	55	155	159	139	139	220	129
V195	90	384	110	116	53	220	437	372	6	267	290
V196	30	333	364	14	217	43	62	98	64	209	200
V197	262	11	158	285	27	349	108	123	221	20	82
V198	118	322	95	7	326	206	394	206	13	20	260
V199	21	35	50	71	374	222	77	379	49	547	52
V200	134	138	133	410	167	24	397	193	44	124	160
V201	333	3	117	595	162	45	169	238	27	200	128
V202	26	9	168	540	17	815	4	83	12	17	26
V203	151	158	178	25	218	659	864	167	79	10	144
V204	396	324	8	267	149	443	72	163	978	67	340
V205	31	282	342	43	173	103	34	449	155	54	222
V206	247	644	350	96	253	87	117	145	309	270	505
V207	225	397	390	234	180	265	15	255	144	725	394
V208	214	254	30	121	18	188	121	112	93	585	233
V209	46	200	77	101	755	358	443	251	510	59	172
V210	120	135	152	138	2	6	84	109	53	66	126
V211	331	92	495	47	367	105	121	184	15	104	172
V212	238	227	268	50	143	53	216	43	184	84	200
V213	1019	321	377	259	174	53	208	758	281	271	515
V214	742	20	117	36	165	259	594	317	418	494	257
V215	19	133	45	64	47	225	40	51	188	203	115
V216	23	67	100	68	126	191	249	151	150	737	98
V217	705	26	24	17	40	222	100	131	42	105	213
V218	283	287	92	31	769	525	309	52	338	680	282
V219	171	170	235	458	453	74	25	158	286	37	173
V220	355	525	220	253	524	252	521	275	168	117	402
V221	506	253	131	497	92	437	81	460	98	166	302
V222	205	341	342	21	619	313	222	42	53	182	295
V223	303	91	73	120	134	555	89	205	315	175	145
V224	102	161	125	419	397	248	143	18	134	74	143
V225	348	253	43	82	38	33	60	7	402	174	264
V226	39	30	38	22	378	233	101	50	438	121	44
V227	174	342	294	179	307	41	511	2	370	272	276
V228	20	279	230	424	129	127	634	493	87	276	227
V229	426	354	78	150	261	214	959	57	111	238	339
V230	201	96	28	463	127	524	47	130	373	236	149
V231	436	230	54	131	112	12	114	179	122	144	285
V232	454	16	368	123	11	767	27	150	2	43	138
V233	269	11	101	289	2	665	29	102	78	705	107
V234	42	304	33	19	265	116	305	439	70	83	211
V235	232	78	158	167	190	69	7	81	364	199	121
V236	30	203	22	530	221	551	164	609	177	219	148
V237	313	409	93	72	408	451	268	79	40	671	365
V238	242	383	1	530	113	180	871	1	68	161	352
V239	409	44	6	315	49	270	297	8	430	56	158
V240	288	397	538	1	239	172	511	75	111	321	342
V241	124	271	219	17	239	1030	7	108	219	156	203
V242	211	33	252	501	46	248	51	682	103	374	109
V243	373	181	424	139	376	72	70	177	99	228	220
V244	126	191	87	23	100	39	409	128	158	189	189
V245	109	127	263	242	18	184	37	98	133	6	124
V246	273	107	82	216	486	25	37	185	454	140	181
V247	70	18	295	140	41	134	365	110	55	636	46
V248	0	239	273	19	104	170	22	156	0	88	148
V249	256	201	249	47	55	12	125	84	76	6	202
V250	591	47	82	36	234	256	293	15	21	1031	229
V251	162	120	7	43	264	339	333	51	102	117	106
V252	24	174	90	162	303	200	1184	182	58	130	142
V253	266	74	17	193	195	331	88	345	59	68	146
V254	73	265	497	331	22	143	229	572	302	83	212
V255	97	197	17	201	288	110	115	22	23	305	170
V256	35	489	591	34	466	43	333	285	464	9	359
V257	131	384	90	468	32	117	45	107	22	215	304
V258	364	53	444	101	374	8	17	397	154	80	161
V259	13	45	112	66	356	1048	223	91	63	108	45
V260	137	531	162	358	376	261	388	39	34	49	381
V261	138	35	95	62	144	535	64	304	527	474	87
V262	190	44	388	142	213	68	93	110	122	50	99
V263	94	71	817	125	325	124	85	694	364	202	116
V264	163	193	34	165	105	97	68	320	464	297	185
V265	126	20	210	10	54	558	18	79	6	349	61
V266	212	108	99	288	332	64	79	90	32	133	140
V267	135	14	75	318	48	11	204	20	354	149	82
V268	362	8	94	62	82	19	478	306	612	66	109
V269	337	138	657	514	7	191	317	436	332	40	226
V270	25	215	102	205	452	324	331	512	14	197	162
V271	299	152	39	341	46	75	80	45	279	44	199
V272	374	923	127	291	58	228	111	803	343	135	723
V273	521	249	196	27	30	117	7	95	62	439	288
V274	33	143	218	219	265	681	95	69	217	341	123
V275	36	15	469	149	173	355	147	388	115	165	29
V276	231	11	216	758	321	320	73	225	416	1	95
V277	92	151	286	541	112	413	368	11	358	255	149
V278	86	27	86	89	250	252	115	187	291	369	68
V279	750	701	212	58	37	189	250	260	257	228	669
V280	169	191	129	62	387	416	797	9	3	21	221
V281	53	796	580	66	544	103	192	54	802	66	527
V282	55	84	320	23	186	372	176	38	105	282	87
V283	159	197	65	366	11	475	170	19	437	358	188
V284	198	143	257	88	142	212	77	452	91	156	162
V285	138	652	12	184	318	525	414	53	144	51	473
V286	365	59	497	477	48	86	87	25	501	123	152
V287	161	409	201	274	27	2	7	111	91	0	293
V288	5	109	85	229	9	117	14	64	24	117	90
V289	33	72	501	98	81	11	420	4	270	77	67
V290	127	92	34	507	113	56	88	427	186	28	106
V291	509	165	101	40	212	6	4	215	1	16	259
V292	205	85	328	158	899	253	43	91	32	237	125
V293	83	381	226	39	381	49	541	60	138	49	258
V294	286	66	313	352	64	68	420	79	305	472	121
V295	22	108	376	685	136	38	16	38	176	126	87
V296	642	20	10	329	87	6	351	116	234	108	221
V297	252	167	256	36	103	350	243	446	175	18	190
V298	307	214	135	14	82	69	241	94	49	276	263
V299	138	75	314	96	11	101	344	36	176	1325	118
V300	166	154	402	53	716	111	206	11	183	892	172
V301	369	158	286	65	57	31	54	278	241	10	245
V302	45	11	126	203	95	53	285	59	50	170	27
V303	210	137	253	335	23	500	235	490	70	64	131
V304	162	45	23	29	622	151	71	16	305	434	97
V305	232	469	92	164	254	21	329	105	68	10	360
V306	214	51	115	84	309	51	247	66	253	40	101
V307	199	953	533	423	424	465	60	142	261	103	675
V308	8	86	28	130	28	504	7	126	371	330	70
V309	234	78	120	1014	106	33	10	118	1	311	147
V310	561	88	54	133	271	289	305	254	405	122	223
V311	88	635	353	209	46	251	84	43	154	389	420
V312	145	136	24	342	404	197	200	124	121	1542	164
V313	342	169	510	31	98	106	39	54	305	115	224
V314	167	308	322	7	125	69	263	150	123	154	257
V315	169	458	43	420	682	181	15	919	126	32	343
V316	121	85	502	440	283	14	326	30	91	32	108
V317	203	133	261	696	136	323	235	61	70	68	156
V318	427	464	371	191	210	116	63	93	361	511	485
V319	60	507	157	357	31	8	436	172	33	72	348
V320	150	47	65	210	141	3	58	275	58	100	68
V321	14	369	454	576	119	220	136	415	20	192	249
V322	4	16	116	193	140	180	171	569	236	144	27
V323	1071	15	10	55	209	1	102	504	136	91	303
V324	187	106	96	20	214	121	87	150	131	320	143
V325	16	241	7	113	73	0	93	218	155	208	159
V326	60	29	15	11	31	26	237	1017	66	110	54
V327	36	169	4	153	512	10	143	215	463	210	153
V328	136	62	39	13	275	123	299	181	210	515	100
V329	188	217	236	42	251	1	1	19	335	157	223
V330	61	369	136	157	59	1	640	81	46	300	270
V331	818	103	1240	78	369	10	337	107	75	33	322
V332	100	162	17	298	145	26	63	273	333	168	117
V333	17	141	10	110	21	62	37	106	243	68	102
V334	55	54	292	13	200	147	185	66	1576	7	66
V335	1	242	591	1	620	75	265	208	149	164	158
V336	148	196	145	29	10	169	232	83	110	311	182
V337	290	172	1065	473	21	37	173	21	97	128	198
V338	34	54	375	346	160	330	678	130	59	244	65
V339	523	37	249	94	39	352	21	229	129	119	176
V340	140	29	59	156	10	49	284	243	74	63	76
V341	167	5	147	24	263	184	65	4	184	322	63
V342	92	798	53	45	224	172	17	218	45	107	554
V343	139	50	387	80	74	62	366	817	15	128	81
V344	328	43	34	24	157	328	110	16	66	118	137
V345	103	179	19	178	343	110	1	874	3	226	156
V346	189	55	807	167	64	110	12	197	233	899	115
V347	540	58	374	201	80	39	4	196	251	337	215
V348	335	10	238	126	125	11	26	92	94	45	107
V349	125	244	56	196	41	406	194	131	396	31	206
V350	160	163	184	118	795	251	302	9	455	79	180
V351	383	16	376	80	170	26	114	42	564	522	156
V352	6	299	270	259	122	46	270	86	79	190	217
V353	90	55	137	417	537	176	346	40	195	182	101
V354	321	212	491	76	115	221	81	185	13	343	211
V355	229	2	115	55	99	447	34	97	45	55	101
V356	179	13	23	116	218	45	66	512	320	21	74
V357	45	248	254	108	295	227	503	105	142	289	192
V358	71	40	167	209	270	50	458	76	114	387	64
V359	48	13	139	317	45	251	224	123	4	106	35
V360	141	62	7	236	272	58	30	46	418	212	100
V361	61	84	29	78	140	240	204	484	233	28	79
V362	14	54	99	368	143	425	695	131	79	373	69
V363	133	49	322	52	149	175	150	113	84	0	95
V364	182	34	8	119	277	50	3	171	18	131	103
V365	6	240	49	45	72	437	110	277	436	125	178
V366	678	267	136	248	142	82	68	70	712	65	408
V367	70	394	3	175	8	7	151	76	793	28	307
V368	115	413	125	251	349	409	246	727	50	167	330
V369	170	35	210	647	31	169	74	574	46	385	95
V370	335	250	11	76	266	823	172	220	71	198	244
V371	9	326	172	48	112	6	179	288	69	216	232
V372	61	78	459	192	816	103	461	89	465	1038	112
V373	11	163	11	330	78	16	33	176	41	120	99
V374	281	172	73	343	400	16	411	61	121	56	198
V375	169	112	123	179	15	49	57	167	43	474	138
V376	34	134	96	69	133	507	40	284	93	74	102
V377	324	9	43	140	148	1242	80	97	212	215	114
V378	300	93	75	130	368	140	186	790	454	59	170
V379	8	309	250	35	178	264	147	556	29	382	232
V380	366	16	47	832	90	39	156	51	343	159	137
V381	200	857	8	242	164	271	365	160	53	29	628
V382	310	70	59	107	351	38	389	16	500	75	138
V383	158	243	26	37	15	91	40	340	64	120	181
V384	1561	229	72	138	116	410	482	129	106	416	589
V385	65	42	0	53	252	259	449	38	352	129	61
V386	1	311	41	310	6	263	30	497	80	46	201
V387	269	9	206	184	209	89	147	38	247	106	85
V388	0	315	175	334	416	182	11	87	276	43	209
V389	284	40	81	231	39	265	162	213	384	58	138
V390	38	85	35	222	100	124	5	433	241	720	117
V391	27	114	60	31	149	356	116	88	75	508	103
V392	72	186	534	25	747	458	212	669	22	85	150
V393	66	45	73	71	92	35	121	1	84	109	67
V394	169	36	350	42	352	59	108	161	103	189	106
V395	316	322	81	34	14	201	276	202	137	200	321
V396	381	55	743	176	109	390	81	437	273	23	159
V397	503	13	364	99	379	100	36	367	1	336	156
V398	70	103	57	231	19	1	395	14	242	99	93
V399	14	210	13	250	278	188	76	267	168	39	143
V400	826	74	61	144	79	27	92	114	325	121	309
V401	244	149	324	168	660	5	159	135	285	296	182
V402	188	130	43	323	449	106	137	47	149	156	160
V403	282	396	143	52	559	106	386	234	59	310	341
V404	146	535	11	25	104	21	315	122	172	91	354
V405	40	168	41	107	8	139	416	1026	216	122	146
V406	208	167	776	17	172	17	759	75	120	112	174
V407	112	148	124	211	110	59	168	128	30	233	126
V408	206	406	34	50	87	14	165	79	11	199	343
V409	424	86	186	37	256	175	36	218	235	756	192
V410	229	329	140	121	46	13	232	61	30	104	297
V411	15	48	90	662	27	35	708	85	121	12	64
V412	66	485	252	630	23	318	221	84	399	153	331
V413	32	13	404	40	286	74	164	119	806	103	40
V414	392	370	386	162	68	234	310	69	3	260	342
V415	360	289	295	45	166	91	171	157	25	505	321
V416	25	18	858	78	92	508	211	50	455	22	28
V417	41	248	949	459	682	23	492	312	107	167	213
V418	81	86	262	140	111	21	29	74	35	9	75
V419	15	84	95	194	257	259	492	225	326	305	87
V420	382	197	152	29	233	122	39	283	79	187	244
V421	20	91	122	88	47	753	1159	85	521	24	105
V422	232	306	83	108	159	185	117	150	135	128	260
V423	404	229	838	167	87	355	516	66	186	464	310
V424	314	44	284	215	27	162	13	13	429	226	137
V425	43	62	579	15	42	208	84	118	42	177	63
V426	558	52	376	282	97	531	28	251	101	41	201
V427	16	314	43	68	159	8	43	130	74	369	247
V428	44	438	352	80	75	60	308	36	242	297	295
V429	50	139	147	660	719	78	310	69	213	156	132
V430	241	269	58	107	36	75	262	16	23	368	230
V431	221	229	511	186	44	191	53	98	45	210	223
V432	560	164	439	593	146	43	9	163	78	28	264
V433	139	207	6	78	87	77	105	17	23	109	175
V434	199	56	186	379	310	157	147	86	180	230	112
V435	246	136	87	134	69	137	117	30	26	404	169
V436	301	88	12	56	78	42	199	484	564	136	172
V437	446	309	515	225	285	315	128	74	304	67	363
V438	185	55	173	967	85	584	113	1068	534	470	136
V439	204	324	522	212	87	396	210	1	454	26	263
V440	18	461	243	176	212	87	125	227	17	95	295
V441	367	154	181	258	106	300	404	154	471	181	213
V442	84	175	267	128	43	78	518	198	105	121	148
V443	1	547	223	59	117	135	16	329	57	359	388
V444	277	35	457	471	216	154	91	136	257	6	112
V445	121	45	154	112	160	189	598	360	44	12	95
V446	409	801	464	91	139	358	216	199	231	171	627
V447	18	133	165	156	536	566	274	88	225	429	106
V448	54	1090	3	96	914	158	243	41	133	31	688
V449	7	12	806	107	88	42	113	114	765	54	44
V450	27	202	517	89	135	192	261	394	65	49	138
V451	24	369	255	15	152	96	46	233	149	232	260
V452	79	1	68	228	187	179	1320	345	109	32	40
V453	26	265	230	21	208	15	3	208	305	56	166
V454	21	39	30	352	180	72	83	554	168	165	44
V455	0	396	287	320	91	138	110	228	19	164	270
V456	377	323	199	22	193	197	99	18	445	160	341
V457	100	189	37	535	99	430	15	378	18	175	171
V458	617	54	120	4	438	68	555	436	13	139	199
V459	423	378	104	39	67	76	76	120	36	48	353
V460	43	405	464	130	131	437	118	442	77	121	277
V461	53	12	0	1226	1052	18	53	259	7	58	58
V462	36	30	165	27	474	63	54	385	10	284	33
V463	361	108	56	143	100	107	162	281	370	314	170
V464	508	97	19	161	39	77	76	556	301	23	196
V465	525	326	28	397	223	16	265	23	41	57	386
V466	227	394	66	133	42	229	678	389	196	88	319
V467	7	106	230	479	458	1153	88	139	464	26	91
V468	8	493	274	78	158	61	81	295	249	896	353
V469	140	106	135	85	169	46	109	768	137	307	118
V470	93	199	308	860	126	155	98	187	158	57	179
V471	51	451	68	73	23	141	129	458	376	93	339
V472	194	4	82	295	58	34	8	169	135	204	77
V473	45	286	194	176	171	117	39	910	565	169	205
V474	232	28	354	159	635	69	29	439	143	16	113
V475	10	174	283	97	187	130	25	120	131	429	128
V476	3	292	204	222	106	144	980	27	235	467	237
V477	11	3	207	82	128	88	291	171	128	3	15
V478	48	26	440	328	172	482	109	44	308	416	60
V479	201	165	271	10	117	51	157	424	160	28	182
V480	167	0	0	385	49	237	43	137	41	79	70
V481	39	386	125	284	29	146	403	66	204	112	272
V482	680	250	58	93	415	183	115	347	683	4	363
V483	336	89	154	67	70	341	408	224	406	138	153
V484	17	91	229	529	47	966	197	55	173	148	89
V485	956	197	512	156	340	392	720	278	126	329	419
V486	184	215	286	800	303	103	82	134	328	40	236
V487	71	72	910	237	144	278	266	60	56	5	71
V488	19	18	5	164	216	90	405	88	56	272	32
V489	304	183	31	19	52	529	154	74	192	139	221
V490	10	320	144	66	162	2	310	436	61	86	217
V491	430	166	59	89	26	91	502	326	144	499	260
V492	44	504	362	668	246	22	336	12	533	13	346
V493	67	76	302	204	529	96	72	74	190	810	103
V494	8	40	26	836	2	38	10	123	15	84	42
V495	789	636	98	925	152	21	128	12	7	133	660
V496	280	243	390	662	38	321	397	159	112	108	244
V497	23	392	42	228	29	301	973	16	147	93	241
V498	90	3	301	286	498	90	311	137	293	37	61
V499	1105	248	542	197	210	424	243	113	238	417	497
V500	177	667	328	16	16	139	195	82	40	61	463
