Source001	Source002	Source003	Source004	Source005	Source006	Source007	Source008	Source009	Source010	Sink
V1	264	17	11	190	353	3	48	221	284	241	221
V2	52	305	105	370	35	63	292	5	278	152	102
V3	335	219	87	125	117	212	180	224	471	186	283
V4	110	50	756	420	230	104	123	35	103	19	89
V5	296	82	333	474	54	46	582	96	374	86	288
V6	177	84	177	313	11	252	266	48	5	824	159
V7	627	276	208	90	83	699	47	258	89	638	548
V8	244	40	161	21	404	259	201	317	172	24	225
V9	175	12	268	84	46	530	34	60	75	166	151
V10	88	204	24	36	43	61	173	373	125	206	110
V11	68	34	144	89	98	116	153	178	457	148	65
V12	139	81	454	61	224	47	175	80	205	160	136
V13	29	67	0	78	43	66	303	565	65	75	53
V14	32	219	82	574	44	116	279	0	561	276	96
V15	14	740	59	230	6	60	382	128	50	3	154
V16	355	116	143	420	342	110	109	80	386	247	321
V17	245	276	194	495	2	102	134	64	9	201	241
V18	511	28	2	223	715	67	268	136	47	137	419
V19	145	1159	431	257	113	102	191	65	285	373	306
V20	156	541	216	37	83	57	192	535	16	26	211
V21	104	624	3	347	542	3	59	4	290	235	215
V22	35	194	37	572	575	133	91	407	96	20	90
V23	100	405	22	169	187	215	160	175	498	17	166
V24	62	125	102	14	442	449	114	55	87	546	74
V25	539	273	111	7	167	662	235	166	716	107	463
V26	19	356	41	103	83	154	70	210	9	105	93
V27	451	298	289	95	26	761	74	126	2	357	399
V28	5	843	26	373	26	124	322	110	189	168	168
V29	517	75	92	134	288	803	144	319	1	20	397
V30	303	82	118	18	242	85	19	210	382	91	269
V31	265	18	28	40	344	107	145	9	41	501	215
V32	230	4	202	66	550	509	61	205	71	247	202
V33	48	566	176	536	5	89	284	625	237	354	139
V34	435	235	39	491	1198	275	160	53	335	371	409
V35	416	34	712	346	100	230	66	8	40	98	296
V36	125	217	88	13	321	554	120	1	260	36	149
V37	116	163	330	283	16	138	220	555	23	85	140
V38	106	9	294	62	157	301	184	299	87	58	89
V39	51	281	238	144	12	269	220	343	96	281	113
V40	11	78	202	189	685	168	483	107	106	92	47
V41	3	286	156	265	292	196	54	354	169	296	52
V42	0	154	12	279	82	161	524	47	224	711	54
V43	98	523	26	31	1	61	25	54	27	147	147
V44	60	74	30	361	16	229	107	244	209	110	67
V45	95	178	20	119	214	152	64	153	466	141	124
V46	167	326	512	106	183	62	10	1	155	485	164
V47	6	8	63	49	317	51	722	51	27	379	26
V48	7	390	582	338	20	551	2	187	148	64	68
V49	115	190	37	34	128	20	180	261	123	437	131
V50	442	426	73	89	71	139	159	246	482	3	423
V51	68	271	111	21	66	31	309	14	83	96	108
V52	29	361	260	314	0	30	869	3	605	94	102
V53	281	212	4	411	45	45	114	60	315	85	258
V54	729	86	92	308	239	15	174	97	284	2	585
V55	49	317	884	93	451	124	15	303	198	197	108
V56	204	701	0	38	2	106	256	170	102	229	266
V57	52	106	527	317	291	4	469	68	76	2	81
V58	20	45	33	57	81	191	444	48	39	0	46
V59	133	24	21	77	234	2	163	179	563	143	112
V60	111	137	95	109	128	33	0	96	258	31	109
V61	55	207	238	235	35	67	262	532	215	851	100
V62	441	9	117	772	129	311	305	130	10	15	332
V63	101	266	7	53	45	393	161	154	258	9	144
V64	188	469	550	179	1286	18	280	106	338	198	248
V65	13	9	403	89	38	6	156	280	3	37	32
V66	45	26	558	484	4	4	37	235	492	282	58
V67	248	121	61	109	234	33	372	500	3	124	242
V68	99	134	65	19	266	265	111	248	13	84	100
V69	26	790	246	73	541	294	280	612	77	316	175
V70	67	227	343	220	155	3	861	444	157	162	132
V71	130	410	57	96	124	132	126	111	45	357	177
V72	217	42	374	91	2	343	254	275	158	55	182
V73	152	25	119	278	597	160	10	7	68	514	156
V74	10	281	268	192	65	44	205	61	318	148	69
V75	72	473	107	371	504	237	7	18	114	78	141
V76	213	457	4	575	144	124	219	5	191	477	208
V77	313	171	320	231	755	54	519	15	322	326	280
V78	727	149	223	216	181	44	263	497	270	381	592
V79	23	125	6	249	331	210	162	7	85	6	42
V80	309	293	301	140	307	438	3	474	63	896	323
V81	352	326	131	261	11	331	0	362	43	127	322
V82	193	80	70	275	332	164	170	9	58	13	168
V83	262	246	390	128	317	216	193	22	77	460	240
V84	1	195	154	210	119	223	6	719	104	322	56
V85	278	634	138	4	225	94	93	326	154	251	313
V86	37	317	59	44	294	85	361	125	218	45	101
V87	88	143	162	86	34	197	186	2	201	591	80
V88	97	24	348	13	24	411	76	646	95	124	115
V89	95	7	105	91	35	415	287	313	310	36	113
V90	93	14	28	204	81	164	272	99	0	46	59
V91	233	286	210	105	237	3	52	1180	172	356	261
V92	47	1283	190	45	3	623	234	48	11	65	243
V93	506	112	528	204	64	135	444	54	29	9	403
V94	265	304	71	86	252	79	20	413	491	368	262
V95	65	236	35	118	4	177	318	296	41	0	90
V96	6	60	26	654	39	24	56	111	836	196	25
V97	139	437	110	62	1054	144	151	583	88	365	238
V98	108	119	233	4	191	292	44	2	7	85	104
V99	246	10	148	52	87	35	407	224	63	538	218
V100	8	481	2	15	569	106	327	94	27	466	108
V101	96	55	51	107	37	86	279	117	130	152	100
V102	74	60	255	47	113	245	133	105	137	355	84
V103	195	295	75	11	320	119	273	19	83	865	218
V104	76	12	511	34	190	567	301	117	179	350	84
V105	71	102	314	560	17	377	15	11	306	122	88
V106	158	185	1	119	421	293	322	34	55	27	159
V107	7	394	8	169	177	239	77	51	470	77	91
V108	219	144	0	26	132	67	447	467	3	22	226
V109	419	257	438	506	557	509	28	132	314	257	365
V110	94	78	261	440	148	23	135	244	185	296	100
V111	32	63	96	62	205	926	277	50	112	95	54
V112	161	302	10	141	221	169	146	597	76	23	192
V113	194	325	17	422	683	39	25	11	256	87	217
V114	135	306	45	82	217	67	128	52	219	95	152
V115	118	296	9	85	59	343	407	188	561	104	151
V116	292	73	34	34	125	177	455	62	69	61	254
V117	170	269	264	65	345	63	37	62	426	77	182
V118	582	84	133	246	141	49	289	778	466	157	477
V119	189	5	806	132	97	181	88	491	20	98	169
V120	446	117	352	461	222	141	322	47	452	233	353
V121	589	210	5	181	28	243	90	63	351	671	464
V122	281	119	73	556	350	508	69	16	423	146	227
V123	189	179	428	150	270	363	451	307	134	284	245
V124	606	255	25	71	170	231	80	201	2	148	485
V125	133	289	146	166	284	290	41	119	195	377	156
V126	791	18	71	100	155	69	29	192	125	72	622
V127	21	93	38	34	94	1	178	231	231	9	42
V128	167	83	69	317	76	620	50	167	290	619	152
V129	219	213	210	107	455	357	11	313	41	138	204
V130	50	270	44	170	177	82	220	66	602	119	79
V131	489	13	43	14	116	78	55	232	912	28	368
V132	839	73	249	15	38	51	147	91	395	44	671
V133	410	78	22	328	78	38	464	190	157	480	354
V134	379	141	64	307	32	225	148	208	197	23	308
V135	101	88	408	261	167	557	338	144	96	123	117
V136	83	212	375	255	41	19	31	59	49	17	100
V137	51	2	32	401	205	210	61	28	20	74	43
V138	47	699	52	167	258	418	68	21	292	168	153
V139	95	107	93	9	424	306	142	224	60	622	130
V140	135	560	359	88	47	128	134	258	111	310	205
V141	267	37	295	29	7	376	69	300	296	533	219
V142	687	364	210	46	159	376	167	50	26	179	605
V143	244	1	148	200	45	252	335	227	849	11	195
V144	250	240	52	359	64	10	134	192	122	220	238
V145	159	490	200	423	480	27	137	90	24	242	199
V146	94	13	17	62	271	145	131	189	227	498	84
V147	32	24	10	294	183	427	180	101	251	296	52
V148	263	416	78	161	441	15	240	6	218	64	291
V149	98	113	808	214	361	196	241	582	266	453	123
V150	250	796	58	138	183	500	150	74	159	630	337
V151	132	328	42	148	52	596	109	206	5	431	166
V152	355	180	165	55	331	23	80	106	323	34	330
V153	407	39	104	73	283	3	87	283	283	439	347
V154	190	491	148	420	149	204	47	342	257	50	255
V155	33	605	671	300	80	809	203	72	22	262	135
V156	124	88	186	86	386	99	1018	8	73	104	145
V157	49	171	115	520	283	284	17	131	345	55	72
V158	69	57	911	1	151	80	306	205	41	55	76
V159	91	12	41	65	107	15	64	152	40	303	75
V160	215	160	208	229	336	369	597	374	728	100	233
V161	41	79	38	376	414	205	49	205	271	212	72
V162	63	58	235	307	195	57	127	153	104	16	76
V163	148	10	167	384	104	64	68	63	478	29	132
V164	92	67	43	21	2	74	30	1	509	101	81
V165	156	162	73	141	57	253	31	95	55	372	159
V166	51	84	276	663	73	55	113	38	136	105	76
V167	197	309	451	259	243	64	115	8	17	295	198
V168	186	35	357	335	902	18	447	282	184	338	186
V169	124	361	333	43	42	14	193	421	86	111	169
V170	390	372	25	57	21	27	282	145	98	133	344
V171	382	6	264	53	99	92	12	400	513	447	284
V172	20	200	75	163	20	93	20	95	88	97	58
V173	150	9	465	328	11	53	133	606	149	114	128
V174	300	91	47	7	152	140	55	617	10	123	254
V175	75	441	82	79	206	80	164	57	584	424	128
V176	71	16	236	273	13	105	435	108	62	166	74
V177	366	19	193	234	239	67	88	66	463	36	299
V178	17	110	15	15	107	172	136	33	340	145	36
V179	475	67	193	215	318	420	122	656	437	80	387
V180	26	224	151	59	245	357	281	17	169	107	70
V181	224	66	84	137	483	11	106	142	150	183	205
V182	31	210	106	228	118	60	280	6	397	243	72
V183	243	3	73	50	61	129	154	37	70	352	203
V184	50	141	507	35	98	31	290	6	39	67	72
V185	39	393	78	177	409	7	43	19	97	114	93
V186	93	26	261	1	41	243	222	5	196	87	75
V187	465	146	750	47	202	63	366	200	181	4	384
V188	177	84	390	235	405	392	134	185	58	194	168
V189	132	39	127	96	938	232	231	434	36	443	147
V190	108	20	49	510	158	387	68	91	17	251	99
V191	67	45	67	169	186	403	152	11	475	282	82
V192	144	18	133	899	43	350	70	125	179	588	129
V193	190	44	77	194	97	293	68	146	36	98	179
V194	354	189	78	97	36	246	7	30	190	171	347
V195	427	162	86	983	283	4	93	109	53	52	373
V196	7	15	252	138	158	620	119	188	76	530	37
V197	17	189	537	131	274	8	20	208	57	162	60
V198	54	35	119	284	309	249	0	344	196	124	47
V199	127	60	100	287	210	233	142	231	83	444	115
V200	307	527	8	88	16	534	468	858	9	21	396
V201	158	32	275	41	3	119	274	81	265	40	123
V202	28	31	138	118	49	356	247	339	595	135	43
V203	283	180	192	20	141	28	170	122	18	43	236
V204	541	462	457	347	7	354	452	594	125	42	506
V205	128	19	168	120	456	347	111	102	48	157	124
V206	524	374	45	12	56	1016	241	345	135	26	441
V207	188	243	264	99	253	68	12	230	272	292	207
V208	275	224	47	124	102	203	4	4	121	24	225
V209	222	42	10	12	213	64	119	109	320	232	173
V210	432	67	1	193	61	25	34	94	11	148	367
V211	174	8	52	287	341	115	31	54	236	18	141
V212	553	17	416	124	53	77	22	27	112	160	400
V213	100	22	326	475	338	106	104	358	320	202	116
V214	43	27	92	51	16	49	94	33	360	69	48
V215	400	688	8	50	476	21	88	140	182	15	434
V216	482	33	165	13	890	306	176	88	97	225	418
V217	4	19	413	207	205	90	236	236	142	259	25
V218	195	235	772	83	226	420	587	406	161	271	214
V219	155	248	27	78	118	263	406	54	37	40	172
V220	71	561	854	59	1101	55	16	28	124	389	179
V221	996	9	131	392	350	164	67	19	104	265	772
V222	56	322	63	12	112	57	106	16	175	186	119
V223	22	48	330	59	5	26	193	102	655	18	39
V224	9	615	266	399	345	521	93	652	186	114	139
V225	98	19	0	28	44	69	190	13	117	169	86
V226	491	359	150	47	218	168	268	187	275	374	445
V227	145	58	404	133	562	212	30	360	61	154	168
V228	436	151	26	124	132	548	253	53	91	41	362
V229	28	16	57	568	24	157	348	11	17	250	26
V230	263	447	496	202	181	207	42	258	544	34	283
V231	28	25	9	551	75	238	469	22	223	200	41
V232	173	154	233	123	281	658	414	204	129	613	182
V233	5	684	13	5	203	71	77	141	99	8	116
V234	48	338	114	34	45	413	272	0	350	56	112
V235	176	40	188	188	90	144	3	58	381	179	135
V236	60	66	351	17	239	255	54	661	59	118	74
V237	49	407	245	1077	26	32	19	120	41	170	131
V238	382	36	126	182	16	88	187	154	45	805	289
V239	18	319	65	303	178	466	47	746	54	314	105
V240	141	45	239	109	224	405	56	46	5	7	106
V241	251	194	133	60	39	246	583	666	39	164	253
V242	233	169	159	222	46	131	407	39	102	233	204
V243	271	89	107	92	138	101	238	157	37	113	247
V244	4	85	5	222	16	215	268	178	243	372	32
V245	131	176	117	82	182	89	66	221	195	42	144
V246	115	1	99	85	80	778	263	79	442	93	109
V247	585	38	378	16	353	346	158	65	627	310	478
V248	172	50	331	3	215	36	97	79	31	588	154
V249	225	133	692	58	356	59	350	11	113	113	196
V250	122	56	277	69	343	376	109	128	283	111	124
V251	79	202	394	1315	414	370	38	169	158	360	134
V252	93	176	70	116	136	138	136	328	293	174	121
V253	148	244	72	65	121	68	13	458	79	167	152
V254	70	376	65	151	312	5	319	1	1382	282	124
V255	529	97	178	37	680	91	221	220	34	160	402
V256	60	82	45	54	240	122	215	1	953	277	75
V257	277	18	14	30	86	240	47	431	58	1	232
V258	363	333	102	14	3	563	160	57	96	440	348
V259	368	109	76	68	22	172	188	20	324	465	300
V260	135	75	172	129	49	20	109	127	14	280	120
V261	309	181	657	283	140	6	144	199	20	200	259
V262	87	339	149	117	241	20	21	163	13	96	123
V263	32	274	496	267	129	77	374	326	143	582	90
V264	129	1024	82	533	152	288	21	319	15	208	288
V265	35	63	1	353	207	96	265	240	504	59	53
V266	505	453	58	322	515	81	297	207	117	149	447
V267	328	235	18	210	133	0	5	8	59	1	286
V268	401	441	153	85	516	311	240	5	4	32	398
V269	15	1031	167	471	34	351	61	111	79	244	192
V270	1185	530	87	19	279	503	130	122	253	191	1016
V271	279	172	9	9	82	67	83	267	125	17	278
V272	37	125	428	188	136	299	107	151	170	256	65
V273	13	161	190	54	77	242	172	168	190	19	51
V274	424	804	524	402	62	97	477	742	399	81	486
V275	175	129	57	395	21	286	273	10	247	100	145
V276	394	91	80	215	1	46	285	1	24	208	318
V277	61	13	92	114	249	42	22	123	195	52	55
V278	222	15	106	63	201	332	155	274	482	7	198
V279	2	253	14	333	449	500	93	163	89	109	72
V280	400	78	381	19	161	103	353	601	3	133	366
V281	113	164	426	128	23	196	392	464	90	200	126
V282	12	81	266	223	101	209	578	61	448	25	41
V283	409	781	99	272	9	203	0	48	17	167	409
V284	462	1	26	240	54	149	254	83	47	39	349
V285	149	79	244	21	904	638	22	114	43	490	140
V286	131	64	108	272	44	2	251	177	298	287	117
V287	236	22	238	15	29	44	68	312	50	57	222
V288	146	453	73	29	44	436	156	60	14	267	206
V289	27	549	203	15	140	525	286	43	368	373	120
V290	50	140	234	252	337	440	433	51	50	105	87
V291	67	11	0	286	284	104	26	333	9	42	77
V292	240	121	104	10	242	170	152	133	160	16	201
V293	27	54	39	109	135	752	594	90	201	272	57
V294	50	122	173	108	90	94	260	46	50	512	79
V295	100	109	33	45	230	62	12	23	2	85	85
V296	34	54	403	13	424	56	155	205	513	543	59
V297	146	109	68	82	103	235	408	746	18	72	159
V298	85	926	31	8	15	219	216	243	59	258	225
V299	340	356	234	566	167	378	821	161	4	108	323
V300	389	156	849	109	0	15	37	215	247	45	309
V301	463	103	32	77	134	100	152	495	114	37	402
V302	82	85	217	503	98	1218	94	128	100	108	97
V303	168	43	711	3	524	196	21	769	15	32	169
V304	266	189	193	63	73	24	68	273	10	104	255
V305	245	52	245	0	14	201	16	213	395	247	212
V306	1512	42	36	493	19	160	882	20	559	25	1183
V307	251	288	251	305	11	852	251	98	9	189	250
V308	264	326	449	287	47	445	307	34	5	198	244
V309	164	114	151	394	26	544	204	309	223	260	154
V310	326	15	41	152	85	83	53	137	564	36	236
V311	248	255	18	442	152	6	105	41	591	486	250
V312	301	10	130	105	48	142	61	137	233	127	258
V313	141	12	313	221	113	169	701	130	165	228	128
V314	135	44	18	156	17	70	37	94	228	294	106
V315	62	54	122	436	6	147	83	134	34	324	69
V316	104	107	7	39	183	505	286	167	191	485	138
V317	209	125	38	887	28	152	44	311	42	29	203
V318	57	36	16	414	79	123	162	453	523	83	87
V319	398	173	72	635	226	390	51	260	28	1111	339
V320	58	43	248	56	46	21	42	476	107	1	66
V321	38	267	157	12	23	70	248	54	224	352	79
V322	209	469	285	698	153	646	236	678	108	220	282
V323	170	540	164	176	147	273	1262	41	95	63	244
V324	282	417	733	254	174	34	747	367	197	301	297
V325	253	66	160	205	368	1072	56	622	59	348	239
V326	58	51	135	130	187	3	124	123	27	6	67
V327	672	401	64	42	111	42	64	207	35	369	621
V328	96	73	284	217	672	133	51	281	47	122	98
V329	323	119	45	501	435	60	309	610	446	158	297
V330	16	219	13	64	219	0	353	192	31	673	57
V331	514	192	30	134	150	239	516	70	505	18	441
V332	88	4	224	226	35	17	25	33	129	52	73
V333	39	11	29	514	61	168	164	238	101	52	37
V334	457	120	222	86	375	226	93	0	414	93	368
V335	400	225	242	466	68	10	128	567	651	589	383
V336	651	98	90	360	76	359	329	346	305	134	526
V337	48	216	136	351	301	38	23	49	124	249	94
V338	356	221	149	669	1217	44	328	0	3	11	376
V339	314	128	307	122	43	35	2	428	153	47	279
V340	306	57	71	309	140	371	85	51	201	48	223
V341	184	236	763	272	73	185	345	21	9	69	196
V342	36	56	11	175	724	43	69	659	86	185	76
V343	61	22	333	149	360	79	224	156	248	4	59
V344	53	523	238	54	186	281	16	49	90	316	120
V345	3	683	566	16	233	80	251	243	276	116	134
V346	281	566	149	20	368	134	213	50	173	124	327
V347	123	262	372	162	10	216	633	71	19	49	147
V348	64	9	73	323	197	182	99	77	81	134	69
V349	43	9	7	257	129	51	162	187	77	902	65
V350	70	39	188	196	14	130	338	407	314	150	83
V351	276	209	410	51	14	70	153	89	104	142	242
V352	293	138	130	101	17	53	466	13	165	713	268
V353	185	6	29	244	37	469	259	1	159	273	139
V354	149	264	55	118	448	24	771	86	181	380	190
V355	341	237	794	104	49	184	171	142	95	123	313
V356	92	88	301	216	1130	116	315	196	95	300	147
V357	237	164	76	532	117	82	267	97	304	154	217
V358	263	252	329	75	394	22	66	11	171	473	265
V359	288	296	117	78	214	34	323	163	117	53	249
V360	211	708	76	425	88	579	273	152	26	161	284
V361	28	184	223	104	110	163	17	66	23	27	59
V362	90	17	33	473	259	75	182	63	408	15	98
V363	51	12	184	629	198	257	42	471	97	21	76
V364	97	539	65	3	442	101	557	101	19	71	179
V365	11	115	362	468	95	75	145	131	198	108	37
V366	137	149	391	53	372	5	224	15	89	24	143
V367	121	634	326	42	12	187	10	51	59	65	212
V368	604	100	92	127	64	318	16	647	53	169	528
V369	300	104	81	206	207	285	352	59	81	10	234
V370	30	23	43	36	342	154	346	13	545	14	41
V371	349	44	47	172	132	87	478	84	117	93	298
V372	10	235	648	369	404	360	170	302	225	108	68
V373	15	402	91	86	338	219	99	156	24	117	96
V374	527	91	39	45	227	175	235	336	251	210	428
V375	2	119	59	43	259	192	2	212	410	168	47
V376	53	94	1328	492	94	68	480	344	190	144	68
V377	63	345	101	327	73	259	195	93	17	139	123
V378	107	15	124	124	132	310	152	47	483	12	91
V379	206	37	45	50	50	72	18	133	58	216	172
V380	204	48	3	61	233	8	106	452	117	289	172
V381	67	98	38	149	490	585	214	277	273	85	93
V382	252	30	496	15	79	371	126	430	73	227	217
V383	248	548	179	173	956	113	126	291	595	179	290
V384	21	106	170	527	34	46	341	13	298	228	50
V385	107	327	177	711	341	75	47	174	19	69	165
V386	34	13	33	530	43	333	906	33	567	427	66
V387	310	54	247	214	171	221	43	184	54	229	253
V388	24	136	374	221	110	14	71	493	91	48	50
V389	29	126	348	8	615	156	765	229	858	393	104
V390	251	35	417	158	127	12	568	34	216	516	190
V391	263	155	151	175	154	121	408	246	112	645	230
V392	41	164	17	29	58	159	128	362	22	344	57
V393	204	171	16	194	119	376	861	19	161	54	207
V394	190	59	471	170	15	470	281	120	27	102	179
V395	458	483	734	61	1539	115	238	10	187	295	446
V396	95	94	23	29	99	132	205	8	20	230	107
V397	100	335	145	191	20	62	102	214	344	164	131
V398	32	262	288	63	184	148	275	192	278	81	83
V399	65	382	714	514	374	21	8	88	9	32	109
V400	634	162	409	121	70	91	394	38	228	56	508
V401	105	130	84	696	9	217	222	62	15	87	109
V402	85	72	338	15	384	92	398	643	271	178	100
V403	338	61	109	16	16	22	18	17	256	435	241
V404	95	248	49	600	188	784	235	135	328	208	121
V405	76	313	201	44	173	524	59	321	306	98	129
V406	402	43	187	31	6	187	206	45	179	23	330
V407	806	156	159	124	340	218	91	18	63	564	650
V408	172	97	1067	179	139	112	87	211	193	349	151
V409	86	8	61	72	605	287	191	144	28	160	98
V410	337	155	1099	47	306	168	10	302	22	119	286
V411	36	138	243	13	50	546	102	166	7	80	70
V412	18	85	138	123	44	71	245	367	160	664	46
V413	151	433	85	5	395	32	76	135	41	8	188
V414	291	114	32	651	64	112	163	106	174	125	237
V415	98	11	154	151	580	233	431	10	619	193	88
V416	291	1117	4	125	274	225	216	5	10	53	406
V417	88	49	105	330	205	71	521	45	244	48	86
V418	346	382	106	500	240	155	408	231	68	156	316
V419	170	210	57	962	22	31	36	113	30	561	213
V420	4	46	55	311	235	600	207	118	263	89	32
V421	92	239	564	0	187	250	48	15	165	90	113
V422	293	12	199	614	7	223	67	37	446	196	248
V423	590	181	36	39	171	52	7	724	119	56	505
V424	564	67	415	5	18	96	110	227	923	178	457
V425	253	20	87	109	69	33	52	84	55	85	200
V426	28	125	79	104	16	21	331	239	130	114	47
V427	20	11	445	155	40	22	155	11	8	125	31
V428	62	64	215	81	84	77	763	107	621	145	87
V429	164	61	116	152	366	250	83	166	61	207	136
V430	68	136	356	388	424	349	8	387	2	328	95
V431	132	334	64	763	98	14	28	463	123	473	174
V432	47	658	160	12	69	159	169	443	66	154	179
V433	1	113	63	34	67	332	738	308	872	2	44
V434	195	285	311	19	10	14	645	358	384	175	237
V435	693	119	90	210	175	306	157	390	113	356	565
V436	18	73	915	76	127	262	12	8	105	185	29
V437	68	54	73	170	83	64	571	36	519	89	75
V438	262	212	27	187	93	101	4	12	136	6	231
V439	127	237	416	13	75	214	126	277	184	51	152
V440	232	315	53	46	72	34	51	47	55	265	215
V441	823	30	835	709	33	18	24	110	263	9	616
V442	215	110	110	54	234	5	47	349	82	441	206
V443	145	49	35	256	109	942	152	0	685	477	122
V444	234	239	124	239	81	198	2	208	117	45	204
V445	80	245	100	173	31	57	10	284	396	31	99
V446	121	13	135	3	28	213	56	257	151	121	125
V447	108	732	505	238	299	36	55	145	244	199	209
V448	283	231	15	313	204	58	452	214	232	22	252
V449	49	114	80	233	246	333	16	100	404	422	91
V450	544	80	197	30	82	306	115	388	414	65	424
V451	488	305	97	4	30	106	166	451	297	653	459
V452	514	465	362	823	183	1322	87	14	660	354	492
V453	102	71	236	372	47	283	218	49	148	1117	116
V454	124	152	194	104	107	77	227	13	331	9	122
V455	71	192	198	152	163	134	147	251	141	58	93
V456	132	13	149	273	106	441	257	317	34	11	134
V457	421	18	321	238	558	116	50	215	138	2	323
V458	94	57	84	125	217	32	237	252	185	66	100
V459	285	89	383	97	163	10	260	233	485	36	239
V460	259	13	464	89	19	195	323	179	686	128	233
V461	54	7	236	239	221	58	77	59	66	191	60
V462	226	403	171	42	7	177	2	664	397	484	276
V463	215	62	50	150	75	4	17	78	138	86	175
V464	19	56	80	4	197	370	29	232	242	223	43
V465	33	579	95	313	5	18	498	502	58	355	159
V466	45	123	293	98	254	702	241	2	247	108	59
V467	63	9	340	21	395	42	123	643	150	305	105
V468	24	413	163	58	156	38	79	177	62	61	83
V469	35	62	289	499	20	43	52	191	448	212	54
V470	114	63	78	151	91	66	379	112	161	456	113
V471	590	74	77	199	206	2	64	702	401	127	474
V472	34	90	349	7	594	96	327	406	8	210	71
V473	74	550	21	56	305	18	87	1027	448	6	177
V474	382	557	85	276	66	453	23	59	16	326	365
V475	1036	236	202	200	201	276	779	360	734	171	834
V476	390	216	369	126	325	232	256	545	337	76	351
V477	72	39	503	105	275	15	186	15	431	220	84
V478	72	149	196	128	3	164	164	38	230	85	100
V479	232	61	815	115	59	184	432	264	148	227	202
V480	270	11	417	211	134	46	40	455	168	4	243
V481	2	128	380	115	428	231	118	174	90	89	41
V482	236	49	276	132	51	804	548	75	21	72	212
V483	543	365	110	281	260	32	283	806	113	455	498
V484	3	182	61	61	112	40	84	144	166	29	59
V485	1104	342	345	552	33	96	246	365	57	15	858
V486	66	14	35	54	615	318	255	100	390	62	66
V487	68	565	292	231	80	152	164	35	47	137	160
V488	29	189	121	88	77	331	94	35	535	205	68
V489	141	62	166	310	292	217	317	701	61	667	180
V490	140	827	339	201	34	77	82	162	293	65	261
V491	653	44	41	628	701	115	37	182	67	26	566
V492	10	714	55	517	67	13	149	159	241	626	169
V493	171	109	78	38	137	425	161	184	21	26	189
V494	70	27	329	224	391	70	357	77	295	173	78
V495	36	84	55	457	120	147	54	217	375	43	60
V496	328	29	22	16	66	122	347	139	100	303	245
V497	339	314	249	190	286	216	491	159	114	283	325
V498	9	1081	654	104	42	9	46	43	27	604	181
V499	25	114	58	6	181	84	69	1299	452	0	97
V500	82	246	96	299	134	2	87	29	139	70	107
