Source001	Source002	Source003	Source004	Source005	Source006	Source007	Source008	Source009	Source010	Sink
V1	382	441	320	39	76	206	137	128	17	124	349
V2	0	504	79	137	109	80	119	529	63	14	177
V3	74	132	551	238	208	224	192	187	84	142	113
V4	78	179	151	4	9	342	80	96	449	183	124
V5	0	58	86	140	38	39	121	131	56	7	24
V6	483	104	0	212	112	336	21	21	403	220	347
V7	359	96	451	28	127	44	14	8	235	111	261
V8	22	103	437	1	13	43	205	12	505	216	73
V9	4	74	195	386	139	31	63	229	3	27	30
V10	243	206	142	12	305	59	255	13	55	76	212
V11	39	141	10	382	167	170	73	142	267	276	82
V12	656	122	73	39	94	192	360	49	675	268	491
V13	88	24	160	500	61	93	653	506	154	18	95
V14	199	278	391	627	197	50	172	64	50	96	229
V15	22	7	18	86	68	524	71	4	103	187	21
V16	299	222	202	85	55	42	10	92	94	31	236
V17	24	117	128	190	36	617	83	36	95	16	72
V18	81	213	98	87	117	161	51	644	832	98	122
V19	120	54	27	42	82	77	36	39	499	318	84
V20	463	468	180	27	351	454	17	87	24	86	428
V21	278	2	366	34	53	26	301	223	157	247	187
V22	218	97	89	562	203	39	448	161	46	245	183
V23	68	219	62	120	37	60	229	260	174	135	130
V24	295	276	98	113	56	388	3	8	63	472	282
V25	273	43	170	409	82	321	134	153	681	12	194
V26	15	48	748	131	185	274	57	208	94	187	46
V27	116	98	125	88	238	24	77	324	574	54	124
V28	10	220	118	148	155	112	176	402	6	680	90
V29	148	135	122	412	259	373	15	8	274	260	145
V30	637	111	199	954	46	166	98	279	134	64	459
V31	495	30	104	196	121	2	99	25	182	110	276
V32	224	322	215	49	361	139	8	174	61	327	268
V33	396	372	79	357	183	101	57	143	15	222	375
V34	299	63	253	5	117	25	10	499	85	36	206
V35	55	187	126	574	310	28	7	87	15	188	114
V36	459	532	75	76	46	33	338	37	370	74	417
V37	316	118	97	211	150	330	260	22	109	42	229
V38	29	138	440	31	37	115	27	1	286	609	72
V39	86	19	25	59	89	49	240	179	720	32	78
V40	222	264	849	209	178	117	141	33	145	10	227
V41	5	1071	136	451	181	18	590	346	616	234	345
V42	111	133	171	18	290	31	50	131	9	246	110
V43	380	541	191	222	153	48	268	621	115	60	451
V44	51	92	10	2	60	595	66	554	158	128	66
V45	7	201	649	199	378	86	31	265	3	54	120
V46	7	156	5	115	197	249	139	420	177	51	71
V47	73	32	334	118	480	48	374	391	182	0	85
V48	16	126	562	204	21	47	470	428	34	90	66
V49	35	15	18	152	362	40	359	287	198	201	45
V50	97	31	539	173	341	219	61	298	239	123	96
V51	12	109	135	88	262	485	75	547	307	17	70
V52	125	524	229	50	201	103	147	63	390	111	244
V53	353	134	157	45	85	201	87	9	437	116	263
V54	107	88	33	129	33	2	109	661	314	489	127
V55	597	449	980	92	1153	361	35	98	11	9	508
V56	66	428	59	126	238	73	257	27	95	128	172
V57	7	75	125	233	52	123	389	192	402	1	52
V58	230	381	19	219	17	198	210	282	329	343	301
V59	178	50	205	34	16	31	147	322	97	106	159
V60	182	309	405	276	633	109	166	4	369	112	237
V61	107	486	22	325	31	166	65	33	84	277	218
V62	259	205	52	35	70	428	60	27	120	28	192
V63	56	28	60	25	140	29	126	78	22	138	67
V64	60	433	56	518	389	15	325	803	101	148	198
V65	45	28	113	469	35	483	231	105	279	158	38
V66	1248	86	33	252	125	176	365	181	122	149	799
V67	221	148	178	171	417	68	544	62	207	68	188
V68	137	10	189	189	150	462	151	95	163	22	102
V69	56	87	12	123	134	207	433	20	80	447	77
V70	65	23	26	74	167	303	300	80	52	225	51
V71	160	372	244	46	228	70	133	56	320	199	239
V72	250	284	210	39	7	585	69	408	335	68	246
V73	152	130	73	96	215	56	273	30	313	408	138
V74	78	91	219	380	170	314	407	47	69	1	92
V75	341	436	17	63	166	133	205	345	104	185	333
V76	18	719	59	58	419	65	239	67	176	70	239
V77	132	416	335	217	314	31	67	376	145	114	230
V78	143	158	351	47	326	389	103	56	213	606	162
V79	17	28	172	117	414	107	95	181	66	128	48
V80	263	79	469	14	470	197	216	334	34	280	225
V81	140	90	548	466	109	88	82	143	280	78	139
V82	101	121	154	21	181	120	69	191	35	27	132
V83	265	133	176	204	221	220	41	210	336	32	240
V84	144	44	25	12	411	221	142	301	177	384	121
V85	273	558	202	739	89	140	122	310	587	515	336
V86	194	25	223	3	156	61	52	243	125	61	156
V87	37	106	296	88	39	258	189	88	749	79	69
V88	480	232	168	21	109	29	151	14	153	46	355
V89	56	136	153	33	65	101	27	70	271	1146	102
V90	43	159	23	151	150	18	0	256	443	194	90
V91	113	71	309	14	45	735	437	220	168	101	105
V92	142	161	37	160	61	49	29	4	102	127	117
V93	34	185	159	657	78	49	7	247	432	677	106
V94	98	155	401	603	987	82	14	30	14	481	127
V95	47	218	476	285	5	50	175	98	242	202	123
V96	5	564	65	636	20	438	63	372	244	99	178
V97	627	63	43	213	12	183	58	54	212	66	426
V98	64	20	35	98	154	99	782	122	11	671	51
V99	435	64	462	61	83	160	126	950	53	22	312
V100	180	47	346	38	401	270	92	71	153	139	164
V101	160	10	131	780	48	77	114	53	64	7	94
V102	164	225	62	201	388	103	469	214	61	62	211
V103	216	7	64	33	55	140	37	124	42	67	146
V104	50	36	75	401	296	149	134	100	153	428	56
V105	188	15	76	9	128	23	21	134	283	69	151
V106	45	163	278	245	192	281	222	19	717	204	97
V107	193	271	204	507	16	61	206	206	132	24	202
V108	292	67	85	414	114	154	15	51	67	262	212
V109	373	150	315	126	213	425	65	40	873	190	282
V110	831	284	517	3	290	35	94	26	113	328	614
V111	1093	50	188	39	66	21	453	2075	128	315	730
V112	319	136	6	4	746	389	118	107	628	105	272
V113	37	42	353	73	75	119	612	110	224	638	66
V114	197	102	20	76	201	131	52	29	15	365	166
V115	515	79	16	593	325	434	151	496	5	789	355
V116	305	281	453	526	228	180	273	67	186	9	297
V117	179	20	228	961	304	51	313	280	33	166	117
V118	75	355	89	146	44	202	181	366	259	3	190
V119	217	391	19	73	223	369	182	9	118	320	259
V120	322	376	56	81	397	102	140	7	106	124	328
V121	126	383	114	330	34	40	228	37	56	236	229
V122	68	294	136	37	85	115	63	107	140	46	127
V123	432	26	24	569	90	364	669	103	57	24	276
V124	134	268	67	126	204	19	326	171	41	60	174
V125	465	204	46	219	9	155	137	78	91	67	327
V126	110	2	134	15	173	356	151	120	296	415	91
V127	194	56	384	156	355	167	43	205	198	11	154
V128	308	21	23	217	206	5	158	291	198	4	208
V129	141	221	121	512	106	139	188	309	10	587	184
V130	41	220	125	183	399	201	83	37	118	72	80
V131	86	40	28	366	430	219	453	77	155	226	106
V132	149	280	712	131	26	594	218	32	11	123	203
V133	1168	373	46	26	2	485	230	35	556	209	801
V134	798	123	204	339	27	13	160	69	54	331	564
V135	65	41	40	77	362	184	23	808	290	116	89
V136	36	195	774	34	229	391	638	300	354	564	104
V137	84	480	381	20	105	32	144	504	86	56	224
V138	90	275	116	418	40	21	45	20	351	67	127
V139	288	74	159	102	13	217	286	113	423	341	235
V140	76	32	331	580	178	135	476	109	291	238	84
V141	387	459	669	203	519	387	1673	159	37	56	382
V142	192	67	241	17	100	11	143	125	337	62	172
V143	187	61	291	54	219	189	65	249	13	246	143
V144	103	24	180	3	381	129	376	4	216	343	82
V145	141	1545	11	363	1	521	188	339	101	74	581
V146	7	16	48	389	500	216	52	136	52	197	39
V147	453	214	27	376	101	28	170	87	108	316	364
V148	245	550	186	51	14	57	176	85	99	388	334
V149	432	226	70	211	82	85	92	199	311	91	370
V150	124	74	205	33	58	299	57	105	24	181	105
V151	195	53	184	35	173	71	259	114	416	233	164
V152	30	525	15	115	17	117	287	207	8	579	172
V153	659	104	40	275	160	356	429	353	411	52	443
V154	143	97	369	26	102	54	168	171	340	339	160
V155	246	250	17	143	477	105	187	109	258	163	236
V156	63	487	13	24	195	12	186	354	170	38	205
V157	81	59	84	13	61	1043	358	524	88	366	99
V158	138	230	136	41	17	384	608	66	572	278	184
V159	104	466	174	274	218	125	563	551	12	325	248
V160	584	52	6	132	96	199	467	270	254	13	388
V161	6	151	104	371	30	76	24	174	19	156	66
V162	64	13	35	34	33	12	342	46	225	80	65
V163	327	402	73	39	8	480	26	106	387	85	319
V164	887	387	99	3	76	167	196	94	253	38	672
V165	133	53	79	5	153	610	158	575	261	573	132
V166	142	99	376	67	52	182	67	613	59	231	144
V167	199	372	650	616	33	14	82	324	19	14	222
V168	44	114	2	108	529	285	34	100	124	9	64
V169	439	249	24	24	281	72	236	49	331	0	337
V170	227	200	29	42	139	29	401	6	344	312	199
V171	357	80	141	951	403	455	18	570	22	156	250
V172	122	282	420	69	223	212	157	294	228	19	194
V173	86	39	911	211	398	94	7	20	25	255	75
V174	120	237	213	209	27	96	93	1069	73	164	155
V175	286	416	108	35	366	123	346	128	393	118	318
V176	324	38	57	258	239	144	37	64	374	202	206
V177	153	37	118	203	183	406	29	40	39	379	109
V178	672	260	219	311	97	210	378	157	37	450	518
V179	65	65	8	6	442	691	110	44	11	156	81
V180	90	201	80	105	45	63	10	122	403	234	121
V181	5	655	93	232	182	37	173	205	624	57	190
V182	273	304	741	76	384	50	236	24	367	28	268
V183	328	5	155	10	268	24	128	253	25	379	232
V184	61	175	130	291	322	96	22	70	47	132	100
V185	266	108	102	31	84	28	107	5	173	521	233
V186	264	226	496	353	448	7	278	76	0	228	266
V187	391	10	31	222	32	55	254	54	10	208	248
V188	46	729	79	81	40	367	37	370	107	34	278
V189	172	201	38	50	217	362	16	708	30	195	197
V190	40	52	62	266	100	98	320	150	55	56	44
V191	22	31	161	32	315	93	657	231	218	255	46
V192	141	126	21	587	110	30	554	173	202	291	135
V193	321	686	517	231	274	119	459	90	3	941	422
V194	452	99	35	99	192	422	84	233	816	101	333
V195	8	198	395	941	112	168	88	800	75	17	82
V196	380	93	179	91	234	259	119	159	17	9	311
V197	188	47	244	260	10	337	132	241	791	374	148
V198	136	313	34	1079	187	99	397	181	531	189	184
V199	106	184	183	69	191	605	100	166	188	360	149
V200	60	659	23	222	127	565	341	341	229	896	259
V201	141	363	34	148	217	315	226	245	272	61	215
V202	291	10	34	233	101	369	155	282	43	29	195
V203	515	307	226	501	206	858	112	139	94	341	430
V204	758	11	298	203	23	589	205	132	218	542	477
V205	220	453	18	146	18	139	331	2	179	785	296
V206	274	89	8	55	186	65	1271	99	732	164	224
V207	20	63	518	247	158	164	286	181	20	93	47
V208	251	114	349	267	479	194	11	225	126	137	182
V209	94	74	43	192	416	6	2	49	41	129	90
V210	116	17	342	351	60	44	136	245	101	187	85
V211	76	195	349	591	175	15	156	832	64	330	142
V212	316	55	131	6	2	3	74	11	19	31	222
V213	91	110	373	51	194	185	63	74	182	9	109
V214	27	115	416	383	299	309	249	168	173	152	74
V215	119	350	383	37	11	136	493	28	283	180	183
V216	1	168	99	73	35	38	340	168	217	207	80
V217	466	443	206	43	331	383	49	4	230	178	426
V218	164	104	402	223	1	535	47	129	120	37	146
V219	568	407	0	582	152	296	0	333	404	181	475
V220	194	279	84	231	79	325	374	97	110	54	229
V221	62	1057	129	202	77	56	36	145	5	517	349
V222	5	21	143	924	733	49	20	112	217	173	31
V223	81	268	356	130	171	43	55	331	299	49	129
V224	474	185	106	77	35	208	161	203	131	64	355
V225	138	74	127	142	447	152	527	58	165	527	124
V226	131	28	297	207	25	46	896	238	94	308	111
V227	171	27	608	141	429	11	1068	758	284	721	152
V228	163	169	76	27	133	126	197	429	568	11	141
V229	139	190	295	157	158	276	359	115	63	130	155
V230	223	74	372	317	236	396	71	9	80	56	160
V231	325	147	203	193	693	216	13	46	31	513	258
V232	270	52	422	131	197	187	124	84	202	251	207
V233	93	18	190	13	214	150	146	300	59	268	77
V234	450	107	3	656	44	78	85	213	257	649	312
V235	149	775	968	43	109	75	33	339	206	83	333
V236	198	416	137	173	72	18	29	2	61	126	266
V237	26	462	43	113	402	38	158	64	233	84	168
V238	53	3	106	493	99	235	83	22	16	61	45
V239	129	261	1235	3	245	129	170	295	129	133	168
V240	603	102	170	170	176	288	72	189	480	18	369
V241	104	173	722	248	351	72	321	11	325	145	122
V242	32	111	113	26	320	85	194	491	293	75	92
V243	342	166	77	98	340	147	93	134	48	9	255
V244	76	158	84	122	191	41	279	327	829	131	114
V245	867	216	116	154	1153	244	7	63	93	146	645
V246	49	242	602	68	372	183	310	708	23	94	147
V247	25	367	239	107	219	602	158	204	162	137	150
V248	39	110	29	79	47	339	69	278	59	74	75
V249	393	220	89	125	653	90	169	228	127	32	353
V250	293	41	93	262	805	298	53	137	245	254	213
V251	546	55	17	285	250	700	441	12	288	456	401
V252	83	246	303	150	255	412	1655	286	89	127	178
V253	162	7	781	91	369	315	7	19	21	32	112
V254	61	167	9	549	333	405	34	51	133	129	101
V255	87	15	104	20	650	174	29	28	55	390	80
V256	27	330	37	365	17	223	7	1193	130	344	147
V257	147	21	327	363	871	184	244	332	715	393	135
V258	49	31	24	67	18	214	117	660	177	493	82
V259	61	68	419	244	497	21	258	291	112	101	78
V260	124	24	201	213	171	908	35	43	58	188	95
V261	18	144	42	198	389	25	538	152	156	672	86
V262	43	248	21	73	376	110	145	31	34	442	103
V263	60	220	262	183	197	17	23	10	229	36	123
V264	11	17	201	19	187	98	209	344	303	402	42
V265	129	73	361	20	538	133	324	247	3	100	113
V266	9	14	137	42	161	39	98	98	185	9	36
V267	222	61	140	25	864	139	104	501	53	214	215
V268	119	584	481	94	94	122	201	828	124	279	291
V269	704	33	238	8	423	45	43	9	43	160	471
V270	38	27	50	127	70	27	170	283	192	523	66
V271	221	65	2	41	51	28	178	336	245	464	201
V272	25	49	145	219	213	219	21	141	2	236	58
V273	69	463	282	140	200	403	239	108	443	31	202
V274	13	94	36	378	434	820	73	182	73	87	47
V275	92	64	122	730	404	23	164	25	194	76	118
V276	71	10	66	132	490	79	181	29	22	289	85
V277	297	180	531	99	117	11	414	275	45	11	247
V278	9	299	174	484	491	404	222	248	367	416	104
V279	82	161	81	309	95	330	331	227	4	544	125
V280	93	534	136	131	38	577	106	216	83	335	231
V281	54	114	85	105	34	166	384	382	636	329	101
V282	127	134	70	352	78	78	10	0	464	72	124
V283	194	91	160	20	115	155	125	35	46	280	165
V284	162	292	98	156	4	73	188	38	228	113	186
V285	14	47	537	282	453	98	612	57	97	529	51
V286	5	169	91	521	11	225	23	279	292	360	63
V287	176	27	209	108	41	252	210	70	61	119	129
V288	457	15	302	108	269	321	146	165	125	89	295
V289	29	372	123	115	33	85	538	0	174	71	132
V290	173	12	134	62	323	22	417	177	12	128	123
V291	91	224	24	185	15	346	48	377	69	281	142
V292	375	65	495	159	25	317	349	8	145	197	251
V293	68	279	12	165	388	4	241	251	299	159	157
V294	13	5	346	38	35	6	53	75	244	43	25
V295	91	57	395	307	218	311	168	81	155	60	104
V296	22	23	296	352	34	109	123	314	284	208	53
V297	0	474	35	483	164	59	32	378	64	230	156
V298	378	185	263	25	14	117	156	118	236	263	254
V299	150	13	595	503	340	111	220	1	223	0	116
V300	1	131	95	102	181	171	135	164	262	486	58
V301	137	156	348	77	81	211	64	30	45	251	128
V302	80	98	120	379	220	87	194	41	96	14	91
V303	71	726	281	66	268	110	157	2	45	49	260
V304	458	5	34	59	46	71	6	24	97	54	300
V305	21	53	961	57	364	66	430	205	272	93	67
V306	588	16	37	96	330	554	98	48	353	173	364
V307	128	198	322	100	244	292	108	291	518	34	165
V308	133	648	53	347	214	6	420	144	143	140	282
V309	97	587	18	410	0	433	593	472	186	67	273
V310	12	240	326	13	552	123	60	51	194	3	95
V311	463	543	57	318	77	82	410	105	609	411	437
V312	101	112	70	459	463	8	78	319	210	66	93
V313	205	739	131	133	170	43	73	224	179	136	357
V314	91	177	318	81	153	65	240	399	8	165	128
V315	118	295	246	99	12	131	727	149	121	106	190
V316	120	54	109	39	10	979	157	46	67	24	104
V317	168	405	197	95	276	429	150	233	276	629	270
V318	278	180	127	20	238	215	171	4	125	54	254
V319	79	19	36	148	117	97	101	268	76	105	64
V320	293	45	243	148	167	155	268	134	203	118	212
V321	31	378	839	93	2	523	117	119	15	98	139
V322	445	250	169	302	258	223	38	27	859	72	348
V323	733	167	501	87	101	224	22	89	810	147	538
V324	344	102	188	39	382	46	138	81	170	92	251
V325	242	189	642	428	94	171	33	813	208	118	243
V326	415	128	1498	106	166	160	25	141	77	162	320
V327	387	131	1171	51	73	89	200	681	37	266	324
V328	157	251	86	24	429	215	179	202	2	87	207
V329	45	62	265	12	153	32	74	334	50	82	67
V330	264	198	227	563	213	275	106	126	324	102	228
V331	276	16	548	43	78	248	703	46	177	150	216
V332	217	263	129	129	51	63	86	243	38	496	226
V333	88	98	236	49	159	44	495	342	54	423	131
V334	59	99	37	480	81	186	75	263	15	264	84
V335	282	788	261	194	90	268	285	71	1128	11	421
V336	589	467	242	226	12	163	36	6	512	246	458
V337	35	163	102	133	236	557	61	529	124	458	97
V338	485	54	95	142	72	290	157	567	183	264	355
V339	110	44	81	57	95	11	1148	274	153	16	109
V340	106	71	75	8	322	83	102	64	98	78	97
V341	30	197	196	163	33	216	97	620	281	92	113
V342	24	217	34	200	422	470	47	258	70	96	108
V343	123	39	58	11	292	297	172	399	267	311	102
V344	4	240	16	213	294	134	418	308	19	93	82
V345	431	41	43	195	98	125	47	142	2	11	324
V346	101	229	157	208	277	1014	592	163	166	7	160
V347	232	537	65	17	136	537	13	51	325	321	309
V348	65	69	154	135	13	261	98	145	48	268	81
V349	41	770	4	235	25	205	352	14	35	78	228
V350	57	19	90	138	176	377	400	76	33	68	78
V351	19	71	131	176	58	427	67	37	331	33	41
V352	268	261	882	29	206	261	866	1412	34	433	307
V353	119	117	156	506	157	182	24	30	27	201	122
V354	94	68	259	298	114	202	45	361	197	184	94
V355	47	146	79	60	58	26	500	100	373	43	95
V356	121	124	733	125	567	19	224	192	192	121	117
V357	433	30	215	371	282	110	51	173	121	273	307
V358	324	80	274	85	44	285	390	143	174	181	223
V359	61	181	73	370	359	79	26	2	270	155	101
V360	268	623	1	32	144	10	6	285	400	111	360
V361	265	408	280	698	485	478	122	289	69	53	315
V362	397	401	104	152	144	92	15	185	383	71	360
V363	2	56	417	648	20	67	192	108	140	185	28
V364	47	151	70	76	317	250	153	2	104	9	98
V365	25	214	22	13	106	125	217	128	265	290	93
V366	29	24	57	18	173	15	85	58	191	70	35
V367	72	614	0	48	282	164	32	0	368	82	257
V368	590	73	28	117	220	140	26	248	100	155	380
V369	38	195	68	508	8	316	121	76	27	47	97
V370	287	379	189	88	345	59	14	10	25	97	287
V371	150	140	79	142	235	162	26	236	85	157	132
V372	816	177	27	161	192	139	296	539	102	396	590
V373	94	42	25	102	307	93	43	80	22	468	85
V374	43	16	105	94	12	305	24	139	337	236	51
V375	51	239	137	11	174	375	121	402	22	127	136
V376	349	122	194	22	424	628	320	391	473	44	295
V377	249	267	246	529	85	69	295	217	228	86	248
V378	137	158	978	310	56	1	405	179	157	35	155
V379	211	75	188	162	60	302	165	545	297	178	175
V380	291	380	186	0	83	156	99	507	88	159	304
V381	16	75	180	246	219	245	82	65	8	51	42
V382	898	1357	269	205	29	120	199	442	134	47	991
V383	46	9	315	136	79	268	120	46	14	101	46
V384	0	95	153	110	126	50	127	139	206	267	37
V385	3	104	159	284	44	122	102	122	751	236	56
V386	10	54	325	28	166	289	138	381	46	485	37
V387	2	94	148	75	190	28	555	130	179	134	55
V388	61	140	202	61	3	1	57	143	66	237	98
V389	355	29	88	98	142	350	279	225	620	111	235
V390	580	189	30	1380	55	187	208	51	262	17	425
V391	666	81	46	276	9	266	126	42	47	44	415
V392	305	374	8	54	17	46	253	217	63	10	329
V393	22	859	27	100	126	372	311	16	86	94	300
V394	81	86	437	133	283	9	295	358	272	335	105
V395	38	31	36	268	61	42	70	172	0	6	39
V396	61	0	184	298	7	681	31	203	218	481	65
V397	765	74	605	58	34	176	9	241	81	21	488
V398	7	47	288	57	512	58	150	65	152	410	42
V399	402	7	44	23	153	108	70	347	29	23	263
V400	9	73	47	74	224	192	0	351	11	377	37
V401	212	230	24	17	613	110	151	267	206	6	232
V402	639	169	398	667	499	26	152	9	166	84	465
V403	58	184	81	141	462	532	173	267	44	65	106
V404	141	276	120	43	91	1243	0	265	1037	675	179
V405	87	46	598	185	86	254	470	588	61	474	95
V406	7	82	181	82	281	642	666	539	242	435	56
V407	18	344	97	747	154	73	219	134	315	370	123
V408	128	79	365	177	418	23	87	20	11	175	119
V409	8	76	164	34	1071	52	52	90	202	8	49
V410	269	95	15	0	23	29	9	102	95	295	195
V411	37	483	196	208	127	202	36	10	228	104	167
V412	88	408	313	118	505	2	508	49	115	280	196
V413	25	284	111	297	816	595	156	67	176	145	124
V414	184	609	164	169	117	501	148	290	102	38	302
V415	96	98	21	211	116	279	12	561	285	327	104
V416	81	818	316	43	19	64	786	17	805	64	356
V417	335	304	95	83	5	61	210	301	23	195	302
V418	505	2	115	152	6	176	392	523	136	273	376
V419	743	461	23	100	69	110	433	72	232	109	603
V420	696	484	301	9	15	126	58	20	852	763	617
V421	71	253	290	297	109	8	142	3	659	175	139
V422	112	103	493	4	295	275	138	98	26	505	120
V423	8	965	144	14	255	449	304	239	253	58	287
V424	158	164	288	67	592	187	200	143	66	127	157
V425	33	25	136	36	39	37	77	150	31	547	58
V426	320	547	707	140	289	312	88	163	0	441	364
V427	198	103	130	135	381	61	50	254	179	36	159
V428	106	61	165	504	449	534	206	234	91	112	98
V429	139	180	22	277	90	122	132	57	81	396	162
V430	264	187	194	526	171	331	11	52	85	40	219
V431	165	225	755	263	90	311	40	258	250	359	180
V432	5	58	1	188	472	198	335	207	330	301	45
V433	113	270	0	219	168	39	1278	148	4	37	157
V434	196	127	77	25	102	299	267	29	418	203	179
V435	255	227	98	286	214	88	154	23	176	94	234
V436	770	104	28	416	369	26	62	147	34	49	530
V437	187	79	11	745	148	205	174	343	239	343	149
V438	499	150	162	406	124	6	227	126	1	9	354
V439	258	37	414	446	307	328	20	63	38	683	194
V440	44	850	145	144	188	353	212	177	34	148	295
V441	287	151	373	408	639	429	54	226	185	117	233
V442	55	104	160	241	251	185	75	66	126	563	96
V443	377	307	70	23	261	67	104	312	163	228	369
V444	533	66	8	490	141	130	127	86	549	20	386
V445	219	297	22	41	251	94	402	195	52	121	245
V446	196	136	23	251	298	224	177	280	202	102	193
V447	769	59	4	462	145	424	14	236	42	344	466
V448	2	152	5	25	346	10	139	213	390	64	64
V449	50	100	213	400	679	177	506	256	152	20	70
V450	118	153	121	89	50	220	163	207	472	244	151
V451	9	28	51	13	180	972	514	17	180	5	36
V452	518	67	263	144	52	450	59	354	244	182	352
V453	152	28	149	208	38	421	155	45	379	65	138
V454	791	154	103	838	16	140	5	120	56	127	553
V455	284	286	13	73	324	251	109	49	237	307	259
V456	196	159	73	297	477	354	25	12	216	30	184
V457	145	250	60	187	2	104	346	17	129	55	196
V458	11	424	168	159	84	39	154	12	720	978	151
V459	34	145	22	245	19	338	615	242	21	266	81
V460	33	236	18	20	191	554	48	46	762	76	118
V461	240	565	474	331	47	130	0	11	213	583	326
V462	10	181	151	320	267	136	625	108	160	219	93
V463	52	161	70	356	34	222	177	187	287	8	87
V464	75	40	407	300	91	21	9	131	210	210	68
V465	341	11	145	30	164	7	577	46	104	429	241
V466	42	314	88	116	74	5	515	59	80	311	111
V467	243	229	164	341	96	37	301	305	138	39	250
V468	236	11	387	299	68	14	144	56	682	316	158
V469	79	101	124	518	23	102	4	164	328	119	95
V470	367	44	227	54	189	181	4	497	116	289	260
V471	812	78	203	173	254	285	219	154	49	57	509
V472	87	49	67	24	336	216	14	23	288	313	86
V473	200	553	11	189	415	319	185	608	333	527	322
V474	134	670	258	269	174	251	174	431	129	158	305
V475	310	6	11	532	41	89	205	409	7	84	195
V476	432	138	89	91	35	27	398	38	19	966	330
V477	224	324	70	65	78	20	125	217	128	284	247
V478	140	2	11	200	605	377	33	278	372	0	108
V479	184	65	86	276	53	238	95	592	413	15	155
V480	34	105	304	116	24	174	854	146	27	482	72
V481	411	348	123	16	43	207	350	82	289	7	341
V482	100	37	210	81	709	132	209	15	80	247	104
V483	43	3	484	114	43	22	164	291	76	104	53
V484	522	243	28	205	572	3	27	0	191	25	438
V485	183	36	93	186	115	267	104	343	15	177	133
V486	23	147	123	656	8	63	8	68	72	84	72
V487	6	186	76	288	79	149	130	52	434	44	50
V488	57	179	183	521	175	0	403	7	51	505	106
V489	116	76	8	7	8	13	117	294	445	6	91
V490	78	387	28	18	71	55	352	18	102	386	183
V491	114	126	257	389	302	544	212	50	219	140	115
V492	73	65	439	290	224	113	66	438	487	73	83
V493	96	984	480	76	270	5	101	204	74	120	361
V494	226	106	19	493	149	299	549	218	244	435	197
V495	48	639	874	40	233	315	43	154	30	76	254
V496	40	55	113	185	77	384	103	391	193	109	51
V497	183	108	40	111	49	341	97	66	121	91	159
V498	269	52	85	153	7	684	134	126	568	977	215
V499	227	92	122	67	421	154	15	1	190	94	151
V500	574	497	314	43	298	253	106	79	50	172	540
