Source001	Source002	Source003	Source004	Source005	Source006	Source007	Source008	Source009	Source010	Sink
V1	262	74	118	401	1536	118	39	270	8	168	201
V2	513	67	15	157	60	103	60	295	17	237	291
V3	53	121	49	125	143	127	65	661	231	203	71
V4	215	94	11	270	7	202	378	103	177	12	158
V5	247	67	123	62	38	6	137	3	100	182	166
V6	7	106	152	872	212	111	2	69	66	104	83
V7	176	48	420	37	215	360	44	192	59	23	125
V8	22	208	225	106	49	245	338	567	48	288	126
V9	142	723	411	426	129	588	121	97	49	54	398
V10	1070	39	18	378	377	471	279	253	135	204	567
V11	120	111	100	368	159	583	10	138	54	162	105
V12	5	259	52	362	54	197	66	174	384	109	129
V13	154	513	38	216	30	202	121	118	124	254	332
V14	16	85	279	82	24	207	175	222	169	15	57
V15	95	59	578	81	31	258	426	118	297	622	123
V16	100	125	191	39	14	379	65	18	242	736	154
V17	129	75	80	531	52	776	301	111	453	89	122
V18	160	64	45	504	175	160	258	94	216	250	114
V19	10	172	345	107	156	90	13	43	13	142	80
V20	223	43	150	133	291	295	2	479	187	333	179
V21	82	21	125	123	258	195	209	39	45	391	75
V22	48	507	180	26	390	481	89	140	15	8	225
V23	220	139	36	563	178	144	332	124	125	33	175
V24	49	208	60	78	539	3	178	223	19	635	143
V25	180	135	299	25	5	69	15	772	32	96	173
V26	539	48	364	79	35	403	116	532	156	304	317
V27	136	261	182	43	55	364	118	86	23	285	185
V28	217	189	14	275	140	230	317	80	106	4	186
V29	100	16	131	73	189	175	40	328	272	72	63
V30	599	35	135	125	415	51	125	105	471	319	323
V31	316	9	114	836	253	146	45	112	178	278	168
V32	346	151	385	229	284	49	65	57	34	225	260
V33	198	220	12	460	465	523	246	95	47	145	220
V34	6	437	6	376	117	262	250	58	897	58	217
V35	349	5	15	128	131	141	272	257	115	136	159
V36	24	422	18	109	420	154	98	279	65	951	227
V37	7	279	717	207	198	136	404	86	39	154	162
V38	370	257	44	160	64	149	89	2	27	117	287
V39	47	181	268	25	26	30	57	81	117	76	92
V40	455	252	536	40	705	581	265	511	293	211	379
V41	360	34	25	27	203	282	78	151	161	50	188
V42	138	367	8	808	10	39	480	8	32	33	244
V43	319	116	20	58	379	132	147	3	29	46	202
V44	301	63	34	159	316	132	108	61	5	55	194
V45	365	743	147	91	600	77	629	257	67	591	577
V46	41	434	636	78	53	221	224	305	23	43	188
V47	183	14	261	227	61	94	82	269	401	13	110
V48	163	237	37	584	638	39	195	254	63	76	185
V49	245	621	214	345	27	170	297	380	79	285	381
V50	69	30	122	151	49	436	153	22	168	221	54
V51	105	173	106	359	40	297	1	637	0	381	146
V52	192	82	69	64	377	218	244	831	21	166	158
V53	111	187	18	299	62	88	72	113	107	118	132
V54	308	85	697	307	75	236	24	1124	162	838	278
V55	183	64	7	76	99	250	153	169	381	111	120
V56	465	174	578	24	120	96	97	1	67	8	307
V57	110	205	347	467	64	519	119	51	59	2	155
V58	124	1	94	85	120	83	9	488	1177	102	84
V59	143	12	363	299	326	131	116	23	689	11	87
V60	162	289	626	215	127	153	159	206	79	240	232
V61	64	453	457	221	170	76	120	7	172	298	251
V62	158	81	194	32	459	29	36	69	260	159	132
V63	228	298	158	56	111	414	100	254	131	4	246
V64	156	205	54	195	1	325	10	121	859	11	170
V65	539	13	272	292	137	390	116	103	147	8	281
V66	264	33	102	360	630	60	210	91	171	64	176
V67	57	18	277	468	23	181	100	423	118	93	50
V68	63	493	37	284	38	561	342	97	158	127	238
V69	571	337	55	86	462	690	79	56	326	34	436
V70	27	29	300	39	181	12	29	131	31	103	34
V71	109	460	283	95	82	453	90	230	159	12	209
V72	671	290	263	207	4	6	410	95	68	72	469
V73	212	32	439	360	92	318	41	27	173	341	157
V74	129	4	277	75	252	216	254	26	93	63	98
V75	242	69	288	173	288	227	833	44	105	6	189
V76	27	400	278	19	56	53	206	327	693	309	179
V77	653	308	553	129	129	153	9	0	231	297	434
V78	72	7	53	127	115	23	40	136	166	92	39
V79	124	21	247	489	96	149	123	29	287	117	68
V80	529	136	30	1322	415	405	9	1098	106	17	359
V81	90	273	193	70	137	37	96	72	301	83	142
V82	366	168	277	43	11	3	21	500	41	191	270
V83	40	11	7	6	765	765	7	290	43	354	41
V84	301	239	348	5	187	575	152	239	40	582	278
V85	34	125	37	297	125	126	586	82	51	45	97
V86	90	649	241	167	10	474	478	177	228	65	314
V87	321	161	265	46	21	112	212	19	231	93	230
V88	151	130	98	386	111	231	252	18	263	49	140
V89	457	63	91	321	184	268	660	38	396	157	258
V90	264	397	50	16	23	891	88	349	291	66	326
V91	17	188	224	460	277	35	68	28	216	107	103
V92	111	188	5	93	183	377	455	231	14	71	149
V93	216	76	139	205	190	327	17	183	297	55	145
V94	293	177	511	270	130	615	22	46	637	269	245
V95	1152	135	22	250	2	146	82	10	172	40	653
V96	49	140	69	32	270	130	208	326	238	81	94
V97	23	1297	143	96	31	125	49	5	74	116	504
V98	590	199	151	405	151	191	250	121	64	193	379
V99	243	54	59	19	402	190	227	1187	842	64	156
V100	125	198	198	300	295	140	578	74	335	282	175
V101	292	35	40	198	124	26	32	357	19	40	158
V102	4	35	195	773	238	128	180	24	30	37	38
V103	309	94	436	401	18	64	89	296	61	336	223
V104	469	18	216	67	222	230	167	68	319	60	247
V105	445	431	24	66	47	232	181	357	75	56	399
V106	440	0	311	299	254	113	79	495	164	99	230
V107	69	29	135	226	27	255	139	395	44	124	54
V108	83	28	53	155	751	3	47	140	145	888	109
V109	71	95	88	138	0	454	242	514	19	79	89
V110	216	74	18	215	188	192	142	1118	108	308	153
V111	422	633	498	23	38	391	86	28	73	654	518
V112	261	967	60	234	560	339	298	15	125	1059	605
V113	29	40	564	176	234	17	69	79	224	61	43
V114	69	1262	440	46	407	518	68	3	59	23	532
V115	261	18	104	207	22	69	476	355	99	184	154
V116	51	647	103	24	159	21	908	41	47	184	319
V117	163	50	205	192	234	503	185	397	312	213	127
V118	78	294	103	70	792	75	22	131	504	135	177
V119	248	8	152	119	28	68	89	289	125	141	134
V120	428	213	56	15	1235	107	286	161	296	222	328
V121	61	13	121	9	442	34	91	714	9	512	66
V122	128	330	561	70	291	208	301	166	72	102	251
V123	453	199	535	248	30	146	43	56	263	18	299
V124	247	174	97	13	418	27	526	214	102	13	225
V125	402	67	290	368	225	43	13	967	44	13	221
V126	135	226	155	312	128	39	8	251	28	180	180
V127	23	185	292	58	153	253	527	167	125	144	99
V128	402	101	27	42	159	26	82	513	538	28	253
V129	590	75	167	107	154	67	220	6	464	119	320
V130	17	32	743	99	13	166	176	684	103	363	55
V131	122	231	92	286	208	64	51	195	129	91	160
V132	249	86	46	31	241	193	495	12	208	28	158
V133	23	7	110	131	157	77	973	396	233	44	38
V134	40	176	3	727	4	100	90	9	451	202	100
V135	104	70	14	354	104	28	81	573	194	235	105
V136	500	25	154	30	93	205	158	217	554	186	285
V137	333	82	124	157	94	13	730	38	6	352	236
V138	51	86	10	12	35	468	247	82	497	155	87
V139	57	2	85	175	74	104	0	269	147	55	29
V140	50	94	127	199	801	490	528	416	18	109	97
V141	596	176	212	464	597	50	53	19	60	495	366
V142	30	70	114	179	231	82	132	126	377	480	75
V143	350	228	181	112	0	45	223	343	76	103	275
V144	84	10	126	221	35	49	124	75	114	39	51
V145	130	59	0	13	159	223	402	16	71	10	92
V146	347	644	58	163	871	77	104	51	73	730	489
V147	404	147	160	301	95	228	5	472	1	473	284
V148	72	229	12	403	220	35	8	12	65	1	140
V149	283	42	19	236	449	135	41	272	314	459	183
V150	79	108	242	289	14	137	225	272	188	48	84
V151	132	97	66	193	464	13	8	183	214	94	127
V152	358	410	52	14	173	375	198	424	38	48	358
V153	148	157	259	133	77	85	95	81	6	509	174
V154	980	471	312	95	285	291	268	66	90	816	715
V155	79	104	178	175	48	183	560	44	88	51	112
V156	77	17	650	85	206	5	8	164	606	279	63
V157	150	7	96	139	84	4	144	101	187	241	81
V158	110	11	46	145	16	45	139	9	60	240	70
V159	145	45	425	16	189	405	75	44	383	600	122
V160	149	82	158	54	491	183	201	458	190	500	159
V161	71	183	127	40	77	53	25	33	237	277	136
V162	242	171	123	63	278	264	145	268	237	65	211
V163	24	280	24	50	21	102	77	12	83	17	119
V164	145	117	91	338	83	88	203	42	232	137	133
V165	61	199	830	334	78	308	316	133	1	91	154
V166	34	393	167	34	145	264	217	217	416	118	180
V167	342	474	431	58	124	470	140	163	83	99	408
V168	189	32	243	71	507	311	61	22	228	310	123
V169	39	262	246	22	46	92	604	13	89	66	131
V170	564	55	91	110	19	0	59	118	92	48	299
V171	97	98	73	299	153	0	85	81	19	22	107
V172	675	216	9	20	534	485	6	191	329	125	431
V173	168	549	363	24	292	490	116	338	186	24	342
V174	206	210	34	415	324	40	60	217	210	43	202
V175	163	521	310	124	193	513	118	42	178	85	318
V176	271	56	39	423	90	28	313	487	478	94	180
V177	165	840	235	221	83	128	104	130	412	264	472
V178	16	15	49	118	934	69	8	72	463	333	43
V179	169	452	521	195	173	110	279	36	24	146	273
V180	64	53	272	60	626	179	331	174	456	219	80
V181	6	31	425	277	0	121	108	260	205	28	33
V182	87	841	280	5	148	184	139	40	76	14	372
V183	78	258	163	476	222	437	62	490	1473	531	174
V184	178	396	189	755	52	274	24	69	63	49	249
V185	263	92	18	42	105	174	97	311	68	170	199
V186	103	223	567	18	9	415	410	79	329	236	180
V187	292	144	485	377	160	13	41	701	34	226	224
V188	28	155	335	33	346	131	31	25	94	197	84
V189	212	191	27	349	53	50	21	34	158	81	199
V190	110	701	1	37	170	81	651	6	280	111	375
V191	41	309	4	169	27	42	114	35	57	151	143
V192	37	393	346	85	222	3	96	76	191	73	182
V193	172	26	399	844	1	355	78	103	403	297	107
V194	219	260	17	185	187	73	192	147	541	205	233
V195	69	426	175	44	265	37	10	131	75	192	223
V196	568	57	335	11	85	301	388	434	224	499	300
V197	62	150	27	13	115	527	284	136	0	879	146
V198	77	79	88	140	158	117	187	287	569	128	93
V199	43	583	414	113	36	107	510	84	441	82	272
V200	21	167	61	59	248	147	400	573	140	7	93
V201	191	75	544	268	115	477	31	331	50	467	167
V202	417	207	184	64	111	17	461	8	187	103	294
V203	149	18	78	235	189	110	129	63	65	39	86
V204	54	137	287	97	185	97	36	173	31	14	92
V205	209	10	35	36	431	0	10	106	88	56	141
V206	28	50	102	1	75	145	272	618	626	90	45
V207	79	84	117	137	469	229	58	232	214	73	95
V208	119	348	299	12	302	53	91	166	168	56	227
V209	41	289	550	533	302	493	94	79	464	51	186
V210	55	107	85	216	23	318	608	5	215	43	80
V211	50	124	140	315	110	118	135	204	22	165	83
V212	1	103	1054	182	224	214	446	21	102	388	93
V213	480	48	7	108	435	641	95	94	197	180	293
V214	60	325	26	240	64	485	124	508	18	118	183
V215	457	27	68	22	29	161	423	242	179	40	243
V216	63	575	164	425	91	53	306	138	37	91	314
V217	76	145	84	277	25	28	336	288	78	97	99
V218	82	54	332	65	115	653	244	26	9	165	77
V219	160	24	10	230	47	89	107	44	0	565	115
V220	191	51	66	146	23	463	161	117	258	71	137
V221	417	98	101	673	32	68	35	9	359	46	241
V222	382	390	15	24	708	9	114	85	191	9	366
V223	192	667	249	3	0	91	27	763	417	166	345
V224	85	498	99	421	574	0	9	10	9	309	290
V225	538	133	56	81	119	486	57	87	209	211	336
V226	186	54	95	53	523	25	133	226	15	148	117
V227	147	348	243	391	188	25	476	364	23	252	220
V228	193	88	90	29	54	128	85	14	1528	38	147
V229	113	487	113	212	994	396	1	41	72	117	258
V230	9	511	19	291	25	57	112	78	75	252	214
V231	286	226	304	41	63	545	530	29	81	18	249
V232	230	328	67	39	26	678	1126	146	142	288	263
V233	26	244	279	278	8	170	244	234	17	144	107
V234	406	317	130	69	431	95	175	74	170	462	317
V235	68	93	30	371	51	86	74	0	156	193	97
V236	53	166	125	437	307	412	510	129	83	190	130
V237	173	510	184	806	180	134	295	214	262	38	331
V238	557	63	551	20	75	143	514	190	47	82	327
V239	219	42	134	22	52	217	5	46	257	746	164
V240	151	256	141	428	80	125	465	36	49	80	183
V241	3	72	549	209	45	73	132	20	107	136	54
V242	1255	35	19	167	310	158	574	615	125	40	681
V243	50	104	43	29	264	43	360	107	397	31	92
V244	355	380	134	129	194	28	489	600	143	372	333
V245	617	204	172	35	129	278	294	135	593	10	440
V246	49	582	77	133	1	214	163	6	391	182	284
V247	140	49	351	71	59	228	113	38	50	89	102
V248	113	197	7	129	27	102	428	417	75	40	127
V249	14	439	44	45	454	178	225	24	179	12	207
V250	440	60	20	324	159	234	14	118	110	69	235
V251	77	54	51	621	196	131	102	618	552	404	84
V252	290	268	410	28	729	96	28	116	197	140	252
V253	126	49	34	146	24	148	64	481	81	161	99
V254	334	382	138	243	555	1248	45	198	0	159	344
V255	17	241	51	123	174	120	187	397	50	49	113
V256	159	183	91	38	521	5	69	79	282	328	182
V257	123	1056	15	131	419	16	51	517	228	237	517
V258	23	991	373	194	54	104	207	223	227	240	467
V259	331	10	756	37	166	28	138	257	289	2	193
V260	160	288	166	14	4	81	78	62	727	262	204
V261	247	206	72	107	614	191	148	54	100	280	232
V262	26	98	9	88	89	13	106	392	316	127	56
V263	440	186	5	348	238	244	598	277	226	38	304
V264	185	298	327	16	12	144	355	135	117	751	241
V265	72	225	11	131	329	479	521	104	140	469	149
V266	35	92	245	123	309	166	83	21	474	286	71
V267	283	5	405	107	199	149	41	25	297	34	187
V268	368	190	235	105	20	475	352	302	80	146	227
V269	9	1	30	126	525	319	135	470	336	206	35
V270	764	46	5	26	378	492	39	236	27	10	390
V271	140	83	88	116	279	145	257	0	354	195	122
V272	37	92	220	104	5	101	285	1	165	36	56
V273	44	359	0	692	58	381	204	127	26	375	207
V274	51	79	410	84	99	290	90	17	129	68	74
V275	305	356	240	131	339	27	47	33	260	716	340
V276	201	44	370	257	116	307	275	362	71	11	146
V277	323	86	17	310	170	203	310	49	1074	48	223
V278	213	43	107	19	129	25	86	0	154	281	138
V279	609	114	115	16	86	0	80	427	232	388	376
V280	69	160	113	194	427	303	87	107	279	92	112
V281	32	386	428	91	330	16	441	211	284	227	186
V282	153	102	157	57	204	180	383	267	206	60	127
V283	196	132	28	57	2	52	163	160	151	100	168
V284	118	206	164	60	80	332	84	205	20	4	144
V285	36	344	334	145	318	95	206	19	94	387	196
V286	493	12	81	767	118	5	63	294	39	324	294
V287	103	54	118	10	369	77	135	102	224	145	96
V288	27	369	273	101	19	296	278	69	158	72	182
V289	201	62	130	321	71	49	11	76	51	232	169
V290	107	48	154	591	249	217	100	613	239	358	93
V291	198	243	117	175	92	151	237	181	3	352	217
V292	2	200	767	262	48	17	25	461	639	218	97
V293	97	15	141	295	0	25	190	20	15	189	67
V294	45	269	70	51	52	283	99	194	33	197	142
V295	147	553	301	15	287	433	217	170	48	244	319
V296	12	39	29	60	614	0	257	213	23	205	43
V297	337	113	256	29	193	199	69	234	11	822	261
V298	165	486	11	240	416	8	196	71	420	103	299
V299	459	25	149	11	67	97	72	173	218	24	237
V300	112	230	701	1157	328	148	17	143	343	633	202
V301	219	15	305	30	45	33	102	108	49	187	138
V302	60	319	566	192	314	171	5	989	163	67	178
V303	289	411	38	65	177	153	384	80	21	100	318
V304	95	4	92	54	103	167	355	184	17	39	72
V305	28	30	323	25	67	91	85	84	173	112	42
V306	265	103	261	40	69	526	101	288	320	48	182
V307	123	35	20	202	258	451	84	79	144	138	94
V308	240	167	139	383	113	391	8	146	153	1379	264
V309	75	162	254	192	138	301	10	28	229	116	115
V310	357	512	826	51	24	14	164	43	120	238	397
V311	298	56	566	445	176	83	835	0	72	139	220
V312	190	530	617	326	160	163	62	683	86	435	346
V313	54	92	130	44	184	603	357	140	432	451	106
V314	298	320	77	564	277	206	107	35	244	87	285
V315	53	105	22	237	17	86	290	130	93	18	64
V316	465	522	202	41	473	130	441	52	58	240	473
V317	116	355	172	45	98	341	194	212	20	224	230
V318	60	494	277	22	165	84	430	97	222	310	260
V319	49	30	22	144	166	127	48	406	57	282	51
V320	626	17	184	617	525	200	72	313	153	122	343
V321	59	11	463	52	53	50	691	332	54	91	70
V322	49	348	220	113	0	114	88	108	99	194	203
V323	162	93	75	240	193	109	413	367	737	936	181
V324	120	293	239	81	153	190	33	319	120	336	185
V325	67	213	906	18	12	292	171	91	336	63	138
V326	9	433	140	68	7	97	762	88	483	51	217
V327	106	898	22	43	111	167	204	8	86	186	450
V328	13	371	684	99	19	127	101	302	41	605	185
V329	425	170	13	420	22	11	148	18	64	394	312
V330	73	34	184	301	136	48	153	34	658	172	59
V331	78	496	207	53	186	499	267	170	133	261	241
V332	226	912	379	36	253	1	118	195	325	99	489
V333	746	46	15	190	62	129	46	22	51	33	401
V334	314	346	6	15	339	233	217	245	2	82	317
V335	135	119	507	106	122	156	52	169	317	97	133
V336	82	33	9	118	176	219	445	176	235	179	71
V337	44	80	268	170	624	362	141	488	285	133	85
V338	361	73	180	29	7	21	625	25	62	98	234
V339	179	201	44	279	122	38	135	259	792	111	191
V340	204	178	143	176	477	123	116	77	28	98	174
V341	192	989	66	70	43	0	74	258	89	289	520
V342	64	405	19	1	155	28	731	405	193	306	242
V343	178	233	297	149	0	130	160	34	111	177	194
V344	291	52	240	59	745	389	774	481	645	879	224
V345	118	278	24	577	110	72	97	189	94	183	171
V346	224	45	279	38	19	76	36	645	928	275	149
V347	15	158	4	129	264	198	1199	81	20	261	113
V348	381	4	26	258	557	303	46	52	47	19	224
V349	183	1	163	752	95	47	1	353	282	92	92
V350	28	435	64	483	344	667	330	146	180	61	220
V351	34	69	95	187	98	101	39	272	387	20	54
V352	611	782	100	36	76	228	14	0	77	615	631
V353	244	370	193	43	324	43	1218	79	193	146	298
V354	255	449	77	134	345	263	184	47	51	85	334
V355	93	90	145	90	59	181	64	111	510	1	99
V356	157	241	378	64	577	183	79	114	444	146	210
V357	189	334	261	15	40	73	491	9	384	404	271
V358	59	82	451	216	259	218	965	319	161	129	92
V359	271	163	364	162	446	133	22	9	131	15	222
V360	1	96	719	548	283	966	298	2	299	153	84
V361	439	304	505	189	801	845	28	319	76	306	374
V362	12	301	165	249	248	22	64	57	454	419	162
V363	205	183	325	184	28	500	57	4	100	12	192
V364	335	113	16	6	141	520	103	84	275	73	235
V365	81	637	104	324	130	591	43	103	26	372	314
V366	221	204	46	90	284	265	230	102	193	331	216
V367	499	44	38	86	304	69	273	341	38	487	327
V368	92	437	414	231	133	113	232	176	485	115	236
V369	851	22	706	633	260	653	567	180	23	226	505
V370	24	50	654	265	25	148	56	141	403	37	41
V371	143	140	54	90	64	243	94	474	20	25	135
V372	186	89	74	866	116	621	197	153	47	876	179
V373	115	50	42	23	786	15	121	88	206	178	86
V374	510	310	315	186	214	392	135	50	76	334	416
V375	298	382	143	34	226	87	608	716	472	26	322
V376	91	140	28	172	494	105	84	24	415	127	106
V377	107	154	175	74	244	168	47	259	312	1	141
V378	87	257	82	158	269	291	1830	349	105	165	191
V379	181	452	164	42	120	60	18	30	110	336	293
V380	254	10	128	218	153	128	228	355	196	298	159
V381	253	60	439	165	84	81	91	215	57	60	187
V382	297	66	62	348	267	295	105	13	271	93	182
V383	199	136	49	97	167	75	77	83	89	223	172
V384	236	1	3	116	241	179	89	181	15	565	145
V385	240	49	567	400	10	365	91	589	187	87	174
V386	4	139	480	436	112	168	2	272	1	701	76
V387	251	380	361	246	469	356	71	314	73	449	308
V388	75	163	194	21	44	11	7	174	718	356	137
V389	250	180	201	136	6	131	712	79	199	213	219
V390	621	250	80	155	165	154	177	351	46	35	422
V391	456	167	28	172	51	37	164	26	361	533	331
V392	183	172	2	254	13	197	30	351	58	223	139
V393	67	142	168	91	411	401	16	385	376	34	95
V394	36	70	283	791	181	487	156	54	240	90	56
V395	99	28	44	268	246	14	48	43	13	22	73
V396	363	472	3	550	12	596	336	112	59	36	373
V397	141	4	435	9	157	23	107	68	36	68	72
V398	142	37	9	102	5	133	3	316	137	942	130
V399	323	2	197	686	17	10	112	17	120	13	143
V400	73	7	367	173	36	60	237	181	46	143	52
V401	77	8	390	157	40	17	65	2	90	51	58
V402	47	136	157	124	25	41	185	451	188	67	86
V403	356	35	116	558	771	84	169	417	22	58	215
V404	186	23	250	175	244	46	182	28	483	60	111
V405	37	103	400	230	75	397	279	113	224	500	112
V406	237	116	75	176	176	311	282	142	95	181	176
V407	579	63	267	15	63	36	133	259	190	324	385
V408	115	83	104	156	52	174	99	417	529	161	109
V409	392	422	365	60	356	47	35	103	58	314	392
V410	216	144	31	75	26	153	219	53	429	34	187
V411	434	70	5	146	215	22	84	213	514	285	279
V412	147	28	42	182	222	92	555	55	56	30	117
V413	125	43	11	363	654	87	446	200	118	28	104
V414	318	304	652	61	341	42	278	73	90	3	279
V415	7	655	470	419	148	149	130	296	259	342	263
V416	432	321	125	302	281	28	132	201	291	207	374
V417	178	365	40	43	101	30	20	44	107	446	262
V418	155	263	36	124	99	126	74	179	448	782	234
V419	532	86	67	202	247	61	53	108	360	357	335
V420	160	79	196	95	589	437	137	27	28	345	140
V421	97	152	57	163	489	336	73	21	74	780	136
V422	158	92	132	326	1357	333	114	107	338	10	127
V423	59	492	16	350	133	601	51	173	109	2	239
V424	261	437	27	102	156	63	20	306	204	33	326
V425	91	48	115	349	37	77	1	983	755	114	81
V426	63	27	46	15	159	153	71	155	153	94	51
V427	128	49	0	85	339	66	112	18	26	1	93
V428	6	110	21	765	40	129	39	4	95	151	76
V429	93	189	245	111	344	243	359	29	436	140	142
V430	60	32	267	292	302	152	50	16	66	405	67
V431	153	284	115	65	499	337	9	7	83	329	237
V432	74	5	45	383	237	328	121	298	157	131	62
V433	46	103	20	224	83	449	59	19	57	236	71
V434	224	288	473	148	122	287	526	309	23	196	269
V435	36	9	134	140	345	220	190	333	123	668	64
V436	471	186	675	73	13	77	263	77	438	831	346
V437	18	805	179	115	118	22	93	38	28	552	333
V438	245	7	16	59	72	67	287	282	410	157	148
V439	350	334	20	97	70	307	219	285	70	123	328
V440	205	64	210	239	45	36	138	2	27	71	144
V441	117	154	277	348	334	6	40	620	12	99	148
V442	200	7	582	107	166	247	55	288	251	81	112
V443	90	95	5	58	111	86	153	124	52	462	113
V444	285	82	211	74	297	24	47	161	17	255	207
V445	259	112	3	138	22	190	130	237	197	114	184
V446	290	663	469	543	73	70	343	93	530	190	402
V447	171	210	37	210	134	69	201	127	75	257	179
V448	13	2	289	38	147	139	40	189	6	104	19
V449	93	32	411	190	373	61	137	576	141	487	111
V450	471	483	60	87	90	107	791	23	312	56	436
V451	131	162	131	45	101	417	175	503	354	217	133
V452	11	529	87	283	212	530	75	16	252	167	228
V453	206	45	458	281	94	860	140	127	119	3	138
V454	33	147	325	5	106	263	160	107	710	203	86
V455	33	110	346	478	659	31	69	127	44	273	91
V456	393	15	72	86	53	342	553	41	176	27	202
V457	294	133	593	274	254	592	579	241	72	68	224
V458	67	73	192	123	163	127	367	153	1206	81	89
V459	82	200	201	194	21	78	531	40	4	10	122
V460	1	26	154	863	131	99	230	31	32	398	35
V461	70	30	319	103	95	154	379	303	125	69	66
V462	542	54	374	60	97	152	105	355	162	290	331
V463	176	80	204	33	200	368	174	485	46	340	133
V464	80	121	13	31	84	329	257	446	383	42	101
V465	89	215	2	173	83	63	416	352	90	9	122
V466	367	717	118	709	277	9	101	704	25	233	480
V467	64	90	130	88	127	356	163	188	20	94	96
V468	10	701	146	1445	51	134	10	84	95	649	314
V469	23	76	798	7	592	71	12	49	243	504	82
V470	137	189	230	291	306	99	120	221	127	205	147
V471	401	13	717	26	154	32	175	269	424	174	211
V472	118	267	641	112	8	152	430	1136	113	174	222
V473	215	259	94	448	132	98	353	63	144	166	229
V474	53	266	476	42	122	205	853	28	150	96	159
V475	163	0	18	483	24	153	696	53	227	206	110
V476	59	50	61	84	127	352	523	11	44	53	63
V477	50	166	44	49	11	145	351	534	279	263	117
V478	536	188	133	123	254	382	8	516	107	26	310
V479	409	24	427	13	83	63	0	493	311	55	231
V480	243	66	691	255	247	73	31	74	44	135	178
V481	18	24	154	206	27	537	138	22	128	38	23
V482	194	121	23	214	134	78	118	23	340	192	163
V483	754	169	1	125	4	103	588	209	32	170	458
V484	520	121	352	79	146	321	110	382	47	136	322
V485	167	128	102	456	140	427	74	20	1134	87	164
V486	65	91	13	262	83	177	29	237	608	28	73
V487	264	22	725	1	175	241	64	132	243	387	148
V488	197	540	9	21	236	202	69	134	15	80	329
V489	233	134	22	124	184	252	113	383	41	166	186
V490	197	140	63	37	30	59	13	36	157	47	145
V491	186	118	6	281	308	216	8	171	510	187	143
V492	304	173	64	176	95	190	39	191	254	280	256
V493	145	78	397	601	92	35	143	163	94	127	122
V494	57	152	73	63	89	125	232	190	12	49	98
V495	85	247	916	57	110	29	248	155	180	102	176
V496	69	120	178	55	40	191	88	328	79	11	108
V497	44	170	128	511	105	184	746	89	149	80	132
V498	84	170	115	1234	199	37	20	102	385	356	140
V499	217	217	220	42	114	531	79	119	7	317	223
V500	373	272	193	1	210	83	188	358	24	5	314
